% Type: Timesignal
% Date: 11-DEC-24 14:16:47
% NoOfItems: = 4096
% Unit_Y: = mm/s
% Unit_X: = Sec
% Min_X: = 0
% Max_X: = 1.60000002384186
% MinDisplay_X: = 0
% MaxDisplay_X: = 1.60000002384186
-0.281854927539825
-0.105106070637703
-0.452902227640152
-0.815723717212677
-0.788490295410156
-0.354432642459869
0.134293049573898
0.286759912967682
0.0110719297081232
-0.0716344639658928
0.1503916233778
0.460825681686401
0.741745710372925
0.929629385471344
0.911652684211731
0.781790852546692
0.740001678466797
0.740270018577576
0.875430881977081
0.754020869731903
0.763143360614777
0.676479399204254
0.559429407119751
0.524280846118927
0.479942739009857
0.437751054763794
0.112291678786278
-0.0844462439417839
-0.319015800952911
-0.452432692050934
-0.659366369247437
-0.78889274597168
-1.18069159984589
-1.64855635166168
-1.48770475387573
-1.44014692306519
-1.62105453014374
-1.74588561058044
-1.57973492145538
-1.32772529125214
-1.13843286037445
-1.19189357757568
-1.37588679790497
-1.55176365375519
-1.66820991039276
-1.6031448841095
-1.59979104995728
-1.62239611148834
-1.58147895336151
-1.48938167095184
-1.43390870094299
-1.35804426670074
-1.22241377830505
-1.10449171066284
-0.915803134441376
-0.691697657108307
-0.627370476722717
-0.722486138343811
-0.784733951091766
-0.750189125537872
-0.636358797550201
-0.524675011634827
-0.463768750429153
-0.302850157022476
-0.270518869161606
-0.377306014299393
-0.405746817588806
-0.447066485881805
-0.355505883693695
-0.0919589027762413
-0.126235440373421
-0.544798195362091
-0.765952289104462
-0.739188432693481
-0.594636678695679
-0.509247183799744
-0.526083648204803
-0.460616111755371
-0.270049303770065
-0.155481174588203
-0.0864585638046265
-0.164335384964943
-0.437474429607391
-0.597655177116394
-0.502002835273743
-0.36362224817276
-0.418692767620087
-0.517900168895721
-0.503478527069092
-0.395282775163651
-0.231010288000107
-0.178824096918106
-0.0909527465701103
0.105181477963924
0.212505266070366
0.096796803176403
-0.174866527318954
-0.336590051651001
-0.301240295171738
-0.243822067975998
-0.197069138288498
-0.255493521690369
-0.221082836389542
-0.171244353055954
-0.231278598308563
-0.527760565280914
-0.854896903038025
-0.769574463367462
-0.379586666822433
0.00141278898809105
-0.0723052397370338
-0.462091833353043
-0.717522442340851
-0.534535348415375
-0.104502372443676
0.143147259950638
0.16729511320591
0.0600384064018726
0.14301310479641
0.426616221666336
0.638580679893494
0.751538991928101
0.749526679515839
0.74234938621521
0.893944263458252
0.879388451576233
0.953576028347015
0.864228963851929
0.825927793979645
0.92741584777832
0.841959297657013
0.753618359565735
0.605042040348053
0.557953715324402
0.351623713970184
0.207675695419312
-0.194386050105095
-0.463567525148392
-0.482885807752609
-0.532791376113892
-0.847317159175873
-1.4678498506546
-1.63131737709045
-1.5389518737793
-1.60254120826721
-1.72582936286926
-1.68021678924561
-1.56631946563721
-1.35931873321533
-1.33242070674896
-1.56974041461945
-1.55303812026978
-1.68518054485321
-1.58168017864227
-1.43779921531677
-1.56772804260254
-1.58221673965454
-1.48072874546051
-1.30605924129486
-1.27044117450714
-1.1224684715271
-0.993612885475159
-0.902857184410095
-0.714772284030914
-0.640852987766266
-0.570690095424652
-0.612412214279175
-0.558481991291046
-0.489593535661697
-0.467525094747543
-0.44599324464798
-0.462829679250717
-0.355304658412933
-0.283330649137497
-0.283800184726715
-0.366774886846542
-0.347188293933868
-0.283867239952087
-0.085519477725029
-0.219003438949585
-0.593563437461853
-0.753475904464722
-0.678818821907043
-0.499990522861481
-0.415674269199371
-0.402527123689651
-0.28011092543602
-0.114563979208469
-0.0218630582094193
-0.0325283594429493
-0.275549650192261
-0.502807796001434
-0.581623673439026
-0.417954921722412
-0.380458652973175
-0.522595584392548
-0.576324582099915
-0.419900149106979
-0.152060225605965
-0.0250156931579113
-0.00160569255240262
0.0220726188272238
0.199827641248703
0.239134982228279
0.0682218447327614
-0.169164955615997
-0.24697470664978
-0.209746763110161
-0.0849828571081161
0.00141278898809105
-0.133412718772888
-0.137034893035889
-0.109868563711643
-0.172988370060921
-0.369592130184174
-0.524406671524048
-0.364628404378891
-0.0777385011315346
0.100486062467098
-0.156420260667801
-0.454981625080109
-0.478659927845001
-0.191904187202454
0.0990103557705879
0.131140410900116
-0.0386994779109955
-0.0135454637929797
0.447879731655121
0.780113935470581
0.929428160190582
0.875497937202454
0.756502687931061
0.854435682296753
1.09336531162262
1.19411540031433
1.16634547710419
1.11858630180359
1.13790464401245
1.10993337631226
1.07243716716766
1.0317211151123
0.898438394069672
0.706194698810577
0.646495819091797
0.538367092609406
0.128390252590179
-0.19036141037941
-0.354969263076782
-0.515351235866547
-0.865897595882416
-1.35911750793457
-1.3387930393219
-1.19115567207336
-1.38843023777008
-1.49937617778778
-1.37903940677643
-1.20745551586151
-1.11388254165649
-1.13226175308228
-1.23207294940948
-1.37789916992188
-1.25273275375366
-1.10455882549286
-1.24045753479004
-1.31223034858704
-1.31551718711853
-1.13387167453766
-0.947463631629944
-0.729730486869812
-0.673117220401764
-0.659634649753571
-0.620998084545135
-0.518101394176483
-0.333571583032608
-0.306271106004715
-0.246773466467857
-0.241675585508347
-0.308618813753128
-0.306472331285477
-0.179226562380791
-0.15574948489666
-0.00402047764509916
0.196205466985703
0.0631239637732506
-0.133010253310204
-0.168829575181007
0.0947174057364464
0.196272537112236
-0.0457426011562347
-0.279238909482956
-0.356847435235977
-0.279507219791412
-0.166213557124138
-0.144815877079964
-0.0720369294285774
-0.0370225422084332
0.0827776342630386
0.146031588315964
0.0222738496959209
-0.171311438083649
-0.234095841646194
-0.176208078861237
-0.105575613677502
-0.193446964025497
-0.380995273590088
-0.448206812143326
-0.201362088322639
0.122621588408947
0.276228755712509
0.462502598762512
0.503889322280884
0.662728548049927
0.606517732143402
0.40307205915451
0.238464206457138
0.117188327014446
0.155891969799995
0.254562765359879
0.278576463460922
0.251208901405334
0.375570356845856
0.367588132619858
0.137982308864594
-0.100075267255306
-0.19398358464241
0.0355551689863205
0.32660385966301
0.389052897691727
0.0914306193590164
-0.174061611294746
-0.111813805997372
0.0965955704450607
0.334049463272095
0.318152129650116
0.286290377378464
0.541720986366272
0.906085252761841
1.05533242225647
1.01998257637024
0.966656088829041
1.02581834793091
1.3793830871582
1.54607045650482
1.37421822547913
1.22510516643524
1.27594983577728
1.31418395042419
1.38032221794128
1.46839475631714
1.26662611961365
1.06271088123322
0.915140688419342
0.75844794511795
0.427219927310944
0.131945341825485
0.0798933058977127
-0.0738480165600777
-0.20431350171566
-0.761189818382263
-1.16016602516174
-1.04284763336182
-0.958061873912811
-0.985563576221466
-0.998375356197357
-0.839469075202942
-0.875623762607574
-0.839737415313721
-0.870660066604614
-0.926535487174988
-0.885148763656616
-0.740395843982697
-0.743816733360291
-0.976709365844727
-1.06216597557068
-0.931029677391052
-0.68981945514679
-0.51065582036972
-0.380458652973175
-0.428821444511414
-0.424796789884567
-0.303520917892456
-0.0594263821840286
0.0743258893489838
0.0188529044389725
-0.038364090025425
-0.0162285584956408
0.00476665748283267
0.0274388082325459
0.171722218394279
0.263349920511246
0.434195965528488
0.447678506374359
0.29722398519516
0.140598326921463
0.236586034297943
0.48933357000351
0.473771601915359
0.186680480837822
-0.0605666972696781
-0.106648847460747
-0.0650608837604523
0.031463447958231
0.13053672015667
0.238866671919823
0.279985100030899
0.31707888841629
0.323384165763855
0.150324538350105
-0.0537918843328953
-0.02548523619771
0.126377925276756
0.198016554117203
0.0177796669304371
-0.0996057242155075
0.0271704979240894
0.367856442928314
0.637708723545074
0.658569753170013
0.614969491958618
0.712231636047363
0.822372674942017
0.778101623058319
0.608127593994141
0.437415689229965
0.359807163476944
0.390394449234009
0.426683306694031
0.373625099658966
0.403675764799118
0.490004330873489
0.479137808084488
0.268850266933441
0.0469583198428154
0.0921013876795769
0.374765425920486
0.607590973377228
0.546081006526947
0.318621665239334
0.133756428956985
0.16072154045105
0.401126831769943
0.505566298961639
0.411590903997421
0.588473916053772
1.0669367313385
1.35718059539795
1.28547477722168
1.12053155899048
1.0363495349884
1.30680549144745
1.67881655693054
1.69062209129333
1.53587460517883
1.40762269496918
1.42955696582794
1.4906644821167
1.68478643894196
1.61455643177032
1.26494920253754
0.950490474700928
1.03614830970764
0.968064725399017
0.687010586261749
0.541452646255493
0.150123313069344
-0.0390348620712757
-0.342358708381653
-0.811766147613525
-0.920565605163574
-0.555933058261871
-0.597521007061005
-0.765281498432159
-0.754012525081635
-0.754549145698547
-0.680696964263916
-0.625291049480438
-0.744286298751831
-0.819949567317963
-0.751262366771698
-0.654402613639832
-0.680764019489288
-0.851274728775024
-0.935725092887878
-0.848390400409698
-0.398032933473587
-0.230876132845879
-0.168963730335236
-0.215783730149269
-0.254621535539627
-0.103496216237545
0.11839571595192
0.188759878277779
0.0534648261964321
0.0959248021245003
0.110078126192093
0.217066526412964
0.388247966766357
0.434598416090012
0.602828443050385
0.734031796455383
0.599139213562012
0.400187730789185
0.358331471681595
0.607926368713379
0.712768256664276
0.567009150981903
0.265764683485031
0.0899549126625061
0.0780822187662125
0.156428590416908
0.329152792692184
0.473033756017685
0.491345882415771
0.517573118209839
0.54333084821701
0.490339726209641
0.218944698572159
0.155556574463844
0.292528569698334
0.386436879634857
0.401529282331467
0.2404765188694
0.170783147215843
0.353770196437836
0.782528758049011
0.92936110496521
0.874491810798645
0.847325444221497
0.943246126174927
1.03722155094147
0.887504816055298
0.653471887111664
0.51609742641449
0.450697004795074
0.461093991994858
0.506102919578552
0.530653238296509
0.67621111869812
0.776156365871429
0.607523858547211
0.341159641742706
0.197614088654518
0.415481388568878
0.703981161117554
0.878717660903931
0.827269315719604
0.556142628192902
0.281460791826248
0.30956619977951
0.615506112575531
0.68117481470108
0.876504123210907
1.10892724990845
1.27380335330963
1.16453433036804
1.00810992717743
1.04600858688354
1.25347888469696
1.84000337123871
2.06041955947876
1.80009233951569
1.52172136306763
1.50958037376404
1.66030311584473
1.88367080688477
1.96879196166992
1.64453995227814
1.24864935874939
1.20518326759338
1.23094093799591
1.07190048694611
0.787693679332733
0.614231646060944
0.392943382263184
0.158172592520714
-0.253682434558868
-0.704844832420349
-0.475306063890457
-0.334846049547195
-0.405545592308044
-0.551640093326569
-0.678617537021637
-0.678885877132416
-0.508509337902069
-0.417149990797043
-0.468598335981369
-0.467458009719849
-0.462695509195328
-0.478056222200394
-0.629651069641113
-0.736102879047394
-0.556000113487244
-0.273604422807693
-0.185733065009117
-0.123284034430981
-0.199215620756149
-0.32505276799202
-0.197471603751183
0.155556574463844
0.324390321969986
0.247653797268867
0.24456824362278
0.250202745199203
0.280521720647812
0.392607986927032
0.488796949386597
0.529579997062683
0.643343210220337
0.700358927249908
0.615237772464752
0.469612807035446
0.518310964107513
0.691974282264709
0.695261061191559
0.477662086486816
0.306547731161118
0.325597703456879
0.362758576869965
0.484571069478989
0.669033825397491
0.595047473907471
0.568887293338776
0.674467086791992
0.730074226856232
0.594980418682098
0.408035784959793
0.379192531108856
0.455660730600357
0.511536180973053
0.392809242010117
0.298565536737442
0.320768147706985
0.608395874500275
0.928220748901367
0.979669094085693
0.835318624973297
0.806877791881561
0.871003806591034
0.847191333770752
0.724573910236359
0.60074907541275
0.504224717617035
0.51294481754303
0.609804511070251
0.615975618362427
0.617652535438538
0.78158962726593
0.771393895149231
0.649715542793274
0.461496442556381
0.468137115240097
0.716390430927277
0.922116756439209
0.989596545696259
0.741410315036774
0.348940640687943
0.160855695605278
0.651459574699402
0.906688928604126
0.988791644573212
1.09678614139557
1.14105725288391
1.12871503829956
1.04634404182434
1.15440571308136
1.31069588661194
1.83698499202728
2.15130949020386
2.05679750442505
1.68076181411743
1.36221134662628
1.55365014076233
1.85569953918457
2.06088924407959
1.85704112052917
1.53184998035431
1.15588140487671
1.13327634334564
1.13227009773254
1.02903807163239
0.774144053459167
0.408572405576706
0.189967274665833
-0.0264913961291313
-0.395685225725174
-0.699545681476593
-0.367982268333435
-0.312978833913803
-0.513405978679657
-0.646085023880005
-0.625156879425049
-0.455048710107803
-0.325388133525848
-0.306874781847
-0.488654464483261
-0.511594891548157
-0.437407344579697
-0.473830372095108
-0.426540821790695
-0.46517738699913
-0.329614013433456
-0.174329906702042
-0.156621485948563
-0.093032144010067
-0.115301832556725
-0.0803545191884041
0.129195168614388
0.400523126125336
0.323518306016922
0.15481872856617
0.121011734008789
0.13563460111618
0.239403292536736
0.444056332111359
0.594846248626709
0.573515653610229
0.59893798828125
0.626573860645294
0.534074187278748
0.562246680259705
0.729068040847778
0.865637600421906
0.783065378665924
0.520658671855927
0.326939254999161
0.287631928920746
0.31969490647316
0.536153554916382
0.66313099861145
0.668295979499817
0.693584144115448
0.719811379909515
0.651124179363251
0.366179525852203
0.232628479599953
0.292327344417572
0.443385571241379
0.425274670124054
0.352764040231705
0.261740058660507
0.400321900844574
0.774345278739929
0.982821762561798
0.955454170703888
0.861814200878143
0.874491810798645
0.863491117954254
0.774345278739929
0.659441769123077
0.557685375213623
0.537025570869446
0.536824345588684
0.583644330501556
0.6040358543396
0.666484892368317
0.837532162666321
0.781187176704407
0.669570446014404
0.400791436433792
0.448483437299728
0.706328868865967
0.991608858108521
1.02830016613007
0.585790812969208
0.185137704014778
0.333043307065964
0.772802531719208
0.954917550086975
1.09443843364716
1.1077868938446
1.08679163455963
1.0912858247757
1.12972116470337
1.17875468730927
1.43727087974548
1.85489463806152
2.04720544815063
1.96537101268768
1.61133670806885
1.47718191146851
1.61240994930267
1.92009377479553
1.91526424884796
1.64360094070435
1.21578145027161
1.00160336494446
1.06485736370087
1.02541589736938
0.887840211391449
0.424939274787903
0.132280737161636
-0.117984928190708
-0.214911714196205
-0.69210010766983
-0.702161729335785
-0.333236187696457
-0.535407364368439
-0.737913966178894
-0.817668914794922
-0.673855066299438
-0.501801609992981
-0.355170488357544
-0.517766058444977
-0.646487474441528
-0.713766098022461
-0.678013861179352
-0.557744145393372
-0.630120635032654
-0.619656562805176
-0.446664035320282
-0.420168459415436
-0.317271769046783
-0.333974033594131
-0.312576353549957
-0.263676971197128
-0.0627802535891533
0.108736574649811
0.0621178075671196
-0.0364859253168106
-0.0771348103880882
0.0401164293289185
0.172594234347343
0.344781845808029
0.43439719080925
0.425610065460205
0.386168569326401
0.421115875244141
0.400053590536118
0.408907800912857
0.535214483737946
0.63126927614212
0.488327383995056
0.180442288517952
0.0591664016246796
0.0675510764122009
0.149922072887421
0.33465313911438
0.425073444843292
0.417627841234207
0.388315051794052
0.415414303541183
0.332104206085205
0.0660753697156906
-0.0858548656105995
-0.0107952915132046
0.0683559998869896
0.0516537353396416
-0.0301806516945362
-0.0134783862158656
0.246915951371193
0.53729385137558
0.602157711982727
0.493224054574966
0.372417718172073
0.373088479042053
0.429031014442444
0.353770196437836
0.131140410900116
0.0235483199357986
-0.00435586459934711
0.0435373745858669
0.0542697533965111
0.080094538629055
0.199626415967941
0.372484773397446
0.406023472547531
0.270728409290314
0.167093887925148
0.218877613544464
0.5159632563591
0.57579630613327
0.381473153829575
0.0286462008953094
0.0832471773028374
0.345117211341858
0.525823652744293
0.634019434452057
0.653136491775513
0.678961277008057
0.703645765781403
0.963168084621429
0.88079708814621
0.877443194389343
1.11429333686829
1.4198979139328
1.64923536777496
1.3793830871582
0.91265881061554
0.921043515205383
1.232550740242
1.35577189922333
1.31143379211426
0.887370645999908
0.500535488128662
0.423933118581772
0.567009150981903
0.45425209403038
0.0976688116788864
-0.296276569366455
-0.524406671524048
-0.612076818943024
-0.887764811515808
-1.21845626831055
-1.02768814563751
-1.00682711601257
-1.10784566402435
-1.18578958511353
-1.30498600006104
-0.998308300971985
-1.07383739948273
-1.05391538143158
-1.13769507408142
-1.17458760738373
-1.21355950832367
-1.05069577693939
-0.984423279762268
-1.09577167034149
-1.08168542385101
-1.07591676712036
-0.759512841701508
-0.732950210571289
-0.71161961555481
-0.721882462501526
-0.50750321149826
-0.340279310941696
-0.372811853885651
-0.436602413654327
-0.642932415008545
-0.589002192020416
-0.418290287256241
-0.213704332709312
-0.108661167323589
-0.164268314838409
-0.191770032048225
-0.18445859849453
-0.192709118127823
-0.187477082014084
-0.110740572214127
-0.112149193882942
-0.192440807819366
-0.36872011423111
-0.579477190971375
-0.630456030368805
-0.495965898036957
-0.294867932796478
-0.196800827980042
-0.209679692983627
-0.212832316756248
-0.173860371112823
-0.230272442102432
-0.325388133525848
-0.480068564414978
-0.511393666267395
-0.402728348970413
-0.24073651432991
-0.250395655632019
-0.406887143850327
-0.33752915263176
-0.0790129750967026
0.161526471376419
0.126579150557518
0.0114073166623712
-0.061103317886591
-0.0888733491301537
-0.108661167323589
-0.255359381437302
-0.45974412560463
-0.592691481113434
-0.520180821418762
-0.458603799343109
-0.342157483100891
-0.32196718454361
-0.193782344460487
-0.174195751547813
-0.239193722605705
-0.288428515195847
-0.327266305685043
-0.0487610809504986
0.107797496020794
0.0719111040234566
-0.36724442243576
-0.513271868228912
-0.387837171554565
-0.0458096787333488
0.220353320240974
0.0623861141502857
-0.00435586459934711
-0.10014234483242
0.213444352149963
0.36778935790062
0.297492295503616
0.355648368597031
0.554868161678314
0.976449429988861
1.06713795661926
0.684662878513336
0.45800843834877
0.60088324546814
0.730543792247772
0.847795009613037
0.817476034164429
0.231085687875748
-0.0952456966042519
0.0360917896032333
0.228805065155029
0.0658070594072342
-0.484495669603348
-0.927944123744965
-1.31088876724243
-1.15875732898712
-1.44269585609436
-1.5366712808609
-1.35522699356079
-1.58396077156067
-1.81081640720367
-1.86682605743408
-1.68665623664856
-1.52734744548798
-1.46590459346771
-1.71798133850098
-1.8230916261673
-1.76117920875549
-1.68994307518005
-1.38628375530243
-1.34637272357941
-1.56229484081268
-1.664386510849
-1.35489153862
-1.1833747625351
-1.04278063774109
-0.960677862167358
-1.07222759723663
-0.953903079032898
-0.883538901805878
-0.833029687404633
-0.904399991035461
-0.928145349025726
-0.866836667060852
-0.697935819625854
-0.535206139087677
-0.620595633983612
-0.595173299312592
-0.587996065616608
-0.628644943237305
-0.607046008110046
-0.667683959007263
-0.693642914295197
-0.656079590320587
-0.730937898159027
-0.959805905818939
-1.08886277675629
-1.05324470996857
-0.924254894256592
-0.736438274383545
-0.630254805088043
-0.668354749679565
-0.66533625125885
-0.695118606090546
-0.756226062774658
-0.904131650924683
-1.08792364597321
-1.02594411373138
-0.895679950714111
-0.725772976875305
-0.783258259296417
-0.892124831676483
-0.794795572757721
-0.484160274267197
-0.368250578641891
-0.489392310380936
-0.570891320705414
-0.662451922893524
-0.561902940273285
-0.615833163261414
-0.827730536460876
-1.00226581096649
-1.01574838161469
-0.816528618335724
-0.680428624153137
-0.589002192020416
-0.605905711650848
-0.543792068958282
-0.516424477100372
-0.550566852092743
-0.470946043729782
-0.384080827236176
-0.286080807447433
-0.351749539375305
-0.635688066482544
-0.771922171115875
-0.776684701442719
-0.561299264431
-0.298221796751022
-0.453170537948608
-0.626833856105804
-0.61992484331131
-0.385355323553085
-0.0283024851232767
-0.0146187022328377
-0.130796700716019
-0.0226679854094982
0.32955527305603
0.704383611679077
0.565734684467316
0.0990103557705879
0.0248898677527905
0.235579878091812
0.46867373585701
0.59893798828125
0.192180827260017
-0.449816673994064
-0.502002835273743
-0.234162926673889
-0.0590239204466343
-0.392398446798325
-1.11542534828186
-1.54002511501312
-1.63594579696655
-1.64607441425323
-1.90868234634399
-1.93296432495117
-1.84858095645905
-1.99179112911224
-2.24460577964783
-2.11883568763733
-1.93571448326111
-1.9155912399292
-2.02861666679382
-2.17726016044617
-2.16518616676331
-2.03465366363525
-1.76855766773224
-1.66606342792511
-1.75816071033478
-1.97837567329407
-1.86642360687256
-1.48971712589264
-1.3634774684906
-1.22583472728729
-1.26534330844879
-1.35462331771851
-1.22040140628815
-1.14205503463745
-1.10831522941589
-1.25125706195831
-1.23958563804626
-1.05290925502777
-0.857781231403351
-0.698740780353546
-0.753811299800873
-0.881392419338226
-0.887630641460419
-0.899235010147095
-0.927541673183441
-0.859994769096375
-0.819949567317963
-0.852683305740356
-0.904936611652374
-1.06927609443665
-1.20665061473846
-1.11649858951569
-0.991332232952118
-0.831688106060028
-0.880319178104401
-0.917211771011353
-0.835310280323029
-0.913321256637573
-0.997302114963531
-1.1576840877533
-1.17136788368225
-1.04700648784637
-0.877569019794464
-0.772257566452026
-0.8574458360672
-0.955311715602875
-0.821760654449463
-0.504015147686005
-0.34376734495163
-0.450755745172501
-0.556670904159546
-0.522260189056396
-0.51213151216507
-0.633608639240265
-0.869855105876923
-1.03298723697662
-0.979459524154663
-0.811162412166595
-0.635889291763306
-0.577934443950653
-0.536346435546875
-0.478525787591934
-0.4696044921875
-0.461219817399979
-0.493685245513916
-0.429425150156021
-0.386361479759216
-0.502740681171417
-0.578336894512177
-0.701222658157349
-0.691026866436005
-0.447401881217957
-0.321900129318237
-0.533730447292328
-0.597789347171783
-0.403868675231934
-0.0926967561244965
0.209084317088127
0.0599713325500488
0.0419945977628231
0.319225341081619
0.783199489116669
1.02038502693176
0.538903713226318
0.232762634754181
0.356587439775467
0.58404678106308
0.712030410766602
0.805737495422363
0.294540882110596
-0.291983604431152
-0.130058854818344
0.107596263289452
0.18500354886055
-0.532858431339264
-1.03097498416901
-1.25293397903442
-1.20014405250549
-1.29881489276886
-1.61548709869385
-1.49099159240723
-1.57410037517548
-1.78881502151489
-1.7680881023407
-1.56578278541565
-1.6693502664566
-1.64124488830566
-1.69564461708069
-1.75286161899567
-1.64258635044098
-1.58261919021606
-1.34751307964325
-1.3457019329071
-1.61374318599701
-1.65627014636993
-1.25474512577057
-1.04076826572418
-0.890716195106506
-0.758171319961548
-0.987978398799896
-0.947731971740723
-0.727651119232178
-0.705582678318024
-0.782050848007202
-0.869519770145416
-0.760854423046112
-0.53621232509613
-0.313783764839172
-0.188550308346748
-0.298691362142563
-0.373818010091782
-0.27273240685463
-0.291111618280411
-0.389782428741455
-0.400514781475067
-0.355237573385239
-0.424260199069977
-0.583501875400543
-0.740664124488831
-0.691026866436005
-0.633944034576416
-0.512869358062744
-0.327199220657349
-0.42727866768837
-0.494087725877762
-0.542182207107544
-0.575184285640717
-0.678013861179352
-0.765080273151398
-0.690087795257568
-0.514345109462738
-0.329882323741913
-0.271323800086975
-0.373818010091782
-0.348328590393066
-0.208203986287117
0.0878755152225494
0.107327952980995
-0.0972580164670944
-0.0871293395757675
0.0499097257852554
0.0858631953597069
-0.0970567837357521
-0.388172566890717
-0.527358114719391
-0.397630482912064
-0.181507185101509
0.00288849114440382
0.0320671461522579
0.0326037630438805
0.133085668087006
0.191375896334648
0.156227350234985
0.156495660543442
0.177893340587616
0.145293742418289
0.118664026260376
0.111285515129566
-0.00482540624216199
0.00711436523124576
0.126713305711746
-0.0181067250669003
-0.0833059251308441
0.0764052867889404
0.321908444166183
0.658569753170013
0.688419163227081
0.466795563697815
0.583778500556946
1.002072930336
1.39279866218567
1.33678901195526
0.780583500862122
0.555136442184448
0.724506795406342
1.10295736789703
1.30170750617981
0.957265257835388
0.310438215732574
0.124030217528343
0.420445114374161
0.71558552980423
0.625634789466858
-0.0539260394871235
-0.657421112060547
-0.907887995243073
-0.914059102535248
-0.860732614994049
-0.967117309570313
-0.806131660938263
-0.821492373943329
-1.21134603023529
-1.2495801448822
-1.20161974430084
-1.1728435754776
-1.2126876115799
-1.2782222032547
-1.25051915645599
-1.27741718292236
-1.11851096153259
-0.908827066421509
-0.884343862533569
-1.15942811965942
-1.13776218891144
-0.60235059261322
-0.562171280384064
-0.455048710107803
-0.366305351257324
-0.516491591930389
-0.378781735897064
-0.268841922283173
-0.203508570790291
-0.292453169822693
-0.335181444883347
-0.188349083065987
0.0509158857166767
0.161258161067963
0.127786546945572
0.11577969789505
0.153946727514267
0.138451844453812
0.123963139951229
0.100217752158642
-0.0419191904366016
-0.11966186016798
-0.0822997689247131
-0.193245723843575
-0.289300531148911
-0.282861083745956
-0.219137594103813
0.0194566007703543
0.031262218952179
-0.093702919781208
-0.214911714196205
-0.222088992595673
-0.265085577964783
-0.205789193511009
-0.211423695087433
-0.217796042561531
0.00765098398551345
0.186747550964355
0.148379296064377
-0.00234354357235134
0.173868700861931
0.387979656457901
0.486449241638184
0.413334906101227
0.281393706798553
0.4050173163414
0.589144706726074
0.464716166257858
0.172258839011192
-0.104636527597904
-0.17231759428978
0.0348173193633556
0.288638085126877
0.417762011289597
0.474375307559967
0.560636818408966
0.582369863986969
0.696602642536163
0.7599236369133
0.667692303657532
0.575058460235596
0.598200142383575
0.537226796150208
0.384692877531052
0.375436186790466
0.476320564746857
0.570631325244904
0.398846179246902
0.348471075296402
0.406157612800598
0.559228181838989
0.92365950345993
0.955454170703888
0.904274165630341
1.08545017242432
1.46611416339874
1.70289731025696
1.42204439640045
1.07659590244293
1.07444941997528
1.28668224811554
1.65030860900879
1.68203628063202
1.12207436561584
0.670710742473602
0.766832649707794
1.15514349937439
1.26769936084747
0.852624595165253
0.106254711747169
-0.37804388999939
-0.481141805648804
-0.406685918569565
-0.43157160282135
-0.444182157516479
-0.401185572147369
-0.649774312973022
-0.856573820114136
-1.04123783111572
-0.96014130115509
-0.897759318351746
-0.999113202095032
-0.907150149345398
-0.961147427558899
-0.919358253479004
-0.751128196716309
-0.602954268455505
-0.759915351867676
-0.81444925069809
-0.485568910837173
-0.143071860074997
-0.0276317112147808
0.0356893241405487
-0.0357480719685555
-0.102624207735062
0.151531934738159
0.229274600744247
0.231823548674583
0.0977358892560005
0.0459521599113941
0.223640114068985
0.387107640504837
0.45981952548027
0.414206922054291
0.351959109306335
0.460892766714096
0.507511496543884
0.406090557575226
0.260398507118225
0.175612717866898
0.163471713662148
0.217871457338333
0.233634635806084
0.128189012408257
0.0965955704450607
0.268380701541901
0.400187730789185
0.343708604574203
0.195065155625343
0.0532635934650898
0.0182492081075907
0.0367625616490841
0.0709720179438591
0.108602419495583
0.204053521156311
0.310639441013336
0.36269149184227
0.318889975547791
0.297358125448227
0.469545722007751
0.711091339588165
0.717664897441864
0.531592309474945
0.464850306510925
0.586260378360748
0.736983180046082
0.648642301559448
0.347464919090271
0.139927551150322
0.197614088654518
0.385631948709488
0.637440383434296
0.763881206512451
0.807481527328491
0.858527362346649
0.909036636352539
0.974973678588867
0.955521285533905
0.903200924396515
0.907292664051056
0.914268672466278
0.768509566783905
0.59518164396286
0.497315764427185
0.571972846984863
0.637775778770447
0.576399981975555
0.530519068241119
0.480881810188293
0.759856581687927
1.06089985370636
1.06458902359009
1.12106823921204
1.36898612976074
1.63233184814453
1.67787742614746
1.40306150913239
1.18096828460693
1.21752548217773
1.49368298053741
1.79861664772034
1.64467418193817
1.04688060283661
0.730409622192383
1.08712708950043
1.36912035942078
1.30036604404449
0.684528708457947
-0.0940383076667786
-0.386160254478455
-0.375360786914825
-0.290843307971954
-0.399508625268936
-0.356713265180588
-0.446731090545654
-0.665403306484222
-0.886892795562744
-0.897558093070984
-0.814851701259613
-0.899235010147095
-0.876026272773743
-0.994417786598206
-0.932170033454895
-0.927675843238831
-0.7189981341362
-0.544127464294434
-0.540304005146027
-0.497508674860001
-0.405545592308044
-0.143742635846138
-0.127576991915703
0.0120780905708671
-0.180299803614616
-0.122076645493507
0.0652033686637878
0.105986401438713
0.0783505290746689
-0.0906173586845398
0.0147611852735281
0.232024773955345
0.516634047031403
0.488059103488922
0.317816734313965
0.282668203115463
0.430640876293182
0.380131602287292
0.237055584788322
0.296351969242096
0.254495710134506
0.196809157729149
0.176618874073029
0.106321789324284
-0.0323942042887211
0.189900189638138
0.377783894538879
0.369466304779053
0.256306797266006
0.0631239637732506
-0.0714332312345505
-0.126704975962639
-0.0197165813297033
0.0182492081075907
0.0169076602905989
0.0229446236044168
0.200431331992149
0.339415639638901
0.301114469766617
0.232963860034943
0.478064566850662
0.637708723545074
0.560636818408966
0.523341774940491
0.441842794418335
0.549166560173035
0.568350672721863
0.433525174856186
0.194796845316887
0.088881678879261
0.247653797268867
0.48919939994812
0.626439690589905
0.690431535243988
0.797352850437164
0.87013179063797
0.902798473834991
0.883480191230774
0.823580086231232
0.793596506118774
0.815128326416016
0.741209089756012
0.516634047031403
0.296419054269791
0.274216443300247
0.478869497776031
0.581363677978516
0.517304837703705
0.340488880872726
0.288705140352249
0.649245977401733
0.941300868988037
1.12576365470886
1.31129956245422
1.43445360660553
1.61207449436188
1.5081045627594
1.27648651599884
1.15487515926361
1.3606014251709
1.70242774486542
1.77621281147003
1.41171443462372
0.845581471920013
0.746172785758972
1.21920239925385
1.55405259132385
1.03561162948608
0.264691442251205
-0.232955530285835
-0.467458009719849
-0.375763237476349
-0.300569504499435
-0.384214997291565
-0.468598335981369
-0.669629216194153
-0.9252610206604
-0.973556756973267
-0.914528667926788
-0.983484208583832
-0.995692253112793
-0.983752489089966
-1.09550344944
-1.09094214439392
-0.857915341854095
-0.571494996547699
-0.543792068958282
-0.735968708992004
-0.672647655010223
-0.440962463617325
-0.158700883388519
-0.144212171435356
-0.15132237970829
-0.176945924758911
-0.178757026791573
-0.00127030571456999
0.0157002676278353
0.00771806156262755
0.0431349128484726
0.161660626530647
0.312517613172531
0.455861955881119
0.464179545640945
0.295949518680573
0.319761961698532
0.410450577735901
0.412664115428925
0.345989227294922
0.258117884397507
0.076740674674511
0.0574894696474075
0.0989432781934738
-0.0482915416359901
0.0531965158879757
0.191375896334648
0.238195896148682
0.151599019765854
-0.0872634872794151
-0.320893973112106
-0.304124623537064
-0.132876098155975
-0.113356590270996
-0.186739221215248
-0.152596846222878
0.0599713325500488
0.258319109678268
0.291857779026031
0.176954254508018
0.144891276955605
0.245775640010834
0.325530618429184
0.350349247455597
0.390863984823227
0.488662779331207
0.574991345405579
0.52361011505127
0.264624387025833
0.0625873506069183
0.0395798124372959
0.17728964984417
0.425006359815598
0.578211069107056
0.609536230564117
0.716323375701904
0.886431574821472
0.900383651256561
0.806005835533142
0.715317189693451
0.726452052593231
0.751606047153473
0.636501312255859
0.432653188705444
0.246178105473518
0.208279386162758
0.440434157848358
0.567612826824188
0.354440987110138
0.0916318446397781
0.31479823589325
0.792120814323425
0.964040100574493
1.14246582984924
1.25703406333923
1.35255217552185
1.41547071933746
1.28634679317474
1.08632206916809
1.01716542243958
1.23543512821198
1.55968713760376
1.39689028263092
0.855911374092102
0.557081699371338
0.819756686687469
1.25569248199463
1.25126540660858
0.695059835910797
-0.330284804105759
-0.677007675170898
-0.581892013549805
-0.339071929454803
-0.206258744001389
-0.396557241678238
-0.629651069641113
-0.998375356197357
-1.20322966575623
-1.20718717575073
-1.08322823047638
-1.12629187107086
-1.13273131847382
-1.23938429355621
-1.51956653594971
-1.42398130893707
-0.847652554512024
-0.658158957958221
-0.733688056468964
-0.955579996109009
-0.897893488407135
-0.506564140319824
-0.369659215211868
-0.213301867246628
-0.296947330236435
-0.333370357751846
-0.404740661382675
-0.309423744678497
-0.136364117264748
-0.0765981897711754
0.0733197256922722
0.125170528888702
0.199760571122169
0.272740751504898
0.235177412629128
0.0756674334406853
0.206468299031258
0.326469719409943
0.195132225751877
0.0286462008953094
-0.0953798517584801
-0.0807569846510887
-0.0414496473968029
-0.169299110770226
-0.226985648274422
-0.116442143917084
-0.0679452121257782
-0.0443339757621288
-0.198209449648857
-0.448139727115631
-0.551304697990417
-0.460481971502304
-0.388977497816086
-0.347121208906174
-0.343968570232391
-0.287288188934326
-0.0778055787086487
0.128591477870941
0.072581872344017
-0.133345648646355
-0.130125924944878
0.0453484654426575
0.153074711561203
0.161526471376419
0.14006170630455
0.1522027105093
0.187753722071648
0.0811007022857666
-0.10309375077486
-0.220680370926857
-0.220412060618401
-0.0187774989753962
0.27656415104866
0.418768167495728
0.440836608409882
0.599139213562012
0.717664897441864
0.679833292961121
0.6544109582901
0.654008507728577
0.661387026309967
0.587467730045319
0.369466304779053
0.109608583152294
-0.0499684736132622
0.0661424472928047
0.344915986061096
0.3357934653759
-0.08323884755373
-0.250395655632019
0.132616117596626
0.539306223392487
0.91869580745697
1.12415373325348
1.07733380794525
0.933251559734344
0.86590588092804
0.849606096744537
0.720012605190277
0.856112599372864
1.24408805370331
1.45008265972137
1.18526124954224
0.598401367664337
0.298967987298965
0.770656049251556
1.17540085315704
0.987181782722473
0.345586746931076
-0.478727012872696
-0.857512891292572
-0.811430752277374
-0.59363055229187
-0.41480228304863
-0.676538169384003
-0.906278133392334
-1.1290420293808
-1.40063834190369
-1.48522293567657
-1.4750941991806
-1.3891681432724
-1.3562331199646
-1.50688886642456
-1.74803197383881
-1.43833577632904
-0.99066150188446
-0.911040663719177
-0.980331540107727
-1.02681612968445
-0.869653880596161
-0.687069296836853
-0.457195162773132
-0.297685205936432
-0.428620219230652
-0.402258813381195
-0.391325205564499
-0.334980219602585
-0.278769373893738
-0.214844644069672
-0.070091687142849
0.0680876895785332
0.167697578668594
0.190973430871964
0.058831013739109
-0.106648847460747
0.105718098580837
0.293534725904465
0.0996140539646149
-0.231345668435097
-0.268036991357803
-0.255560606718063
-0.294867932796478
-0.294733792543411
-0.23188228905201
-0.102221742272377
-0.0502367839217186
-0.159841194748878
-0.400447726249695
-0.609594941139221
-0.653664767742157
-0.570824205875397
-0.445255398750305
-0.424528479576111
-0.37871465086937
-0.223296388983727
-0.0402422547340393
0.0453484654426575
-0.110740572214127
-0.294063001871109
-0.302246451377869
-0.0336686745285988
0.0891499891877174
0.029115742072463
0.028377890586853
0.0751978904008865
0.120877578854561
-0.00153861520811915
-0.12885145843029
-0.23121152818203
-0.204112261533737
0.142208188772202
0.44439172744751
0.522603929042816
0.553258299827576
0.690833985805511
0.788029074668884
0.725043416023254
0.710286378860474
0.710755944252014
0.680101573467255
0.480680584907532
0.228536754846573
0.0269021894782782
-0.0478219985961914
0.122420363128185
0.316005647182465
0.132213652133942
-0.258176624774933
-0.0637193322181702
0.426079601049423
0.784272730350494
0.938014090061188
0.851014733314514
0.870802521705627
0.867314517498016
0.90937203168869
0.924061954021454
0.785010576248169
0.826799809932709
1.14716124534607
1.33397173881531
0.819957911968231
0.276027530431747
0.293266415596008
0.891864836215973
0.987852573394775
0.798694372177124
-0.0379616245627403
-1.00615632534027
-1.11958420276642
-0.810961186885834
-0.415271818637848
-0.452365607023239
-0.64729243516922
-1.02614545822144
-1.30632758140564
-1.51346242427826
-1.60079717636108
-1.20987033843994
-1.42981696128845
-1.32242608070374
-1.62071919441223
-1.79813885688782
-1.09167993068695
-0.745426595211029
-0.552780449390411
-0.805460870265961
-0.864086508750916
-0.592892706394196
-0.398837864398956
-0.394477844238281
-0.351950794458389
-0.388440877199173
-0.510991215705872
-0.429492205381393
-0.260054796934128
-0.181373029947281
-0.151724845170975
-0.0536577291786671
0.170783147215843
0.13972632586956
0.0362930186092854
-0.0464133732020855
-0.0971238613128662
-0.0139479283243418
0.127987787127495
-0.0221984442323446
-0.310228645801544
-0.402124643325806
-0.335181444883347
-0.211222469806671
-0.302246451377869
-0.204783037304878
-0.0308514256030321
-0.0977946370840073
-0.356713265180588
-0.612210988998413
-0.809552609920502
-0.831151485443115
-0.600137054920197
-0.516089081764221
-0.563512802124023
-0.4210404753685
-0.164603695273399
-0.02327168174088
-0.0148199340328574
-0.166481867432594
-0.287355273962021
-0.232083529233932
-0.0563408248126507
0.0309268310666084
0.0326037630438805
0.0489706434309483
0.0612457990646362
0.0818385556340218
-0.022466754540801
-0.142870634794235
-0.132540717720985
0.0244203265756369
0.316743493080139
0.542593002319336
0.54480654001236
0.495236366987228
0.643611490726471
0.809560894966125
0.791584193706512
0.647233664989471
0.527903020381927
0.454117953777313
0.285820811986923
0.0774114429950714
-0.0024106209166348
0.00691313296556473
0.131542876362801
0.163740023970604
-0.142199859023094
-0.301106125116348
0.143348500132561
0.692175507545471
0.946532905101776
0.909908652305603
0.818683445453644
0.856850445270538
0.860539734363556
0.881400763988495
0.818079710006714
0.749593734741211
0.983157157897949
1.22517228126526
1.05519819259644
0.583778500556946
0.196406692266464
0.390528589487076
0.870534241199493
0.900517821311951
0.397504657506943
-0.60053950548172
-1.06377577781677
-1.03412759304047
-0.711418390274048
-0.308015108108521
-0.562171280384064
-0.856707990169525
-1.1336704492569
-1.36716675758362
-1.54056167602539
-1.42820715904236
-1.25561702251434
-1.300626039505
-1.41606616973877
-1.68008267879486
-1.42773759365082
-0.957055687904358
-0.768367052078247
-0.752939283847809
-0.830681979656219
-0.72832190990448
-0.627571702003479
-0.550499796867371
-0.416948765516281
-0.458805024623871
-0.538090467453003
-0.595508694648743
-0.468397080898285
-0.306874781847
-0.268372386693954
-0.144882947206497
-0.0185762662440538
0.0699658617377281
0.0694963186979294
-0.0221313666552305
-0.159707054495811
-0.0845803990960121
0.0889487564563751
0.0605079494416714
-0.275281339883804
-0.52688854932785
-0.513003528118134
-0.272397011518478
-0.264213591814041
-0.347322434186935
-0.230473667383194
-0.223967164754868
-0.369592130184174
-0.619052886962891
-0.800564229488373
-0.907552599906921
-0.823303461074829
-0.673788011074066
-0.56250661611557
-0.535004913806915
-0.456658542156219
-0.250663965940475
-0.0902819707989693
-0.133010253310204
-0.300301223993301
-0.34671875834465
-0.164201229810715
0.00503496685996652
-0.0342052914202213
0.0018823305144906
-0.0138137731701136
-0.0240766108036041
0.0215360000729561
-0.152798071503639
-0.207734435796738
-0.0684147477149963
0.164276629686356
0.450697004795074
0.499663472175598
0.390595674514771
0.473369151353836
0.682181000709534
0.74925833940506
0.716457545757294
0.573582708835602
0.397169262170792
0.305474489927292
0.134360134601593
-0.0158931724727154
-0.0575482174754143
0.00255310419015586
0.180710598826408
0.066947378218174
-0.304325848817825
-0.120064325630665
0.380198687314987
0.756502687931061
0.934995591640472
0.759655356407166
0.635964691638947
0.642873644828796
0.719811379909515
0.756905198097229
0.71169501543045
0.823445916175842
0.963235139846802
0.975577414035797
0.820561587810516
0.378186374902725
0.0641972050070763
0.359740078449249
0.743221402168274
0.640257656574249
-0.00978913158178329
-0.708064496517181
-0.928279519081116
-0.829877018928528
-0.575117170810699
-0.338266998529434
-0.63300496339798
-0.897222697734833
-1.18686282634735
-1.32913386821747
-1.4892475605011
-1.48777186870575
-1.29915022850037
-1.33107912540436
-1.37481355667114
-1.47925305366516
-1.23368275165558
-0.944579303264618
-0.704978942871094
-0.73013299703598
-0.901649832725525
-0.710747599601746
-0.544731140136719
-0.477854996919632
-0.52507746219635
-0.623815357685089
-0.638102829456329
-0.608521699905396
-0.382001429796219
-0.236175239086151
-0.216253265738487
-0.158365502953529
-0.00697188172489405
0.0695633962750435
-0.0219972115010023
-0.143407240509987
-0.183720737695694
-0.0825009942054749
-0.0773360431194305
-0.171982198953629
-0.434053480625153
-0.549493610858917
-0.400984346866608
-0.34376734495163
-0.401722192764282
-0.437943965196609
-0.345712572336197
-0.351950794458389
-0.440627068281174
-0.60248476266861
-0.856439650058746
-0.938206970691681
-0.740395843982697
-0.477318376302719
-0.383611291646957
-0.316064387559891
-0.223296388983727
-0.0635180994868279
-0.00435586459934711
-0.158767968416214
-0.245297774672508
-0.169567421078682
-0.0139479283243418
0.101760528981686
0.0904244557023048
-0.0252840034663677
-0.0601642355322838
-0.0103928279131651
-0.0923613682389259
-0.195861741900444
-0.171445593237877
0.0310609862208366
0.349745571613312
0.494833916425705
0.424738049507141
0.344580590724945
0.48182088136673
0.680504083633423
0.795675873756409
0.736111164093018
0.515493750572205
0.352361589670181
0.210895404219627
0.0918330773711205
0.020731071010232
-0.0273634009063244
0.0593676343560219
0.234305411577225
-0.0203873552381992
-0.237181410193443
0.137982308864594
0.54286128282547
0.827269315719604
0.829549968242645
0.729940056800842
0.694657385349274
0.659575939178467
0.775955140590668
0.840416491031647
0.806810736656189
0.80023717880249
0.948142766952515
1.10765278339386
0.739867508411407
0.0875401273369789
0.00912668649107218
0.650252163410187
0.787962019443512
0.540111124515533
-0.116844609379768
-0.926334261894226
-1.06384289264679
-0.88930755853653
-0.361006230115891
-0.259518176317215
-0.554658591747284
-1.01749241352081
-1.37394154071808
-1.58268630504608
-1.65687394142151
-1.33691489696503
-1.22489559650421
-1.24354314804077
-1.36401414871216
-1.51634681224823
-1.17291069030762
-0.816193222999573
-0.51951003074646
-0.551707208156586
-0.774940669536591
-0.405008971691132
-0.374757081270218
-0.433718085289001
-0.419967234134674
-0.431839913129807
-0.567000806331635
-0.435395032167435
-0.121540024876595
-0.143809705972672
-0.214442178606987
-0.138778910040855
0.146434053778648
0.0240178611129522
-0.0833730027079582
-0.146023258566856
-0.142334014177322
-0.156889796257019
-0.179897338151932
-0.288696825504303
-0.602753043174744
-0.589270532131195
-0.448542177677155
-0.325723528862
-0.358859747648239
-0.285410046577454
-0.24777963757515
-0.39970988035202
-0.574915945529938
-0.732547760009766
-0.864623129367828
-0.856506764888763
-0.557274580001831
-0.248718708753586
-0.195392206311226
-0.267232060432434
-0.115637220442295
0.0740575790405273
0.0393115021288395
-0.126839131116867
-0.156353175640106
-0.0617070123553276
0.0945832505822182
0.213108956813812
0.14811098575592
0.0309268310666084
-0.0246803071349859
-0.0196495037525892
-0.126570820808411
-0.202435329556465
-0.0441998206079006
0.289107620716095
0.553459525108337
0.614164531230927
0.521799027919769
0.456599801778793
0.653874337673187
0.884955883026123
0.937544524669647
0.738660156726837
0.447544366121292
0.325061082839966
0.256977558135986
0.166020646691322
0.105315633118153
0.0323354564607143
0.107126720249653
0.172527149319649
-0.146291568875313
-0.109197787940502
0.36269149184227
0.815262496471405
1.09048092365265
0.914335787296295
0.670777857303619
0.590620398521423
0.726921617984772
0.904005825519562
1.02783071994781
0.992413818836212
0.966320693492889
1.13884365558624
1.11872053146362
0.736312448978424
0.280253410339355
0.386168569326401
0.699486970901489
0.793462336063385
0.393815398216248
-0.395349830389023
-0.755555272102356
-0.870995461940765
-0.519979596138
-0.209880918264389
-0.253615349531174
-0.712156236171722
-1.09905850887299
-1.27869164943695
-1.49340629577637
-1.4052666425705
-1.27748429775238
-1.13353621959686
-1.22650551795959
-1.3272557258606
-1.27419745922089
-0.856909215450287
-0.484831035137177
-0.436334103345871
-0.533596277236938
-0.559823572635651
-0.31686931848526
-0.291379928588867
-0.347188293933868
-0.354432642459869
-0.397429227828979
-0.496167123317719
-0.329882323741913
-0.0847145542502403
-0.0284366402775049
-0.102020509541035
0.0393785797059536
0.167429268360138
0.145226657390594
0.0924367755651474
0.00362634216435254
-0.0248144622892141
0.018450440838933
0.03669548407197
-0.246840551495552
-0.387501776218414
-0.338401168584824
-0.178287476301193
-0.0195153504610062
-0.138845980167389
-0.141998618841171
-0.123015724122524
-0.321162283420563
-0.460683196783066
-0.570690095424652
-0.739255487918854
-0.622138440608978
-0.264951437711716
-0.134620115160942
-0.15427377820015
-0.135022580623627
-0.0194482728838921
0.129128098487854
0.0912293866276741
-0.0395714826881886
-0.0904161259531975
0.0472266301512718
0.227195203304291
0.274685978889465
0.173533320426941
0.0707707852125168
0.0831130221486092
0.106187634170055
0.0694963186979294
0.0743258893489838
0.252215057611465
0.543129622936249
0.774479448795319
0.812579393386841
0.682985901832581
0.702840805053711
0.879120111465454
0.988724529743195
0.946667075157166
0.722092032432556
0.467868804931641
0.399315744638443
0.340354740619659
0.241683915257454
0.161794781684875
0.139927551150322
0.276295840740204
0.202644884586334
-0.0164968688040972
0.2386654317379
0.704115271568298
1.08397436141968
1.16661369800568
1.01025640964508
0.811975717544556
0.70310914516449
0.971351504325867
1.27782797813416
1.24281358718872
1.04942953586578
1.02675747871399
1.15125298500061
1.20551860332489
0.654075562953949
0.281125396490097
0.536556005477905
0.754222095012665
0.703511595726013
0.208346471190453
-0.252609193325043
-0.706253409385681
-0.677946805953979
-0.303051382303238
-0.197404533624649
-0.348127365112305
-0.682440996170044
-0.97348964214325
-1.25608658790588
-1.38843023777008
-1.35428786277771
-1.23066425323486
-0.997838735580444
-1.03198111057281
-1.28177726268768
-1.00521731376648
-0.637834548950195
-0.398904949426651
-0.33310204744339
-0.353828936815262
-0.403801590204239
-0.331223875284195
-0.428687304258347
-0.539163708686829
-0.348865211009979
-0.4471335709095
-0.285410046577454
-0.0574811398983002
0.0250240229070187
-0.0296440329402685
0.0319329909980297
0.158172592520714
0.201772883534431
0.308157593011856
0.0756003558635712
0.0931746289134026
-0.0265584737062454
0.00986453704535961
-0.027028014883399
-0.267164975404739
-0.368921369314194
-0.336992532014847
-0.0855865553021431
-0.108862400054932
-0.115838445723057
-0.213368937373161
-0.285879582166672
-0.38052573800087
-0.5356085896492
-0.812772274017334
-0.862677872180939
-0.618247926235199
-0.423254013061523
-0.237181410193443
-0.107386700809002
-0.0368213094770908
0.0491718761622906
0.157233506441116
0.0780822187662125
-0.0793483629822731
-0.0134783862158656
0.186345085501671
0.322847545146942
0.270460098981857
0.146434053778648
0.0992786660790443
0.111419670283794
0.200028866529465
0.274887204170227
0.389790743589401
0.521866083145142
0.660783290863037
0.741074919700623
0.705389738082886
0.63442188501358
0.762472569942474
0.985035300254822
0.998316645622253
0.757039308547974
0.503151476383209
0.353367745876312
0.350751727819443
0.323115855455399
0.228469684720039
0.122889898717403
0.189162343740463
0.262209594249725
0.0419945977628231
0.111285515129566
0.45981952548027
0.881937384605408
1.13649594783783
1.10235357284546
0.889919579029083
0.652264475822449
0.762942135334015
1.15017974376678
1.3876336812973
1.18827974796295
0.93808114528656
0.969406306743622
1.07827281951904
0.97611403465271
0.526695668697357
0.39763879776001
0.639050245285034
0.772936642169952
0.549569010734558
0.0281095802783966
-0.394209533929825
-0.666342377662659
-0.283800184726715
-0.00294723990373313
-0.158767968416214
-0.552310883998871
-0.853622436523438
-1.0605560541153
-1.20101606845856
-1.18914341926575
-1.13561570644379
-1.11441922187805
-1.14446985721588
-1.17787444591522
-1.17338025569916
-0.80693656206131
-0.405612677335739
-0.293056845664978
-0.288629740476608
-0.413192421197891
-0.306941866874695
-0.275415509939194
-0.422449082136154
-0.316466867923737
-0.43284609913826
-0.475775599479675
-0.168292954564095
0.221359476447105
0.211029559373856
0.12168250977993
0.249531969428062
0.301248610019684
0.407096713781357
0.388046741485596
0.320566892623901
0.227933064103127
0.112694144248962
0.0354210138320923
-0.0830376148223877
-0.3050636947155
-0.370464146137238
-0.149108827114105
-0.00851466134190559
-0.070091687142849
-0.172250509262085
-0.271390855312347
-0.476446390151978
-0.487581223249435
-0.575117170810699
-0.766421854496002
-0.655274629592896
-0.410643488168716
-0.237181410193443
-0.205520883202553
-0.102288819849491
0.0539343692362309
0.272069960832596
0.324993997812271
0.145226657390594
-0.0331320539116859
0.0136208701878786
0.270594269037247
0.350550472736359
0.258050799369812
0.0807653144001961
0.0354210138320923
0.171588063240051
0.388985812664032
0.46934449672699
0.524280846118927
0.635763466358185
0.725244641304016
0.826061964035034
0.782059192657471
0.806475341320038
1.04070949554443
1.228928565979
1.09598124027252
0.86275327205658
0.675339102745056
0.526427328586578
0.578144013881683
0.554666936397552
0.451703161001205
0.384424567222595
0.39582771062851
0.275960445404053
0.213176041841507
0.421048790216446
0.816872358322144
1.1670161485672
1.26025378704071
1.17392516136169
0.838001728057861
0.676144003868103
0.981413125991821
1.37911486625671
1.39917099475861
1.13629472255707
0.887169420719147
0.936404228210449
1.09276151657104
0.817140638828278
0.420445114374161
0.570497155189514
0.700828492641449
0.838001728057861
0.419036477804184
0.080698236823082
-0.397496312856674
-0.707729160785675
-0.160377815365791
0.0275729615241289
-0.0958493947982788
-0.616168558597565
-0.791039228439331
-1.09751570224762
-1.20336377620697
-1.1992050409317
-1.05592775344849
-0.92405366897583
-1.07229459285736
-1.11696815490723
-1.07363617420197
-0.501197934150696
-0.1439438611269
-0.08028744161129
-0.138778910040855
-0.178153321146965
-0.193715274333954
-0.304661244153976
-0.248047932982445
-0.25388365983963
-0.332900822162628
-0.292453169822693
0.0942478626966476
0.302187711000443
0.213310196995735
0.209688007831573
0.254562765359879
0.323115855455399
0.325731873512268
0.375704497098923
0.329823583364487
0.189833119511604
0.108468264341354
0.126512080430984
-0.121204636991024
-0.441700309514999
-0.27206164598465
0.0161027330905199
0.0902232229709625
-0.0124722262844443
-0.045876756310463
-0.212161555886269
-0.398368328809738
-0.520784497261047
-0.682642221450806
-0.766555964946747
-0.60429584980011
-0.273671507835388
-0.107587933540344
-0.100477732717991
-0.078677587211132
0.0950527936220169
0.256776332855225
0.265630543231964
0.0996140539646149
-0.0459438338875771
0.0109377754852176
0.202913194894791
0.266167163848877
0.183259531855583
0.168904975056648
0.295681208372116
0.441708624362946
0.457941353321075
0.477192550897598
0.52528703212738
0.696870923042297
0.873619794845581
0.923726618289948
0.916146874427795
0.912927150726318
1.07874238491058
1.20571982860565
1.07330906391144
0.763411700725555
0.512676477432251
0.434330105781555
0.408773630857468
0.399181574583054
0.3582643866539
0.349141865968704
0.287900239229202
0.171453908085823
0.228805065155029
0.405084371566772
0.806139945983887
1.11496412754059
1.20967745780945
0.984767019748688
0.560569703578949
0.677820980548859
1.23489844799042
1.63078916072845
1.4521621465683
0.966521978378296
0.874022245407104
1.12965404987335
1.14810037612915
0.70673131942749
0.473972827196121
0.669235050678253
0.881669104099274
0.674198806285858
0.401730507612228
-0.0440656654536724
-0.675062477588654
-0.536480605602264
0.0283108130097389
0.124768070876598
-0.295807033777237
-0.699344456195831
-0.98824667930603
-1.20222353935242
-1.23931729793549
-1.13467657566071
-0.989923596382141
-1.03184700012207
-1.09147870540619
-1.09966218471527
-0.724431395530701
-0.311838507652283
-0.135022580623627
-0.0852511674165726
-0.346919983625412
-0.391727656126022
-0.243754982948303
-0.320692718029022
-0.306472331285477
-0.359798848628998
-0.553719520568848
-0.27192747592926
0.149989157915115
0.303998798131943
0.251477211713791
0.263148665428162
0.261270523071289
0.280253410339355
0.294473797082901
0.246781796216965
0.300644934177399
0.202443659305573
0.229878306388855
0.213444352149963
-0.169366180896759
-0.40299665927887
-0.172518819570541
0.193857759237289
0.184265688061714
0.0210664570331573
-0.176543459296227
-0.348798155784607
-0.431236237287521
-0.564250648021698
-0.689417004585266
-0.680428624153137
-0.522998094558716
-0.329144477844238
-0.115905523300171
-0.0873305648565292
-0.0967884734272957
0.0800274610519409
0.251879692077637
0.158575057983398
-0.000800764129962772
-0.00133738305885345
0.137311533093452
0.292863965034485
0.21585913002491
0.1018276065588
0.194394379854202
0.442379415035248
0.673460960388184
0.796078383922577
0.695931851863861
0.687077641487122
0.85946649312973
1.0067013502121
1.02568423748016
0.964174270629883
0.958875119686127
1.19800591468811
1.27319967746735
1.00180459022522
0.781187176704407
0.554532766342163
0.466929703950882
0.441641539335251
0.407834559679031
0.395291090011597
0.421518355607986
0.291388243436813
0.267575770616531
0.40944442152977
0.606584787368774
1.00482308864594
1.23530101776123
1.29654264450073
0.930300176143646
0.657831907272339
0.992413818836212
1.4475337266922
1.59718334674835
1.23972809314728
0.882339835166931
0.894413769245148
1.10463428497314
0.995700597763062
0.512139856815338
0.582772314548492
0.67621111869812
0.774479448795319
0.664807975292206
0.208212316036224
-0.274342268705368
-0.538492918014526
0.0153648816049099
0.235982343554497
-0.0576823726296425
-0.409704387187958
-0.676672339439392
-0.843829095363617
-0.989521145820618
-0.901046097278595
-0.859994769096375
-0.946524560451508
-0.970404088497162
-0.902387678623199
-0.840408146381378
-0.446596950292587
-0.0372908525168896
0.0435373745858669
-0.026290163397789
-0.162457212805748
-0.21088707447052
-0.309423744678497
-0.27568382024765
-0.293593466281891
-0.459945350885391
-0.375360786914825
-0.0116672972217202
0.304803729057312
0.261874198913574
0.254026144742966
0.285753756761551
0.270929664373398
0.306011110544205
0.443989247083664
0.459752440452576
0.225987821817398
0.208748936653137
0.357526540756226
0.15186733007431
-0.32867494225502
-0.383611291646957
-0.050505094230175
0.208011075854301
0.196675002574921
-0.017234718427062
-0.24583438038826
-0.480538100004196
-0.594301283359528
-0.677074790000916
-0.725705862045288
-0.615900218486786
-0.384684532880783
-0.242346361279488
-0.194587275385857
-0.0743846371769905
0.0739234238862991
0.181649670004845
0.198419019579887
0.075466200709343
-0.0147528564557433
0.0625873506069183
0.303864628076553
0.443385571241379
0.32150599360466
0.19157712161541
0.296955674886703
0.634019434452057
0.858192026615143
0.903402149677277
0.797419905662537
0.781857967376709
0.878583550453186
0.978662967681885
1.04493534564972
1.01166498661041
1.12938582897186
1.27071785926819
1.12643444538116
0.893340528011322
0.685601949691772
0.529647052288055
0.46605771780014
0.424738049507141
0.407566249370575
0.463575839996338
0.374295860528946
0.330024808645248
0.426146686077118
0.393144607543945
0.637373328208923
0.973095536231995
1.19579243659973
1.10785400867462
0.82458621263504
0.854100286960602
1.1719799041748
1.48717641830444
1.32069039344788
0.92875736951828
0.733562231063843
1.03084909915924
1.1531982421875
0.788230299949646
0.549501955509186
0.574186444282532
0.76220428943634
0.75724059343338
0.594510853290558
0.0250911004841328
-0.463634610176086
-0.47208634018898
0.23390294611454
0.309968680143356
-0.123015724122524
-0.453170537948608
-0.726041257381439
-0.976038634777069
-1.06625771522522
-0.872404098510742
-0.955647110939026
-0.899033784866333
-0.935658037662506
-0.951756596565247
-0.830614864826202
-0.480471014976501
-0.00677064992487431
-0.0335345193743706
-0.171915128827095
-0.39038610458374
-0.483690738677979
-0.504618883132935
-0.441767364740372
-0.383544236421585
-0.444785863161087
-0.210283383727074
0.122755743563175
0.281259566545486
0.18124720454216
0.348336935043335
0.472832530736923
0.438086450099945
0.402602523565292
0.349946796894073
0.27850940823555
0.139323860406876
0.217737302184105
0.3600754737854
0.0923696979880333
-0.361140370368958
-0.335114359855652
0.025359408929944
0.163069248199463
0.0600384064018726
-0.0568774417042732
-0.262201279401779
-0.565055549144745
-0.752536833286285
-0.823974192142487
-0.81760185956955
-0.605167865753174
-0.193581119179726
-0.0382970124483109
-0.0619082450866699
-0.104904837906361
-0.000532454636413604
0.151531934738159
0.0904244557023048
-0.00623403070494533
-0.0419191904366016
0.00335803255438805
0.0725147947669029
0.133152738213539
0.034414853900671
0.0633251965045929
0.454721629619598
0.812445223331451
0.869662225246429
0.737519800662994
0.665881216526031
0.814860045909882
1.0004631280899
1.04594159126282
1.00857949256897
0.911853909492493
1.07324206829071
1.23214828968048
1.15755832195282
0.909237861633301
0.602023541927338
0.445934504270554
0.409176111221313
0.397974193096161
0.449489593505859
0.384424567222595
0.172929614782333
0.333646982908249
0.424000203609467
0.401193886995316
0.621207654476166
0.936001777648926
1.08229744434357
0.741946935653687
0.525957822799683
0.781120121479034
1.21833038330078
1.44049060344696
1.23523390293121
0.862820327281952
0.771662175655365
0.987651348114014
0.987315952777863
0.636031746864319
0.570497155189514
0.806475341320038
1.08082175254822
0.960149586200714
0.373155564069748
-0.137101978063583
-0.711015939712524
-0.206191658973694
0.59323638677597
0.404681921005249
-0.158969193696976
-0.809552609920502
-1.05391538143158
-1.25648903846741
-1.01226043701172
-0.829206228256226
-0.792447865009308
-0.965775787830353
-1.17076420783997
-1.10938847064972
-0.80136913061142
-0.256633847951889
0.0523245111107826
0.0818385556340218
-0.209210142493248
-0.460616111755371
-0.515351235866547
-0.459677040576935
-0.3536277115345
-0.329278618097305
-0.342627018690109
-0.136028736829758
0.164813250303268
0.169441595673561
0.16467909514904
0.363161027431488
0.447007745504379
0.384625792503357
0.291455328464508
0.177759185433388
0.0770760625600815
0.0935770943760872
0.23980575799942
0.266368389129639
-0.100611887872219
-0.406484693288803
-0.252273827791214
0.0493060275912285
0.182991221547127
0.0996140539646149
-0.0694209113717079
-0.378513425588608
-0.568610668182373
-0.659165143966675
-0.793386936187744
-0.734828412532806
-0.433047324419022
-0.111612573266029
-0.0569445192813873
-0.125631749629974
-0.149913758039474
0.0256277192384005
0.144690051674843
0.0955223366618156
0.00396172888576984
-0.133077338337898
-0.101081430912018
0.0197249110788107
0.124231450259686
0.0912964642047882
0.296150743961334
0.682449281215668
0.824116706848145
0.795742988586426
0.74100786447525
0.794870972633362
1.00086557865143
1.10074377059937
1.03185534477234
0.852222144603729
0.844776511192322
1.10014009475708
1.18713939189911
1.07364451885223
0.802249491214752
0.488394469022751
0.265563458204269
0.227262288331985
0.234506636857986
0.309163749217987
0.189363569021225
0.139189705252647
0.346324622631073
0.223170563578606
0.209218472242355
0.449892073869705
0.758246719837189
0.810567080974579
0.605310320854187
0.682918846607208
1.03876423835754
1.32129418849945
1.31753778457642
0.895688235759735
0.590285003185272
0.914067447185516
1.21598267555237
0.986108541488647
0.719945549964905
0.811573207378387
0.942910730838776
0.952704012393951
0.763076305389404
0.191778361797333
-0.408161610364914
-0.318277955055237
0.409041941165924
0.488931089639664
-0.126772060990334
-0.801436245441437
-1.01044929027557
-1.13803040981293
-1.12327337265015
-0.842353403568268
-0.952293217182159
-1.14896404743195
-1.28137481212616
-1.04600036144257
-0.790234327316284
-0.430498391389847
-0.127174526453018
-0.033802829682827
-0.147096499800682
-0.441431999206543
-0.623144567012787
-0.572769463062286
-0.471214354038239
-0.527894735336304
-0.531047344207764
-0.31438747048378
0.0186516717076302
0.184802308678627
0.15481872856617
0.159447073936462
0.182924151420593
0.135902911424637
0.176618874073029
0.247251346707344
0.114840619266033
-0.0464133732020855
0.0403176620602608
0.275222599506378
0.148781761527061
-0.266024678945541
-0.374757081270218
-0.162054762244225
0.0538002140820026
0.0516537353396416
-0.108929477632046
-0.370128750801086
-0.604832470417023
-0.761189818382263
-0.851610064506531
-0.886758625507355
-0.769775688648224
-0.496234208345413
-0.318479180335999
-0.323442906141281
-0.29620948433876
-0.149913758039474
-0.0441327430307865
-0.0200519692152739
-0.0964530929923058
-0.305935710668564
-0.373080164194107
-0.263475745916367
-0.107386700809002
-0.0101245185360312
0.0825093239545822
0.376643568277359
0.617451310157776
0.807548582553864
0.824988722801208
0.765155673027039
0.78729122877121
0.891395270824432
0.991541802883148
0.926678001880646
0.840483605861664
0.922519207000732
1.13669717311859
1.05264925956726
0.793194055557251
0.479271948337555
0.284948825836182
0.263014525175095
0.235110342502594
0.207944005727768
0.210090473294258
0.118060328066349
0.2404765188694
0.334317773580551
0.206199988722801
0.227798908948898
0.461764752864838
0.806810736656189
0.765155673027039
0.55594140291214
0.61517071723938
0.912591755390167
1.14394164085388
1.11456167697906
0.779309034347534
0.642269968986511
0.794401407241821
0.890858709812164
0.647971510887146
0.522872269153595
0.624561548233032
0.646294593811035
0.678424656391144
0.348806470632553
-0.15393839776516
-0.631797552108765
-0.269915163516998
0.353300660848618
0.189698964357376
-0.38052573800087
-0.99334454536438
-1.07028234004974
-1.25702571868896
-1.15909278392792
-0.941560864448547
-1.06572103500366
-1.24454927444458
-1.3489887714386
-1.17458760738373
-1.10261356830597
-0.648030281066895
-0.224369630217552
-0.0928309112787247
-0.238254651427269
-0.719132304191589
-0.857915341854095
-0.883606016635895
-0.596716105937958
-0.561567544937134
-0.536614775657654
-0.349871397018433
-0.122479110956192
-0.0356139168143272
-0.0824339166283607
0.151934400200844
0.240744829177856
0.294675052165985
0.257447093725204
0.227865979075432
0.0393785797059536
-0.107655011117458
0.00449834810569882
0.203583970665932
-0.0206556655466557
-0.435797482728958
-0.335852205753326
-0.102825440466404
-0.0429253503680229
-0.116777531802654
-0.319082885980606
-0.67975789308548
-0.936798334121704
-1.00112557411194
-1.01460814476013
-0.999046146869659
-0.852549195289612
-0.588398516178131
-0.490868002176285
-0.600338280200958
-0.529772877693176
-0.334778964519501
-0.18445859849453
-0.129790544509888
-0.226314872503281
-0.442840605974197
-0.521052837371826
-0.277025371789932
-0.135760426521301
-0.0308514256030321
0.118060328066349
0.369734615087509
0.662057757377625
0.694389045238495
0.698480784893036
0.732891499996185
0.68868750333786
0.754691600799561
0.821098208427429
0.723701894283295
0.644885957241058
0.844642400741577
1.02783071994781
0.886163234710693
0.638647794723511
0.358465611934662
0.125707149505615
0.0551417618989944
0.0803628489375114
0.185741394758224
0.169642820954323
0.0516537353396416
0.222298562526703
0.230347841978073
0.0240849386900663
0.1503916233778
0.578881859779358
0.796346664428711
0.612823009490967
0.444995433092117
0.506438314914703
0.737586915493011
0.971083223819733
0.931105077266693
0.662728548049927
0.563521146774292
0.789303541183472
0.766296029090881
0.624360322952271
0.635226845741272
0.635159730911255
0.634354829788208
0.670241236686707
0.293601810932159
-0.355908334255219
-0.451963126659393
0.0902903005480766
0.460959821939468
0.0227433927357197
-0.604631245136261
-1.04237806797028
-1.14862871170044
-1.27245354652405
-1.0046135187149
-0.98267924785614
-1.1158949136734
-1.35536110401154
-1.34523248672485
-1.08074641227722
-1.01340067386627
-0.52192485332489
-0.261060953140259
-0.196666672825813
-0.545938551425934
-0.885215878486633
-0.900844871997833
-0.76769632101059
-0.650579214096069
-0.660305440425873
-0.394276589155197
-0.280245065689087
-0.179293632507324
-0.059694692492485
0.0967297255992889
0.17058190703392
0.211297869682312
0.259660661220551
0.218475148081779
0.154147952795029
-0.0929650664329529
-0.0969226285815239
0.107663340866566
0.198620244860649
-0.135760426521301
-0.438883036375046
-0.378580510616302
-0.198477759957314
-0.0558712817728519
-0.200624242424965
-0.473763287067413
-0.750926971435547
-0.927742898464203
-1.02822482585907
-1.01065051555634
-0.934316456317902
-0.71329653263092
-0.4732266664505
-0.451024055480957
-0.452835142612457
-0.390050739049911
-0.272531181573868
-0.111008875072002
-0.099270336329937
-0.28125125169754
-0.439285516738892
-0.42841899394989
-0.247175931930542
-0.053590651601553
0.0900219902396202
0.279113084077835
0.522134363651276
0.701029717922211
0.756368577480316
0.737788140773773
0.73302561044693
0.787894904613495
0.873821020126343
0.872546553611755
0.715719699859619
0.71364027261734
0.932312488555908
1.09940218925476
0.953173577785492
0.66011255979538
0.375033736228943
0.207206144928932
0.196473777294159
0.182924151420593
0.28099125623703
0.194058984518051
0.227530598640442
0.310236990451813
0.153477177023888
0.0250911004841328
0.20780985057354
0.626238465309143
0.730677902698517
0.520994067192078
0.308895438909531
0.429366379976273
0.745166659355164
0.930166006088257
0.784473955631256
0.587870240211487
0.579820930957794
0.819085896015167
0.804798424243927
0.691035211086273
0.675406157970428
0.725512981414795
0.719543099403381
0.539507448673248
0.0539343692362309
-0.486776292324066
-0.377775579690933
0.252751678228378
0.446605265140533
-0.0316563546657562
-0.651451230049133
-1.01729118824005
-1.19994282722473
-1.24280524253845
-0.998174130916595
-1.03862178325653
-1.20597982406616
-1.26977038383484
-1.1659346818924
-1.03117620944977
-0.740328729152679
-0.28011092543602
-0.13770566880703
-0.261128038167953
-0.598996698856354
-0.809686720371246
-0.65795773267746
-0.551170587539673
-0.518235564231873
-0.57934308052063
-0.450688660144806
-0.193111583590508
0.0368967168033123
0.0611116476356983
0.0659412145614624
0.166154801845551
0.0823080912232399
0.110883049666882
0.136640757322311
-0.0668719708919525
-0.327870011329651
-0.318277955055237
-0.0845803990960121
-0.0581519119441509
-0.283464789390564
-0.476915925741196
-0.3985695540905
-0.238053411245346
-0.251871347427368
-0.408832401037216
-0.637432038784027
-0.826456069946289
-0.993545830249786
-1.04070115089417
-1.0444575548172
-0.897356867790222
-0.603356778621674
-0.438279360532761
-0.425266355276108
-0.49817943572998
-0.478257477283478
-0.340883016586304
-0.233223840594292
-0.328138321638107
-0.519174635410309
-0.572769463062286
-0.466854304075241
-0.233760461211205
-0.0766652673482895
0.0187858268618584
0.229274600744247
0.435470432043076
0.572576582431793
0.671247363090515
0.701700508594513
0.67426586151123
0.765759408473969
0.853094100952148
0.738928437232971
0.605444490909576
0.64508718252182
0.858192026615143
0.954984664916992
0.760527372360229
0.427622377872467
0.164612025022507
0.0796920731663704
0.125640079379082
0.230414927005768
0.220353320240974
0.0503121912479401
0.0945832505822182
0.100553140044212
-0.00764265563338995
0.0279754269868135
0.333512842655182
0.613292515277863
0.534946143627167
0.264691442251205
0.182924151420593
0.446806520223618
0.785882592201233
0.86818653345108
0.665009200572968
0.498254835605621
0.599407494068146
0.689291179180145
0.747178971767426
0.652666926383972
0.517573118209839
0.496443748474121
0.447208970785141
0.374966651201248
-0.178757026791573
-0.321631819009781
-0.0662682726979256
0.232024773955345
-0.0959164723753929
-0.654738008975983
-0.989722371101379
-1.22382235527039
-1.17250823974609
-1.11824262142181
-1.02131581306458
-1.31833446025848
-1.38299703598022
-1.22301745414734
-1.03741443157196
-0.728053569793701
-0.577196598052979
-0.264012366533279
-0.235437393188477
-0.540236949920654
-0.689752399921417
-0.715510129928589
-0.523065149784088
-0.498380661010742
-0.464841991662979
-0.473830372095108
-0.399106174707413
-0.254889845848083
-0.0886050388216972
0.12644499540329
0.150525778532028
0.0732526481151581
0.00718144280835986
0.11544431000948
0.0576906986534595
-0.180501028895378
-0.260926783084869
-0.0827693045139313
0.0857961177825928
-0.115033522248268
-0.432980239391327
-0.437004894018173
-0.276555836200714
-0.120265558362007
-0.143675550818443
-0.423656493425369
-0.740060448646545
-0.872068703174591
-0.875623762607574
-0.918285012245178
-0.905741512775421
-0.768098771572113
-0.574379324913025
-0.466384768486023
-0.425400495529175
-0.430699616670609
-0.363823473453522
-0.256767988204956
-0.277025371789932
-0.380928218364716
-0.528967976570129
-0.496234208345413
-0.243553757667542
0.0466900132596493
0.136305376887321
0.207407385110855
0.43815353512764
0.640458881855011
0.813317239284515
0.878181040287018
0.852557480335236
0.762472569942474
0.855039358139038
0.905079066753387
0.724372625350952
0.686138570308685
0.798560202121735
0.951094150543213
0.898035943508148
0.650721728801727
0.341897517442703
0.112962454557419
0.167630508542061
0.325396478176117
0.463575839996338
0.382814705371857
0.195400536060333
0.188290327787399
0.120340958237648
0.107193797826767
0.317481338977814
0.676747739315033
0.786150932312012
0.585522532463074
0.365844130516052
0.357459455728531
0.619195342063904
0.898304283618927
0.824519157409668
0.593705952167511
0.526360273361206
0.640660107135773
0.765424013137817
0.7479168176651
0.651325404644012
0.607255578041077
0.58270525932312
0.500200092792511
0.256172627210617
-0.210820004343987
-0.21712526679039
0.241415604948997
0.322042614221573
-0.0989349558949471
-0.627638757228851
-0.897423923015594
-0.913187086582184
-0.876026272773743
-0.766757249832153
-0.929084479808807
-1.07980728149414
-1.09308862686157
-0.881929039955139
-0.478659927845001
-0.319149941205978
-0.219003438949585
-0.263475745916367
-0.337730377912521
-0.520516216754913
-0.607180178165436
-0.494154810905457
-0.434321790933609
-0.324985682964325
-0.42660790681839
-0.387099325656891
-0.253279983997345
-0.135156735777855
0.0615811869502068
0.12758532166481
0.124365605413914
0.0799603834748268
0.168569594621658
0.137579843401909
-0.0533894188702106
-0.230876132845879
-0.196331292390823
0.0658070594072342
0.182454600930214
-0.0986666455864906
-0.364628404378891
-0.314655780792236
-0.174665302038193
-0.0841779336333275
-0.1457549482584
-0.418893992900848
-0.751128196716309
-0.85187840461731
-0.843896210193634
-0.814248025417328
-0.698472440242767
-0.570622980594635
-0.417954921722412
-0.262939125299454
-0.202167019248009
-0.200624242424965
-0.147767275571823
-0.0988008007407188
-0.183251202106476
-0.364762544631958
-0.43157160282135
-0.215984955430031
0.117188327014446
0.313590854406357
0.383083015680313
0.448416352272034
0.528707981109619
0.71934187412262
0.906487703323364
0.923525333404541
0.793864786624908
0.74805098772049
0.841892182826996
0.790578007698059
0.677686810493469
0.679028332233429
0.79272449016571
0.927684128284454
0.766564309597015
0.501273334026337
0.24014113843441
0.159178763628006
0.331165134906769
0.541251420974731
0.584315121173859
0.377918064594269
0.21995085477829
0.174338236451149
0.202175348997116
0.308828353881836
0.500669658184052
0.670777857303619
0.625299394130707
0.398376643657684
0.26670378446579
0.38878458738327
0.687010586261749
0.790578007698059
0.679833292961121
0.599072158336639
0.566874980926514
0.52843964099884
0.588943421840668
0.632677912712097
0.502681970596313
0.467667579650879
0.513280153274536
0.502011179924011
0.0472266301512718
-0.183452442288399
-0.057346984744072
0.207273229956627
0.125975459814072
-0.279574304819107
-0.744286298751831
-0.866501271724701
-0.873745620250702
-0.944445192813873
-0.824175477027893
-1.07330083847046
-1.14976894855499
-0.893868803977966
-0.541578471660614
-0.355505883693695
-0.31800964474678
-0.333638668060303
-0.32310751080513
-0.412387490272522
-0.563714027404785
-0.483757823705673
-0.417820751667023
-0.31868040561676
-0.236846014857292
-0.373952150344849
-0.216722816228867
-0.149645447731018
-0.0759944915771484
0.128189012408257
0.0436715297400951
-0.0120697617530823
-0.0258876997977495
0.0648009032011032
0.00711436523124576
-0.160042434930801
-0.31619855761528
-0.278769373893738
-0.112417504191399
-0.16789048910141
-0.382672220468521
-0.49650251865387
-0.436334103345871
-0.333370357751846
-0.2428829818964
-0.416210889816284
-0.690959811210632
-0.866098821163177
-0.817065238952637
-0.774135708808899
-0.744889974594116
-0.649036467075348
-0.520918667316437
-0.264012366533279
-0.132876098155975
-0.154139623045921
-0.178019165992737
-0.168091714382172
-0.15427377820015
-0.163731694221497
-0.371939837932587
-0.295203328132629
0.0209323037415743
0.102431304752827
0.329152792692184
0.406560093164444
0.441976934671402
0.623622477054596
0.753618359565735
0.858661532402039
0.810634136199951
0.695328176021576
0.809762120246887
0.811237871646881
0.637708723545074
0.577406167984009
0.644751846790314
0.825122833251953
0.879858016967773
0.708609461784363
0.373692184686661
0.124432682991028
0.161191076040268
0.457740128040314
0.630196034908295
0.485174775123596
0.232024773955345
0.153879642486572
0.1297317892313
0.111889213323593
0.229341685771942
0.427152842283249
0.574454724788666
0.511066615581512
0.339751034975052
0.218475148081779
0.345184296369553
0.63455605506897
0.605310320854187
0.57338148355484
0.761332273483276
0.659039318561554
0.603968799114227
0.596791505813599
0.571972846984863
0.388382107019424
0.493693590164185
0.639586865901947
0.38583317399025
0.00932791829109192
-0.17775085568428
-0.0389007106423378
0.0484340228140354
-0.114698134362698
-0.529437482357025
-0.797746956348419
-0.937200784683228
-1.14641511440277
-1.07055056095123
-1.06209886074066
-1.3914487361908
-1.1547327041626
-0.752402663230896
-0.525412857532501
-0.513875544071198
-0.574513494968414
-0.516424477100372
-0.475708514451981
-0.504149317741394
-0.53574275970459
-0.474836528301239
-0.464640766382217
-0.349737226963043
-0.2862149477005
-0.305466175079346
-0.279305994510651
-0.218399748206139
-0.0914222896099091
-0.102624207735062
-0.050505094230175
-0.0364188477396965
-0.0882696509361267
-0.0708966106176376
-0.172250509262085
-0.392063051462173
-0.414064437150955
-0.204984277486801
-0.0973921716213226
-0.202435329556465
-0.48717874288559
-0.644944727420807
-0.56069552898407
-0.409369021654129
-0.440559983253479
-0.632065892219543
-0.87683117389679
