% Type: Timesignal
% Date: 11-DEC-24 11:57:53
% NoOfItems: = 4096
% Unit_Y: = mm/s
% Unit_X: = Sec
% Min_X: = 0
% Max_X: = 1.60000002384186
% MinDisplay_X: = 0
% MaxDisplay_X: = 1.60000002384186
-0.827239632606506
-0.934344589710236
-0.991381943225861
-1.13390409946442
-1.17444181442261
-0.791680216789246
-0.449883043766022
-0.533945500850677
-0.721414804458618
-0.471076458692551
0.0416904203593731
0.0520737692713737
-0.540488421916962
-1.05425095558167
-0.842743515968323
-0.34348925948143
-0.00937291141599417
-0.104245454072952
-0.230979233980179
0.238405138254166
1.21486687660217
2.17667818069458
2.54521608352661
2.28648567199707
2.0907666683197
2.11964082717896
2.14936852455139
1.97398948669434
1.62138223648071
1.41513752937317
1.45539081096649
1.46150708198547
1.47245931625366
1.64157998561859
1.99176919460297
2.25661563873291
3.06082773208618
4.69442749023438
4.71490955352783
2.80593776702881
0.615192770957947
0.807924866676331
2.29857587814331
3.07590484619141
2.4388222694397
2.23001718521118
3.00208353996277
3.17575573921204
2.93935656547546
2.82556653022766
2.48149347305298
1.33861362934113
0.988139986991882
1.23918950557709
1.23463797569275
1.43419742584229
2.70196199417114
3.83929443359375
3.33036804199219
2.56811618804932
2.60580921173096
2.66227769851685
1.74242651462555
1.0896977186203
1.293097615242
1.11003768444061
0.518044471740723
0.556733071804047
1.19523811340332
1.39252173900604
1.29736471176147
0.993260562419891
0.475657612085342
0.0825126394629478
0.0711336210370064
-0.213626235723495
-1.26334035396576
-1.90710818767548
-1.64226162433624
-0.902625620365143
-0.512040913105011
-0.182618424296379
0.0241951830685139
-0.0557423979043961
-0.0531821213662624
0.0928959846496582
0.479213565587997
0.426870077848434
0.0452463626861572
-0.0890260189771652
0.189902096986771
0.314360082149506
0.0790989324450493
-0.234108462929726
-0.393983632326126
-0.152037307620049
0.0456730760633945
0.0549185238778591
-0.169248074293137
-0.162847384810448
-0.129279285669327
-0.399104177951813
-0.667506694793701
-1.28055119514465
-1.48665356636047
-1.70555734634399
-1.61424076557159
-1.475701212883
-1.39405679702759
-1.27230131626129
-1.15068817138672
-0.576474606990814
-0.162989616394043
0.0361431501805782
-0.365820556879044
-0.906039297580719
-1.08340966701508
-0.794667184352875
-0.377626299858093
-0.34348925948143
-0.422004461288452
-0.19499309360981
0.652885794639587
1.6243691444397
2.17155766487122
2.23613357543945
2.00314807891846
2.09546041488647
2.09659838676453
2.04738402366638
1.81752800941467
1.46563196182251
1.27517569065094
0.937218904495239
0.902512907981873
0.889995992183685
1.27844715118408
1.7144056558609
2.33939814567566
3.93530488014221
4.80992460250854
3.56904292106628
0.99695873260498
0.0697112455964088
1.20106983184814
2.41421508789063
2.36116051673889
1.85493648052216
2.60723161697388
3.28371405601501
2.96538615226746
2.44067120552063
2.261878490448
1.43433964252472
0.629985511302948
0.776774823665619
0.803657710552216
1.23165094852448
2.24068522453308
3.70744013786316
3.89818096160889
3.18713474273682
2.60780048370361
2.52388024330139
1.95108914375305
1.05072462558746
1.01203596591949
0.947744488716125
0.465274274349213
0.36656129360199
1.21216440200806
1.80515325069427
1.71625471115112
1.29850268363953
0.907348990440369
0.539522349834442
0.353333204984665
0.187484055757523
-0.564526617527008
-1.56275069713593
-1.80654609203339
-1.28481829166412
-0.69481635093689
-0.328412055969238
0.0387034267187119
0.28022301197052
0.208961948752403
0.342096418142319
0.746904909610748
0.911900579929352
0.389461576938629
0.176531746983528
0.474661946296692
0.656868457794189
0.440382659435272
0.119778908789158
0.125468418002129
0.25774946808815
0.438249111175537
0.513492822647095
0.405961155891418
0.170984476804733
0.0584744662046432
-0.0144934682175517
-0.2033851146698
-0.493123292922974
-0.760672390460968
-0.924103498458862
-1.05695354938507
-0.936904907226563
-0.806899666786194
-0.794951677322388
-0.919836342334747
-0.830226600170135
-0.346760720014572
0.0138118322938681
-0.113490901887417
-0.694958567619324
-0.858389675617218
-0.584155440330505
-0.197126656770706
-0.0240233931690454
-0.0250190570950508
0.205832719802856
0.812049746513367
1.6720187664032
2.30511879920959
2.51179003715515
2.38975024223328
2.34807467460632
2.27738237380981
2.1396963596344
1.82904922962189
1.49023902416229
1.27944278717041
1.18855285644531
1.16138553619385
1.25696921348572
1.62522268295288
2.10996866226196
2.49870419502258
3.50830745697021
4.99881601333618
4.63909721374512
2.42274928092957
0.367699205875397
0.522880554199219
2.05975866317749
2.89113807678223
2.35205721855164
2.01538062095642
3.00364804267883
3.08017206192017
2.5733790397644
2.25746917724609
2.00556612014771
1.10150349140167
0.708073973655701
0.760132968425751
0.787869334220886
1.63887739181519
3.0586941242218
4.18422079086304
3.62451553344727
2.80977821350098
2.68887615203857
2.65374326705933
1.77058959007263
0.918727993965149
0.957416653633118
0.858988165855408
0.524587392807007
0.648191928863525
1.40062928199768
1.63546371459961
1.34729015827179
0.973631739616394
0.662984669208527
0.33768704533577
0.129451081156731
-0.34277805685997
-1.30131781101227
-2.04948806762695
-1.78407251834869
-0.926663756370544
-0.454007923603058
-0.30821430683136
-0.22187602519989
-0.0369670242071152
-0.00140760082285851
0.218776345252991
0.376944661140442
0.129877790808678
-0.231832653284073
-0.0994093716144562
0.268132835626602
0.220340952277184
0.0435395091772079
0.00371295609511435
0.0432550348341465
0.0146652581170201
-0.0362558364868164
0.0220616180449724
-0.0584449134767056
-0.0783581882715225
-0.189445823431015
-0.432956755161285
-0.768211007118225
-1.08426308631897
-1.26860320568085
-1.48352432250977
-1.59788346290588
-1.58237957954407
-1.32692062854767
-1.17814004421234
-1.00361442565918
-0.714445114135742
-0.34818309545517
-0.153175219893456
-0.441491007804871
-0.91514253616333
-1.26974105834961
-1.09706449508667
-0.731371402740479
-0.331256806850433
-0.114202089607716
0.312084257602692
1.05499172210693
1.81013166904449
2.25604677200317
2.25718474388123
2.08905982971191
1.90258610248566
1.73090517520905
1.49777770042419
1.21913397312164
0.888289153575897
0.633114755153656
0.594141602516174
0.712198913097382
1.18385910987854
1.80956268310547
2.30711007118225
2.88331508636475
4.09034395217896
4.60837364196777
3.23933601379395
1.19296228885651
-0.0230277292430401
0.650752186775208
2.06487941741943
2.49230360984802
1.92207264900208
2.3748152256012
2.9333827495575
2.48561835289001
1.92193043231964
1.4713214635849
0.673794686794281
0.00157939060591161
0.340674042701721
0.839501619338989
1.60986089706421
2.64392900466919
3.753098487854
3.62565350532532
2.55503034591675
1.96445953845978
1.84000158309937
1.16735947132111
0.0692845284938812
0.117929823696613
0.589447736740112
0.574228346347809
0.505811989307404
1.09097790718079
1.50076460838318
1.29409325122833
0.853583157062531
0.391595125198364
0.095598503947258
-0.196699947118759
-0.388151884078979
-1.07003939151764
-1.97381770610809
-2.17792868614197
-1.73130238056183
-1.23318600654602
-0.97929173707962
-0.670920431613922
-0.310205638408661
-0.0207519270479679
0.152351349592209
0.28093421459198
0.271119803190231
-0.0551734492182732
-0.159718155860901
-0.00154983857646585
0.122765906155109
-0.0517597422003746
-0.264689564704895
-0.419728636741638
-0.422004461288452
-0.22927238047123
-0.184040799736977
-0.315468430519104
-0.726393103599548
-1.01442444324493
-1.03405320644379
-0.99508011341095
-0.824963808059692
-1.04486334323883
-1.39206552505493
-1.69360935688019
-1.6226327419281
-1.46375334262848
-1.62490856647491
-1.63984358310699
-1.35479927062988
-0.853838086128235
-0.899780869483948
-1.29605507850647
-1.64098143577576
-1.35607933998108
-0.989959537982941
-1.03220415115356
-1.18027353286743
-1.21753990650177
-0.653567433357239
0.38476774096489
1.50645411014557
2.09446477890015
1.94781768321991
1.56505608558655
1.2295173406601
1.02327275276184
0.782748758792877
0.619459927082062
0.421038329601288
0.166432872414589
0.0958829820156097
0.412504076957703
0.980885863304138
1.37474203109741
1.57999098300934
1.72507345676422
2.61448574066162
3.6321964263916
3.12554574012756
1.43618869781494
-0.105383351445198
0.0103981271386147
1.40546536445618
2.15676498413086
1.5834047794342
1.24174976348877
1.88238835334778
1.63446807861328
1.2454479932785
1.07149124145508
0.612348020076752
-0.258857816457748
-0.360842257738113
0.190755516290665
0.565409600734711
1.50659644603729
2.68361330032349
3.40120244026184
2.50069570541382
1.66248893737793
1.5767195224762
1.13535606861115
-0.090163916349411
-0.675472021102905
-0.100547268986702
-0.0321309417486191
-0.26653864979744
0.0121049797162414
0.781184196472168
0.906068861484528
0.43071049451828
0.0128161683678627
-0.4170261323452
-0.833640336990356
-1.07644009590149
-1.42620253562927
-2.28048205375671
-2.91130638122559
-2.58714652061462
-1.86159217357635
-1.50016617774963
-1.38367342948914
-1.10474538803101
-0.770060062408447
-0.624124228954315
-0.599517107009888
-0.69339394569397
-0.912297785282135
-1.10005152225494
-0.943447828292847
-0.768495440483093
-0.75327605009079
-0.810740053653717
-0.923676788806915
-1.04315638542175
-1.01243305206299
-0.997213661670685
-1.08909916877747
-1.30359363555908
-1.46716701984406
-1.58181059360504
-1.7082599401474
-1.82617497444153
-2.04578995704651
-2.23397040367126
-2.4286937713623
-2.45500779151917
-2.40821146965027
-2.38886713981628
-2.27934432029724
-2.05930256843567
-1.8485062122345
-1.74239695072174
-1.68920004367828
-1.78293466567993
-2.15744662284851
-2.58074593544006
-2.60279273986816
-2.07608652114868
-1.52918267250061
-1.08511650562286
-0.43949967622757
0.396857917308807
1.19054424762726
1.39351737499237
1.22268998622894
0.73808616399765
0.305399090051651
-0.113917611539364
-0.4572793841362
-0.712311565876007
-1.0014808177948
-0.948141694068909
-0.583728730678558
0.245801508426666
0.784597873687744
0.881746232509613
0.75088757276535
1.29864490032196
2.52956986427307
2.52544498443604
0.978041112422943
-0.562677502632141
-0.708613395690918
0.388892620801926
1.15569603443146
0.839928328990936
0.14154127240181
0.548483312129974
0.44280070066452
-0.108512580394745
-0.340786725282669
-0.551014065742493
-1.14272284507751
-1.3667471408844
-0.516165792942047
0.0409792326390743
0.729125201702118
1.59151232242584
2.21266436576843
1.61455476284027
0.626287341117859
0.376517951488495
-0.0223165415227413
-1.09507322311401
-1.83584713935852
-1.28609836101532
-0.81600284576416
-1.06605672836304
-0.92581033706665
-0.259284526109695
0.0458153113722801
-0.343204766511917
-0.753418266773224
-1.10531437397003
-1.50173079967499
-1.78435707092285
-2.19727301597595
-2.92339658737183
-3.86259198188782
-4.0041184425354
-3.3934919834137
-2.78315019607544
-2.41646122932434
-2.03497982025146
-1.52263975143433
-1.30871427059174
-1.20530736446381
-1.28581392765045
-1.46247315406799
-1.7699910402298
-1.74325037002563
-1.49447667598724
-1.42506468296051
-1.48181748390198
-1.50429105758667
-1.55151391029358
-1.73684966564178
-1.75391817092896
-1.79047322273254
-1.93584012985229
-2.08760786056519
-2.17238140106201
-2.09614205360413
-2.05773782730103
-2.11178827285767
-2.34249782562256
-2.72511720657349
-3.05169486999512
-3.11954236030579
-3.01656222343445
-2.99238181114197
-2.90945720672607
-2.67760968208313
-2.39797043800354
-2.31020975112915
-2.3673894405365
-2.34648036956787
-2.38346219062805
-2.63806772232056
-2.72625494003296
-2.23269033432007
-1.45137858390808
-0.749862313270569
-0.150045990943909
0.395862281322479
0.610214471817017
0.432559579610825
0.145666167140007
-0.211208194494247
-0.596245646476746
-0.898358464241028
-1.03533339500427
-1.09066379070282
-0.844450414180756
-0.276353061199188
0.473666280508041
0.928969144821167
0.792278707027435
0.534259557723999
0.32659250497818
1.37531101703644
2.61078763008118
2.28349876403809
0.663695812225342
-0.934202373027802
-0.804197132587433
0.381211787462234
0.994967401027679
0.353475421667099
0.311088591814041
0.571383595466614
0.0813747346401215
-0.071530781686306
0.0829393491148949
-0.391992300748825
-1.21782433986664
-0.82382595539093
-0.0277215726673603
0.403258621692657
0.913465201854706
2.08038330078125
2.61263656616211
1.5930769443512
0.751598715782166
0.540091276168823
0.00442414451390505
-1.15054595470428
-1.18980348110199
-0.501657545566559
-0.634365320205688
-1.07985377311707
-0.584155440330505
0.088202141225338
-0.0752289593219757
-0.470507502555847
-0.73976343870163
-1.19094145298004
-1.78961980342865
-2.00041604042053
-2.25985765457153
-3.15453267097473
-3.80470108985901
-3.46560645103455
-2.73919868469238
-2.43395662307739
-2.24079775810242
-1.87681150436401
-1.49917042255402
-1.3795485496521
-1.46318435668945
-1.5300360918045
-1.67839002609253
-1.69744980335236
-1.47072291374207
-1.34726059436798
-1.42762494087219
-1.46033954620361
-1.50685131549835
-1.58522427082062
-1.70001006126404
-1.68208813667297
-1.6702823638916
-1.90141868591309
-2.29783511161804
-2.53508758544922
-2.37322115898132
-2.41290545463562
-2.67931652069092
-2.9316463470459
-2.95184397697449
-2.83748483657837
-2.74559926986694
-2.71444940567017
-2.63223600387573
-2.60023236274719
-2.56253933906555
-2.56709098815918
-2.61829662322998
-2.53565645217896
-2.39555239677429
-2.04166507720947
-1.83072650432587
-1.72916877269745
-1.81849408149719
-1.44369781017303
-0.69339394569397
0.103279337286949
0.639230966567993
0.71461695432663
0.559862315654755
0.168139725923538
-0.258288860321045
-0.753418266773224
-0.939180672168732
-0.903194546699524
-0.540488421916962
0.114089407026768
0.496708780527115
0.63183456659317
0.505243062973022
0.502256035804749
0.4649897813797
0.891418397426605
2.68375539779663
3.34388065338135
2.42431402206421
0.325170129537582
-0.778309881687164
-0.276353061199188
0.732254385948181
0.747473835945129
-0.00908843614161015
0.36257866024971
0.336406916379929
0.231293261051178
0.217211723327637
0.341100752353668
-0.0634232312440872
-0.273508310317993
0.287903875112534
0.431279450654984
0.667109549045563
1.34330749511719
2.49955773353577
2.20825481414795
1.05157804489136
0.436968952417374
0.225603759288788
-0.351739019155502
-1.07743573188782
-0.60776686668396
-0.0186183620244265
-0.201820507645607
-0.30252480506897
0.0947450771927834
0.401409536600113
0.0975898280739784
-0.136533409357071
-0.661959409713745
-1.23702645301819
-1.3747124671936
-1.54497098922729
-2.31006765365601
-3.3026020526886
-3.403733253479
-2.80661940574646
-2.16114473342896
-1.81479597091675
-1.41610372066498
-0.998778283596039
-0.791395723819733
-0.778309881687164
-0.923107862472534
-1.09222841262817
-1.27358150482178
-1.21540629863739
-1.16420066356659
-1.17956233024597
-1.14144265651703
-1.24342715740204
-1.37215220928192
-1.59375858306885
-1.43758153915405
-1.26234471797943
-1.39277672767639
-1.67895889282227
-1.63870561122894
-1.36361801624298
-1.47527456283569
-1.84338569641113
-2.3090717792511
-2.42840933799744
-2.57050466537476
-2.60677528381348
-2.55983686447144
-2.41646122932434
-2.34022188186646
-2.39412999153137
-2.3567214012146
-2.32827401161194
-2.21391487121582
-2.15858435630798
-1.93271100521088
-1.79175341129303
-1.66004133224487
-1.46033954620361
-1.26760756969452
-0.772193670272827
-0.0167692713439465
0.642929136753082
0.769947409629822
0.500975906848907
0.0445351749658585
-0.442771166563034
-0.702497184276581
-0.605633318424225
-0.214764133095741
0.0395568534731865
0.130731210112572
0.221763342618942
0.476653277873993
0.677635133266449
0.717177212238312
0.782606542110443
0.675501585006714
1.71454787254333
2.94234371185303
2.89256048202515
1.358811378479
-0.316321849822998
-0.346334010362625
0.424309819936752
0.655588269233704
-0.0371092595160007
-0.0156313702464104
0.379078209400177
0.549194514751434
0.727987289428711
0.716181576251984
0.3554667532444
0.0311648305505514
0.410228282213211
0.593857109546661
0.261163175106049
0.640795588493347
1.91396510601044
2.35177278518677
1.18371689319611
0.447636783123016
0.417909115552902
0.103990525007248
-0.69481635093689
-0.673622906208038
-0.0928664356470108
-0.294417232275009
-0.567513585090637
-0.44590038061142
-0.0504796057939529
-0.0911595821380615
-0.26284047961235
-0.556845784187317
-1.28652513027191
-1.75178456306458
-1.75960767269135
-2.08348298072815
-3.32749366760254
-3.98278284072876
-3.40970706939697
-2.48772239685059
-2.02317404747009
-1.78293466567993
-1.41880619525909
-1.20146703720093
-1.22194921970367
-1.39064311981201
-1.50713574886322
-1.65506303310394
-1.54468655586243
-1.28453385829926
-1.27386593818665
-1.21398389339447
-1.15211045742035
-1.2829692363739
-1.66914451122284
-1.90070748329163
-1.71238481998444
-1.64980018138885
-1.91635358333588
-2.07907342910767
-1.90340995788574
-1.76671957969666
-1.87510466575623
-2.1591534614563
-2.38815593719482
-2.61303377151489
-2.62569308280945
-2.51005363464355
-2.37023401260376
-2.39171195030212
-2.5080623626709
-2.36980748176575
-2.09358167648315
-1.95859825611115
-1.93712031841278
-1.91393554210663
-1.69744980335236
-1.36319124698639
-0.977442622184753
-0.584582149982452
-0.267676562070847
-0.00482130562886596
0.334273338317871
0.54051798582077
0.522596061229706
0.365992367267609
0.0650174021720886
-0.020040737465024
0.0539228618144989
0.14893764257431
0.140118896961212
0.171980142593384
0.38035836815834
0.50126039981842
0.670807719230652
0.632830262184143
0.812903165817261
0.965524196624756
1.74768924713135
3.5404531955719
3.80544185638428
2.28534770011902
0.110391221940517
-0.610469400882721
-0.268529981374741
0.504816353321075
0.595706224441528
0.469825863838196
0.73879736661911
0.485329777002335
0.652743518352509
1.16935086250305
1.45567524433136
0.833669900894165
0.603955984115601
0.937930107116699
0.807782590389252
0.717034995555878
1.5242338180542
2.67863488197327
2.34338068962097
1.21444022655487
0.947175562381744
0.8686603307724
0.334700047969818
0.048375591635704
0.641506731510162
0.770516335964203
0.225034803152084
0.153347000479698
0.521315932273865
0.720733165740967
0.428719162940979
0.291744291782379
-0.362122386693954
-1.08227181434631
-1.19037246704102
-1.05083727836609
-1.77255129814148
-3.00888133049011
-3.09891772270203
-2.19030332565308
-1.36873853206635
-1.19549298286438
-0.958240568637848
-0.462968915700912
-0.329834431409836
-0.562250792980194
-0.757258713245392
-0.768779933452606
-0.856256127357483
-0.824679374694824
-0.62625777721405
-0.547884821891785
-0.490563005208969
-0.655131995677948
-0.846441745758057
-1.07444870471954
-1.00845038890839
-0.930077493190765
-1.26433610916138
-1.44810712337494
-1.28496050834656
-1.01783812046051
-1.20530736446381
-1.61267614364624
-1.86031198501587
-1.9310040473938
-2.01648902893066
-1.98917937278748
-1.83271789550781
-1.80071437358856
-1.90540134906769
-1.99671792984009
-1.77809858322144
-1.52889811992645
-1.47342550754547
-1.48153305053711
-1.40572035312653
-1.11541318893433
-0.810171127319336
-0.443624585866928
-0.0319887027144432
0.38035836815834
0.676923930644989
0.855716705322266
0.867949187755585
0.852729737758636
0.886866748332977
0.809631705284119
0.801950871944427
0.689156413078308
0.649045348167419
0.502398312091827
0.578211009502411
0.807213664054871
1.04873323440552
1.18343234062195
1.15484261512756
1.24473679065704
1.32382094860077
2.85273385047913
4.14240312576294
3.78055024147034
1.8922027349472
0.243241220712662
0.00712666055187583
0.423171907663345
0.797968208789825
0.35048845410347
0.655303835868835
0.888004660606384
0.987286567687988
1.15555381774902
1.34131622314453
1.26265871524811
0.612348020076752
0.743206679821014
0.735668122768402
0.914460897445679
1.34899699687958
2.41151261329651
2.73766350746155
2.0571985244751
1.54357814788818
1.11316692829132
0.782464325428009
0.222616761922836
0.476937741041183
0.759421825408936
0.596275150775909
0.454037487506866
0.536677598953247
0.811196327209473
0.803373277187347
0.752736628055573
0.223043471574783
-0.484873503446579
-0.830653309822083
-0.910021960735321
-1.32051992416382
-2.32400679588318
-2.81045985221863
-2.4326765537262
-1.59190940856934
-1.09350860118866
-0.737772107124329
-0.457137167453766
-0.401806712150574
-0.303093731403351
-0.388009637594223
-0.571069538593292
-0.839329838752747
-0.592547416687012
-0.29541289806366
-0.290861308574677
-0.333248138427734
-0.308356523513794
-0.368807554244995
-0.83520495891571
-0.941172003746033
-0.849144220352173
-0.907746136188507
-1.39277672767639
-1.51638126373291
-1.17245054244995
-0.880578756332397
-0.949279546737671
-1.33289456367493
-1.49874377250671
-1.78435707092285
-1.6698557138443
-1.35394585132599
-1.27471935749054
-1.62106823921204
-1.91678035259247
-1.6310248374939
-1.35764396190643
-1.21327269077301
-1.26902985572815
-1.10218513011932
-0.850424349308014
-0.608051359653473
-0.277917683124542
0.0426860824227333
0.447921276092529
0.685458183288574
1.03123807907104
1.28939938545227
1.37189733982086
1.25042629241943
0.969364643096924
0.784028947353363
0.562280356884003
0.529565691947937
0.461291611194611
0.556875348091125
0.791283071041107
1.06651294231415
1.43206381797791
1.5101523399353
1.66490697860718
1.46193373203278
1.82535099983215
3.09766721725464
3.77016711235046
3.09809398651123
1.2330733537674
0.131015688180923
-0.0354024097323418
0.659428715705872
0.744344592094421
0.721444368362427
0.927973449230194
0.86439323425293
1.08116340637207
1.46108031272888
1.7841020822525
1.24032747745514
1.12042105197906
1.33249747753143
1.26208984851837
1.20235002040863
1.81027388572693
2.69399666786194
2.56441807746887
1.91211605072021
1.37744462490082
1.05285811424255
0.771369755268097
0.694703638553619
1.12170124053955
1.05399608612061
0.66611385345459
0.604667186737061
0.855716705322266
0.985721945762634
0.860979497432709
0.631123423576355
-0.00795053504407406
-0.606771230697632
-0.90305233001709
-0.950701951980591
-1.58892250061035
-2.49298524856567
-2.60449957847595
-1.8432434797287
-1.0310662984848
-0.656981110572815
-0.407353967428207
-0.16711451113224
-0.00339892855845392
-0.189872533082962
-0.55001837015152
-0.729095637798309
-0.597383499145508
-0.357997477054596
-0.225858673453331
-0.186743304133415
-0.193855196237564
-0.224294066429138
-0.492981046438217
-0.837338507175446
-0.888686299324036
-1.06890141963959
-1.46588683128357
-1.82702839374542
-1.65833449363708
-1.3218001127243
-1.07786238193512
-1.33090329170227
-1.73187136650085
-1.87510466575623
-1.86415243148804
-1.77639174461365
-1.99842476844788
-2.10112047195435
-2.30452036857605
-2.21633291244507
-2.06100940704346
-1.74197018146515
-1.51823031902313
-1.5661643743515
-1.48992502689362
-1.37926411628723
-1.00759696960449
-0.756974220275879
-0.482882171869278
-0.173799678683281
0.249641925096512
0.788153827190399
1.06622850894928
1.00577747821808
0.491019278764725
0.161739036440849
0.0549185238778591
0.100150108337402
0.172122374176979
0.0913313701748848
0.244521364569664
0.479640275239944
0.755581378936768
0.742779970169067
0.793132126331329
0.801097452640533
0.804653406143188
2.03771185874939
3.05229330062866
2.86496639251709
1.05214691162109
-0.427693963050842
-0.957387089729309
-0.423000127077103
-0.0331266075372696
-0.18389855325222
0.0923270359635353
0.183785870671272
0.210384324193001
0.497988939285278
1.06096565723419
0.754870176315308
0.141114562749863
0.242672279477119
0.466127693653107
0.372108578681946
0.665687143802643
1.73673701286316
1.96445953845978
1.26280093193054
0.771796464920044
0.59968888759613
0.0598968453705311
-0.297546476125717
0.290606379508972
0.669812083244324
0.0734094232320786
-0.426840543746948
-0.0519019812345505
0.353759914636612
0.114658355712891
-0.148623615503311
-0.45827504992485
-1.17685985565186
-1.69659638404846
-1.5529363155365
-1.77468490600586
-2.89793586730957
-3.56517291069031
-2.99408864974976
-2.13966679573059
-1.72518610954285
-1.33716177940369
-0.999916195869446
-0.915426969528198
-1.01243305206299
-1.04002726078033
-1.22834992408752
-1.50670909881592
-1.36048877239227
-0.929650783538818
-0.812731385231018
-1.10275399684906
-1.15708887577057
-1.27827537059784
-1.69033789634705
-1.92062079906464
-1.96428775787354
-2.09329724311829
-2.6104736328125
-2.60293483734131
-2.10240054130554
-1.61580538749695
-1.80611944198608
-2.39114308357239
-2.64873552322388
-2.66594624519348
-2.50407981872559
-2.53053593635559
-2.74830198287964
-3.11499071121216
-3.05354404449463
-2.54760456085205
-2.1216025352478
-2.12914109230042
-2.4127631187439
-2.39967727661133
-2.04237627983093
-1.66373944282532
-1.3835312128067
-1.08511650562286
-0.772904813289642
-0.478472828865051
-0.0193295497447252
0.336691379547119
0.274391293525696
-0.120745025575161
-0.549591660499573
-0.700932562351227
-0.714587390422821
-0.703350603580475
-0.632373988628387
-0.326420724391937
0.123761564493179
0.589874505996704
0.728556215763092
0.56341826915741
0.394724369049072
0.181936785578728
0.396715700626373
1.52522957324982
2.33712220191956
1.84967374801636
0.102994866669178
-1.05055284500122
-0.90803062915802
-0.287874311208725
-0.556703567504883
-0.649442493915558
-0.2134840041399
-0.0834787487983704
-0.214764133095741
0.135282814502716
0.597413063049316
0.103279337286949
-0.249185651540756
0.0304536409676075
0.206828370690346
0.0206392407417297
0.394155412912369
1.28442108631134
1.21259105205536
0.417624622583389
-0.0587293915450573
-0.0365403108298779
-0.344058185815811
-0.423142343759537
0.0220616180449724
0.136562958359718
-0.44689604640007
-0.79751193523407
-0.533234298229218
-0.405362635850906
-0.619572579860687
-0.925241410732269
-1.37172555923462
-1.912513256073
-2.19414377212524
-2.19684624671936
-2.76195669174194
-3.62178349494934
-3.75548696517944
-2.97061944007874
-2.20651841163635
-1.86827731132507
-1.66174817085266
-1.42947399616241
-1.29591286182404
-1.45635688304901
-1.76159906387329
-1.89999628067017
-1.61239171028137
-1.24669861793518
-1.0967800617218
-1.23418164253235
-1.21725535392761
-1.29107677936554
-1.69304049015045
-2.00454092025757
-2.06641435623169
-2.14834332466125
-2.56680655479431
-2.70605731010437
-2.38374662399292
-1.95674908161163
-1.87439346313477
-2.25544834136963
-2.56097483634949
-2.63081359863281
-2.52783346176147
-2.36781597137451
-2.44092631340027
-2.57434511184692
-2.77660727500916
-2.59923672676086
-2.28290009498596
-1.88036751747131
-1.96528339385986
-2.20026016235352
-2.25758194923401
-1.90511679649353
-1.34142887592316
-0.991666376590729
-0.70619535446167
-0.468089461326599
0.0435395091772079
0.445787698030472
0.633399188518524
0.441378325223923
0.16472601890564
-0.00866172276437283
0.0412637069821358
0.133860439062119
0.0968786403536797
-0.0153468940407038
0.0224883314222097
0.238831862807274
0.400840580463409
0.65402364730835
0.759990751743317
1.05641412734985
1.05442273616791
2.23784041404724
3.48554944992065
3.50304460525513
1.57728850841522
-0.297830939292908
-0.915569245815277
-0.426129341125488
0.171980142593384
0.219345301389694
0.598124265670776
0.828549325466156
1.07789194583893
1.12582612037659
1.44102478027344
1.24701261520386
0.620028853416443
0.661704540252686
0.933805227279663
1.22055637836456
1.50958335399628
2.31920027732849
2.46584749221802
1.74157309532166
1.07632732391357
0.765538036823273
0.545211851596832
0.374384373426437
0.86297082901001
1.2282372713089
0.828407108783722
0.364854454994202
0.595706224441528
1.00151038169861
0.992976069450378
0.793416619300842
0.0021483413875103
-0.864505887031555
-1.21426832675934
-0.994084417819977
-1.17358839511871
-2.10140490531921
-2.56253933906555
-2.17949342727661
-1.38651823997498
-0.924814701080322
-0.564953327178955
-0.370941132307053
-0.245629712939262
-0.266965359449387
-0.380471050739288
-0.405362635850906
-0.398108512163162
-0.189445823431015
0.00897575076669455
-0.0144934682175517
-0.149761512875557
-0.137813553214073
-0.441775500774384
-0.719992399215698
-0.708755612373352
-0.848433017730713
-1.24968552589417
-1.57626330852509
-1.29036557674408
-0.658972442150116
-0.379617631435394
-0.69908344745636
-1.09521543979645
-1.0592292547226
-0.859100878238678
-0.662528395652771
-0.8389031291008
-1.23915994167328
-1.69901442527771
-1.92844378948212
-1.74595284461975
-1.32848525047302
-1.03078174591064
-1.07331085205078
-1.10574102401733
-1.02509224414825
-0.7111736536026
-0.437223881483078
-0.106805726885796
0.225603759288788
0.570672392845154
1.10946881771088
1.45539081096649
1.36378979682922
0.878901481628418
0.50054919719696
0.44280070066452
0.607085227966309
0.678488552570343
0.520035743713379
0.630270004272461
0.981881558895111
1.53518617153168
1.78950715065002
1.8321784734726
1.86062598228455
1.66874730587006
1.73872828483582
2.85429859161377
3.89946103096008
3.16793251037598
0.989420175552368
-0.142080679535866
0.325454622507095
1.06992673873901
0.836799085140228
0.93849903345108
1.48725211620331
1.91510307788849
1.96545517444611
2.0744092464447
2.14794611930847
1.68382453918457
1.34003603458405
1.35212624073029
1.29338204860687
1.54599618911743
2.70950055122375
3.31827783584595
2.53924202919006
1.72635364532471
1.61611938476563
1.58767187595367
1.13962316513062
1.18186771869659
1.87883245944977
2.11750721931458
1.51726424694061
1.06736636161804
1.3327819108963
1.83943259716034
1.85123836994171
1.05911660194397
-0.0671214163303375
-0.502226531505585
-0.319451063871384
-0.418590754270554
-1.27727973461151
-1.87026858329773
-1.53430318832397
-0.870622098445892
-0.440637588500977
-0.15132611989975
0.172691330313683
0.0763964131474495
-0.148908078670502
-0.295839607715607
-0.23396623134613
-0.162847384810448
0.0771076008677483
0.520889222621918
0.686453878879547
0.587314188480377
0.479498028755188
0.268132835626602
-0.230694755911827
-0.335950642824173
-0.440068632364273
-0.871902287006378
-1.38410019874573
-0.962934374809265
-0.024307869374752
0.366134583950043
0.0152342086657882
-0.465955883264542
-0.307787597179413
-0.271090269088745
-0.381182223558426
-0.485726922750473
-0.752849340438843
-1.08525884151459
-1.48352432250977
-1.28737854957581
-0.870337665081024
-0.541057407855988
-0.704630732536316
-0.824110388755798
-0.657834529876709
-0.314899474382401
0.2083929926157
0.450908243656158
0.69171667098999
0.875487744808197
1.47686874866486
1.98138582706451
2.06687068939209
1.72080636024475
1.18257892131805
0.959976971149445
1.04105246067047
1.19694495201111
0.947602272033691
0.924133062362671
1.12397694587708
1.61114108562469
1.92477524280548
2.07867646217346
2.14424800872803
2.11878752708435
2.18122982978821
2.67194986343384
3.71640110015869
4.09802484512329
2.73240089416504
0.688445210456848
-0.109934955835342
0.726991593837738
1.3315018415451
1.55581068992615
1.86133718490601
2.34992361068726
2.50994110107422
2.53739285469055
2.72685360908508
2.41222381591797
1.70971179008484
1.44344282150269
1.96645081043243
2.32958364486694
2.7436375617981
3.45425701141357
3.71355628967285
3.15783381462097
2.39330625534058
2.21252202987671
2.20754361152649
1.98849773406982
2.08792185783386
2.59329223632813
2.63169646263123
2.10029649734497
2.0523624420166
2.50538945198059
2.75558543205261
2.40980577468872
1.66120874881744
1.03052687644958
0.541086971759796
0.506238698959351
0.369690537452698
-0.21817784011364
-0.760956883430481
-0.52711808681488
0.318627208471298
0.890707194805145
1.12155890464783
1.11103332042694
1.23776710033417
1.16664826869965
1.02625966072083
0.979036808013916
1.09823203086853
1.45240378379822
1.69875955581665
1.80301976203918
1.61725735664368
1.42381405830383
1.250284075737
1.08955550193787
0.73239666223526
0.0894822850823402
-0.101258456707001
0.117645345628262
0.682613432407379
1.11686515808105
1.15782952308655
1.04076790809631
0.882030665874481
0.975623071193695
1.0279666185379
1.07234477996826
0.913465201854706
0.461149364709854
0.0102558899670839
-0.366389513015747
-0.216470986604691
0.168566435575485
0.538242220878601
0.449628114700317
0.389603823423386
0.583189308643341
0.971071481704712
1.41058599948883
1.57273685932159
1.84768235683441
2.1736912727356
2.62785601615906
2.77180075645447
2.62031745910645
2.3607337474823
2.12447690963745
2.25903367996216
2.3655698299408
2.25163745880127
2.03714299201965
2.19246649742126
2.69228982925415
3.10364127159119
3.32169151306152
3.362229347229
3.34174704551697
3.23051714897156
2.96040773391724
3.77699446678162
5.31742858886719
5.22781896591187
2.65018749237061
0.697263956069946
1.27133524417877
2.52473378181458
2.85956120491028
2.73012495040894
3.0286819934845
3.33619976043701
3.26451206207275
3.46307587623596
3.87769865989685
3.45411491394043
2.50695395469666
2.65232110023499
3.03351807594299
3.09780931472778
3.37972450256348
4.08593463897705
4.02050542831421
2.99795866012573
2.34138941764832
2.61804175376892
2.95230031013489
2.76113271713257
3.06111216545105
3.49308800697327
2.94248580932617
2.17269539833069
2.38363409042358
2.8609836101532
2.67650151252747
2.02163910865784
1.44002914428711
0.951869428157806
0.596701860427856
0.549336731433868
0.402689665555954
-0.237806648015976
-0.6783167719841
-0.241220340132713
0.584469437599182
0.96780002117157
0.952438354492188
0.92783123254776
0.965097486972809
0.817739248275757
0.653881430625916
0.720590889453888
0.994398474693298
1.27474892139435
1.35596668720245
1.30845928192139
1.04830658435822
0.781468629837036
0.638519763946533
0.355182290077209
-0.272654891014099
-0.888970792293549
-0.757827639579773
-0.211065962910652
0.400698363780975
0.699824213981628
0.864535450935364
0.808778285980225
0.775067925453186
0.729836344718933
0.596559643745422
0.393159747123718
-0.116335652768612
-0.558410406112671
-0.923534572124481
-0.807895302772522
-0.268387734889984
0.285485833883286
0.329010546207428
0.0981587842106819
0.247508361935616
0.692570090293884
1.13876974582672
1.30262756347656
1.39735782146454
1.68126428127289
2.27965831756592
2.67280316352844
2.61036086082458
2.21109962463379
1.75209867954254
1.59193897247314
1.60161113739014
1.50858771800995
1.46933007240295
1.66490697860718
2.29032611846924
2.8084979057312
3.14403676986694
2.97192907333374
2.54251337051392
2.50268697738647
2.2570424079895
2.64464020729065
3.98551487922668
4.75445175170898
2.98771739006042
0.526152014732361
0.213798031210899
1.41442632675171
2.1476616859436
1.89888799190521
1.92193043231964
2.22020292282104
2.42573642730713
2.63852381706238
3.10463690757751
2.90038347244263
1.8917760848999
1.65850627422333
1.87826347351074
1.65679943561554
1.69861721992493
2.60424470901489
3.13137745857239
2.45404171943665
1.85223400592804
1.81340312957764
2.14154553413391
2.17113089561462
2.36727666854858
2.60979199409485
2.20043182373047
1.51129019260406
1.42068481445313
1.82037270069122
1.78580892086029
1.52437615394592
1.06238806247711
0.349635004997253
-0.242642730474472
-0.15872249007225
-0.121029496192932
-0.999916195869446
-1.82830846309662
-1.40472459793091
-0.289581149816513
0.115227304399014
0.138554289937019
0.111386887729168
0.269697427749634
0.189190909266472
-0.0558846369385719
-0.279055565595627
-0.21817784011364
0.215647116303444
0.457451194524765
0.396573454141617
0.0891978070139885
0.0136695941910148
0.0160876344889402
-0.268529981374741
-0.996075749397278
-1.56815576553345
-1.35223889350891
-0.892953455448151
-0.547173619270325
-0.407353967428207
-0.217324420809746
-0.0517597422003746
0.0846462026238441
0.0522160083055496
-0.210639238357544
-0.449598550796509
-0.862941265106201
-1.26163351535797
-1.77667617797852
-1.96087408065796
-1.60784006118774
-0.984412252902985
-0.620994985103607
-0.663808524608612
-0.668786823749542
-0.492127627134323
0.0291735026985407
0.31450229883194
0.291602045297623
0.235275909304619
0.563987195491791
1.08144795894623
1.36350524425507
1.30106294155121
1.07433605194092
0.977329969406128
0.964101850986481
1.01843667030334
0.951584935188293
0.831109583377838
1.05584514141083
1.40702998638153
1.62806737422943
1.56861197948456
1.32268309593201
1.23008632659912
1.21116876602173
1.12369251251221
2.23015952110291
3.87556505203247
3.38541412353516
0.640653312206268
-1.04614341259003
-0.0439366698265076
1.1201366186142
1.21628928184509
0.687876224517822
1.20320343971252
1.60402917861938
1.60018873214722
1.90415072441101
2.16785931587219
1.49308383464813
0.663980305194855
0.99695873260498
1.0200012922287
0.72030645608902
0.986859858036041
1.89163386821747
1.848109126091
1.08941328525543
0.788865029811859
1.08471941947937
1.29892933368683
1.25896060466766
1.49493288993835
1.18329012393951
0.489312440156937
0.33768704533577
0.801381945610046
1.14744627475739
0.932098388671875
0.510932564735413
-0.271943688392639
-0.974882364273071
-1.04159188270569
-1.08781909942627
-1.63742554187775
-2.55756115913391
-2.50820469856262
-1.75704741477966
-0.987399280071259
-0.713733971118927
-0.542479753494263
-0.44590038061142
-0.599374830722809
-0.809459924697876
-0.869768679141998
-0.700221359729767
-0.539208292961121
-0.203811839222908
-0.0181916486471891
-0.141085013747215
-0.524842321872711
-0.690264761447906
-0.714018404483795
-1.12124490737915
-1.7872017621994
-2.0541820526123
-1.72404825687408
-1.21327269077301
-0.880436539649963
-0.664093017578125
-0.442059963941574
-0.256297528743744
-0.273508310317993
-0.513178825378418
-0.782719254493713
-1.07629787921906
-1.53032052516937
-2.08462071418762
-2.46069717407227
-2.24520707130432
-1.67085134983063
-1.36319124698639
-1.41866397857666
-1.45706808567047
-1.11697781085968
-0.693536221981049
-0.382320135831833
-0.379190891981125
-0.447322756052017
-0.183614075183868
0.421038329601288
0.958696782588959
1.05755198001862
0.837225794792175
0.688871920108795
0.77236545085907
0.769236207008362
0.55772876739502
0.417055696249008
0.62827867269516
1.01445400714874
1.28143417835236
1.30106294155121
1.03906106948853
0.777059257030487
0.858988165855408
0.705655932426453
1.26877498626709
3.17860054969788
4.18863010406494
2.30767917633057
-0.553289830684662
-0.884703636169434
0.261732131242752
1.04446613788605
0.760417461395264
0.792136490345001
1.32922601699829
1.72550022602081
2.1189296245575
2.41933560371399
1.88253057003021
0.929395854473114
1.05854761600494
1.20334565639496
0.422745198011398
0.284063428640366
1.48497629165649
2.32090711593628
1.75537014007568
1.09083557128906
1.11316692829132
1.52281153202057
1.55879759788513
1.52807426452637
1.38868129253387
0.844764411449432
0.483907401561737
0.60978776216507
0.671376645565033
0.474235236644745
0.416486740112305
0.195307120680809
-0.592262983322144
-1.03704023361206
-0.898216247558594
-0.922396659851074
-1.80427026748657
-2.56865572929382
-2.19073009490967
-1.40458238124847
-1.02409660816193
-0.875742673873901
-0.664661943912506
-0.715156316757202
-0.920405328273773
-1.01186418533325
-0.974028944969177
-0.889113008975983
-0.736491978168488
-0.435374796390533
-0.498101621866226
-0.752138137817383
-0.873466908931732
-0.85668283700943
-1.30259799957275
-2.04806566238403
-2.21448373794556
-1.9654256105423
-1.58067262172699
-1.47456336021423
-1.36461365222931
-1.0632119178772
-0.610896110534668
-0.362264633178711
-0.598663687705994
-1.32350695133209
-1.75135791301727
-1.94124519824982
-2.3205931186676
-2.82710146903992
-2.97332191467285
-2.3942723274231
-1.77511155605316
-1.60001695156097
-1.82574820518494
-1.81963205337524
-1.50372207164764
-1.01755368709564
-0.853695869445801
-1.06008267402649
-1.07572889328003
-0.557272493839264
0.136705189943314
0.480493694543839
0.531414806842804
0.209673136472702
0.090620182454586
0.0571943260729313
0.0342940576374531
-0.113490901887417
-0.286736398935318
-0.140373826026917
0.0139540694653988
0.22347018122673
0.140830084681511
0.130020022392273
0.208108514547348
0.384625494480133
0.601822435855865
1.90969800949097
3.1111798286438
2.09787845611572
-0.375919431447983
-1.74879765510559
-1.03832042217255
-0.0772202908992767
0.194453701376915
-0.0382471643388271
0.322183132171631
0.680906593799591
0.739650785923004
1.00606191158295
1.12824416160583
0.509225726127625
-0.0745177716016769
-0.0580182000994682
-0.27862885594368
-0.450167506933212
0.320049583911896
1.30404996871948
1.39636218547821
0.832531988620758
0.522311568260193
0.738370597362518
1.06196141242981
1.15711843967438
0.836372375488281
0.291744291782379
-0.149903744459152
-0.216755464673042
-0.00595920672640204
0.262158840894699
0.226030468940735
-0.218604549765587
-0.906181573867798
-1.48153305053711
-1.47356772422791
-1.57128500938416
-2.33325219154358
-3.28226208686829
-3.43203854560852
-2.62341713905334
-1.92815935611725
-1.55108726024628
-1.45080971717834
-1.4223620891571
-1.47712361812592
-1.63785219192505
-1.73329377174377
-1.80242121219635
-1.54041945934296
-1.24001336097717
-1.12664997577667
-1.31042110919952
-1.43103861808777
-1.33673501014709
-1.61182272434235
-2.31077885627747
-2.90945720672607
-2.71174669265747
-2.39185428619385
-1.99828255176544
-1.67639863491058
-1.28993880748749
-0.827524125576019
-1.00261867046356
-1.357501745224
-1.92460346221924
-2.10695219039917
-2.50749349594116
-3.08995676040649
-3.54085040092468
-3.49277400970459
-2.74133229255676
-2.19371700286865
-1.87339782714844
-2.0250232219696
-1.92047846317291
-1.76956427097321
-1.55805683135986
-1.46119296550751
-1.46588683128357
-1.36105763912201
-1.08227181434631
-0.399673134088516
-0.0794960930943489
0.0303114037960768
-0.0978447571396828
-0.208078965544701
-0.0368247851729393
0.0634527876973152
0.137558624148369
-0.0732376351952553
-0.0850433632731438
-0.0173382218927145
0.0436817482113838
-0.119322642683983
-0.408634096384048
-0.436085969209671
-0.300533473491669
-0.155593261122704
0.948171198368073
2.73069405555725
2.75103402137756
0.310661882162094
-1.78336143493652
-1.70840215682983
-0.604779899120331
-0.159006968140602
-0.39483705163002
-0.186174362897873
0.501402616500854
0.669669806957245
0.619033217430115
0.770658552646637
0.348497122526169
-0.404224753379822
-0.658119022846222
-0.850566625595093
-1.0707505941391
-0.621563911437988
0.492299407720566
1.03109574317932
0.729267418384552
0.295584708452225
0.364427745342255
0.776205837726593
0.88075053691864
0.656157255172729
0.223043471574783
-0.374070346355438
-0.640766024589539
-0.412616759538651
-0.0371092595160007
-0.110077194869518
-0.468231707811356
-0.93292224407196
-1.39860844612122
-1.62021470069885
-1.60912024974823
-1.8613076210022
-2.79225325584412
-3.45707225799561
-3.1852560043335
-2.398681640625
-1.88591480255127
-1.72205698490143
-1.75960767269135
-1.77041780948639
-1.78947758674622
-1.82503700256348
-1.83414018154144
-1.76871085166931
-1.42805159091949
-1.13788676261902
-1.23503506183624
-1.50386428833008
-1.51268303394318
-1.56118607521057
-2.09713768959045
-2.69809198379517
-2.73692274093628
-2.36098861694336
-2.00809693336487
-1.88947069644928
-1.63827896118164
-1.12394750118256
-0.958951711654663
-1.14642095565796
-1.69076466560364
-2.15858435630798
-2.51332521438599
-2.93420648574829
-3.36604022979736
-3.70271682739258
-3.46788239479065
-2.86806607246399
-2.2332592010498
-2.21661734580994
-2.4030909538269
-2.34079098701477
-2.0122218132019
-1.71394944190979
-1.71423387527466
-1.7034238576889
-1.54980707168579
-1.06776356697083
-0.576190114021301
-0.259426772594452
-0.253168314695358
-0.48145979642868
-0.439641922712326
-0.370941132307053
-0.368665307760239
-0.682441651821136
-0.864648163318634
-0.844023704528809
-0.825106084346771
-0.752138137817383
-0.773331522941589
-0.67120486497879
-0.314472764730453
-0.164554238319397
0.476653277873993
2.07739615440369
2.89725422859192
1.10022330284119
-1.32037770748138
-2.15317940711975
-1.17202377319336
-0.206798821687698
-0.0574492514133453
-0.287305355072021
0.142394706606865
0.587171971797943
0.53056138753891
0.749607384204865
0.671092212200165
0.13144239783287
-0.453012257814407
-0.71899676322937
-1.11712002754211
-0.882570087909698
0.12205471098423
1.06679749488831
1.1461660861969
0.66113555431366
0.651178896427155
1.18599259853363
1.64499366283417
1.24743926525116
0.730547547340393
0.249926403164864
-0.243496149778366
-0.356575101613998
-0.0580182000994682
0.216358304023743
-0.135679975152016
-0.553432047367096
-1.0539665222168
-1.36034643650055
-1.44184863567352
-1.46460676193237
-2.14421844482422
-3.25808167457581
-3.28923177719116
-2.43808150291443
-1.78265023231506
-1.67497622966766
-1.61011588573456
-1.4872225522995
-1.55151391029358
-1.7559095621109
-1.89231550693512
-1.74282360076904
-1.50258421897888
-1.13575315475464
-1.02566123008728
-1.27998220920563
-1.23261702060699
-1.07103502750397
-1.43630146980286
-2.2137725353241
-2.41973280906677
-2.00710129737854
-1.65065360069275
-1.37713050842285
-1.05126404762268
-0.431534379720688
-0.34818309545517
-0.634080827236176
-1.14457190036774
-1.7219146490097
-2.39811277389526
-2.97161507606506
-3.19990658760071
-3.17942428588867
-2.78286552429199
-2.30523157119751
-1.66061019897461
-1.40330231189728
-1.37286341190338
-1.49262750148773
-1.56004822254181
-1.6226327419281
-1.60143935680389
-1.35423028469086
-0.916280448436737
-0.292568147182465
0.291602045297623
0.635248303413391
0.681760013103485
0.386190116405487
0.196160554885864
0.261163175106049
0.34508341550827
0.287761628627777
0.152778059244156
0.125326186418533
0.112951502203941
0.118925482034683
0.0944605991244316
0.106977522373199
0.390599459409714
0.819588363170624
1.26465010643005
2.17226886749268
3.33122158050537
3.03266453742981
0.995394110679626
-0.901772201061249
-1.02381217479706
0.251491010189056
1.02270376682281
0.933662950992584
0.94703334569931
1.5110057592392
1.45866227149963
1.384840965271
1.48967015743256
1.11117565631866
0.276667088270187
-0.208221197128296
-0.315895140171051
0.082370400428772
1.11786079406738
2.07256007194519
2.39728879928589
1.79832589626312
1.25312888622284
1.33007943630219
1.81724345684052
1.61412811279297
1.15470039844513
0.989562392234802
0.832674205303192
0.59186577796936
0.601395726203918
1.03564739227295
1.03194916248322
0.510221362113953
-0.172661781311035
-0.486438125371933
-0.685286402702332
-0.655985474586487
-0.876169383525848
-1.70129024982452
-2.35145878791809
-2.07011246681213
-1.4964679479599
-1.26988327503204
-1.31995093822479
-1.13689112663269
-0.932068824768066
-0.979433953762054
-1.05496215820313
-0.955253541469574
-0.638205766677856
-0.439926385879517
-0.280762434005737
-0.463537842035294
-0.628533601760864
-0.796089589595795
-1.14130043983459
-1.68777763843536
-1.96386098861694
-1.63770997524261
-1.28908538818359
-1.16619205474854
-0.944443464279175
-0.236099794507027
0.308386087417603
0.387043535709381
-0.0880303531885147
-0.752849340438843
-1.30288243293762
-1.8000031709671
-2.29114985466003
-2.7582585811615
-2.76039218902588
-2.27080988883972
-1.43687033653259
-0.825106084346771
-0.838334143161774
-1.12921023368835
-1.19535076618195
-0.786986351013184
-0.600655019283295
-0.762663722038269
-0.830084383487701
-0.442059963941574
0.316635876893997
1.02739763259888
1.36891031265259
1.19893622398376
0.828407108783722
0.531272530555725
0.510932564735413
0.375948995351791
0.0182211995124817
-0.213910713791847
-0.0944310501217842
0.241107657551765
0.543078303337097
0.898103535175323
1.08927094936371
1.31301093101501
1.18158328533173
1.52409160137177
3.10776615142822
3.884526014328
2.24865031242371
-0.162989616394043
-1.00958836078644
-0.200682610273361
0.980316936969757
1.24004292488098
1.1554114818573
1.74498677253723
2.0523624420166
1.69136309623718
1.61796855926514
1.7404351234436
1.18641936779022
0.469256907701492
0.19189341366291
0.0621726475656033
0.631550133228302
1.61654615402222
2.5305655002594
2.34053587913513
1.60061550140381
1.43860673904419
1.94881331920624
1.89917242527008
1.25099527835846
1.18442797660828
1.21927630901337
0.851591825485229
0.56839656829834
1.0328027009964
1.33733355998993
0.898245811462402
0.0705646723508835
-0.336092889308929
-0.481033086776733
-0.72468626499176
-0.878587424755096
-1.36333346366882
-2.12174487113953
-2.29811954498291
-1.69716536998749
-1.17515301704407
-1.06207406520844
-1.00816595554352
-0.729522347450256
-0.796089589595795
-1.14656329154968
-1.25395274162292
-0.854122579097748
-0.57277637720108
-0.539066076278687
-0.418875217437744
-0.40024209022522
-0.556845784187317
-1.01328647136688
-1.52548444271088
-1.8044126033783
-1.80526602268219
-1.35152781009674
-1.00702810287476
-0.580457210540771
-0.176644429564476
0.342949837446213
0.359449416399002
-0.217893362045288
-0.902483344078064
-1.55478537082672
-1.98420095443726
-2.66210579872131
-2.87958717346191
-2.69994115829468
-2.10780549049377
-1.63130927085876
-1.12892580032349
-0.592262983322144
-0.599232614040375
-0.908884048461914
-1.3535190820694
-1.20118248462677
-1.00717031955719
-0.697376608848572
-0.227992236614227
0.302554339170456
0.83438104391098
0.979463517665863
1.14445924758911
0.747473835945129
0.511501491069794
0.379931658506393
0.398991495370865
0.267563879489899
-0.0772202908992767
-0.148196890950203
-0.206941068172455
0.0870642438530922
0.316920340061188
0.678346335887909
1.0468841791153
1.07732307910919
1.56676292419434
2.58674931526184
3.25654673576355
1.95734763145447
0.218776345252991
-0.885414838790894
-0.599801540374756
0.538811147212982
1.22638809680939
1.20249223709106
1.27759373188019
1.70828938484192
1.32695019245148
1.05044007301331
1.08983993530273
0.970929265022278
0.430426031351089
-0.119180411100388
0.146235123276711
0.869513750076294
1.67230331897736
2.04055666923523
2.11508917808533
1.57799971103668
0.953007280826569
1.04759538173676
1.35326421260834
1.1501487493515
0.911331653594971
1.04176366329193
0.940490365028381
0.602960348129272
0.798394918441772
1.17902302742004
0.905784368515015
0.0394146144390106
-0.473210006952286
-0.652429521083832
-0.907034993171692
-1.07629787921906
-1.45834827423096
-2.17067456245422
-2.89267301559448
-2.57747435569763
-1.57384526729584
-1.12992143630981
-1.32108891010284
-1.25068128108978
-0.911017656326294
-1.032346367836
-1.37144100666046
-1.34142887592316
-1.02921712398529
-0.806472957134247
-0.824252665042877
-0.962792158126831
-1.127645611763
-1.29278361797333
-1.58309066295624
-1.89743602275848
-2.09543085098267
-1.87922954559326
-1.39803946018219
-0.941029787063599
-0.617154538631439
-0.165123179554939
0.122623667120934
-0.149903744459152
-0.876738369464874
-1.63287389278412
-2.14976572990417
-2.74332356452942
-3.24200892448425
-3.39050507545471
-3.04600524902344
-2.457852602005
-1.85832059383392
-1.29747748374939
-0.961227536201477
-0.731798112392426
-0.842885792255402
-1.18027353286743
-1.3923499584198
-1.39434134960175
-1.02338540554047
-0.466809332370758
0.259171843528748
0.747331619262695
0.845191121101379
0.533548355102539
0.0590434186160564
-0.146490052342415
-0.382462382316589
-0.51645028591156
-0.724401772022247
-0.673907399177551
-0.415177047252655
-0.0204674508422613
0.431848406791687
0.658717513084412
0.87434983253479
0.867806911468506
0.692001163959503
1.23051297664642
2.5922966003418
2.71462106704712
1.11373591423035
-0.542479753494263
-1.01300203800201
-0.304231643676758
0.646342813968658
0.919439196586609
0.853867650032043
1.18257892131805
0.910193741321564
0.512923896312714
0.753874540328979
0.885017693042755
0.201992303133011
-0.138809204101563
0.25205996632576
0.572094738483429
0.974058449268341
1.6579372882843
2.32304072380066
1.95635199546814
1.1029257774353
0.853583157062531
1.3111617565155
1.23449563980103
0.88288414478302
0.811765253543854
0.639230966567993
0.192320138216019
0.146946310997009
0.597839772701263
0.59186577796936
0.0739783719182014
-0.506066918373108
-0.836485087871552
-1.19307494163513
-1.32436037063599
-1.34711837768555
-1.95575344562531
-2.89537572860718
-2.9765932559967
-2.25075435638428
-1.82076990604401
-1.74652183055878
-1.59375858306885
-1.3879406452179
-1.43345665931702
-1.56445753574371
-1.40941846370697
-1.22408282756805
-0.999204993247986
-0.778025388717651
-0.755125105381012
-1.00503671169281
-1.39391458034515
-1.58806908130646
-1.84310126304626
-2.06612992286682
-2.08419418334961
-1.80128335952759
-1.48039507865906
-1.10332298278809
-0.645744323730469
-0.389716506004333
-0.653282940387726
-1.15765774250031
-1.64197707176208
-2.15986466407776
-2.71743631362915
-3.17217016220093
-3.33759260177612
-3.24897861480713
-2.96706342697144
-2.55386304855347
-1.95418882369995
-1.45507681369781
-1.13177049160004
-1.02409660816193
-1.08582770824432
-1.15239500999451
-1.08255624771118
-1.00887715816498
-0.816571831703186
-0.419870883226395
-0.0368247851729393
0.222758993506432
0.155338332056999
1.4776065654587E-5
-0.22927238047123
-0.412901252508163
-0.657834529876709
-0.891388833522797
-0.902483344078064
-0.615874409675598
0.000868202187120914
0.573374927043915
0.818165957927704
0.661277770996094
0.499980270862579
0.436257779598236
0.328157126903534
1.36535441875458
2.45973110198975
2.20512557029724
0.418478071689606
-1.01854932308197
-0.899923086166382
0.011109315790236
0.409517079591751
0.00129491533152759
0.387185782194138
0.349350541830063
0.0741206109523773
0.499269068241119
1.41627550125122
1.32581233978271
0.451619446277618
0.398280322551727
0.221052139997482
0.059185653924942
0.229159697890282
1.25071084499359
1.53717744350433
0.732965588569641
0.273964554071426
0.845191121101379
1.30163192749023
0.825135588645935
0.979605734348297
1.16892409324646
0.60608959197998
-0.111215099692345
0.0323027335107327
0.383060872554779
0.0156609211117029
-0.357713013887405
-0.703208386898041
-0.952551007270813
-1.24783647060394
-1.21924674510956
-1.57341849803925
-2.75427579879761
-3.32038187980652
-2.71715188026428
-1.92147421836853
-1.7660083770752
-1.72831535339355
-1.25537502765656
-1.02366983890533
-1.43046963214874
-1.74637961387634
-1.53558337688446
-1.3010333776474
-1.3098521232605
-1.22422504425049
-1.29989552497864
-1.57199621200562
-1.77909421920776
-1.97011947631836
-2.08988356590271
-2.09230160713196
-1.6998678445816
-1.21839332580566
-0.87944084405899
-0.485726922750473
-0.169248074293137
-0.38744068145752
-1.02679908275604
-1.76188349723816
-2.38787150382996
-2.95155954360962
-3.40828466415405
-3.45052933692932
-3.26476693153381
-3.1327702999115
-2.86436772346497
-2.04707002639771
-1.21284604072571
-0.890393137931824
-0.85739403963089
-0.96720153093338
-1.17942011356354
-1.27429270744324
-1.1925060749054
-1.08767688274384
-0.699510157108307
-0.415603756904602
-0.130986139178276
-0.0134978042915463
-0.0676903650164604
-0.176359966397285
-0.400384336709976
-0.53351879119873
-0.689553558826447
-0.546889126300812
-0.182049468159676
0.392875283956528
0.742495536804199
0.780899703502655
0.637097418308258
0.424309819936752
0.248930737376213
0.0917580872774124
0.894832074642181
2.34679436683655
2.5958526134491
1.39166831970215
-0.289581149816513
-0.785848438739777
-0.192432820796967
0.446783363819122
0.329579502344131
0.244805842638016
0.279511839151382
0.0660130679607391
0.290890842676163
1.08258581161499
1.5807021856308
0.916878938674927
0.508230030536652
0.479071319103241
0.221905574202538
0.0889133289456367
0.960972607135773
1.86716890335083
1.44899010658264
0.738228380680084
0.871220648288727
1.59336137771606
1.58809864521027
1.36208283901215
1.42580533027649
1.14943754673004
0.377086907625198
0.0536383837461472
0.295157968997955
0.332566499710083
0.0718448087573051
-0.282469272613525
-0.725966393947601
-1.08511650562286
-1.04528999328613
-0.938327252864838
-1.79801189899445
-2.97332191467285
-3.08568978309631
-2.22870755195618
-1.58237957954407
-1.54169952869415
-1.35593712329865
-1.05254411697388
-0.966348111629486
-1.27045226097107
-1.40145313739777
-1.0283637046814
-0.660110354423523
-0.541626334190369
-0.837907433509827
-1.11598217487335
-1.24129354953766
-1.34242451190948
-1.4311808347702
-1.61182272434235
-1.44568908214569
-1.00574791431427
-0.556561291217804
-0.25003907084465
0.0658708289265633
0.126890793442726
-0.229414612054825
-0.902767837047577
-1.72646629810333
-2.34007978439331
-2.72952651977539
-2.85995841026306
-2.86792373657227
-2.67248916625977
-2.25231909751892
-1.58451306819916
-0.804481625556946
-0.376203924417496
-0.297973185777664
-0.503079950809479
-0.706053137779236
-0.796089589595795
-0.719850182533264
-0.545182287693024
-0.233397275209427
0.15064449608326
0.314644545316696
0.500975906848907
0.509794652462006
0.431706160306931
0.186488389968872
-0.073948822915554
-0.236384272575378
-0.194281905889511
0.199432015419006
0.595990717411041
0.946891069412231
0.916309952735901
0.907775700092316
0.763119995594025
0.716608285903931
0.729836344718933
1.15740287303925
2.70935821533203
3.31059694290161
2.48263144493103
0.712341129779816
-0.339791059494019
-0.35415706038475
0.40823695063591
1.01360058784485
0.92854243516922
1.1629501581192
0.766249239444733
0.642786920070648
1.33192849159241
2.40326285362244
2.1480884552002
1.09396481513977
0.67891526222229
0.537815511226654
0.608934342861176
0.923848569393158
1.98323488235474
2.17226886749268
1.64200663566589
1.48042464256287
1.8882200717926
1.99788534641266
1.8493891954422
2.16928172111511
1.89945685863495
1.08215916156769
0.576504111289978
0.830256164073944
0.939921438694
0.577926516532898
0.334415584802628
-0.073948822915554
-0.710889220237732
-0.97715812921524
-0.605775535106659
-0.947714924812317
-2.29484820365906
-2.91699576377869
-2.26256012916565
-1.37329018115997
-1.21000123023987
-1.00503671169281
-0.629813730716705
-0.49795937538147
-0.767499804496765
-0.904474675655365
-0.698656737804413
-0.415461510419846
-0.182618424296379
-0.329692184925079
-0.814438223838806
-1.08653891086578
-0.803343713283539
-0.611749529838562
-0.778309881687164
-0.929793000221252
-0.520290672779083
-0.141511723399162
0.0121049797162414
0.117929823696613
0.221336618065834
0.105555139482021
-0.534372210502625
-1.32649397850037
-2.05944466590881
-2.43153858184814
-2.58330607414246
-2.60321950912476
-2.55030703544617
-2.26071095466614
-1.59333181381226
-0.8389031291008
-0.281331390142441
-0.185036465525627
-0.245629712939262
-0.430965423583984
-0.474916875362396
-0.419017463922501
-0.367669641971588
-0.224009588360786
-0.0620008558034897
0.24836178123951
0.466554403305054
0.650183260440826
0.663269102573395
0.626998543739319
0.574370563030243
0.592150270938873
0.687307298183441
0.801950871944427
1.03948783874512
1.17020428180695
1.13578271865845
0.900237143039703
0.75245213508606
0.585465133190155
0.695841550827026
0.986575424671173
2.27027058601379
3.86674642562866
3.82933783531189
2.29615783691406
0.557444274425507
0.11736086755991
0.612917006015778
1.1982250213623
0.961826026439667
1.02611744403839
1.2194185256958
1.01345837116241
1.42466747760773
2.33484649658203
2.6699583530426
1.75138747692108
1.03891885280609
0.58617627620697
0.696837246417999
1.43917572498322
2.42587852478027
2.99710512161255
2.61562371253967
2.28108072280884
2.28065395355225
2.54009556770325
2.18720364570618
2.06957316398621
2.1084041595459
1.59037435054779
0.882741868495941
0.819161653518677
1.31215751171112
1.31742024421692
0.933236241340637
0.348639369010925
-0.0668369382619858
-0.384311467409134
-0.415461510419846
-0.558125913143158
-1.57583653926849
-2.54845786094666
-2.53622555732727
-1.67312717437744
-1.1312016248703
-0.954542338848114
-0.780727922916412
-0.567513585090637
-0.484731286764145
-0.697945594787598
-0.695669770240784
-0.463395625352859
-0.0917285308241844
-0.0348334573209286
-0.485584706068039
-0.890108704566956
-0.834778249263763
-0.496963709592819
-0.521713078022003
-0.69552755355835
-0.585293292999268
-0.236668735742569
0.0254753232002258
0.104843951761723
0.27055087685585
0.0953140258789063
-0.399104177951813
-1.09507322311401
-1.69488954544067
-2.12501621246338
-2.32685160636902
-2.3894362449646
-2.43096947669983
-2.24108219146729
-1.75093114376068
-0.969477295875549
-0.327131897211075
-0.0870346873998642
-0.20708329975605
-0.541057407855988
-0.650722682476044
-0.838618636131287
-0.802917003631592
-0.747728765010834
-0.466809332370758
-0.176928907632828
0.172975808382034
0.479213565587997
0.45858907699585
0.399987161159515
0.33868271112442
0.4723861515522
0.446641117334366
0.39614674448967
0.318342715501785
0.54691869020462
0.685458183288574
0.727987289428711
0.744202375411987
0.592292547225952
0.598124265670776
0.518613398075104
0.775210201740265
1.90841782093048
3.09994292259216
3.06594824790955
1.43732666969299
-0.0861812606453896
-0.397966295480728
0.235844865441322
0.440667152404785
0.381354033946991
0.694419205188751
0.692854583263397
0.689156413078308
1.46762323379517
2.36756110191345
1.93117594718933
1.01047134399414
0.856285691261292
0.942197263240814
0.800528526306152
1.10093450546265
2.26273202896118
2.76042151451111
2.22688794136047
1.92178821563721
2.24594783782959
2.2605984210968
1.9442617893219
1.87527644634247
1.62508034706116
0.971355974674225
0.578068733215332
0.73879736661911
0.916736662387848
0.675074875354767
0.382207453250885
-0.0228854920715094
-0.57277637720108
-0.870053172111511
-0.785990715026855
-1.14940798282623
-2.23226356506348
-2.82496809959412
-2.2332592010498
-1.38538026809692
-1.19634640216827
-1.18752765655518
-0.81742525100708
-0.575621128082275
-0.744599521160126
-0.963218867778778
-0.677890062332153
-0.23595754802227
0.00101043994072825
-0.15872249007225
-0.556988000869751
-0.664093017578125
-0.507489323616028
-0.338226437568665
-0.561255156993866
-0.627253413200378
-0.382889091968536
-0.0198985002934933
0.104701712727547
0.0974475964903831
0.150786727666855
-0.0257302466779947
-0.637778997421265
-1.54838466644287
-2.14080476760864
-2.3289852142334
-2.25900411605835
-2.224440574646
-2.01051497459412
-1.48423552513123
-0.813158094882965
-0.157869055867195
0.189333140850067
0.211948931217194
-0.00197655148804188
-0.210070297122002
-0.326136261224747
-0.362691342830658
-0.428120672702789
-0.426129341125488
-0.178920239210129
0.240823179483414
0.745909214019775
0.987855553627014
0.993829488754272
0.88715124130249
0.87577223777771
1.08784866333008
1.21429789066315
1.20064306259155
1.09083557128906
1.0636682510376
0.99695873260498
0.966662108898163
0.957416653633118
0.956705451011658
1.07419383525848
1.18072986602783
2.38733220100403
3.72721123695374
3.66647577285767
2.0651638507843
0.387043535709381
-0.108797058463097
0.390172749757767
0.935654282569885
0.765680253505707
0.966093182563782
1.2710508108139
1.25284433364868
1.35525548458099
1.93245601654053
2.01922106742859
1.30063617229462
0.799817323684692
0.557302057743073
0.668816387653351
1.18755722045898
2.28890371322632
2.97676515579224
2.65473914146423
2.24324536323547
2.31436419487
2.46200704574585
2.03230690956116
1.73289656639099
1.69733715057373
1.41414189338684
0.88217294216156
0.90365082025528
1.17845404148102
1.18755722045898
0.936934471130371
0.358027040958405
-0.355010509490967
-0.718143343925476
-0.648162364959717
-1.05851817131042
-2.17863988876343
-2.97531318664551
-2.70534610748291
-1.99230849742889
-1.65036916732788
-1.40899181365967
-1.12224054336548
-0.944443464279175
-1.00446784496307
-1.01186418533325
-0.894233584403992
-0.591267287731171
-0.327700853347778
-0.427409470081329
-0.747444272041321
-0.987399280071259
-0.868488550186157
-0.66053706407547
-0.792391419410706
-0.883281290531158
-0.652287244796753
-0.3659628033638
-0.273366063833237
-0.205091968178749
-0.113206423819065
-0.257577687501907
-0.802632510662079
-1.63856339454651
-2.21348810195923
-2.52057933807373
-2.57633662223816
-2.51432085037231
-2.38772940635681
-2.01876473426819
-1.41126763820648
-0.694674074649811
-0.240224689245224
-0.180342614650726
-0.460408627986908
-0.755267381668091
-0.968197166919708
-1.07316863536835
-1.12380516529083
-1.11143052577972
-0.958667278289795
-0.612460732460022
-0.107232443988323
0.200427681207657
0.291602045297623
0.30411896109581
0.423883080482483
0.491872698068619
0.383060872554779
0.220340952277184
0.254335761070251
0.555595219135284
0.757003784179688
0.837652504444122
0.697121679782867
0.366703540086746
0.189048662781715
0.143532603979111
0.109253324568272
1.2763135433197
2.64634704589844
2.63895058631897
0.609361052513123
-0.811308979988098
-0.624977648258209
0.218634098768234
0.176247268915176
-0.0338377952575684
0.428576946258545
0.474946409463882
0.459726989269257
0.947175562381744
1.66988527774811
1.13649392127991
0.384198784828186
0.310804128646851
0.372108578681946
0.448347985744476
0.976049780845642
2.24381422996521
2.53426361083984
2.14467477798462
1.93302500247955
2.16785931587219
1.88665544986725
1.20619034767151
1.132084608078
1.07035338878632
0.607227504253387
0.0997233986854553
0.315071254968643
0.559720098972321
0.500691473484039
0.189333140850067
-0.370229929685593
-0.769775629043579
-1.05937159061432
-1.1797046661377
-1.85931634902954
-2.9060435295105
-3.1976306438446
-2.60805559158325
-1.9733909368515
-1.92375004291534
-1.65563189983368
-1.46844708919525
-1.45920169353485
-1.54696238040924
-1.46033954620361
-1.07814693450928
-0.878160715103149
-0.804908335208893
-1.05254411697388
-1.25765085220337
-1.20317387580872
-1.10389196872711
-1.13404631614685
-1.25907325744629
-1.13034820556641
-0.825532793998718
-0.621563911437988
-0.591267287731171
-0.554569959640503
-0.555992364883423
-0.931642115116119
-1.59276282787323
-2.29769277572632
-2.64077019691467
-2.59624981880188
-2.34121751785278
-2.16285157203674
-1.96912384033203
-1.61623215675354
-1.11399078369141
-0.58628898859024
-0.355294972658157
-0.546889126300812
-0.908172905445099
-1.12252509593964
-1.03860485553741
-0.909595251083374
-0.909310758113861
-0.851135551929474
-0.623839735984802
-0.127572432160378
0.338113754987717
0.557302057743073
0.722866714000702
0.857139110565186
1.07590067386627
1.22781050205231
1.15313577651978
0.902086198329926
0.816885828971863
0.681902289390564
0.623158097267151
0.656014978885651
0.747473835945129
0.908060193061829
1.12426149845123
1.38683223724365
2.60908079147339
3.9485330581665
3.92392587661743
2.10683941841125
0.190186575055122
-0.351312309503555
0.433981955051422
1.09581398963928
1.20732831954956
1.53518617153168
1.71625471115112
1.59065890312195
1.67585921287537
2.21707367897034
2.140549659729
1.59947764873505
1.26635694503784
1.20917737483978
1.40987479686737
2.14723491668701
3.34075140953064
3.77215838432312
3.31429529190063
2.91873216629028
3.05200886726379
2.87805223464966
2.20270752906799
1.99617850780487
2.16387677192688
1.97967898845673
1.47942900657654
1.59919309616089
2.097736120224
2.2662878036499
1.81795465946198
1.16166996955872
0.570387899875641
0.122481428086758
0.0082645621150732
-0.259569019079208
-1.27699518203735
-2.21491050720215
-1.96300756931305
-1.10275399684906
-0.674334108829498
-0.532807588577271
-0.200824841856956
0.0377077646553516
-0.0281482860445976
-0.051617506891489
0.115227304399014
0.30411896109581
0.251206547021866
0.147373020648956
-0.0403807274997234
-0.16981703042984
-0.116051182150841
-0.000127461622469127
0.057478804141283
0.0732671841979027
0.158325329422951
0.255758136510849
0.240680947899818
0.189048662781715
0.18890643119812
0.00485085742548108
-0.514174461364746
-1.03576004505157
-1.32535600662231
-1.34299349784851
-1.20843660831451
-1.08312523365021
-1.00717031955719
-0.961085319519043
-0.69481635093689
-0.232401609420776
0.18791076540947
0.120347864925861
-0.246483147144318
-0.4170261323452
-0.381751179695129
-0.254590690135956
-0.352592468261719
-0.425133675336838
-0.222587212920189
0.346932500600815
0.930818200111389
1.20832395553589
1.25881838798523
1.25526237487793
1.4497013092041
1.56846976280212
1.53163027763367
1.28570127487183
1.15342020988464
1.2423187494278
1.38213837146759
1.58440041542053
1.60018873214722
1.55893981456757
1.60715842247009
1.59393036365509
1.65722608566284
2.89824986457825
4.31052780151367
3.85209584236145
1.45624423027039
-0.0482037998735905
0.48248502612114
1.63887739181519
1.71412122249603
1.48554515838623
1.73972392082214
2.01253581047058
1.92833113670349
2.09901642799377
2.44735646247864
2.06658625602722
1.48426508903503
1.43320178985596
1.66988527774811
1.99020457267761
2.7935631275177
3.726642370224
3.74584436416626
3.16736364364624
2.93366718292236
3.1892683506012
2.7912871837616
2.05307364463806
1.93572747707367
1.9971741437912
1.7192417383194
1.49251484870911
1.74726259708405
2.00513958930969
1.85920357704163
1.33064842224121
0.729836344718933
0.297291547060013
0.127175271511078
-0.0295706633478403
-0.896793842315674
-1.84281671047211
-2.07494854927063
-1.57043159008026
-1.10460317134857
-0.711600363254547
-0.465102463960648
-0.425987094640732
-0.366673976182938
-0.213626235723495
0.0325872078537941
0.0653018727898598
0.184639304876328
0.300136297941208
0.205263763666153
-0.0786426663398743
-0.0750867277383804
0.0404102802276611
-0.0254457704722881
-0.113348662853241
0.0109670786187053
0.170984476804733
0.134998351335526
0.168566435575485
0.171695664525032
0.0226305685937405
-0.438504010438919
-1.01414000988007
-1.39334559440613
-1.70811760425568
-1.76984882354736
-1.57427203655243
-1.19876444339752
-1.02495002746582
-0.922112166881561
-0.58131068944931
-0.0510485544800758
0.0705646723508835
-0.35387259721756
-0.818563103675842
-0.954969048500061
-0.746448636054993
-0.593969821929932
-0.613740861415863
-0.693678438663483
-0.414323627948761
0.253766804933548
0.873923122882843
1.14431703090668
1.11231350898743
1.13706290721893
1.29821813106537
1.23549139499664
0.891418397426605
0.505954265594482
0.421180576086044
0.536108613014221
0.830256164073944
0.99198043346405
0.97989022731781
0.975054144859314
1.00151038169861
1.05641412734985
1.66803622245789
2.81632113456726
3.35099244117737
1.97199809551239
-0.0927241966128349
-0.680450320243835
0.320760756731033
0.779335081577301
0.825989067554474
1.03010010719299
1.29594242572784
1.31528675556183
1.4969242811203
1.8701559305191
1.58482706546783
0.853725373744965
0.43639999628067
0.532694935798645
0.583189308643341
1.29508888721466
2.64577794075012
3.20889711380005
2.72870254516602
2.28278756141663
2.41848230361938
2.18194103240967
1.33207070827484
0.80152416229248
0.922426223754883
0.950731515884399
0.567258656024933
0.724146842956543
1.2154358625412
1.31229972839355
1.04560399055481
0.551328063011169
-0.141653969883919
-0.946150362491608
-1.05880260467529
-1.2970507144928
-2.30380916595459
-3.09550404548645
-2.89423775672913
-2.16214036941528
-1.88875949382782
-1.482386469841
-1.28240025043488
-1.13049042224884
-1.1095814704895
-0.91443133354187
-0.719423472881317
-0.82240355014801
-0.737772107124329
-0.842459082603455
-0.898073971271515
-1.03718245029449
-0.747728765010834
-0.680592596530914
-0.931926548480988
-1.00845038890839
-0.740047931671143
-0.467804998159409
-0.685713112354279
-0.789119958877563
-0.931215405464172
-1.03376877307892
-1.57768571376801
-2.12018013000488
-2.22913432121277
-2.01961827278137
-1.75818526744843
-1.62988686561584
-1.57299184799194
-1.57114279270172
-1.40472459793091
-1.07501769065857
-0.776176273822784
-0.885699331760406
-1.39363014698029
-1.75278031826019
-1.67056691646576
-1.49504554271698
-1.47314095497131
-1.54312193393707
-1.40045750141144
-0.967343747615814
-0.427693963050842
-0.111499570310116
0.0101136518642306
0.193884745240211
0.472243905067444
0.591723561286926
0.245374798774719
-0.126576766371727
-0.176359966397285
0.0426860824227333
0.243098989129066
0.250353097915649
0.150360018014908
0.0307381171733141
-0.0107952887192369
0.112951502203941
0.124899469316006
1.08514606952667
2.63610577583313
2.48974323272705
0.0799523591995239
-1.50201523303986
-0.518583834171295
0.695272624492645
0.595421731472015
0.049655731767416
0.219629764556885
0.392021864652634
0.357600331306458
0.740930914878845
1.25199091434479
0.896254479885101
-0.00951514951884747
-0.209359109401703
-0.213626235723495
0.214935928583145
1.3367645740509
2.64677381515503
2.69413876533508
1.86930251121521
1.58255136013031
1.75167191028595
1.37075936794281
0.394155412912369
0.239116325974464
0.535255193710327
0.346079081296921
0.0470954515039921
0.351910829544067
0.694419205188751
0.642786920070648
0.408663660287857
-0.206372112035751
-0.958667278289795
-1.38779830932617
-1.41126763820648
-2.15033459663391
-3.14756298065186
-3.24400019645691
-2.6382098197937
-2.20836758613586
-1.99202406406403
-1.58991813659668
-1.45621466636658
-1.45820605754852
-1.54070389270782
-1.2838226556778
-1.12295174598694
-1.16476964950562
-1.14087378978729
-1.19819557666779
-1.15111482143402
-1.08013820648193
-0.879583120346069
-1.02210521697998
-1.26447832584381
-1.17074370384216
-0.906608283519745
-0.861803412437439
-1.22081136703491
-1.409987449646
-1.39206552505493
-1.53032052516937
-1.90113413333893
-2.25630164146423
-2.27393913269043
-2.10396504402161
-1.8083952665329
-1.60584878921509
-1.59475421905518
-1.61850786209106
-1.43046963214874
-0.950701951980591
-0.815718352794647
-1.17700207233429
-1.77994763851166
-1.89814722537994
-1.64126598834991
-1.39931964874268
-1.47058069705963
-1.49589896202087
-1.02381217479706
-0.288727730512619
0.365992367267609
0.518613398075104
0.571241319179535
0.607369720935822
0.60040009021759
0.428150236606598
-0.04251429438591
-0.128994807600975
0.101430252194405
0.584469437599182
0.980743646621704
1.03337156772614
0.951015949249268
0.85728132724762
1.0212813615799
0.899099230766296
0.954002976417542
2.18066072463989
2.84277725219727
1.47800660133362
-0.510334074497223
-0.0846166461706161
1.40432751178741
1.83544993400574
0.988993465900421
0.613201439380646
0.997954428195953
1.07262921333313
1.51242816448212
2.08635711669922
2.24182295799255
1.25085306167603
0.762551009654999
0.98629093170166
1.18428575992584
1.72151756286621
2.4957172870636
3.23521113395691
2.76369309425354
2.17568254470825
2.330721616745
2.5513322353363
1.76760256290436
1.09936988353729
1.32268309593201
1.35312187671661
1.14929533004761
1.04062569141388
1.1373473405838
1.12099003791809
1.04076790809631
0.6860271692276
-0.024307869374752
-0.53422999382019
-0.53721696138382
-0.817140758037567
-1.95248198509216
-2.5777587890625
-2.08362507820129
-1.24044013023376
-0.807753086090088
-0.537359237670898
-0.362264633178711
-0.189019113779068
-0.101400695741177
-0.177497863769531
-0.334386020898819
-0.470934212207794
-0.362264633178711
-0.30280926823616
-0.358566433191299
-0.274503976106644
0.130020022392273
0.23157773911953
-0.130274951457977
-0.219884693622589
0.00926022604107857
0.13044673204422
-0.158295780420303
