% Type: Timesignal
% Date: 11-DEC-24 12:05:48
% NoOfItems: = 4096
% Unit_Y: = mm/s
% Unit_X: = Sec
% Min_X: = 0
% Max_X: = 1.60000002384186
% MinDisplay_X: = 0
% MaxDisplay_X: = 1.60000002384186
3.7970917224884
4.1441912651062
4.09032392501831
3.99372744560242
3.87971520423889
3.66991639137268
3.46396517753601
3.34084010124207
3.38113927841187
3.45424485206604
3.71406316757202
3.9586935043335
4.2523307800293
4.30599546432495
4.4078574180603
4.38578367233276
4.25678586959839
5.3762526512146
6.26769495010376
5.4775071144104
3.16506266593933
2.5144031047821
3.34975051879883
3.72479605674744
3.34813046455383
3.46254777908325
4.2778468132019
4.40319967269897
4.62130117416382
5.12615489959717
5.03239345550537
3.9064462184906
3.48077344894409
4.36310291290283
4.74381875991821
4.7527289390564
5.51598358154297
6.3896050453186
5.77154922485352
4.74260377883911
4.75920963287354
4.88253688812256
4.04658222198486
3.29831337928772
3.94046759605408
4.4434986114502
3.70960807800293
3.12435865402222
3.38599944114685
3.57392740249634
3.23371315002441
2.84813714027405
2.1557605266571
1.54681766033173
1.52413666248322
1.58063650131226
0.914788722991943
-0.0807429254055023
-0.0195853691548109
0.842493176460266
1.24548506736755
1.32000815868378
1.67784059047699
1.96439003944397
1.80501592159271
1.46399164199829
1.44779098033905
1.50064563751221
1.621138215065
1.87285625934601
2.20861530303955
2.38115239143372
2.45203042030334
2.35300374031067
2.09804558753967
1.9163955450058
1.73110032081604
1.43462789058685
0.810496807098389
0.801181435585022
1.27970898151398
1.70983695983887
1.61769556999207
1.15172362327576
0.978781342506409
0.871249377727509
1.00024724006653
1.15293860435486
1.28922688961029
1.09360361099243
0.687371671199799
0.71066015958786
0.982426524162292
1.26350831985474
1.09886884689331
0.793891131877899
0.691624343395233
0.914788722991943
1.25621795654297
1.39939141273499
1.57516884803772
1.89938485622406
2.61039209365845
3.14562201499939
3.2489013671875
3.01419401168823
2.81877326965332
2.8631227016449
2.77381634712219
2.62639021873474
2.45405554771423
2.48463439941406
2.54963946342468
2.66365170478821
2.81006550788879
2.97936248779297
3.24910378456116
3.52127528190613
3.45242238044739
4.18509769439697
5.60103702545166
5.3163104057312
2.92428016662598
1.13714301586151
1.65293204784393
2.6760048866272
2.85400986671448
2.61666989326477
3.13387656211853
3.73066902160645
3.69401478767395
3.94289779663086
4.23977518081665
3.64217281341553
2.5966215133667
2.69686317443848
3.55610656738281
4.07311058044434
4.63750171661377
5.38111305236816
5.24198961257935
4.07128810882568
3.48684883117676
3.7711706161499
3.36898875236511
2.24263668060303
2.38520264625549
3.38093686103821
3.13428139686584
2.16406345367432
2.25762224197388
2.86028742790222
2.64117336273193
1.9287486076355
1.39048111438751
0.75683206319809
0.410745114088058
0.542983174324036
0.217957064509392
-0.810178399085999
-1.4249941110611
-0.792965173721313
-0.0246480815112591
0.224032312631607
0.446184098720551
0.830747663974762
1.0470267534256
0.865174114704132
0.768172562122345
0.627631664276123
0.645249903202057
0.760477244853973
1.03568625450134
1.16448163986206
1.04844427108765
1.01179027557373
0.91337114572525
0.944152414798737
0.692636907100677
0.369230896234512
-0.162151336669922
-0.27616360783577
-0.0303183179348707
0.16773496568203
0.210464254021645
0.0458248630166054
0.0610129982233047
0.00755076482892036
0.105362355709076
0.199326276779175
0.235980316996574
0.0808588266372681
-0.262190520763397
-0.417514503002167
-0.517351150512695
-0.339143723249435
-0.234649360179901
-0.283453911542892
-0.644526481628418
-0.774941921234131
-0.511478424072266
-0.132585093379021
0.134523570537567
0.373483568429947
0.907700896263123
1.47755968570709
1.76694428920746
1.6602224111557
1.44475340843201
1.34572672843933
1.2066034078598
0.983439087867737
0.823254883289337
1.02090311050415
1.34046149253845
1.58023154735565
1.66629755496979
1.56463837623596
1.61283540725708
1.65131199359894
1.649489402771
1.58002901077271
2.70638108253479
3.55266404151917
2.58487606048584
0.641199767589569
0.200338825583458
1.31271779537201
1.71773481369019
1.28213906288147
1.24892771244049
1.99841153621674
1.89695477485657
1.88824689388275
2.68552279472351
2.83173394203186
1.7276576757431
1.13430786132813
2.01218199729919
2.79264974594116
2.92569780349731
3.24849629402161
3.67700409889221
3.01601648330688
1.86394584178925
1.81655883789063
2.13996481895447
1.44252574443817
1.03264856338501
1.8357971906662
2.07009959220886
1.0857058763504
0.624189019203186
1.01017022132874
0.962580680847168
0.402847290039063
-0.0564419105648994
-0.353521823883057
-0.815848648548126
-0.971577644348145
-0.879436314105988
-1.44970011711121
-2.41343784332275
-2.49282121658325
-1.69453287124634
-1.36363410949707
-1.34520578384399
-1.11475110054016
-0.869310915470123
-0.967729985713959
-1.20385491847992
-1.08599495887756
-1.10644829273224
-1.00499153137207
-0.756108641624451
-0.520996332168579
-0.625895738601685
-0.660929679870605
-0.567775785923004
-0.701228857040405
-0.995473682880402
-1.47845637798309
-1.79315447807312
-2.00639581680298
-1.8761830329895
-1.65018355846405
-1.48513913154602
-1.64269077777863
-1.74759006500244
-1.4904043674469
-1.31138682365417
-1.27918803691864
-1.40717339515686
-1.54042398929596
-1.9316703081131
-2.40148997306824
-2.55478882789612
-2.14531683921814
-1.75528538227081
-1.80712759494781
-2.26256918907166
-2.45535731315613
-2.18865346908569
-1.67367446422577
-1.39927554130554
-1.34925591945648
-1.12224400043488
-0.619212925434113
-0.132585093379021
0.0486599840223789
0.0219288654625416
-0.110309161245823
-0.267860740423203
-0.636426150798798
-0.986765801906586
-1.24455904960632
-1.2255232334137
-1.05359363555908
-0.754083573818207
-0.500137984752655
-0.255102723836899
0.0531151704490185
0.217957064509392
0.272026807069778
0.807256698608398
1.86941361427307
1.50489830970764
-0.391795933246613
-1.99566292762756
-1.78728175163269
-0.859387993812561
-0.319095402956009
-0.208728283643723
0.145256519317627
0.602318108081818
0.510379314422607
0.679473876953125
0.987894237041473
0.594015300273895
0.0095758493989706
0.35039758682251
1.00652503967285
1.2752537727356
1.69586384296417
2.22258830070496
1.97309792041779
0.896967947483063
0.166722416877747
0.267369121313095
-0.0396337062120438
-0.677130341529846
-0.467534095048904
0.176037803292274
-0.108284078538418
-0.971172630786896
-1.04225313663483
-0.813823580741882
-1.01390194892883
-1.6516010761261
-2.07261610031128
-2.48917603492737
-2.67123126983643
-2.52704524993896
-2.75101947784424
-3.44562363624573
-4.00171184539795
-3.6384117603302
-3.0161030292511
-2.59448051452637
-2.33972477912903
-2.050137758255
-1.84033894538879
-1.8798280954361
-1.87294280529022
-2.03920221328735
-1.97662723064423
-1.83466875553131
-1.70769596099854
-1.69574797153473
-1.71194863319397
-1.61859226226807
-1.75386786460876
-1.94118821620941
-2.39541459083557
-2.79719138145447
-3.14064574241638
-3.15036630630493
-2.81804990768433
-2.54425835609436
-2.3079309463501
-2.31238627433777
-2.11413049697876
-2.06532597541809
-2.05216288566589
-2.16475749015808
-2.41222286224365
-2.73907160758972
-3.32047343254089
-3.62707114219666
-3.54849791526794
-3.12971043586731
-2.94482016563416
-3.10966205596924
-3.22104167938232
-3.17365479469299
-2.759929895401
-2.49889659881592
-2.39743971824646
-2.28849029541016
-1.85998237133026
-1.33143520355225
-1.08842504024506
-1.03415274620056
-1.17246603965759
-1.25873470306396
-1.44747257232666
-1.68724262714386
-1.80652010440826
-1.69635546207428
-1.44625747203827
-1.29700875282288
-1.1827939748764
-1.15383529663086
-1.03719043731689
-0.90819251537323
-0.893409430980682
-0.872956037521362
0.151939302682877
0.780323088169098
-0.457206159830093
-2.59488558769226
-3.10783958435059
-1.80003976821899
-1.12831926345825
-1.38773262500763
-1.30693173408508
-0.526059031486511
-0.660524666309357
-0.718239605426788
0.0215238481760025
0.113057672977448
-0.973400235176086
-1.56067478656769
-0.614757776260376
0.0425847284495831
0.0636456087231636
0.267976641654968
0.891905248165131
0.419047981500626
-0.911027610301971
-1.1034107208252
-0.713784396648407
-0.975020289421082
-1.36829173564911
-1.07465445995331
-1.13986217975616
-1.91546964645386
-1.93835306167603
-1.50437748432159
-1.7453625202179
-2.50355410575867
-2.62222409248352
-2.57098960876465
-3.10338425636292
-3.40269184112549
-3.33869910240173
-3.53533482551575
-4.45452070236206
-4.55375003814697
-3.99664902687073
-3.52601957321167
-3.3994517326355
-3.34052181243896
-3.07138800621033
-3.2550630569458
-3.21962404251099
-3.18904542922974
-3.16798448562622
-3.20808124542236
-2.99200463294983
-2.67771148681641
-2.79921650886536
-2.84235095977783
-2.65908074378967
-2.55296635627747
-3.22650933265686
-3.84335017204285
-3.9217209815979
-3.81297397613525
-3.87696671485901
-3.8423376083374
-3.44015598297119
-3.2003858089447
-3.12282514572144
-3.1560366153717
-3.1716296672821
-3.19734811782837
-3.35489988327026
-3.6540048122406
-4.36663198471069
-4.89497661590576
-4.86743545532227
-4.2516074180603
-3.72792029380798
-3.80669617652893
-4.04930114746094
-4.10337114334106
-3.7333881855011
-3.47620248794556
-3.34092664718628
-3.2119288444519
-2.73947668075562
-2.0633008480072
-1.61352956295013
-1.46023058891296
-1.56735754013062
-1.59530377388
-1.76622092723846
-1.84459161758423
-1.94078314304352
-1.90898931026459
-1.70202565193176
-1.45213031768799
-1.29842638969421
-1.39563035964966
-1.34702837467194
-1.35330617427826
-1.2239031791687
-1.45597791671753
-0.918520450592041
0.428970873355865
0.599280476570129
-0.989398419857025
-2.58779764175415
-2.3310170173645
-1.6100869178772
-1.45597791671753
-1.66921937465668
-1.15403783321381
-0.799647986888885
-0.786687433719635
-0.201640486717224
0.38219141960144
-0.146153166890144
-1.21803045272827
-0.997093737125397
-0.299654573202133
-0.291959255933762
-0.419134587049484
0.0233464259654284
0.464004844427109
-0.282643854618073
-0.907990038394928
-0.683003127574921
-0.540032148361206
-0.717429518699646
-0.727959990501404
-0.804305672645569
-1.60583424568176
-2.00963616371155
-1.65970146656036
-1.39502286911011
-1.95860397815704
-2.41242551803589
-2.38933944702148
-2.78261089324951
-3.16980695724487
-3.2406849861145
-3.41200709342957
-4.4490532875061
-5.0288348197937
-4.45573568344116
-3.5762414932251
-3.28280687332153
-3.29171705245972
-2.96507096290588
-2.86827206611633
-3.02663350105286
-3.20382857322693
-3.26721358299255
-3.20403099060059
-3.02744364738464
-2.78423094749451
-2.7718780040741
-2.82412505149841
-2.72044086456299
-2.65320801734924
-3.07219791412354
-3.75809407234192
-3.99583911895752
-3.84983038902283
-3.71495985984802
-3.72002267837524
-3.48065757751465
-2.97944903373718
-2.54790353775024
-2.4128303527832
-2.52805781364441
-2.7056577205658
-2.8018491268158
-2.99686479568481
-3.53715753555298
-4.32916784286499
-4.65075159072876
-4.22831869125366
-3.62302112579346
-3.43003034591675
-3.77307987213135
-3.83889508247375
-3.45676159858704
-2.89156055450439
-2.6262743473053
-2.67487645149231
-2.62040162086487
-2.21882724761963
-1.57323026657104
-1.18745172023773
-1.02058470249176
-1.02828001976013
-1.10057556629181
-1.32313239574432
-1.57302784919739
-1.78647172451019
-1.90838181972504
-1.85795724391937
-1.85289454460144
-1.84823679924011
-1.70182323455811
-1.44342243671417
-1.09490537643433
-0.964489877223969
-0.556232810020447
0.908105909824371
1.37428045272827
-0.219866245985031
-2.5193498134613
-3.05619978904724
-2.1829833984375
-1.34014308452606
-1.21863794326782
-1.04245567321777
-0.501960515975952
-0.509250819683075
-0.539019584655762
-0.0424688272178173
-0.143925562500954
-1.15039265155792
-1.45415532588959
-0.731402635574341
-0.316462785005569
-0.296414434909821
0.344929873943329
1.09218609333038
0.689396798610687
-0.435942769050598
-0.68178802728653
-0.396048605442047
-0.610707581043243
-1.05885887145996
-0.855945348739624
-0.861210584640503
-1.64066565036774
-1.78282654285431
-1.34925591945648
-1.24253404140472
-1.92255747318268
-2.31461381912231
-2.50578188896179
-2.86624693870544
-3.17000961303711
-3.29961490631104
-3.78563523292542
-4.71292161941528
-4.57217836380005
-3.6667628288269
-3.04809951782227
-3.00820541381836
-2.68722939491272
-2.26560688018799
-2.27370715141296
-2.61452889442444
-2.83789563179016
-2.72226333618164
-2.73380637168884
-2.57078695297241
-2.37334132194519
-2.28464245796204
-2.33992743492126
-2.30023574829102
-2.34357261657715
-2.94745278358459
-3.45777416229248
-3.53513240814209
-3.35145711898804
-3.27146625518799
-3.09062623977661
-2.54324579238892
-2.11858558654785
-2.04527759552002
-2.29962825775146
-2.48613858222961
-2.56916689872742
-2.78382587432861
-3.40532445907593
-4.14326524734497
-4.3465838432312
-3.88931965827942
-3.18074250221252
-2.86543679237366
-2.83425045013428
-2.75648736953735
-2.73643898963928
-2.78828120231628
-2.88183999061584
-2.82675766944885
-2.58658266067505
-2.01793885231018
-1.34804093837738
-0.984943211078644
-0.80977338552475
-0.734642744064331
-0.60604989528656
-0.601594686508179
-0.74740082025528
-0.885511577129364
-0.8753861784935
-0.805723249912262
-0.81463360786438
-0.920545518398285
-1.01126933097839
-1.01187682151794
-0.754691123962402
-0.642501413822174
-0.280416280031204
1.46743428707123
2.6928129196167
1.54236245155334
-0.993448555469513
-2.25122857093811
-1.7054682970047
-0.509453356266022
-0.0398362167179585
0.0199037808924913
0.415605336427689
0.568296730518341
0.487698346376419
0.852213561534882
1.10210907459259
0.365585744380951
-0.364659786224365
-0.217841163277626
0.25906628370285
0.582472324371338
1.28740429878235
2.23089122772217
1.9957789182663
0.852213561534882
0.304833203554153
0.766754984855652
0.808066725730896
0.100502148270607
-0.123472213745117
0.249548375606537
-0.128534927964211
-0.796812891960144
-0.490012526512146
0.0691133365035057
-0.123674720525742
-0.822936475276947
-1.34095311164856
-1.66496670246124
-1.77229619026184
-1.75022268295288
-2.1151430606842
-3.0794882774353
-3.46486186981201
-2.73724889755249
-1.95779395103455
-1.89440870285034
-1.78140902519226
-1.31665205955505
-1.05906128883362
-1.36444413661957
-1.8350738286972
-1.63135027885437
-1.13479948043823
-0.913457751274109
-1.07343947887421
-1.11981391906738
-0.959832191467285
-0.864450693130493
-1.04306316375732
-1.52381825447083
-1.91668462753296
-1.96245157718658
-1.88954854011536
-1.79538214206696
-1.51025021076202
-0.962869822978973
-0.471989274024963
-0.321727991104126
-0.457206159830093
-0.683205604553223
-0.839947164058685
-1.17327606678009
-1.74232494831085
-2.52907037734985
-2.87637233734131
-2.7212507724762
-2.20505666732788
-1.77492880821228
-1.52078068256378
-1.49688458442688
-1.61251699924469
-1.51470541954041
-1.44747257232666
-1.30429911613464
-1.02746999263763
-0.458826243877411
0.292885184288025
0.879957258701324
1.06910014152527
1.05026686191559
0.892715275287628
0.774247825145721
0.612646043300629
0.335816979408264
0.102324724197388
0.00694323936477304
0.0326618142426014
0.142016381025314
0.425933241844177
0.922079026699066
1.41761720180511
1.86536347866058
1.77666473388672
2.31533718109131
3.56805467605591
3.56076431274414
1.94778442382813
-0.0390261821448803
-0.67004257440567
0.0976670309901237
1.28963184356689
1.61870813369751
1.8892594575882
2.28010082244873
2.14280009269714
1.98889362812042
2.26754522323608
2.14948272705078
1.2987447977066
1.12539744377136
1.58691430091858
1.92024326324463
2.16264581680298
3.20515942573547
3.91636919975281
3.14906454086304
1.94110155105591
1.92449593544006
2.5431592464447
2.00468921661377
1.20700836181641
1.4076943397522
1.70659685134888
0.898993015289307
0.423098146915436
0.984856605529785
1.396151304245
0.950835227966309
0.142016381025314
-0.434930235147476
-0.903129816055298
-0.931278467178345
-0.855945348739624
-1.4492951631546
-2.27107453346252
-2.04993534088135
-0.985348224639893
-0.546714901924133
-0.515123605728149
-0.290744215250015
0.0128159848973155
-0.0631246864795685
-0.459433764219284
-0.619212925434113
-0.551980137825012
-0.317475318908691
-0.0746676698327065
0.093819372355938
0.0721509680151939
0.148699164390564
0.293087691068649
0.0701258778572083
-0.520186305046082
-0.86566573381424
-0.732617676258087
-0.615365266799927
-0.439385414123535
-0.0651497766375542
0.423503160476685
0.612038552761078
0.45691704750061
0.32083135843277
0.0946294069290161
-0.222903877496719
-0.68563574552536
-1.19190692901611
-1.67630708217621
-1.88954854011536
-1.53779137134552
-0.938771307468414
-0.41407185792923
-0.183414712548256
-0.079325370490551
-0.139065369963646
-0.285681486129761
-0.487582445144653
-0.367494910955429
0.297340393066406
1.05654466152191
1.74649095535278
1.92429339885712
1.91680061817169
1.75803399085999
1.63936400413513
1.53648972511292
1.22361409664154
0.961973190307617
0.722000658512115
0.726050794124603
0.854036152362823
1.16164648532867
1.73272037506104
2.37143206596375
2.85967993736267
2.65838670730591
2.79467487335205
4.05569505691528
4.59376001358032
3.24100351333618
1.30137741565704
0.418642938137054
0.690206825733185
1.65293204784393
2.3835825920105
2.85218715667725
3.12233352661133
2.87729835510254
2.61747980117798
2.89390397071838
3.02593946456909
2.30662941932678
1.7963080406189
2.06544184684753
2.95404887199402
3.58810305595398
4.09801912307739
4.4797477722168
4.12009286880493
3.17822575569153
2.61828994750977
2.87142539024353
2.66041159629822
2.13611721992493
2.13348460197449
2.52371835708618
2.0779972076416
1.53405964374542
1.85179531574249
2.18350434303284
1.86435091495514
1.0881359577179
0.635326981544495
0.156394481658936
0.0292191710323095
0.0500775426626205
-0.269683331251144
-1.01835715770721
-1.41122353076935
-0.851490139961243
-0.209943324327469
-0.0566444173455238
0.114475235342979
0.517467081546783
0.732328593730927
0.410137593746185
0.194466084241867
0.365585744380951
0.719773054122925
0.907093346118927
0.903245687484741
0.850188493728638
0.832772791385651
0.904663264751434
0.559588849544525
-0.0647447556257248
-0.384708136320114
-0.304717302322388
0.0468374080955982
0.344119846820831
0.778297960758209
1.314337849617
1.81372380256653
1.94393670558929
1.51137864589691
0.981008946895599
0.552096009254456
0.228690013289452
-0.41812202334404
-1.22410571575165
-1.5155154466629
-1.0483283996582
-0.455788612365723
-0.199412882328033
0.060607984662056
0.474535286426544
0.778095483779907
0.802801489830017
0.627631664276123
0.364168167114258
0.398797124624252
0.877932131290436
1.56747353076935
2.03304052352905
2.21286797523499
2.1557605266571
2.07009959220886
1.94616436958313
1.75398373603821
1.51198613643646
1.39473378658295
1.41093444824219
1.6351113319397
2.02777528762817
2.4082887172699
2.81067299842834
3.14298939704895
3.31532406806946
3.07190895080566
3.57635736465454
4.92465877532959
5.09112071990967
3.55003142356873
1.56585335731506
0.770197629928589
1.24285244941711
2.16386079788208
2.64583110809326
3.13225650787354
3.37283635139465
3.11139798164368
3.2489013671875
3.61685919761658
3.24707865715027
2.32019734382629
2.24506688117981
3.1205108165741
3.54557609558105
3.64946293830872
3.9702365398407
4.32968902587891
3.8533890247345
2.99029803276062
2.84125185012817
2.85887002944946
2.66344928741455
2.5407292842865
2.88884115219116
2.71103882789612
1.84207499027252
1.74142825603485
2.2758481502533
2.32991790771484
1.50064563751221
0.823659896850586
0.366800785064697
0.109615035355091
0.0954394415020943
0.0482549667358398
-0.540234625339508
-1.19798219203949
-0.950921833515167
-0.293376803398132
0.0344843901693821
0.152344316244125
0.457524567842484
0.7132927775383
0.5128093957901
0.196491166949272
0.172392651438713
0.428970873355865
0.736378729343414
0.873274445533752
0.77728545665741
0.65416032075882
0.708230078220367
0.552298545837402
0.0215238481760025
-0.50439065694809
-0.470571726560593
-0.117599464952946
0.202566415071487
0.522732317447662
1.02738344669342
1.30178236961365
1.23900473117828
1.02394080162048
0.779918074607849
0.301188051700592
-0.349674165248871
-0.839137136936188
-1.19352698326111
-1.46407830715179
-1.47744381427765
-1.00154888629913
-0.470571726560593
-0.249027460813522
-0.219056203961372
-0.0163452345877886
0.187985807657242
0.285999894142151
0.386241585016251
0.572751879692078
0.942127346992493
1.30097234249115
1.65151453018188
1.85321295261383
1.73859310150146
1.53122448921204
1.3015798330307
1.1420031785965
1.08955347537994
1.09967887401581
1.29023933410645
1.63835144042969
1.95426464080811
2.19140195846558
2.42246413230896
2.50063252449036
2.44676518440247
2.12599182128906
2.33376550674438
3.76307034492493
4.75029897689819
3.95565581321716
2.20193243026733
1.09664130210876
0.888260066509247
1.36091482639313
1.80805349349976
2.11890411376953
2.34935855865479
2.03628063201904
1.73960566520691
2.47025632858276
3.15331721305847
2.85643982887268
2.54680442810059
2.95121383666992
3.25943160057068
3.03221726417542
3.14724206924438
3.59802579879761
3.44857454299927
2.45466303825378
2.1290295124054
2.51825070381165
2.45527052879333
2.15029287338257
2.57799077033997
2.93987345695496
1.97046530246735
1.23880219459534
1.63004863262177
1.84187245368958
1.18432748317719
0.457727074623108
0.103134758770466
-0.29904705286026
-0.511275947093964
-0.411236733198166
-0.705279052257538
-1.63135027885437
-2.00558590888977
-1.28708589076996
-0.637438714504242
-0.446878224611282
-0.165391460061073
0.248535841703415
0.292885184288025
-0.104638926684856
-0.259355396032333
-0.0422663167119026
0.308478355407715
0.404264837503433
0.368420839309692
0.271014273166656
0.257648706436157
0.143433943390846
-0.299654573202133
-0.782232224941254
-0.933303594589233
-0.655056953430176
-0.320917963981628
-0.00439723487943411
0.451449334621429
0.967238366603851
1.20052814483643
0.94779759645462
0.364573180675507
-0.258950382471085
-0.832251846790314
-1.4106160402298
-2.01773643493652
-2.41242551803589
-2.40898275375366
-1.90230655670166
-1.32029724121094
-0.959427177906036
-0.868298351764679
-0.765424072742462
-0.469154179096222
-0.0985636711120605
0.165507361292839
0.2228172570467
0.320021331310272
0.505924105644226
0.715925395488739
0.824267387390137
0.80685168504715
0.810294330120087
0.69182687997818
0.560601413249969
0.539337992668152
0.768982589244843
1.23981475830078
1.67237281799316
1.90444755554199
1.91153538227081
1.90546011924744
1.81777393817902
1.60291242599487
1.37367284297943
1.17501211166382
2.57596564292908
4.51862955093384
4.64600706100464
2.67478966712952
0.930179357528687
0.506734132766724
0.803611516952515
1.11284196376801
1.25743305683136
1.67257535457611
1.57253623008728
1.41174447536469
1.99132370948792
3.00892877578735
2.9293429851532
2.41679406166077
2.62233996391296
2.59277391433716
1.95831477642059
1.84693515300751
2.70557117462158
2.917799949646
2.18573188781738
1.87305879592896
2.30035161972046
2.32789278030396
1.94717681407928
2.4250967502594
2.90767455101013
2.05936646461487
0.798346340656281
0.746301651000977
1.08631336688995
0.802599012851715
0.232537671923637
-0.278391182422638
-0.718037068843842
-1.00296652317047
-0.784459829330444
-0.772916853427887
-1.61109936237335
-2.31157612800598
-1.98229742050171
-1.34642088413239
-1.11110603809357
-0.750033378601074
-0.372355103492737
-0.33347350358963
-0.701431393623352
-0.895231962203979
-0.822126448154449
-0.672877669334412
-0.395441085100174
-0.189084962010384
-0.209943324327469
-0.403541415929794
-0.420552134513855
-0.585394024848938
-1.04043054580688
-1.30207145214081
-1.22775089740753
-0.882473945617676
-0.623465597629547
-0.258545368909836
0.223019778728485
0.491748511791229
0.378951281309128
0.0610129982233047
-0.339953750371933
-1.12264895439148
-1.7972047328949
-2.26297426223755
-2.60278344154358
-2.87981486320496
-2.80387425422668
-2.13903903961182
-1.51814806461334
-1.15849304199219
-1.08599495887756
-0.899484634399414
-0.69150847196579
-0.62164306640625
-0.526666581630707
-0.464091449975967
-0.198400348424911
-0.0598845556378365
0.0875416100025177
0.0464323908090591
0.0164611376821995
0.0150435781106353
-0.0596820451319218
0.0182837136089802
0.0399521179497242
0.287012457847595
0.481015563011169
0.762502312660217
0.906283318996429
1.10109651088715
1.27950644493103
1.2333345413208
1.22401916980743
0.856871247291565
1.38967108726501
2.67883992195129
3.13529396057129
2.15758323669434
0.562018930912018
-0.0659598112106323
0.0172711703926325
0.508556723594666
0.785790801048279
1.08388328552246
1.09866642951965
0.734758675098419
0.869021773338318
1.54519760608673
2.04478597640991
1.91963565349579
1.89857482910156
1.97654056549072
1.72158241271973
1.42875516414642
1.58650922775269
1.72158241271973
1.23110687732697
0.976756274700165
1.36759757995605
1.54458999633789
1.3542320728302
1.56058824062347
2.09703302383423
1.73555552959442
0.566879153251648
-0.00216964166611433
0.0816688612103462
0.0156511031091213
-0.432297617197037
-0.876601219177246
-1.28506076335907
-1.53779137134552
-1.38894760608673
-1.35411620140076
-1.9978905916214
-2.91302633285522
-3.00719285011292
-2.30266571044922
-1.82839095592499
-1.46934342384338
-0.933708608150482
-0.600987195968628
-0.814228594303131
-1.20709502696991
-1.38084733486176
-1.36383652687073
-1.23402869701385
-1.06695914268494
-0.939378798007965
-0.950516760349274
-0.926823318004608
-1.02038216590881
-1.3439906835556
-1.65322113037109
-1.71579623222351
-1.51369285583496
-1.21803045272827
-0.910420119762421
-0.478672057390213
-0.203058034181595
-0.117194451391697
-0.359394580125809
-0.912647724151611
-1.71539127826691
-2.40999531745911
-2.75608229637146
-3.0794882774353
-3.37170791625977
-3.37980842590332
-2.81501221656799
-2.0805139541626
-1.56553494930267
-1.46023058891296
-1.39502286911011
-1.2905285358429
-1.12993931770325
-1.09875297546387
-1.13176190853119
-1.05420112609863
-0.834681928157806
-0.49021503329277
-0.447688281536102
-0.554005205631256
-0.613542675971985
-0.573446035385132
-0.478874564170837
-0.354534387588501
-0.171264216303825
0.103539779782295
0.444969058036804
0.615076184272766
0.708230078220367
0.794296145439148
0.744276583194733
0.561411440372467
0.295517802238464
0.221804723143578
1.53790724277496
2.68268752098083
2.35786414146423
0.671576023101807
-0.56676322221756
-0.780612170696259
-0.284061431884766
0.13330851495266
0.282152235507965
0.441728919744492
0.373281061649323
0.355662822723389
0.921876490116119
1.57739639282227
1.49153280258179
1.17804968357086
1.19728803634644
1.06727755069733
0.732531070709229
0.909928500652313
1.52332663536072
1.53021192550659
0.900005578994751
0.891500234603882
1.38035571575165
1.35200452804565
0.95367032289505
1.20862853527069
1.55593049526215
0.650312662124634
-0.406579047441483
-0.436145275831223
-0.116789430379868
-0.369520008563995
-0.791547656059265
-1.12102890014648
-1.62081980705261
-1.90757179260254
-1.68521749973297
-1.78140902519226
-2.74372935295105
-3.37089800834656
-2.97074127197266
-2.29902076721191
-2.05661797523499
-1.7305793762207
-1.26156973838806
-1.17914879322052
-1.55196690559387
-1.83568131923676
-1.71599876880646
-1.49283444881439
-1.17408609390259
-1.0359753370285
-1.22977590560913
-1.20081722736359
-1.1815789937973
-1.29154109954834
-1.65848636627197
-1.96832430362701
-1.73240196704865
-1.41932392120361
-1.12953424453735
-0.988385856151581
-0.622048079967499
-0.42298224568367
-0.453966021537781
-0.888346672058105
-1.78019392490387
-2.51367974281311
-2.98228430747986
-3.23481225967407
-3.63375401496887
-3.76599192619324
-3.34011673927307
-2.48877120018005
-1.69453287124634
-1.52057814598083
-1.52726089954376
-1.48979687690735
-1.31057679653168
-1.29802131652832
-1.51693296432495
-1.56695258617401
-1.50295984745026
-1.19919717311859
-1.01896464824677
-0.974007785320282
-0.964894890785217
-0.788510024547577
-0.347244054079056
-0.0568469278514385
-0.0139151327311993
-0.177744477987289
-0.113144278526306
0.164899840950966
0.443146467208862
0.635326981544495
0.647882521152496
0.416010349988937
0.213501870632172
-0.0501641482114792
0.589357614517212
2.00630927085876
2.65413379669189
1.50165820121765
-0.437157839536667
-1.21985304355621
-0.843794822692871
-0.240319594740868
-0.0979561433196068
0.294505268335342
0.571131825447083
0.686359167098999
0.967035889625549
1.58853435516357
1.68006813526154
1.12944769859314
0.905068278312683
0.973313629627228
0.653957784175873
0.39555698633194
0.891095221042633
1.42409753799438
1.17156946659088
0.769185125827789
1.11122190952301
1.42976772785187
1.12539744377136
1.06991016864777
1.5014556646347
1.14807844161987
-0.0799328908324242
-0.647766649723053
-0.322133004665375
-0.238902032375336
-0.765221536159515
-1.23848378658295
-1.53536128997803
-1.80226743221283
-1.87861311435699
-1.78019392490387
-2.25062108039856
-3.01650810241699
-2.97195625305176
-2.22004246711731
-1.74759006500244
-1.55459952354431
-1.1568728685379
-0.987170815467834
-1.37355697154999
-1.81360793113708
-1.82373332977295
-1.46812844276428
-1.18623661994934
-0.977855443954468
-0.919735491275787
-0.809975922107697
-0.804103195667267
-1.09409534931183
-1.59226608276367
-1.88610589504242
-1.72187149524689
-1.4628632068634
-1.29316115379333
-1.05156850814819
-0.524438977241516
-0.23545940220356
-0.375797748565674
-0.895434498786926
-1.53252613544464
-2.29638814926147
-2.87191700935364
-3.14712619781494
-3.27571892738342
-3.31115794181824
-3.09346127510071
-2.39966726303101
-1.64471578598022
-1.34054803848267
-1.45901560783386
-1.54751169681549
-1.52462828159332
-1.51045274734497
-1.63600790500641
-1.73078191280365
-1.56958520412445
-1.28526329994202
-0.889764249324799
-0.639261305332184
-0.495682775974274
-0.284871459007263
-0.0501641482114792
0.10151468962431
0.0618230327963829
0.127840787172318
0.32974174618721
0.557158768177032
0.510784327983856
0.402037262916565
0.444969058036804
0.491951018571854
0.451854348182678
0.414187759160995
0.845328271389008
2.26774764060974
3.25882411003113
2.89856171607971
1.15881145000458
-0.0521892346441746
-0.544487297534943
-0.281226307153702
-0.249634981155396
0.204388990998268
0.64666748046875
1.03710377216339
1.59622967243195
2.05389881134033
2.12821936607361
1.24325740337372
0.833380281925201
0.979186415672302
1.20316076278687
1.00247490406036
1.36618006229401
1.94879686832428
1.90262496471405
1.52049148082733
1.53993237018585
1.90627014636993
1.52514922618866
1.13309288024902
1.33843636512756
1.42551505565643
0.565866589546204
-0.220878779888153
0.0897691994905472
0.479192972183228
0.252991020679474
-0.400301277637482
-0.878828763961792
-1.26075971126556
-1.50235235691071
-1.45982563495636
-1.69534289836884
-2.34174990653992
-2.70727777481079
-2.19067859649658
-1.65220856666565
-1.53374111652374
-1.23888885974884
-0.867083311080933
-0.9023197889328
-1.24354648590088
-1.27027761936188
-1.08275485038757
-0.814836144447327
-0.588229119777679
-0.366887390613556
-0.419337093830109
-0.688268303871155
-0.922773122787476
-1.14857006072998
-1.40697085857391
-1.49587213993073
-1.19231188297272
-0.772511839866638
-0.504795670509338
-0.189894989132881
0.137561202049255
0.176847845315933
-0.311805099248886
-0.849667549133301
-1.38145482540131
-1.80935513973236
-2.19108366966248
-2.65827059745789
-2.81744241714478
-2.76357507705688
-2.18500828742981
-1.49283444881439
-1.07850217819214
-1.09004509449005
-1.22653579711914
-1.1548478603363
-1.11576366424561
-1.15849304199219
-1.41628623008728
-1.38753008842468
-1.12285149097443
-0.790535092353821
-0.557042837142944
-0.44586569070816
-0.13521771132946
0.173000186681747
0.436868727207184
0.464004844427109
0.456714540719986
0.618721306324005
0.834392845630646
0.977971315383911
0.935039520263672
1.0330536365509
1.12053728103638
0.982223987579346
0.882589876651764
0.666310787200928
1.54317247867584
3.10532283782959
3.83455586433411
2.40565609931946
0.273646891117096
-0.590659260749817
-0.194350183010101
0.473522752523422
0.787208378314972
1.22928428649902
1.5154287815094
1.73069524765015
2.07637715339661
2.36069917678833
2.11323380470276
1.56119573116302
1.52352917194366
1.41538965702057
1.17197442054749
1.32021069526672
2.14806532859802
2.42631196975708
1.9933488368988
1.78294253349304
2.102703332901
2.14907789230347
1.66508257389069
1.60271000862122
1.91234540939331
1.53810977935791
0.447601675987244
0.0778212025761604
0.492356032133102
0.624189019203186
0.204591497778893
-0.485354840755463
-1.06999683380127
-1.41709625720978
-1.17449116706848
-1.01066184043884
-1.6096818447113
-2.29679298400879
-2.06714844703674
-1.45881307125092
-1.34297823905945
-1.13459694385529
-0.744565665721893
-0.789725065231323
-1.43309450149536
-1.60056900978088
-1.19494450092316
-0.843997359275818
-0.627718269824982
-0.252065092325211
0.102932251989841
-0.104031398892403
-0.515123605728149
-0.775346994400024
-0.940188884735107
-1.20385491847992
-1.16639077663422
-0.794585287570953
-0.520186305046082
-0.276366114616394
0.0397496111690998
0.290455102920532
0.16732993721962
-0.46328142285347
-1.18117392063141
-1.69959557056427
-1.93977069854736
-2.21437215805054
-2.4778356552124
-2.53757572174072
-2.19513392448425
-1.47481119632721
-0.950314283370972
-0.779397130012512
-0.984943211078644
-1.10887837409973
-1.14634251594543
-1.12507903575897
-1.26764500141144
-1.37456953525543
-1.22127056121826
-0.813823580741882
-0.366684883832932
-0.116991944611073
0.105159848928452
0.402037262916565
0.721595644950867
0.862946510314941
0.787005841732025
0.656387865543365
0.696079552173615
0.795308709144592
0.901220619678497
1.08489584922791
1.25439536571503
1.25257277488708
1.13977563381195
1.03588879108429
1.53912234306335
3.17620062828064
4.10713195800781
3.23938345909119
0.994982063770294
-0.322943061590195
-0.138457834720612
0.712077736854553
1.01806795597076
1.2740386724472
1.67115783691406
1.77180457115173
1.81149613857269
2.23271369934082
2.49212718009949
2.0899453163147
1.6083801984787
1.56625843048096
1.55795562267303
1.51583385467529
1.99294376373291
2.57211804389954
2.49313974380493
1.91821813583374
1.97957825660706
2.35664892196655
2.10715866088867
1.56079065799713
1.81716644763947
2.07759237289429
1.26897597312927
0.498228788375854
0.733746111392975
1.05087435245514
0.563031494617462
0.0261815432459116
-0.359394580125809
-0.821923911571503
-1.03293776512146
-0.775954484939575
-0.946669101715088
-1.83304870128632
-2.23826813697815
-1.75305783748627
-1.25549459457397
-1.06250393390656
-0.701633870601654
-0.357774496078491
-0.519983768463135
-0.846427440643311
-0.820911347866058
-0.598354578018188
-0.507225751876831
-0.23505437374115
-0.0311283525079489
-0.232624277472496
-0.52545154094696
-0.61091011762619
-0.589444220066071
-0.815646171569824
-0.890574276447296
-0.702646434307098
-0.278796195983887
0.0861240476369858
0.328324168920517
0.345132380723953
0.198718756437302
-0.0801353976130486
-0.534159362316132
-0.901914775371552
-1.31138682365417
-1.57221782207489
-1.86504507064819
-2.03575968742371
-1.97946226596832
-1.57343280315399
-0.869918406009674
-0.551575124263763
-0.59794956445694
-0.848452508449554
-0.968742549419403
-0.877816259860992
-1.05055594444275
-1.11940884590149
-1.13317942619324
-0.748615860939026
-0.457813680171967
-0.252267599105835
-0.0181678105145693
0.444564044475555
0.995387077331543
1.20194566249847
1.25561046600342
1.10636174678802
1.20680594444275
1.28497421741486
1.41032695770264
1.47877478599548
1.58630681037903
1.67966318130493
1.46500420570374
1.44495582580566
1.30887019634247
2.1170814037323
3.8924732208252
4.6484375
3.00406861305237
0.500051379203796
-0.00986496359109879
0.94293737411499
1.71084952354431
1.71246957778931
1.7803099155426
2.10533595085144
2.26288747787476
2.57414317131042
2.80723023414612
2.61140465736389
1.99031114578247
1.82040655612946
1.77403211593628
1.62458086013794
2.03445792198181
2.82160830497742
3.0893247127533
2.48827958106995
2.1533305644989
2.504075050354
2.82869625091553
2.40565609931946
1.99112117290497
2.27483558654785
1.96337747573853
0.997614681720734
0.700534760951996
1.14382576942444
1.23839724063873
0.732936084270477
0.350600093603134
0.054127711802721
-0.278188675642014
-0.308564960956573
-0.215208545327187
-0.817671239376068
-1.66780173778534
-1.70708847045898
-1.12305402755737
-0.813013553619385
-0.641286373138428
-0.294591873884201
-0.148988276720047
-0.406376540660858
-0.615567803382874
-0.311400055885315
-0.0133076077327132
0.165507361292839
0.317388713359833
0.258863776922226
-0.117194451391697
-0.32942333817482
-0.180984616279602
-0.218448683619499
-0.508643329143524
-0.622858107089996
-0.183212205767632
0.359915494918823
0.523947358131409
0.48729333281517
0.446589112281799
0.324476510286331
-0.0416587926447392
-0.613542675971985
-1.13884961605072
-1.4768363237381
-1.67083942890167
-1.86220991611481
-1.98574006557465
-1.72288405895233
-1.01268684864044
-0.375190228223801
-0.378430366516113
-0.763196468353271
-0.94747918844223
-0.74578070640564
-0.584178984165192
-0.820303857326508
-1.1852240562439
-1.20101976394653
-0.728972554206848
-0.211360886693001
0.0986795723438263
0.331969320774078
0.702154815196991
1.04479908943176
1.10656416416168
0.952455282211304
0.837632954120636
1.0063225030899
1.26674842834473
1.57152366638184
1.80562341213226
1.80137073993683
1.52474415302277
1.30866765975952
1.18453001976013
1.42916023731232
2.86008501052856
4.14884901046753
3.37121629714966
0.922686517238617
-0.212575942277908
0.483445674180984
1.3139328956604
1.57415628433228
1.74952864646912
1.91943323612213
1.97006034851074
2.26653265953064
2.78880214691162
2.72541689872742
1.98302090167999
1.59055948257446
1.74385833740234
1.32426083087921
0.920863926410675
1.62397336959839
2.44271516799927
2.17459392547607
1.52413666248322
1.69687640666962
2.15535545349121
1.95487213134766
1.52008652687073
1.75378131866455
1.7276576757431
0.801788985729218
0.309895902872086
0.361738085746765
0.29531529545784
-0.0554293692111969
-0.114764347672462
-0.477052003145218
-1.24273645877838
-1.39198529720306
-1.05663120746613
-1.21924555301666
-2.21619462966919
-2.50638937950134
-1.88671338558197
-1.37841713428497
-1.29822385311127
-1.0762745141983
-0.717632055282593
-0.969552576541901
-1.41669130325317
-1.47744381427765
-1.18643915653229
-0.970362603664398
-0.804103195667267
-0.828809201717377
-1.25326693058014
-1.5290834903717
-1.52523577213287
-1.53698134422302
-1.71822643280029
-1.77472627162933
-1.4628632068634
-1.02301478385925
-0.911027610301971
-0.999928832054138
-0.98615825176239
-0.953149378299713
-1.12690162658691
-1.83163118362427
-2.66819357872009
-3.13922834396362
-3.25141787528992
-3.40734958648682
-3.77429485321045
-3.8686637878418
-3.38811111450195
-2.55397891998291
-2.2216625213623
-2.50092172622681
-2.89682555198669
-2.92254424095154
-2.84194588661194
-3.02055835723877
-3.45433139801025
-3.68195104598999
-3.45898914337158
-2.86968946456909
-2.4000723361969
-2.12911605834961
-1.80125486850739
-1.35755884647369
-1.02909004688263
-1.03982305526733
-1.14857006072998
-1.19231188297272
-1.14593744277954
-1.11637127399445
-1.10786581039429
-1.23362362384796
-1.45375037193298
-1.67124438285828
-1.71012604236603
-1.61798465251923
-0.508845806121826
1.12620759010315
1.32081818580627
-0.569395840167999
-2.34033250808716
-2.33830738067627
-1.61940228939056
-1.3036915063858
-1.3024765253067
-0.965299904346466
-0.698596239089966
-0.47401437163353
0.0450148321688175
0.210869267582893
-0.479279577732086
-1.47865891456604
-1.4764312505722
-1.40069305896759
-1.78140902519226
-1.68542003631592
-0.59308934211731
0.174215227365494
-0.0606945902109146
-0.491835117340088
-0.29904705286026
-0.0823629945516586
-0.447283238172531
-0.900902211666107
-1.17611122131348
-1.70243072509766
-2.20444917678833
-2.13417887687683
-2.02806425094604
-2.29598307609558
-2.27330207824707
-2.2364456653595
-2.88690280914307
-3.50637602806091
-3.37859320640564
-3.04242920875549
-3.92415118217468
-4.87695360183716
-4.6809253692627
-3.66757297515869
-3.29434967041016
-3.18297004699707
-2.85996913909912
-2.7467668056488
-2.95373058319092
-3.23339462280273
-3.10885190963745
-2.87049961090088
-2.47500061988831
-2.39278197288513
-2.52805781364441
-2.86300683021545
-2.7068727016449
-2.46852016448975
-2.82291007041931
-3.20342350006104
-3.10864949226379
-2.53879070281982
-2.30914616584778
-2.38792181015015
-2.32251167297363
-2.03393697738647
-2.02765941619873
-2.69796228408813
-3.56348347663879
-4.04768133163452
-4.12969732284546
-4.29089403152466
-4.74370288848877
-4.80526542663574
-4.17121124267578
-3.28969216346741
-2.84478092193604
-2.96648859977722
-3.2119288444519
-3.11614227294922
-2.82129001617432
-2.94947791099548
-3.31460070610046
-3.58029174804688
-3.23784995079041
-2.5991382598877
-1.94685840606689
-1.47906386852264
-1.14553248882294
-0.676117837429047
-0.365267336368561
-0.189489975571632
-0.238092005252838
-0.191515058279037
-0.0629221796989441
0.100097134709358
0.153559371829033
0.0294216796755791
-0.191515058279037
-0.354534387588501
-0.2417371571064
-0.144330590963364
0.544198215007782
2.17601132392883
3.2529513835907
2.00266408920288
-0.47806453704834
-1.29660379886627
-0.520996332168579
0.405479907989502
0.489318400621414
0.514226973056793
0.80685168504715
1.13370037078857
1.45528376102448
1.72441756725311
1.49538052082062
0.702762305736542
0.0879466235637665
-0.131977573037148
-0.382480531930923
-0.235864415764809
0.852821111679077
1.86495840549469
2.13571214675903
1.65232455730438
1.51887142658234
1.83802473545074
1.88055157661438
1.49436795711517
0.840873122215271
0.499646335840225
-0.0639347210526466
-0.23282678425312
-0.0932984501123428
-0.00318218395113945
-0.100993774831295
-0.339953750371933
-0.536589503288269
-1.11758625507355
-1.18461656570435
-1.0631115436554
-1.36363410949707
-2.2935528755188
-2.60318827629089
-1.93106281757355
-1.32394242286682
-0.896041989326477
-0.629540860652924
-0.405971527099609
-0.662144720554352
-0.89158684015274
-0.728162467479706
-0.442220538854599
-0.181997165083885
-0.175314381718636
-0.205285638570786
-0.486772388219833
-0.541854679584503
-0.311805099248886
-0.293984353542328
-0.563928127288818
-0.638653755187988
-0.0704149976372719
0.328729182481766
0.173607707023621
-0.174504339694977
-0.106461502611637
0.0136260185390711
-0.148988276720047
-0.805520713329315
-1.37699961662292
-1.50093483924866
-1.52442574501038
-1.66456162929535
-2.03717732429504
-2.09529709815979
-1.56148481369019
-0.893814444541931
-0.757323741912842
-1.23747134208679
-1.56918013095856
-1.39502286911011
-1.20446240901947
-1.40393328666687
-1.89947152137756
-1.84297156333923
-1.37011432647705
-0.769271731376648
-0.245382308959961
0.208236649632454
0.800776422023773
1.28072154521942
1.44353830814362
1.19566798210144
0.797536313533783
0.562828958034515
0.55898129940033
0.551285982131958
0.500658869743347
0.395151972770691
0.33561447262764
0.563233971595764
1.01644790172577
1.45508122444153
2.73473238945007
4.26427888870239
3.93682265281677
1.44860100746155
-0.503378093242645
-0.305932343006134
0.872869431972504
1.48849523067474
1.40222656726837
1.39594876766205
1.67925810813904
1.92024326324463
2.23615646362305
2.29184627532959
1.58752179145813
0.530225098133087
0.212691843509674
0.166519910097122
0.246105745434761
0.959340572357178
2.14482522010803
2.93076038360596
2.63550305366516
2.0376980304718
2.18350434303284
2.68916797637939
2.37143206596375
1.342689037323
0.83864551782608
0.789638459682465
0.494381129741669
0.252788513898849
0.433426082134247
0.600698053836823
0.408922553062439
-0.00378970941528678
-0.493860185146332
-0.72593492269516
-0.51836371421814
-0.563118100166321
-1.46792590618134
-2.31096863746643
-2.01388883590698
-1.14067220687866
-0.669232547283173
-0.563725590705872
-0.316462785005569
-0.160328760743141
-0.296819448471069
-0.423994779586792
-0.25064754486084
0.158217057585716
0.319413810968399
0.0986795723438263
-0.216423600912094
-0.223713904619217
0.113462693989277
0.235575303435326
-0.0613021142780781
-0.385518163442612
-0.117194451391697
0.390494287014008
0.5531085729599
0.451854348182678
0.573561906814575
0.736378729343414
0.318603783845901
-0.435335248708725
-1.09794294834137
-1.24496412277222
-1.34135818481445
-1.6372230052948
-1.91344451904297
-1.67995226383209
-0.990005970001221
-0.491835117340088
-0.217436134815216
-0.34157383441925
-0.702646434307098
-1.03982305526733
-1.15383529663086
-1.32475244998932
-1.53050100803375
-1.46650838851929
-0.969552576541901
-0.276366114616394
0.320223838090897
0.91661125421524
1.47188949584961
1.94616436958313
2.05025362968445
1.79246044158936
1.50064563751221
1.39412617683411
1.48626756668091
1.44252574443817
1.29509961605072
0.994982063770294
0.823659896850586
1.12478995323181
1.80542087554932
2.68815541267395
3.43298149108887
4.42426061630249
4.76710748672485
3.45890259742737
1.39878392219543
0.42107304930687
1.39189863204956
2.57900333404541
3.1982741355896
2.9058518409729
2.98665285110474
3.30236339569092
3.65250062942505
3.72540378570557
3.1304337978363
2.13935732841492
1.31960308551788
1.33458876609802
1.56605589389801
2.26754522323608
3.21568989753723
4.16444206237793
4.43438577651978
3.82058262825012
3.45120716094971
3.66100597381592
3.61847925186157
2.71063375473022
1.94272172451019
1.69181370735168
1.48849523067474
1.42936265468597
1.52190911769867
1.68148577213287
1.63025104999542
1.35645961761475
0.84451824426651
0.379963845014572
0.42735081911087
0.464612364768982
-0.0777053013443947
-1.05663120746613
-1.15626537799835
-0.488392472267151
0.0427872389554977
0.317388713359833
0.596242904663086
0.816572070121765
0.700129747390747
0.653755307197571
0.888057589530945
1.37812805175781
1.69687640666962
1.65718472003937
1.45325875282288
1.24832010269165
1.42024981975555
1.73940312862396
1.69890153408051
1.47107946872711
1.57071363925934
2.05592393875122
2.33599305152893
2.37629222869873
2.48483681678772
2.7318971157074
2.65069127082825
2.00792932510376
1.24366247653961
0.822039842605591
0.718963027000427
0.474737793207169
0.102932251989841
0.020916324108839
0.493368566036224
1.24548506736755
1.81271123886108
2.02757263183594
1.83255708217621
1.48343241214752
1.32021069526672
1.15597629547119
0.852821111679077
0.668740928173065
1.00895512104034
1.74649095535278
2.44129753112793
2.92164754867554
3.32504439353943
3.68004179000854
4.0611629486084
4.10470199584961
3.84852886199951
3.43156385421753
3.37668418884277
3.41232562065125
3.4935314655304
3.520667552948
3.42609620094299
3.53281807899475
3.86067938804626
4.46881246566772
5.01335763931274
6.36307668685913
7.51636219024658
6.96837425231934
4.64560222625732
2.78353691101074
2.93683576583862
4.15634155273438
5.00424480438232
5.05912446975708
5.16139125823975
5.44429540634155
5.61399745941162
5.864905834198
5.83250427246094
5.01720523834229
3.97955179214478
3.45181465148926
3.52390766143799
3.80701470375061
4.83494758605957
6.25129175186157
6.97687959671021
6.51981782913208
5.77580213546753
6.06802177429199
6.2934136390686
5.32704305648804
4.03584909439087
3.89996600151062
3.99008226394653
3.59903836250305
3.42427349090576
3.62090921401978
3.78089094161987
3.6012659072876
3.25517892837524
2.77887916564941
2.42307186126709
2.51642823219299
2.32688021659851
1.35625720024109
0.557158768177032
1.01381528377533
1.91275036334991
2.08184504508972
2.05815148353577
2.19322466850281
2.40646600723267
2.18735194206238
2.1055383682251
2.357661485672
2.67033457756042
2.70779871940613
2.50103759765625
2.32060241699219
2.31918501853943
2.58690118789673
2.58831858634949
2.40221333503723
2.4082887172699
2.7462751865387
3.1205108165741
3.04497528076172
2.91233229637146
2.8890438079834
2.74242758750916
2.12599182128906
1.36496496200562
0.858693838119507
0.518277108669281
0.396367013454437
0.213501870632172
0.228284999728203
0.414592772722244
0.737188756465912
1.09805881977081
1.38926601409912
1.39068353176117
0.979388892650604
0.600293040275574
0.34047469496727
0.349385052919388
0.483648180961609
0.907498359680176
1.5285918712616
2.0624041557312
2.4366397857666
2.58953380584717
2.91840744018555
3.22865033149719
3.41779327392578
3.30074334144592
3.11990332603455
2.96154165267944
2.85887002944946
2.73695993423462
2.48503923416138
2.31877994537354
2.35968661308289
2.73837733268738
3.25396394729614
3.64541292190552
4.73308563232422
6.22152328491211
6.40074300765991
4.46577453613281
2.49678492546082
1.75864148139954
2.37224221229553
3.19746422767639
3.54456353187561
3.54274106025696
3.78048610687256
4.01843357086182
4.12778806686401
4.07452821731567
3.43095636367798
2.39330291748047
1.69566130638123
1.65880477428436
2.05916404724121
3.02047181129456
4.08647632598877
4.55427074432373
4.20575380325317
3.63103485107422
3.54051351547241
3.52552795410156
2.65433645248413
1.75783145427704
1.60716509819031
1.7153046131134
1.43300783634186
1.31636297702789
1.70072400569916
1.84227752685547
1.70619177818298
1.23900473117828
0.754401981830597
0.410947620868683
0.572144389152527
0.490128427743912
-0.337928682565689
-1.16578328609467
-1.09308278560638
-0.453155994415283
-0.0977536365389824
0.213501870632172
0.530022621154785
0.815357029438019
0.829735159873962
0.854441165924072
1.139573097229
1.48606503009796
1.6351113319397
1.47938227653503
1.23151195049286
1.08388328552246
1.30218744277954
1.51299870014191
1.37164783477783
1.20498335361481
1.43179285526276
1.87224876880646
2.27949333190918
2.36555933952332
2.16608858108521
1.97633802890778
1.61708807945251
1.18655502796173
0.520504713058472
-0.0289007592946291
-0.326385706663132
-0.389163315296173
-0.409211665391922
-0.495885282754898
-0.22432142496109
0.226259902119637
0.72888594865799
0.719773054122925
0.340272188186646
-0.104436419904232
-0.445663183927536
-0.607264935970306
-0.746185719966888
-0.551372587680817
-0.0469240136444569
0.571334362030029
0.899600565433502
1.11628460884094
1.41923725605011
1.73778307437897
1.97188293933868
1.79124534130096
1.52535176277161
1.41741466522217
1.42571759223938
1.48545753955841
1.38521587848663
1.21875393390656
1.07537794113159
1.34673929214478
1.92449593544006
2.31128716468811
2.92428016662598
4.2934398651123
5.05973196029663
3.72540378570557
1.56301832199097
0.448411703109741
1.16731679439545
2.20213508605957
2.39087295532227
2.07779479026794
2.36069917678833
2.76875376701355
2.80115509033203
3.08183169364929
2.8902587890625
1.94029152393341
0.876717090606689
0.87307196855545
1.40202403068542
2.17884659767151
3.01682662963867
3.5700798034668
3.40564274787903
2.60330438613892
2.34146094322205
2.64117336273193
2.18512439727783
0.996399581432343
0.797333776950836
1.2201714515686
0.844315767288208
0.260281324386597
0.472307682037354
0.830950200557709
0.536705374717712
-0.0513792000710964
-0.304109752178192
-0.540639638900757
-0.765221536159515
-0.817468702793121
-1.29437613487244
-2.26884698867798
-2.6390323638916
-1.95657885074615
-1.34682583808899
-1.15100014209747
-0.834884464740753
-0.382075518369675
-0.330233365297318
-0.506618201732635
-0.358179539442062
-0.00176462484523654
0.0903767272830009
-0.102006316184998
-0.315045207738876
-0.353319317102432
-0.346839040517807
-0.110916689038277
-0.105448961257935
-0.147773236036301
-0.00723235355690122
0.282354742288589
0.581257224082947
0.522732317447662
0.585104882717133
0.483648180961609
0.14181387424469
-0.391188412904739
-0.809165894985199
-1.13398945331573
-1.59084856510162
-1.80571007728577
-1.70688593387604
-1.38550496101379
-1.17449116706848
-0.85392028093338
-0.516338646411896
-0.358584553003311
-0.398276209831238
-0.614757776260376
-0.442220538854599
-0.285681486129761
-0.229586645960808
-0.385315656661987
-0.308159947395325
0.289645045995712
0.950025141239166
1.42794513702393
1.59967231750488
1.84268248081207
1.99375379085541
2.05470895767212
1.86111080646515
1.68573844432831
1.57091617584229
1.46905434131622
1.43827307224274
1.58711683750153
1.91659808158875
2.40241599082947
2.79892754554749
3.11301803588867
3.2011091709137
4.24402809143066
5.35924196243286
4.85843849182129
2.84428930282593
1.08246564865112
1.1116269826889
2.2355489730835
3.33516979217529
3.30337595939636
3.42508363723755
3.50851702690125
3.14582443237305
2.90504193305969
2.97065472602844
2.53181886672974
1.54256498813629
1.28963184356689
1.73758053779602
2.51683306694031
3.27137970924377
3.78737139701843
3.87181735038757
3.35035800933838
2.86332511901855
2.94189834594727
2.78981447219849
1.77220952510834
1.28902435302734
1.93462133407593
2.17034125328064
1.49700057506561
1.25075018405914
1.7408207654953
1.75114870071411
0.967845916748047
0.465422421693802
0.281342208385468
0.00876581575721502
-0.169846653938293
-0.289529144763947
-1.08700752258301
-1.86261487007141
-1.60137903690338
-0.760361313819885
-0.335498571395874
-0.208323255181313
0.0237514413893223
0.422693133354187
0.465827435255051
0.376926213502884
0.568094193935394
0.778095483779907
0.662463128566742
0.359105467796326
0.159634619951248
0.0626330673694611
0.328729182481766
0.558373808860779
0.552298545837402
0.430590957403183
0.55634868144989
0.997817158699036
1.16589915752411
0.963795721530914
0.708635091781616
0.576599538326263
0.342904776334763
-0.219866245985031
-0.836707055568695
-1.29235112667084
-1.37517702579498
-1.38165736198425
-1.34095311164856
-1.17327606678009
-0.777979552745819
-0.355951935052872
-0.15668360888958
-0.0930959433317184
-0.185844823718071
-0.355141907930374
-0.533551871776581
-0.753273546695709
-1.0491384267807
-1.02422988414764
-0.4887974858284
0.170772582292557
0.500253856182098
0.609810948371887
0.900208055973053
1.34005641937256
1.54641258716583
1.50874602794647
1.39635384082794
1.24791514873505
1.05532956123352
0.885829985141754
0.848568439483643
0.990526854991913
1.38946855068207
1.84551763534546
2.12639689445496
2.2339289188385
3.24323105812073
4.76447486877441
4.69663429260254
3.00022077560425
1.41680717468262
0.979388892650604
1.56362581253052
2.65939903259277
2.81836819648743
2.96214938163757
2.95485901832581
2.92205262184143
2.81715321540833
2.92873549461365
2.46985125541687
1.44414579868317
1.17541706562042
1.37104022502899
1.86455345153809
2.52331352233887
3.61240386962891
3.96193361282349
3.44816970825195
2.90362429618835
3.03403973579407
3.0083212852478
2.00043654441833
1.2863917350769
1.60230493545532
1.9822108745575
1.30097234249115
0.842695653438568
1.21612131595612
1.32142567634583
1.02596580982208
0.509569227695465
0.0269915778189898
-0.414476871490479
-0.541044652462006
-0.472799330949783
-1.29660379886627
-2.39804720878601
-2.60075831413269
-1.88752341270447
-1.51187026500702
-1.38206231594086
-0.956997036933899
-0.662549734115601
-0.620427966117859
-0.713176846504211
-0.453561007976532
-0.231409221887589
-0.286896556615829
-0.593696892261505
-0.824759006500244
-0.895231962203979
-0.750843465328217
-0.46328142285347
-0.488999992609024
-0.558865427970886
-0.487177431583405
-0.223713904619217
-0.0965385884046555
-0.309982508420944
-0.346231520175934
-0.438372880220413
-0.668624997138977
-1.13824212551117
-1.54771423339844
-1.88468837738037
-2.09995484352112
-2.18743848800659
-2.30084323883057
-2.20647430419922
-1.94280827045441
-1.46205317974091
-1.02463483810425
-0.826986610889435
-0.876601219177246
-0.824556529521942
-0.782029747962952
-0.883283972740173
-1.49749219417572
-2.04487252235413
-1.86200737953186
-1.13014185428619
-0.428044945001602
-0.119624555110931
0.11002004891634
0.352017670869827
0.559791326522827
0.463397324085236
0.255218625068665
-0.0286982506513596
-0.232624277472496
-0.347851604223251
-0.250445008277893
-0.0416587926447392
0.282354742288589
0.96440327167511
1.44576585292816
1.68452334403992
1.73717558383942
2.55328464508057
3.22358775138855
2.30460429191589
0.760477244853973
-0.380657970905304
-0.254495203495026
0.878134667873383
1.50834095478058
1.55350041389465
1.60291242599487
1.49376034736633
0.979591429233551
1.08347821235657
1.23920726776123
0.334399431943893
-0.62812328338623
-0.339953750371933
0.673601090908051
1.10696923732758
1.37752056121826
1.84916281700134
2.11991667747498
1.421262383461
1.00105726718903
1.26836848258972
0.82305234670639
-0.122054651379585
-0.258545368909836
0.503696501255035
0.353840231895447
-0.40333890914917
-0.352509289979935
-0.0282932333648205
-0.285073965787888
-0.819898843765259
-0.925810754299164
-1.24111640453339
-1.60563170909882
-1.42215895652771
-1.60806179046631
-2.64652514457703
-3.35044455528259
-2.74453926086426
-2.01510381698608
-1.92032980918884
-1.76419579982758
-1.21600544452667
-0.956794559955597
-1.23180103302002
-1.22856092453003
-0.960844695568085
-0.929860949516296
-1.2494193315506
-1.53131103515625
-1.52786839008331
-1.23888885974884
-0.831036806106567
-0.679155468940735
-0.929253399372101
-1.09328520298004
-0.883688986301422
-0.682193100452423
-0.957604587078094
-1.28992092609406
-1.24152147769928
-1.21904301643372
-1.60158145427704
-2.19634890556335
-2.50881934165955
-2.62870454788208
-2.64551258087158
-2.69856977462769
-2.7718780040741
-2.73522400856018
-2.34985017776489
-1.70283579826355
-1.34885096549988
-1.43410706520081
-1.70060813426971
-1.81360793113708
-1.83385872840881
-2.06350326538086
-2.50314927101135
-2.65847325325012
-2.22530770301819
-1.44970011711121
-0.769879221916199
-0.279808759689331
0.0454198494553566
0.182720586657524
0.119942963123322
-0.110916689038277
-0.461053818464279
-0.681383013725281
-0.816861212253571
-0.754286110401154
-0.389163315296173
0.158217057585716
0.735771238803864
1.00287985801697
1.11871469020844
1.05775964260101
1.7033566236496
3.03889989852905
3.11119556427002
1.74932610988617
0.040559645742178
-0.591671764850616
-0.055834386497736
1.05775964260101
1.45386624336243
1.49841809272766
1.35281455516815
0.907295882701874
0.719368040561676
1.0885409116745
0.90263819694519
-0.0787178426980972
-0.37377268075943
0.218564584851265
0.900815606117249
1.45265114307404
2.08528757095337
2.44089245796204
2.07111215591431
1.41781973838806
1.23657464981079
1.04338157176971
0.154774412512779
-0.598354578018188
-0.0945135056972504
0.244080647826195
-0.350484192371368
-0.593696892261505
-0.230194181203842
-0.176731944084167
-0.78020715713501
-1.17590868473053
-1.53536128997803
-1.93956816196442
-2.1023850440979
-1.99930810928345
-2.64774036407471
-3.79029297828674
-3.90592527389526
-3.22934460639954
-2.94482016563416
-2.9429976940155
-2.46973538398743
-1.92802512645721
-1.94969356060028
-2.04122734069824
-1.81016528606415
-1.62628757953644
-1.82413828372955
-2.13640642166138
-2.16070747375488
-2.17508554458618
-1.97561466693878
-1.68967270851135
-1.73462963104248
-1.95617377758026
-2.00497841835022
-1.75933563709259
-1.81603801250458
-2.27532720565796
-2.35876059532166
-2.32716941833496
-2.4893786907196
-3.14894866943359
-3.55295300483704
-3.63679170608521
-3.70827698707581
-3.87028384208679
-4.07319736480713
-3.97417068481445
-3.61127543449402
-3.04384684562683
-2.80002665519714
-2.69613981246948
-2.83850312232971
-2.96102094650269
-3.12768530845642
-3.21010637283325
-3.26134085655212
-3.35449481010437
-3.29050207138062
-3.2694411277771
-3.00152254104614
-2.51489472389221
-1.84418666362762
-1.4102109670639
-1.44686508178711
-1.74657762050629
-2.13883638381958
-2.29213547706604
-2.12466096878052
-1.52604579925537
-0.978665471076965
-0.754488587379456
-0.78020715713501
-0.740920543670654
-0.647159099578857
-0.558865427970886
-0.349066644906998
0.22504486143589
1.28517663478851
1.43969058990479
0.226664930582047
-1.2637974023819
-1.57242023944855
-0.752058506011963
-0.317475318908691
-0.351496756076813
-0.337321162223816
-0.267860740423203
-0.587824106216431
-0.20548814535141
0.266559094190598
-0.463078916072845
-1.41608381271362
-1.17044103145599
-0.20285552740097
-0.139470383524895
-0.276973634958267
0.0691133365035057
0.600495576858521
0.131485939025879
-0.383695602416992
-0.280011266469955
-0.613947689533234
-1.46590077877045
-1.56999015808105
-0.87862628698349
-1.18481910228729
-2.11210536956787
-2.14774680137634
-1.74981772899628
-2.03150701522827
-2.63113451004028
-2.88042259216309
-3.19410800933838
-3.50941371917725
-3.41646242141724
-3.43306803703308
-4.26051759719849
-5.08816957473755
-4.73620986938477
-4.03877067565918
-3.94359183311462
-3.89539480209351
-3.29333734512329
-2.89257287979126
-3.07705807685852
-3.21213126182556
-3.09487891197205
-2.8935854434967
-3.17223715782166
-3.26437854766846
-3.22569942474365
-3.03534150123596
-2.83080792427063
-2.75324726104736
-2.88163757324219
-3.20585346221924
-3.07361555099487
-3.05883240699768
-3.28199672698975
-3.67688822746277
-3.68498849868774
-3.56591367721558
-3.89782500267029
-4.36723947525024
-4.68193769454956
-4.6159200668335
-4.67181253433228
-4.88869905471802
-4.94843912124634
-4.5908088684082
-4.01122951507568
-3.63051390647888
-3.52662706375122
-3.90207767486572
-4.22892618179321
-4.54645967483521
-4.68841791152954
-4.72243928909302
-4.76901626586914
-4.66998958587646
-4.35549402236938
-3.70523953437805
-3.1214075088501
-2.60541605949402
-2.36038064956665
-2.37860655784607
-2.69816493988037
-2.97539901733398
-2.99909234046936
-2.75081706047058
-2.40067982673645
-2.39460468292236
-2.46406507492065
-2.46872282028198
-2.15159440040588
-1.70911347866058
-1.24192643165588
-1.02098977565765
-0.720872163772583
0.404669880867004
0.942532360553741
0.127435773611069
-1.71802389621735
-2.65422058105469
-2.50031399726868
-2.01550889015198
-1.76399326324463
-1.59712636470795
-1.33994054794312
-1.46205317974091
-1.05096101760864
-0.534361898899078
-0.878828763961792
-2.0517578125
-2.48208832740784
-1.68805265426636
-1.18259143829346
-1.16902339458466
-0.899079620838165
-0.288719117641449
-0.463888943195343
-0.925203204154968
-0.971982657909393
-1.33670043945313
-2.199791431427
-2.65827059745789
-2.11473798751831
-2.07848906517029
-2.76884031295776
-2.82088494300842
-2.36564588546753
-2.38387179374695
-2.94380760192871
-3.10176420211792
-3.57887411117554
-4.24026679992676
-4.2935266494751
-4.11207914352417
-4.67849493026733
-5.73822212219238
-5.75503015518188
-5.0213418006897
-4.66614198684692
-4.60619974136353
-4.11025619506836
-3.51569151878357
-3.47761988639832
-3.60196018218994
-3.67567324638367
-3.60196018218994
-3.73318552970886
-3.92941641807556
-4.00697708129883
-3.9591851234436
-3.51832413673401
-3.24190020561218
-3.23481225967407
-3.56004095077515
-3.59669494628906
-3.54080247879028
-3.72670531272888
-4.09628343582153
-4.39883089065552
-4.24593687057495
-4.39275550842285
-4.72345209121704
-4.99643325805664
-5.02498722076416
-4.97091722488403
-5.07743692398071
-5.11712837219238
-5.04888296127319
-4.74410772323608
-4.65237140655518
-4.56124258041382
-4.69996118545532
-4.86743545532227
-4.95228672027588
-5.11874866485596
-5.27528762817383
-5.48528909683228
-5.24997425079346
-4.89659690856934
-4.31681489944458
-3.90369772911072
-3.50617361068726
-3.12302756309509
-3.0551872253418
-3.01792573928833
-3.00192761421204
-2.72773098945618
-2.64105749130249
-2.60318827629089
-2.64976525306702
-2.58820271492004
-2.38751697540283
-2.11028265953064
-1.85471713542938
-1.78302907943726
-1.71174609661102
-1.86747515201569
-1.32697999477386
-0.349269151687622
-0.0331534370779991
-0.933101058006287
-2.28849029541016
-2.60096073150635
-2.31461381912231
-1.94301080703735
-1.83284616470337
-1.39299774169922
-1.47076106071472
-1.7581205368042
-1.10037302970886
-0.599367082118988
-1.30652666091919
-2.40128755569458
-1.94503581523895
-1.02139472961426
-0.917102873325348
-1.12528157234192
-0.553397715091705
0.128650829195976
-0.274543523788452
-0.744160652160645
-0.941808938980103
-1.3571537733078
-2.10056233406067
-2.02826690673828
-1.50073230266571
-2.01044607162476
-2.6505753993988
-2.64895534515381
-2.38083410263062
-2.72347831726074
-3.01650810241699
-2.88021993637085
-3.34254670143127
-3.93650412559509
-4.11248397827148
-3.90957045555115
-4.6027569770813
-5.42959928512573
-5.27873039245605
-4.68072271347046
-4.37149238586426
-4.33868598937988
-4.07866525650024
-3.92921376228333
-3.94095921516418
-3.91625332832336
-3.75789165496826
-3.64408183097839
-3.67445826530457
-3.58150672912598
-3.53654980659485
-3.37859320640564
-3.19856333732605
-3.19289302825928
-3.50131344795227
-3.82573199272156
-3.67547082901001
-3.55700325965881
-3.79353308677673
-4.18599462509155
-4.15602350234985
-3.99664902687073
-4.31742238998413
-4.74026012420654
-4.87047338485718
-4.67181253433228
-4.52661371231079
-4.45168542861938
-4.30689191818237
-4.13394975662231
-4.0241904258728
-4.01933002471924
-4.18295669555664
-4.47517681121826
-4.69044303894043
-4.79534244537354
-4.85832262039185
-4.98732042312622
-4.79817771911621
-4.28502130508423
-3.68195104598999
-3.120192527771
-2.66677594184875
-2.22409248352051
-1.97257697582245
-1.7708785533905
-1.64755094051361
-1.60056900978088
-1.66537165641785
-1.75245034694672
-1.85350203514099
-1.83568131923676
-1.66111898422241
-1.49283444881439
-1.25650703907013
-1.15363276004791
-0.949504256248474
-1.00276398658752
-0.873158574104309
0.402037262916565
1.37104022502899
0.953265309333801
-1.05399858951569
-2.07119870185852
-1.96528673171997
-1.31401944160461
-1.01309192180634
-0.868905901908875
-0.764614045619965
-1.48493659496307
-1.3304226398468
-0.2417371571064
0.118727914988995
-1.11151099205017
-1.53576624393463
-0.599974632263184
-0.49284765124321
-1.02443242073059
-0.651411771774292
0.711470186710358
0.730100989341736
-0.00966245494782925
-0.248622447252274
-0.491227596998215
-1.39360535144806
-1.9452383518219
-1.15383529663086
-1.07647705078125
-1.9711594581604
-2.32453680038452
-1.76763844490051
-1.71883392333984
-2.15159440040588
-1.97358953952789
-2.21821975708008
-3.0551872253418
-3.40572953224182
-2.96345090866089
-3.28685688972473
-4.46586132049561
-4.78602695465088
-4.01730489730835
-3.48045516014099
-3.39155387878418
-2.84295845031738
-2.15341711044312
-1.98249995708466
-2.08780431747437
-2.10319495201111
-2.12607836723328
-2.23381304740906
-2.19493126869202
-2.06978106498718
-2.00396585464478
-1.74171733856201
-1.39522540569305
-1.34642088413239
-1.7293643951416
-1.86605751514435
-1.74860262870789
-1.80186235904694
-2.2779598236084
-2.706467628479
-2.76884031295776
-2.83465552330017
-3.00233268737793
-3.08353853225708
-2.76458764076233
-2.52927279472351
-2.54041075706482
-2.61290884017944
-2.52907037734985
-2.42174077033997
-2.52319765090942
-2.68560934066772
-2.96102094650269
-3.24352025985718
-3.43711829185486
-3.48774528503418
-3.50738859176636
-3.48227763175964
-3.07969069480896
-2.48310089111328
-1.82656836509705
-1.45172524452209
-1.10138559341431
-0.629945874214172
-0.148785769939423
0.194061055779457
0.264736503362656
0.23577781021595
0.0103858830407262
-0.20103295147419
-0.19698278605938
-0.133395135402679
0.0120059512555599
0.0648606643080711
0.280734688043594
0.433831095695496
0.589155077934265
0.534072756767273
1.1140570640564
2.65717148780823
3.25477409362793
2.20699524879456
0.350195080041885
-0.318892896175385
0.0344843901693821
0.726050794124603
0.925521671772003
0.981818974018097
0.888867616653442
0.389076709747314
0.96177065372467
1.79246044158936
1.74021315574646
0.759262204170227
0.775057852268219
1.39959394931793
1.23110687732697
1.02272570133209
1.59643220901489
2.62213754653931
2.39168286323547
1.80258584022522
1.62660598754883
1.32486832141876
0.71066015958786
0.637352108955383
1.0482417345047
0.501266419887543
-0.242344677448273
-0.193135127425194
0.110222555696964
0.059190422296524
0.0207138154655695
0.095844455063343
-0.556840360164642
-1.2099301815033
-1.25589954853058
-1.12325656414032
-1.92255747318268
-2.95312309265137
-2.88163757324219
-2.17873072624207
-1.65929639339447
-1.50032722949982
-1.10725831985474
-0.705684065818787
-0.603012263774872
-0.685433208942413
-0.803698122501373
-0.63885623216629
-0.407996594905853
-0.281631320714951
-0.405769020318985
-0.34157383441925
0.0107909003272653
0.0731635093688965
-0.373570173978806
-0.712771832942963
-0.545499861240387
-0.527274072170258
-0.999118804931641
-1.5055924654007
-1.29275608062744
-0.897257089614868
-0.838124573230743
-1.16092312335968
-1.42722177505493
-1.31928467750549
-1.11151099205017
-0.954161942005157
-1.2378762960434
-1.65099358558655
-1.88144826889038
-1.7560955286026
-1.72754180431366
-2.12101578712463
-2.51428723335266
-2.46426749229431
-2.2232825756073
-2.21740984916687
-2.15726470947266
-1.92620253562927
-1.31239938735962
-0.748413324356079
-0.229384139180183
0.209654211997986
0.559588849544525
0.879349708557129
1.13430786132813
1.25378787517548
1.0194855928421
0.714507818222046
0.551690995693207
0.81009179353714
1.15516626834869
1.4089093208313
1.53142702579498
1.61384797096252
1.68249833583832
1.63733887672424
1.60979771614075
2.34672617912292
3.3738489151001
3.59762096405029
2.47207880020142
1.29347956180573
1.03244614601135
1.22786676883698
1.3390439748764
1.35605466365814
1.55795562267303
1.5565379858017
1.91821813583374
2.75356554985046
3.0243194103241
2.05794906616211
1.31656551361084
1.74142825603485
2.15697574615479
2.03324294090271
2.02230739593506
2.87142539024353
3.3578507900238
3.05469560623169
2.6915979385376
2.5044801235199
1.89371466636658
1.35261201858521
1.647869348526
1.80886352062225
1.14666092395782
0.683321535587311
0.861731469631195
1.06808757781982
1.03649628162384
1.12337243556976
0.960758090019226
0.154774412512779
-0.238699525594711
-0.0521892346441746
-0.328208267688751
-1.53414618968964
-1.97662723064423
-1.33933305740356
-0.689483404159546
-0.363647252321243
0.11629781126976
0.797131299972534
0.919648885726929
0.619328856468201
0.379558831453323
0.432211011648178
0.460157185792923
0.482635617256165
0.669348418712616
0.923294067382813
1.25500297546387
1.42470502853394
1.20255327224731
0.750756859779358
0.627024173736572
0.835202872753143
0.675626218318939
0.0397496111690998
-0.239307060837746
0.158014550805092
0.506734132766724
0.406289935112
-0.0230280142277479
-0.00844740401953459
0.227677464485168
0.391304314136505
0.246105745434761
-0.00581479398533702
-0.287504076957703
-0.352104276418686
-0.229384139180183
-0.378025352954865
-0.644729018211365
-0.887941658496857
-0.754488587379456
-0.667612433433533
-0.490822583436966
-0.375797748565674
0.0251690018922091
0.53650289773941
0.926534175872803
1.4220724105835
1.99922156333923
2.73250460624695
3.13974928855896
3.18895888328552
2.7059760093689
2.24405431747437
2.0364830493927
2.11728405952454
2.39573311805725
2.59682393074036
2.81857085227966
2.93319058418274
3.03505229949951
3.12415599822998
3.13104128837585
3.56278944015503
4.76366472244263
5.55628252029419
4.97103309631348
3.22520780563354
2.16953110694885
2.33295559883118
2.96255421638489
3.03201460838318
3.02168679237366
3.15493726730347
3.27056980133057
3.69644498825073
4.16970729827881
3.93601250648499
3.02796459197998
2.88600611686707
3.3019585609436
3.32160186767578
3.09215974807739
3.61564421653748
4.64256477355957
4.85702085494995
4.41777992248535
4.13406562805176
3.80883717536926
3.2920355796814
3.27198719978333
3.43399405479431
3.0095362663269
2.29387140274048
2.15636801719666
2.45830821990967
2.36495184898376
2.28030323982239
2.28172087669373
1.75843894481659
1.06586003303528
0.847960889339447
0.885019958019257
0.235372796654701
-0.663967311382294
-0.688470840454102
0.0721509680151939
0.727468371391296
1.31656551361084
1.81271123886108
1.92085075378418
1.76005899906158
1.62640345096588
1.56018316745758
1.40040397644043
1.40870678424835
1.69201624393463
2.05794906616211
2.20416021347046
2.33700561523438
2.41375637054443
2.07718729972839
1.72583508491516
1.79428291320801
1.70639431476593
1.19404792785645
0.934634506702423
1.26755845546722
1.85037779808044
1.7938779592514
1.22604417800903
0.923901557922363
1.00976514816284
1.18837761878967
1.01320779323578
0.583484828472137
0.251573473215103
0.360725522041321
0.516454517841339
0.429375886917114
0.156191974878311
0.0423822216689587
0.189403370022774
0.2058065533638
0.095844455063343
0.0727584883570671
0.476155370473862
1.09664130210876
1.72725260257721
2.26795029640198
2.78070163726807
3.31167888641357
3.67477655410767
3.86067938804626
3.65290570259094
3.27239227294922
3.06684613227844
3.11565065383911
3.32686710357666
3.46518039703369
3.46963548660278
3.44837212562561
3.4787483215332
3.63022470474243
3.76367783546448
4.06156778335571
5.4305248260498
6.47202587127686
6.20957517623901
4.60044288635254
3.36838126182556
2.96174430847168
3.22905540466309
3.46133255958557
3.58142018318176
3.7867636680603
3.80620455741882
4.19785594940186
4.87139892578125
4.94673204421997
4.02390098571777
3.28089761734009
3.24930620193481
3.36514115333557
3.35177564620972
3.97307157516479
5.37888526916504
5.92424058914185
5.410071849823
4.9070405960083
4.62697124481201
3.87708258628845
3.04112768173218
3.20434951782227
3.47287559509277
2.86049008369446
2.20112252235413
2.55004453659058
3.02735710144043
3.16182255744934
3.16405034065247
2.60330438613892
1.74385833740234
1.28051900863647
1.33094358444214
0.723215699195862
-0.170859187841415
-0.452953487634659
0.197706207633018
0.885424971580505
1.16650676727295
1.66589260101318
1.96783268451691
1.97856569290161
1.61040532588959
1.39736640453339
1.419642329216
1.56484091281891
1.75580632686615
2.02251005172729
2.32546257972717
2.51622557640076
2.50508761405945
2.12538433074951
1.73413789272308
1.63247871398926
1.55876564979553
1.05755710601807
0.511189341545105
0.508354187011719
1.08206069469452
1.51036608219147
1.46662425994873
1.27221608161926
1.0614048242569
1.23657464981079
1.32851350307465
1.14524328708649
0.562626481056213
0.0960469618439674
-0.0321408957242966
-0.0329509302973747
-0.20953831076622
-0.587014079093933
-0.603417277336121
-0.426019847393036
-0.202045500278473
-0.207310721278191
-0.0687949284911156
