% Type: Timesignal
% Date: 11-DEC-24 11:53:52
% NoOfItems: = 4096
% Unit_Y: = mm/s
% Unit_X: = Sec
% Min_X: = 0
% Max_X: = 1.60000002384186
% MinDisplay_X: = 0
% MaxDisplay_X: = 1.60000002384186
-1.56184709072113
-1.72925901412964
-1.43323850631714
-1.10166776180267
-1.02104043960571
-1.10561776161194
-0.986768126487732
-0.546106576919556
-0.00611319951713085
0.273061513900757
0.289791077375412
0.377853691577911
0.551771521568298
0.786798715591431
0.8523228764534
0.817701995372772
0.779479563236237
0.914245545864105
1.31970524787903
1.46260368824005
1.31563901901245
1.11592984199524
1.1141871213913
1.22153520584106
2.39272141456604
3.55426478385925
3.24256038665771
1.09292662143707
-0.540065348148346
-0.357318013906479
0.821187317371368
1.16147136688232
0.871840715408325
1.12046074867249
1.52173805236816
1.54625153541565
1.48920834064484
1.48955690860748
1.02670538425446
0.40701425075531
0.443261653184891
0.555721521377563
0.486363530158997
1.19678938388824
2.7593777179718
3.3049476146698
2.56501269340515
2.03071212768555
2.10971283912659
1.74723875522614
0.813171029090881
0.709075927734375
0.830713868141174
0.451974987983704
-0.027489872649312
0.395047962665558
0.929000079631805
0.758451402187347
0.497516572475433
-0.00611319951713085
-0.669835686683655
-1.12676203250885
-1.01767134666443
-1.4435783624649
-2.56713151931763
-3.1632387638092
-2.66135168075562
-1.8864471912384
-1.6016960144043
-1.22377038002014
-1.03695678710938
-1.05078196525574
-1.24328815937042
-0.999779999256134
-0.610120415687561
-0.578403949737549
-0.597340881824493
-0.553193390369415
-0.504282653331757
-0.719443500041962
-0.781366169452667
-0.708174288272858
-0.791705965995789
-0.857346296310425
-0.688424110412598
-0.509742975234985
-0.529144644737244
-0.52867990732193
-0.428534865379333
-0.623480796813965
-1.23143804073334
-1.94302570819855
-2.33663535118103
-2.63695430755615
-2.81203389167786
-2.8299252986908
-2.64961767196655
-2.60326290130615
-2.5002133846283
-1.86460590362549
-1.16905069351196
-0.91845566034317
-1.24096465110779
-1.58101642131805
-1.5468602180481
-1.21633493900299
-1.05380260944366
-1.10794126987457
-1.16196382045746
-0.919152736663818
-0.357434183359146
0.227055191993713
0.511109352111816
0.437336593866348
0.462430953979492
0.655401885509491
0.879043757915497
0.787495791912079
0.659003436565399
0.863011240959167
1.36942923069
1.68124985694885
1.52940583229065
1.16449201107025
1.03483784198761
0.865683317184448
1.69542360305786
3.13474750518799
3.68101453781128
2.091472864151
-0.144132152199745
-0.768935143947601
0.329756170511246
1.34874963760376
1.2457001209259
1.2815990447998
1.50338196754456
1.74665784835815
1.51616156101227
1.4594669342041
1.13172996044159
0.522959470748901
0.342303335666656
0.557696580886841
0.414565801620483
0.548867046833038
2.11284947395325
3.42193841934204
3.0765426158905
2.2334418296814
2.07776403427124
1.98923659324646
1.14776241779327
0.546775877475739
0.695831716060638
0.689325749874115
0.226706653833389
0.283517479896545
0.798067986965179
1.01322877407074
0.882761418819427
0.451858788728714
-0.31537789106369
-0.998502016067505
-1.06019234657288
-1.0314964056015
-1.89550912380219
-2.7490656375885
-2.62777638435364
-1.92699325084686
-1.50410687923431
-1.27674734592438
-1.02603614330292
-1.06263208389282
-1.1890332698822
-1.19193768501282
-0.852118313312531
-0.597224712371826
-0.706315457820892
-0.511950373649597
-0.463852852582932
-0.490341335535049
-0.66007673740387
-0.751159965991974
-0.882092118263245
-0.980843067169189
-0.736056923866272
-0.590254068374634
-0.587930500507355
-0.697137415409088
-0.519734263420105
-0.594901144504547
-1.06890559196472
-1.84067320823669
-2.41377735137939
-2.68609738349915
-2.77613520622253
-2.67808127403259
-2.51415467262268
-2.23114609718323
-1.99089086055756
-1.68209087848663
-1.2726811170578
-1.03091561794281
-1.12188255786896
-1.52815556526184
-1.87610745429993
-1.84044086933136
-1.62133002281189
-1.39838528633118
-1.2600177526474
-0.988859295845032
-0.431787818670273
0.161298677325249
0.489267975091934
0.533299267292023
0.515175580978394
0.665509343147278
0.908552825450897
1.03518640995026
0.962110698223114
0.947820842266083
1.13823592662811
1.24256336688995
1.21317040920258
0.931788325309753
0.982325613498688
1.05505275726318
1.5655369758606
3.13172698020935
4.25318908691406
3.5693678855896
1.13660943508148
-0.339426666498184
-0.251247882843018
0.894262969493866
1.06330132484436
0.979537308216095
1.12743139266968
1.56414294242859
1.68496751785278
1.46666991710663
1.22955143451691
0.716627478599548
0.475442856550217
0.500421047210693
0.300479412078857
0.233561128377914
1.60550212860107
3.3984706401825
3.54287934303284
2.55571842193604
2.17093825340271
2.05952405929565
1.31924057006836
0.496354818344116
0.478347271680832
0.721506953239441
0.360310882329941
0.122379198670387
0.660049021244049
1.08340013027191
1.10756504535675
1.07526767253876
0.427577674388885
-0.584677517414093
-1.05194365978241
-0.784502923488617
-1.07146155834198
-2.19071626663208
-2.82330322265625
-2.43283033370972
-1.74343264102936
-1.41836774349213
-1.03254210948944
-0.850027084350586
-0.893361330032349
-0.88395094871521
-0.685868203639984
-0.396818369626999
-0.505444407463074
-0.483719199895859
-0.36870339512825
-0.488947182893753
-0.854441821575165
-1.02406108379364
-0.929144024848938
-0.91531890630722
-0.701668322086334
-0.518456280231476
-0.419589191675186
-0.686797618865967
-0.651595771312714
-0.584561347961426
-0.816451787948608
-1.57381331920624
-2.1430835723877
-2.3075909614563
-2.25252270698547
-2.2126739025116
-2.09649634361267
-1.89945912361145
-1.83753645420074
-1.76248574256897
-1.5475572347641
-1.2417778968811
-1.25827503204346
-1.47169327735901
-1.77317404747009
-1.74668562412262
-1.57021188735962
-1.34006404876709
-1.15290200710297
-0.964229643344879
-0.546106576919556
0.0028324737213552
0.463244199752808
0.60951179265976
0.637859106063843
0.715000987052917
0.887873232364655
0.950028240680695
0.854646444320679
0.63507080078125
0.86789071559906
1.24244713783264
1.53242635726929
1.51302480697632
1.39359426498413
1.43785786628723
1.27509307861328
1.76408445835114
3.27741360664368
4.09518766403198
2.23588156700134
-0.404950797557831
-0.936347007751465
0.606258809566498
1.69019556045532
1.47096848487854
1.15868318080902
1.50524079799652
1.81508648395538
1.53800296783447
1.24140155315399
0.997893393039703
0.519474148750305
0.421652615070343
0.613694131374359
0.542244970798492
1.0376261472702
2.63471913337708
3.65499067306519
3.10419273376465
2.20079588890076
1.91476678848267
1.69275140762329
0.979188799858093
0.507507860660553
0.649244487285614
0.712096571922302
0.408408373594284
0.548518538475037
1.02019953727722
1.17808485031128
1.09687674045563
0.542709648609161
-0.332572191953659
-0.913808584213257
-0.788917720317841
-0.841081440448761
-1.6572288274765
-2.41412568092346
-2.3433735370636
-1.71589851379395
-1.30590784549713
-1.02545523643494
-0.901842296123505
-1.07424986362457
-1.19937300682068
-1.09539413452148
-0.737915754318237
-0.538206458091736
-0.493594288825989
-0.333501607179642
-0.32536917924881
-0.431323111057281
-0.55133455991745
-0.638932466506958
-0.8107590675354
-0.865478694438934
-0.664840042591095
-0.694581508636475
-0.797747194766998
-0.809364914894104
-0.710497856140137
-0.885461270809174
-1.31682860851288
-1.77317404747009
-2.0980064868927
-2.22185182571411
-2.26669645309448
-2.12728333473206
-1.93303442001343
-1.84868955612183
-1.84195125102997
-1.69370865821838
-1.35865247249603
-1.23620140552521
-1.37480115890503
-1.79455077648163
-1.97904074192047
-1.72147512435913
-1.36922466754913
-1.12989890575409
-0.962254643440247
-0.629522085189819
-0.0982420146465302
0.484272330999374
0.763795554637909
0.790516436100006
0.767745614051819
0.965479850769043
1.14474189281464
1.04831445217133
0.713025987148285
0.655866622924805
0.963737189769745
1.28682696819305
1.43983292579651
1.48758184909821
1.62780821323395
1.64325976371765
1.74421811103821
2.6644606590271
3.8969886302948
3.38952493667603
0.884504079818726
-1.11223983764648
-0.516713619232178
1.26289439201355
1.80497896671295
1.45818889141083
1.45145058631897
1.88490915298462
1.70181334018707
1.39312946796417
1.10175609588623
0.606142640113831
0.117732092738152
0.395977377891541
0.722668707370758
0.981047630310059
2.08183026313782
3.55623984336853
3.73619890213013
2.74404239654541
1.95542895793915
1.70053541660309
1.32028615474701
0.535506665706635
0.236233219504356
0.499026894569397
0.678288877010345
0.643319427967072
0.880089342594147
1.29658591747284
1.43518579006195
1.03518640995026
0.15188829600811
-0.488598674535751
-0.560512602329254
-0.458508670330048
-1.06820857524872
-2.16074252128601
-2.6204571723938
-2.14831137657166
-1.54302632808685
-1.29417395591736
-1.08621609210968
-0.89765989780426
-0.837944626808167
-0.878025889396667
-0.884299457073212
-0.669370949268341
-0.584561347961426
-0.497311979532242
-0.391822755336761
-0.392984509468079
-0.520198941230774
-0.544712424278259
-0.448633581399918
-0.579217195510864
-0.707128703594208
-0.7960045337677
-0.759176254272461
-0.849330008029938
-0.920082151889801
-1.10410749912262
-1.42162072658539
-1.69638073444366
-1.89365029335022
-1.71833825111389
-1.64898025989532
-1.5707927942276
-1.37503349781036
-1.23480725288391
-1.3014931678772
-1.63782727718353
-1.65815830230713
-1.54941606521606
-1.43288993835449
-1.58821940422058
-1.7401796579361
-1.76283431053162
-1.62469911575317
-1.31787419319153
-1.07692193984985
-0.744305491447449
-0.353832691907883
0.160950154066086
0.458132386207581
0.625776648521423
0.781222224235535
1.00846552848816
1.28775644302368
1.23617362976074
0.962110698223114
0.721042215824127
0.938061952590942
1.39905452728271
1.68984699249268
1.65046286582947
1.48409652709961
1.40707075595856
1.27520930767059
1.49978053569794
2.92167782783508
3.92707848548889
2.6391339302063
-0.0322531536221504
-0.704340398311615
0.769604444503784
1.76838302612305
1.41857242584229
1.10326647758484
1.71889138221741
1.83309400081635
1.54032647609711
1.59783434867859
1.5747150182724
0.765654444694519
0.272712975740433
0.768791198730469
0.89844536781311
1.19121289253235
2.38714480400085
3.64558029174805
3.18098616600037
2.04488563537598
1.7652462720871
1.88235330581665
1.18563640117645
0.418864369392395
0.666903495788574
0.885433495044708
0.534112513065338
0.497284233570099
1.03716146945953
1.34921443462372
1.1416050195694
0.713490664958954
0.0689375102519989
-0.467686712741852
-0.546803653240204
-0.678316652774811
-1.42231786251068
-2.31107616424561
-2.11508464813232
-1.41952955722809
-1.06693065166473
-1.01221096515656
-0.822957694530487
-0.688540279865265
-0.93611466884613
-1.08540284633636
-0.952728092670441
-0.716074347496033
-0.740703999996185
-0.605473279953003
-0.436551123857498
-0.39739927649498
-0.472333788871765
-0.445264428853989
-0.532746136188507
-0.747209966182709
-0.806692838668823
-0.736986339092255
-0.761499762535095
-0.968876779079437
-1.14407253265381
-1.33564937114716
-1.56719124317169
-1.80082440376282
-1.71241319179535
-1.68139386177063
-1.68964242935181
-1.58647668361664
-1.36643636226654
-1.18612885475159
-1.33379054069519
-1.45182693004608
-1.55290138721466
-1.47575950622559
-1.58705759048462
-1.74436211585999
-1.82638347148895
-1.59588706493378
-1.214359998703
-1.05182754993439
-0.900912880897522
-0.723509728908539
-0.0371326133608818
0.559555411338806
0.922610342502594
0.935157477855682
0.927605986595154
1.10849440097809
1.10431206226349
0.982209444046021
0.762052893638611
1.04994094371796
1.44552552700043
1.70622801780701
1.60248148441315
1.3869720697403
1.29739916324615
1.27974021434784
1.09583103656769
2.06649470329285
3.66672468185425
3.35478782653809
0.84314489364624
-0.710846364498138
0.473932534456253
1.84947502613068
1.74433434009552
0.998474299907684
1.3926647901535
1.75316381454468
1.54067504405975
1.7694286108017
1.95368623733521
1.2288544178009
0.314769268035889
0.728942334651947
1.04552614688873
1.07224702835083
1.75885653495789
3.2143292427063
3.43901658058167
2.21566677093506
1.55020153522491
1.72841799259186
1.41671359539032
0.469633966684341
0.617411851882935
1.176109790802
0.863592088222504
0.444771975278854
0.830016791820526
1.271723985672
0.948750257492065
0.460572123527527
0.0709125325083733
-0.253571420907974
-0.509162068367004
-0.628592610359192
-1.09946036338806
-2.02144551277161
-2.44131135940552
-1.86878824234009
-1.1194429397583
-0.860018372535706
-0.658798813819885
-0.532746136188507
-0.59188050031662
-0.791473627090454
-0.845031440258026
-0.818775355815887
-0.855138897895813
-0.781482338905334
-0.518223941326141
-0.352090001106262
-0.328854501247406
-0.251480221748352
-0.22301672399044
-0.501494348049164
-0.807622253894806
-0.876167058944702
-0.813314974308014
-1.04834222793579
-1.46820795536041
-1.6277197599411
-1.53896009922028
-1.35481870174408
-1.36457753181458
-1.39234399795532
-1.61923885345459
-1.57776343822479
-1.33832144737244
-1.21145558357239
-1.42255020141602
-1.76527404785156
-1.57392954826355
-1.29115331172943
-1.40082502365112
-1.95441114902496
-2.19606041908264
-1.87053084373474
-1.38688361644745
-1.0687894821167
-1.07727038860321
-1.04253327846527
-0.569342076778412
0.288861662149429
1.00904643535614
1.30750668048859
1.29623734951019
1.30553162097931
1.42926073074341
1.26777386665344
0.839427173137665
0.567455470561981
0.775761842727661
1.14206981658936
1.20794248580933
1.16716408729553
1.12592113018036
1.21653962135315
1.22409117221832
1.41659736633301
3.00032997131348
3.94729351997375
2.62077784538269
-0.0165691804140806
-0.718978762626648
0.713025987148285
1.84761619567871
1.63024795055389
1.0017272233963
1.46736693382263
1.62653028964996
1.47038757801056
1.49606287479401
1.52208662033081
0.77332216501236
0.368443310260773
0.952467978000641
1.14392864704132
1.41136932373047
2.28432774543762
3.54427337646484
3.23570585250854
1.99876320362091
1.56007671356201
1.71192073822021
1.29356527328491
0.546427369117737
0.766002953052521
0.972334325313568
0.583952724933624
0.50762403011322
1.04076290130615
1.30076837539673
1.02879667282104
0.342651873826981
-0.201175346970558
-0.497195810079575
-0.605473279953003
-0.815057635307312
-1.58775472640991
-2.48592352867126
-2.46907782554626
-1.74308407306671
-1.2719841003418
-1.12281203269958
-0.778461694717407
-0.43306577205658
-0.631148517131805
-0.973523855209351
-0.961441397666931
-0.75964093208313
-0.916945397853851
-0.935417592525482
-0.573292136192322
-0.261936217546463
-0.24776254594326
-0.306548416614532
-0.401465475559235
-0.569922983646393
-0.74593198299408
-0.87291407585144
-1.04810988903046
-1.47006678581238
-1.76144015789032
-1.64084780216217
-1.34215533733368
-1.30021524429321
-1.43742096424103
-1.55557346343994
-1.52234673500061
-1.45426666736603
-1.49074637889862
-1.61656677722931
-1.74924147129059
-1.76295042037964
-1.63027572631836
-1.52850413322449
-1.69742631912231
-1.98426878452301
-2.00018501281738
-1.62574470043182
-1.25409269332886
-1.2761664390564
-1.22144675254822
-0.793564796447754
0.140967607498169
0.934808969497681
1.26405620574951
1.36489832401276
1.30285954475403
1.34387016296387
1.26231360435486
0.929116249084473
0.439776331186295
0.341141581535339
0.629958987236023
0.869052469730377
0.907971978187561
0.909830808639526
1.07782351970673
1.28461968898773
1.31831109523773
2.26492595672607
4.02373838424683
3.90651512145996
1.39882218837738
-0.755226194858551
-0.448168873786926
0.979188799858093
1.5212733745575
1.26091945171356
1.39568543434143
1.86539137363434
1.69193816184998
1.47166550159454
1.42031502723694
0.954326808452606
0.274804174900055
0.479160517454147
0.732892334461212
0.744510114192963
1.62513613700867
3.25905752182007
3.73085474967957
2.58755111694336
1.70495009422302
1.60573446750641
1.24128544330597
0.346137195825577
0.0818332210183144
0.520287394523621
0.471608996391296
0.229262560606003
0.739282131195068
1.21131157875061
1.08711779117584
0.578027665615082
0.152120649814606
-0.335708975791931
-0.637886822223663
-0.736521601676941
-1.11897814273834
-2.0453782081604
-2.66553401947021
-2.25786685943604
-1.58136487007141
-1.05926287174225
-0.748139381408691
-0.567715585231781
-0.638119220733643
-0.814244389533997
-0.830160737037659
-0.962370812892914
-1.07250714302063
-1.04834222793579
-0.620344042778015
-0.278201073408127
-0.344189941883087
-0.292374730110168
-0.357318013906479
-0.573524475097656
-1.03126406669617
-1.13106060028076
-1.15871095657349
-1.5961195230484
-2.03561925888062
-2.05455613136292
-1.66268920898438
-1.37375557422638
-1.19600391387939
-1.12350904941559
-1.23178660869598
-1.26408398151398
-1.17485964298248
-1.231205701828
-1.69614839553833
-2.07535195350647
-1.92153286933899
-1.62400209903717
-1.62109768390656
-2.09150075912476
-2.30712628364563
-2.07395792007446
-1.456822514534
-1.10596632957458
-1.1003897190094
-0.93901914358139
-0.382644712924957
0.567687809467316
1.2450031042099
1.33213627338409
1.12092542648315
1.03146874904633
1.10547387599945
0.889848232269287
0.356825530529022
0.0364077910780907
0.172451734542847
0.490197390317917
0.637510538101196
0.738120317459106
1.0452938079834
1.45969927310944
1.80544376373291
1.75420939922333
2.75949382781982
3.5017523765564
2.61125135421753
0.407130420207977
-0.577706873416901
0.577330589294434
1.68461906909943
1.53986179828644
0.98534619808197
1.658362865448
1.68485140800476
1.31110811233521
1.28566527366638
1.39092206954956
0.644945919513702
-0.0437547340989113
0.511341691017151
1.19272315502167
1.70797073841095
2.40538477897644
3.54799103736877
3.32260656356812
2.01479578018188
1.39742803573608
1.5564751625061
0.964201867580414
-0.190487012267113
-0.0418958924710751
0.598707258701324
0.510528445243835
0.320810496807098
0.924353003501892
1.31970524787903
0.841750741004944
0.302338272333145
0.100886344909668
-0.239630118012428
-0.872216999530792
-1.25478971004486
-1.69463801383972
-2.49022197723389
-2.61011743545532
-1.86518669128418
-1.01976251602173
-0.87128758430481
-0.87686413526535
-0.63718980550766
-0.568064093589783
-0.733501017093658
-1.10503685474396
-1.17056107521057
-1.15754914283752
-0.893361330032349
-0.443986475467682
-0.30445721745491
-0.297138035297394
-0.390312433242798
-0.549243330955505
-1.00001239776611
-1.36504232883453
-1.46135354042053
-1.5623117685318
-1.80814349651337
-1.93222117424011
-1.46146965026855
-1.11456346511841
-1.10550153255463
-1.36144077777863
-1.51200687885284
-1.56080150604248
-1.69301152229309
-1.73471927642822
-1.85287189483643
-1.81952893733978
-1.80535531044006
-1.60274159908295
-1.50306129455566
-1.66652309894562
-1.92478585243225
-2.12705087661743
-1.84102177619934
-1.48575079441071
-1.21819376945496
-0.99931526184082
-0.412386178970337
0.394234716892242
1.19469821453094
1.64000689983368
1.58331215381622
1.25476205348969
0.975122570991516
0.81549459695816
0.506113708019257
0.161298677325249
0.0344327725470066
0.277592450380325
0.491591513156891
0.622291266918182
0.84523606300354
1.21816611289978
1.70797073841095
1.78162729740143
2.586505651474
3.60212993621826
3.00009775161743
0.913664638996124
-0.6448575258255
-0.180263385176659
0.995105147361755
1.64593183994293
1.2014365196228
1.45075356960297
1.76361978054047
1.41985034942627
1.16356265544891
1.29344916343689
0.935041308403015
-0.0186603777110577
0.214391842484474
0.850347876548767
1.37988519668579
2.17523694038391
3.53544402122498
3.70320439338684
2.39074635505676
1.56042516231537
1.54323089122772
1.13021969795227
-0.0211001057177782
0.0213047079741955
0.701989114284515
0.636581122875214
0.11180704087019
0.493566542863846
1.19957768917084
0.978491723537445
0.458713263273239
0.116454139351845
-0.247994914650917
-0.722115576267242
-0.896149575710297
-1.2291145324707
-2.17549705505371
-2.79263234138489
-2.37125635147095
-1.52885270118713
-1.17358160018921
-0.957607507705688
-0.633123576641083
-0.585026025772095
-0.789847135543823
-0.947383880615234
-1.01104927062988
-1.12583267688751
-0.989440202713013
-0.486739814281464
-0.152845472097397
-0.177358940243721
-0.320954412221909
-0.441662937402725
-0.742446660995483
-1.10805749893188
-1.4034970998764
-1.72008097171783
-2.01493954658508
-2.03875613212585
-1.58264291286469
-1.14720928668976
-0.944130957126617
-1.02278316020966
-1.15824615955353
-1.33030521869659
-1.59484148025513
-1.8041934967041
-2.03201770782471
-2.16875863075256
-2.22220039367676
-2.07151818275452
-1.94372272491455
-2.03712964057922
-1.92966532707214
-1.75156509876251
-1.63805961608887
-1.80686557292938
-1.7620210647583
-1.19298326969147
-0.388453602790833
0.697109639644623
1.46062862873077
1.82867920398712
1.47712588310242
1.0445967912674
0.760891139507294
0.584882140159607
0.276082128286362
-0.113693632185459
-0.130307018756866
0.0932186245918274
0.585346817970276
0.919705867767334
1.16391110420227
1.32040238380432
1.5655369758606
1.64744222164154
1.62908613681793
2.97418999671936
3.92916965484619
2.74439096450806
0.26678791642189
-0.757898271083832
0.322204619646072
1.41950178146362
1.5051246881485
1.04018199443817
1.53091609477997
1.57912981510162
1.22083818912506
1.27520930767059
1.34003639221191
0.601146996021271
-0.116133362054825
0.531091928482056
1.00428318977356
1.67114245891571
2.81270337104797
4.06056642532349
3.5565881729126
2.14444994926453
1.55171191692352
1.52963817119598
0.84314489364624
-0.206170976161957
0.212300643324852
0.838381588459015
0.636116445064545
0.3338223695755
0.845119893550873
1.225252866745
0.81654018163681
0.218690410256386
-0.281221687793732
-0.660657644271851
-0.933791100978851
-1.09365141391754
-1.6839497089386
-2.52797985076904
-2.58537149429321
-1.82185244560242
-1.18508327007294
-1.01523160934448
-0.88499653339386
-0.714447855949402
-0.776835203170776
-0.985257804393768
-1.21621882915497
-1.20564663410187
-1.06332910060883
-0.696091830730438
-0.282615810632706
-0.197690024971962
-0.221622601151466
-0.324788272380829
-0.594901144504547
-0.966088473796844
-1.16661095619202
-1.39443516731262
-1.87157654762268
-2.02330446243286
-1.73471927642822
-1.24537932872772
-1.1307121515274
-1.1996054649353
-1.14674460887909
-1.24909710884094
-1.51189076900482
-1.66896283626556
-1.71415591239929
-1.93605506420135
-2.16852641105652
-2.21546220779419
-2.08789920806885
-1.93779766559601
-1.80535531044006
-1.59693276882172
-1.52803945541382
-1.6783732175827
-1.70613968372345
-1.19937300682068
-0.361151874065399
0.426532089710236
1.28868591785431
1.70262658596039
1.63268768787384
1.12046074867249
0.742651283740997
0.543058216571808
0.343929827213287
0.0811361595988274
-0.154471963644028
-0.0269089844077826
0.227403730154037
0.649476826190948
0.879857003688812
1.17773628234863
1.57866513729095
1.74723875522614
1.49432015419006
2.20567536354065
3.79765677452087
3.66974520683289
1.63501119613647
-0.475935310125351
-0.663562059402466
0.419561415910721
1.30657720565796
1.31017875671387
1.33062601089478
1.78569352626801
1.52336454391479
1.33980393409729
1.28868591785431
0.909133732318878
0.373206585645676
0.673874139785767
1.42949306964874
1.75176966190338
2.45208811759949
3.32876396179199
3.45655941963196
2.24691843986511
1.0544718503952
0.845003724098206
0.778898656368256
0.167572274804115
0.00898988544940948
0.876255452632904
1.17157888412476
0.696528792381287
0.620432436466217
1.10605466365814
1.1395138502121
0.412590771913528
-0.177010416984558
-0.568180322647095
-0.829115152359009
-0.957723677158356
-1.23724699020386
-1.95940673351288
-2.51717519760132
-2.2485728263855
-1.52350842952728
-1.04845833778381
-0.898008406162262
-0.767889559268951
-0.605821847915649
-0.646367788314819
-0.897543728351593
-0.971432685852051
-0.827256262302399
-0.55342572927475
-0.260309725999832
-0.202220946550369
-0.374279916286469
-0.567947924137115
-0.85153740644455
-1.21749675273895
-1.42162072658539
-1.68220710754395
-1.99158787727356
-2.09184908866882
-1.71950006484985
-1.04299807548523
-0.8926642537117
-1.04543781280518
-1.214359998703
-1.14662849903107
-1.32449626922607
-1.70916020870209
-1.88040602207184
-1.99635124206543
-2.0853431224823
-2.45048928260803
-2.51183104515076
-2.2836582660675
-1.88935172557831
-1.63004326820374
-1.47285509109497
-1.25362801551819
-1.21192026138306
-1.19751417636871
-1.01534783840179
-0.185607552528381
0.786450207233429
1.45737564563751
1.62943470478058
1.28287696838379
0.839891910552979
0.390168517827988
0.119010046124458
-0.191300258040428
-0.38357412815094
-0.29783508181572
0.16071780025959
0.897283613681793
1.32342290878296
1.54230153560638
1.52952194213867
1.66138350963593
1.53567934036255
1.61456394195557
3.19655394554138
4.16303539276123
2.88415241241455
0.373787462711334
-0.801464855670929
-0.222203493118286
0.809453368186951
1.19144523143768
0.956766545772552
1.37767791748047
1.48421275615692
1.27137541770935
1.34712314605713
1.51104974746704
0.97454172372818
0.525399208068848
1.21665573120117
1.75002706050873
2.02153396606445
2.65563130378723
3.40253686904907
2.88101577758789
1.42647242546082
0.781686902046204
0.905299842357635
0.556534767150879
0.179422378540039
0.807943046092987
1.45749187469482
0.963853359222412
0.626241326332092
1.1177886724472
1.30808746814728
0.632747292518616
-0.0122706107795238
-0.348837047815323
-0.847355008125305
-1.06158649921417
-0.985373973846436
-1.40953826904297
-2.34372210502625
-2.54796242713928
-1.72484421730042
-1.1130530834198
-1.04915547370911
-0.988743126392365
-0.660773813724518
-0.620227873325348
-0.963648736476898
-1.15987265110016
-1.03207731246948
-0.707709550857544
-0.404950797557831
-0.218485802412033
-0.296905666589737
-0.458741039037704
-0.762893915176392
-1.04102301597595
-1.34110975265503
-1.33623027801514
-1.48737728595734
-1.69289541244507
-1.69428956508636
-1.33750820159912
-0.84259170293808
-0.856068313121796
-1.13524305820465
-1.44717979431152
-1.44474005699158
-1.6185417175293
-1.83788502216339
-2.12856125831604
-2.24102115631104
-2.29213929176331
-2.31130862236023
-2.24892115592957
-2.18339705467224
-2.0263249874115
-1.84311294555664
-1.48145222663879
-0.997688770294189
-0.582470118999481
-0.0689652636647224
0.232980251312256
0.620664834976196
1.01299643516541
1.22118663787842
1.20863950252533
0.713723063468933
0.309657454490662
-0.164347052574158
-0.335592806339264
-0.41610386967659
-0.146804243326187
0.384359627962112
0.96664160490036
1.42043125629425
1.42019891738892
1.43530189990997
1.32783770561218
1.38999271392822
1.30169773101807
2.33196043968201
3.7703549861908
3.37744235992432
1.40126192569733
-0.456301301717758
-0.492200165987015
0.313375115394592
0.908668994903564
0.786101698875427
0.771811842918396
1.11895036697388
0.976051986217499
1.34758794307709
1.76640808582306
1.67822921276093
1.24941778182983
1.4109046459198
1.6836895942688
1.72330617904663
2.28432774543762
2.88717317581177
2.63948249816895
1.45052123069763
0.778782486915588
0.812009274959564
0.603702902793884
0.399114191532135
0.84419047832489
1.60108733177185
1.37268221378326
0.805270969867706
0.872537791728973
1.14625215530396
0.952816486358643
0.216715380549431
-0.403672844171524
-0.8107590675354
-0.98665189743042
-1.03172886371613
-1.40686619281769
-2.15981316566467
-2.65670442581177
-2.18769574165344
-1.3731746673584
-0.891386330127716
-0.693187355995178
-0.567250907421112
-0.490806043148041
-0.677851915359497
-0.90474671125412
-1.03486561775208
-0.881627380847931
-0.567599415779114
-0.283661425113678
-0.354762107133865
-0.613024830818176
-0.764171838760376
-1.04311418533325
-1.20901584625244
-1.36271870136261
-1.53257036209106
-1.77236080169678
-1.78072559833527
-1.33681118488312
-0.920198321342468
-0.753018796443939
-0.906024694442749
-1.18822002410889
-1.51409804821014
-1.83951151371002
-1.906081199646
-2.06617403030396
-2.33849406242371
-2.63393378257751
-2.69341659545898
-2.36916494369507
-2.10486102104187
-1.85345280170441
-1.60006952285767
-1.32298600673676
-1.17869341373444
-0.960279583930969
-0.6321941614151
-0.176080986857414
0.266090869903564
0.594757199287415
0.92714124917984
0.891823291778564
0.619735419750214
0.232283174991608
-0.00518377870321274
0.079161137342453
0.228565499186516
0.402483314275742
0.513549089431763
0.795047342777252
1.12580490112305
1.28973150253296
1.30890071392059
1.28136670589447
1.41218256950378
1.30715811252594
1.50686728954315
3.46864175796509
4.45045852661133
2.96919441223145
0.240299433469772
-0.841662287712097
-0.417614161968231
0.306869179010391
0.562343657016754
0.752526342868805
1.13056814670563
0.940269291400909
0.970824003219604
1.47178173065186
1.77000951766968
1.2323397397995
1.07712650299072
1.60120356082916
1.51058506965637
1.46353316307068
2.23948311805725
3.11732077598572
2.47230291366577
1.21781754493713
0.913548469543457
1.13637709617615
0.849302291870117
0.773554503917694
1.40091335773468
1.57959449291229
0.807129800319672
0.472189873456955
0.870795130729675
1.16251707077026
0.812357783317566
0.2035873234272
-0.41819503903389
-0.938902914524078
-1.00651824474335
-0.94006472826004
-1.53152477741241
-2.53448581695557
-2.64055585861206
-1.90782392024994
-1.2691957950592
-1.09028232097626
-0.939483821392059
-0.659844398498535
-0.663097381591797
-0.983863651752472
-1.18996262550354
-0.998502016067505
-0.667628288269043
-0.388802140951157
-0.268442153930664
-0.363359242677689
-0.50997531414032
-0.767192482948303
-1.08447349071503
-1.34482741355896
-1.5932149887085
-1.78316533565521
-1.89678704738617
-1.65246558189392
-1.19646859169006
-0.74988204240799
-0.70910370349884
-0.958885490894318
-1.17660224437714
-1.42162072658539
-1.57578837871552
-1.9384948015213
-2.20059132575989
-2.49150013923645
-2.62266445159912
-2.51740765571594
-2.1725926399231
-1.729607462883
-1.57021188735962
-1.3689923286438
-1.19948923587799
-0.939367651939392
-0.699228584766388
-0.458741039037704
-0.129726141691208
0.251684844493866
0.723017275333405
1.03913640975952
1.01857304573059
0.640995860099792
0.262024641036987
0.0641742348670959
0.0587138868868351
0.0773022994399071
0.151423588395119
0.521565318107605
1.02403330802917
1.40625751018524
1.57912981510162
1.64000689983368
1.68996322154999
1.65499377250671
1.34677469730377
2.29815268516541
3.60375642776489
3.36861300468445
1.20689690113068
-0.574570059776306
-0.776370525360107
-0.0999846756458282
0.694786131381989
1.01183474063873
1.29135799407959
0.91238671541214
0.774483919143677
1.3602511882782
1.9859836101532
1.75815939903259
1.17657446861267
1.65871143341064
1.78790092468262
1.4454094171524
1.55473256111145
2.66968870162964
2.75682187080383
1.49211275577545
0.871376037597656
1.00056552886963
1.12975490093231
0.94085019826889
1.52731454372406
1.81729376316071
1.18830847740173
0.556999504566193
0.724179029464722
0.964318096637726
0.657144546508789
0.35589611530304
-0.0802344903349876
-0.793913304805756
-1.13872838020325
-0.879652380943298
-0.97689300775528
-2.04502964019775
-2.66274571418762
-2.07860493659973
-1.23782777786255
-0.990950465202332
-0.877444982528687
-0.58874374628067
-0.596062898635864
-0.937508821487427
-1.26582658290863
-1.27663111686707
-1.07332038879395
-0.725949466228485
-0.508000314235687
-0.400884598493576
-0.477561801671982
-0.577009797096252
-0.81970477104187
-0.951682448387146
-1.20843493938446
-1.62528002262115
-2.05444002151489
-1.97416126728058
-1.35156571865082
-0.929144024848938
-0.758363008499146
-1.05240845680237
-1.12955033779144
-1.30811524391174
-1.52257907390594
-1.82324659824371
-2.12321710586548
-2.32827043533325
-2.59059953689575
-2.5380871295929
-2.4004168510437
-1.98740553855896
-1.69545125961304
-1.47843158245087
-1.31555068492889
-1.18961417675018
-0.987465143203735
-0.810642898082733
-0.411456763744354
-0.109627418220043
0.353107869625092
0.769488275051117
0.917033791542053
0.834083020687103
0.569662868976593
0.495657742023468
0.459526509046555
0.433851271867752
0.312097162008286
0.421768814325333
0.780641317367554
1.10582232475281
1.26312685012817
1.27265334129333
1.3083199262619
1.48665249347687
1.39812517166138
2.02153396606445
3.45865058898926
3.67357897758484
2.20300340652466
0.161066323518753
-0.579333364963531
-0.486856013536453
0.305823594331741
0.488106191158295
0.794350266456604
1.04668796062469
1.1191828250885
1.11581361293793
1.42600774765015
1.77140367031097
1.16658318042755
0.997196316719055
1.15136396884918
1.62374198436737
1.91685795783997
2.45766448974609
2.74601745605469
2.13190269470215
1.40416634082794
1.03518640995026
1.19516289234161
0.904138088226318
1.0438996553421
1.64198184013367
1.59829914569855
0.864056825637817
0.518079996109009
1.06028079986572
1.19179379940033
0.731614410877228
0.0910112485289574
-0.346281141042709
-0.714215517044067
-0.956794261932373
-0.868034601211548
-1.43800175189972
-2.36707377433777
-2.64171767234802
-1.91467833518982
-1.25490593910217
-1.10213243961334
-0.941342651844025
-0.863038957118988
-0.825048923492432
-1.03858327865601
-1.087029337883
-0.982004821300507
-0.676806330680847
-0.324672102928162
-0.204079791903496
-0.375325530767441
-0.608377754688263
-0.716539084911346
-0.918688058853149
-1.22644245624542
-1.70509397983551
-1.98031866550446
-1.970095038414
-1.67755997180939
-1.19228625297546
-0.839803457260132
-0.712589025497437
-0.945641219615936
-1.19495832920074
-1.46077263355255
-1.60355484485626
-1.79745519161224
-2.2738995552063
-2.39042544364929
-2.35650157928467
-2.13576436042786
-1.84950280189514
-1.61552107334137
-1.33820521831512
-1.2768634557724
-1.19158911705017
-1.25002646446228
-1.05333781242371
-0.687843203544617
-0.259961187839508
0.272712975740433
0.623569250106812
0.990690410137177
0.951538562774658
0.727083444595337
0.442913115024567
0.383894920349121
0.295716136693954
0.117964446544647
0.132021933794022
0.402367144823074
1.01113760471344
1.42229008674622
1.67137479782104
1.74665784835815
1.69298386573792
1.68798816204071
1.27822983264923
2.187087059021
3.44075918197632
3.27927231788635
1.20956897735596
-0.461296945810318
-0.495453149080276
0.00329718412831426
0.601727843284607
0.679566860198975
0.995105147361755
0.778317749500275
0.722552537918091
1.4032369852066
2.22031378746033
1.97029972076416
1.16379499435425
1.61839783191681
1.71075904369354
1.24116921424866
1.20956897735596
2.31093239784241
2.43280267715454
1.38290584087372
1.00683903694153
1.38778531551361
1.58133721351624
1.24674570560455
1.72528123855591
2.03257083892822
1.191561460495
0.346601903438568
0.634489953517914
1.13788735866547
0.824207901954651
0.409337818622589
0.0312959775328636
-0.507303237915039
-0.877909719944
-0.791822135448456
-0.943550050258636
-1.9314079284668
-2.62382626533508
-2.22231650352478
-1.32670366764069
-1.07250714302063
-0.924032211303711
-0.660889983177185
-0.741168737411499
-1.10561776161194
-1.35621273517609
-1.05101430416107
-0.774511694908142
-0.511485636234283
-0.382877081632614
-0.415290623903275
-0.579565703868866
-0.724206805229187
-0.765914559364319
-1.28569304943085
-1.89248847961426
-2.24439024925232
-2.07965064048767
-1.73262810707092
-1.21633493900299
-0.736405432224274
-0.578868627548218
-0.691328525543213
-1.02464199066162
-1.19600391387939
-1.49864649772644
-1.68836450576782
-2.03178548812866
-2.3750901222229
-2.54261827468872
-2.5859522819519
-2.20872378349304
-1.9272255897522
-1.74494290351868
-1.6551376581192
-1.45995938777924
-1.20773780345917
-1.08540284633636
-0.773930788040161
-0.351509124040604
0.24204209446907
0.624963402748108
0.822232902050018
0.779711902141571
0.583836495876312
0.403412759304047
0.367746233940125
0.457319140434265
0.331382662057877
0.282936602830887
0.426067382097244
0.79179435968399
1.03588342666626
1.14009475708008
1.36350417137146
1.6035270690918
1.95821726322174
1.92266690731049
2.11122298240662
3.30064916610718
3.74072980880737
2.58487915992737
0.236465573310852
-1.03114795684814
-1.15232110023499
-0.258683234453201
0.484620869159698
0.993827164173126
1.15031838417053
1.06864547729492
1.432746052742
1.91000354290009
1.9417200088501
1.16948771476746
1.08560740947723
1.50884234905243
1.52684986591339
1.33864223957062
1.86376488208771
2.48996186256409
1.9290566444397
1.18586874008179
1.05888664722443
1.30971395969391
1.27683579921722
1.3996354341507
1.7322518825531
1.48200535774231
0.786217868328094
0.655169546604156
1.08491039276123
1.17738771438599
0.774716258049011
0.386799365282059
-0.140879184007645
-0.806111991405487
-0.926588118076324
-0.748139381408691
-1.30416524410248
-2.37799453735352
-2.57979488372803
-1.81186127662659
-1.14476954936981
-0.966669380664825
-0.848632991313934
-0.674250423908234
-0.755110025405884
-1.02696549892426
-1.18473470211029
-1.12130177021027
-0.88395094871521
-0.630800008773804
-0.519850432872772
-0.800767779350281
-0.910671770572662
-0.883834779262543
-0.985838651657104
-1.53884387016296
-2.10067868232727
-2.08057999610901
-1.83172762393951
-1.44137096405029
-1.07971012592316
-0.845031440258026
-0.793680965900421
-0.99164754152298
-1.08784258365631
-1.16405510902405
-1.42835903167725
-1.80140519142151
-2.02969408035278
-2.12054514884949
-2.25705361366272
-2.28540110588074
-1.99530565738678
-1.66791725158691
-1.54070281982422
-1.44892251491547
-1.33588171005249
-1.13594007492065
-0.942969143390656
-0.663562059402466
-0.249969929456711
0.218690410256386
0.575355529785156
0.721158385276794
0.697109639644623
0.551655352115631
0.418167293071747
0.335448861122131
0.294205814599991
0.252498090267181
0.30140882730484
0.594989538192749
1.01845681667328
1.42786657810211
1.63350093364716
1.76908016204834
1.80230689048767
1.75037550926208
1.25511050224304
1.73620188236237
3.00160789489746
3.18319344520569
1.38267350196838
-0.530538737773895
-0.953773677349091
-0.247530192136765
0.55316561460495
0.855343520641327
1.15101540088654
1.10454440116882
1.03541874885559
1.33306574821472
1.83553373813629
1.67567336559296
1.17204356193542
1.4102076292038
1.66939973831177
1.43216514587402
1.27555775642395
1.94950389862061
2.15676474571228
1.46260368824005
0.847791969776154
1.02995836734772
1.50558936595917
1.43437254428864
1.54253387451172
1.75839173793793
1.44378292560577
0.714187741279602
0.704196512699127
1.03321135044098
0.848953723907471
0.283168971538544
-0.108581818640232
-0.43585404753685
-0.907767355442047
-0.930770516395569
-1.070880651474
-1.5749751329422
-2.35243558883667
-2.24206686019897
-1.599604845047
-1.06239974498749
-0.887784779071808
-0.976195931434631
-0.973175346851349
-1.21075844764709
-1.27802526950836
-1.4090735912323
-1.03811860084534
-0.748023211956024
-0.460716038942337
-0.477213263511658
-0.720953822135925
-0.758711516857147
-1.00163877010345
-1.40721476078033
-2.04770159721375
-2.2309136390686
-2.10276985168457
-1.6291139125824
-1.02626848220825
-0.796236872673035
-0.764985084533691
-0.867686092853546
-1.09643971920013
-1.34494352340698
-1.73390603065491
-1.96765530109406
-2.19199419021606
-2.24253153800964
-2.37694883346558
-2.43073916435242
-2.21441650390625
-1.85322046279907
-1.5644029378891
-1.54325866699219
-1.57172214984894
-1.52652907371521
-1.20785403251648
-0.850607991218567
-0.431323111057281
0.0271135866641998
0.41584375500679
0.617063283920288
0.524585962295532
0.43942779302597
0.390865564346313
0.46150153875351
0.466497182846069
0.325922310352325
0.207304999232292
0.417702585458755
0.874048113822937
1.3539776802063
1.67021298408508
1.81113636493683
1.81043934822083
1.77895522117615
1.37616753578186
1.08456182479858
2.2250771522522
3.20677757263184
2.39306998252869
-0.0474724173545837
-1.07634103298187
-0.523103415966034
0.44163516163826
0.610557377338409
0.776226580142975
1.00114631652832
0.948401749134064
1.31958913803101
1.8398323059082
2.03199005126953
1.47526705265045
1.39928686618805
1.54613530635834
1.14543890953064
0.954907715320587
1.74921381473541
2.60265421867371
1.79986715316772
0.938991367816925
1.00660669803619
1.51964688301086
1.46492719650269
1.33213627338409
1.6134021282196
1.50953948497772
0.7138392329216
0.325922310352325
0.903324842453003
1.29112553596497
0.974425494670868
0.385405212640762
-0.145293936133385
-0.704108059406281
-0.993157863616943
-0.938786745071411
-1.45995938777924
-2.28737592697144
-2.44502902030945
-1.78641831874847
-1.26222515106201
-1.12745916843414
-0.863736033439636
-0.853047728538513
-1.12722682952881
-1.49632298946381
-1.44253277778625
-1.22795271873474
-1.01639342308044
-0.698647737503052
-0.463620483875275
-0.609074831008911
-0.874308228492737
-0.818310618400574
-1.11642229557037
-1.8309143781662
-2.2612361907959
-2.00576162338257
-1.53094387054443
-1.20332312583923
-0.926123380661011
-0.848168253898621
-0.885228872299194
-1.04485690593719
-1.10433983802795
-1.12908565998077
-1.45112991333008
-1.7290266752243
-1.95650231838226
-2.01098966598511
-2.22371077537537
-2.2612361907959
-2.01145434379578
-1.70799851417542
-1.48679637908936
-1.50852155685425
-1.46309614181519
-1.35203039646149
-1.01558017730713
-0.644392788410187
-0.24392868578434
0.0871773958206177
0.244946539402008
0.266671746969223
0.150377988815308
0.268530577421188
0.573264360427856
0.882412910461426
0.877533435821533
0.532137513160706
0.304661810398102
0.411428987979889
0.868587732315063
1.255575299263
1.45540070533752
1.54055881500244
1.50535702705383
1.38453233242035
0.882064342498779
1.34723937511444
2.76832342147827
3.41310906410217
1.75432562828064
-0.442359983921051
-0.97561502456665
-0.10869799554348
0.600449919700623
0.661210775375366
0.940734028816223
1.13800358772278
1.27695190906525
1.57727098464966
2.02304434776306
1.82484531402588
1.23210740089417
1.39278101921082
1.45691096782684
0.866961240768433
0.723249614238739
1.74991083145142
2.2313506603241
1.58842396736145
0.964782774448395
1.31203758716583
1.82077920436859
1.55740463733673
1.32028615474701
1.32621121406555
1.0355349779129
0.408756911754608
0.556302428245544
1.03588342666626
1.09641194343567
0.819793164730072
0.485550284385681
-0.0112250121310353
-0.625107288360596
-0.758363008499146
-0.957607507705688
-1.75412094593048
-2.51206350326538
-2.21662378311157
-1.48609936237335
-1.34529209136963
-1.26675605773926
-1.15022993087769
-1.06890559196472
-1.42464137077332
-1.61319756507874
-1.4420679807663
-1.14802253246307
-0.84758734703064
-0.709568381309509
-0.524265170097351
-0.651595771312714
-0.762661576271057
-1.12676203250885
-1.79733908176422
-2.24624919891357
-2.12298488616943
-1.55801320075989
-1.27372670173645
-1.13257098197937
-0.930421948432922
-0.675528407096863
-0.563533186912537
-0.657056152820587
-0.984909236431122
-1.58043551445007
-1.94500076770782
-2.05606651306152
-2.21766948699951
-2.46222329139709
-2.58444213867188
-2.17015290260315
-1.84508800506592
-1.68383359909058
-1.72670304775238
-1.503990650177
-1.11212372779846
-0.834343135356903
-0.646832525730133
-0.550056576728821
-0.111834794282913
0.294902890920639
0.573148190975189
0.44663080573082
0.186741575598717
0.185695976018906
0.398881822824478
0.732195258140564
0.624498665332794
0.45325294137001
0.616714775562286
1.1030341386795
1.60573446750641
1.7131986618042
1.66452026367188
1.49478483200073
1.35920560359955
0.903789579868317
0.831410944461823
2.26701712608337
3.36814832687378
2.45139098167419
0.0374533906579018
-0.879187643527985
-0.424933344125748
0.423046767711639
0.58186149597168
0.78203547000885
1.1381196975708
1.34723937511444
1.82891154289246
2.34450769424438
2.24413013458252
1.3666410446167
1.05098652839661
1.12975490093231
0.645991504192352
0.306288301944733
0.99742865562439
1.95798480510712
1.90640199184418
1.55043387413025
1.62269639968872
1.91871678829193
1.9859836101532
1.95600986480713
1.93486547470093
1.24256336688995
0.403412759304047
0.3338223695755
0.95293265581131
1.03588342666626
0.699549376964569
0.524469792842865
0.00794428680092096
-0.628360271453857
-0.923102796077728
-0.811920821666718
-1.34308469295502
-2.305499792099
-2.45745992660522
-1.75946509838104
-1.27523696422577
-1.12745916843414
-0.877793550491333
-0.80309134721756
-1.18845236301422
-1.63143742084503
-1.61377847194672
-1.32403159141541
-1.07959401607513
-0.806460499763489
-0.610817492008209
-0.562371432781219
-0.65693998336792
-0.807157576084137
-1.30532705783844
-1.91967403888702
-1.95069336891174
-1.53977334499359
-1.20576286315918
-1.17915821075439
-1.01848459243774
-0.699693322181702
-0.439339369535446
-0.429928988218307
-0.681918144226074
-1.24108076095581
-1.72530889511108
-1.8807544708252
-1.99646735191345
-2.34929871559143
-2.70096826553345
-2.4741895198822
-1.89004874229431
-1.49550974369049
-1.4505490064621
-1.48993313312531
-1.28348565101624
-0.992112278938293
-0.704340398311615
-0.56899356842041
-0.417033284902573
-0.107768572866917
0.232864066958427
0.510296106338501
0.587205648422241
0.645642995834351
0.825137317180634
1.02612459659576
0.863708317279816
0.527955114841461
0.365422695875168
0.692462563514709
1.17157888412476
1.41113698482513
1.4067223072052
1.25940907001495
1.18342900276184
0.998358130455017
0.673177063465118
1.60747706890106
3.20340847969055
3.52173495292664
1.31192135810852
-0.698763906955719
-0.84549617767334
0.275849759578705
0.885201156139374
0.949679672718048
1.09850311279297
1.30611252784729
1.73910629749298
2.15850734710693
2.29582929611206
1.61677134037018
1.00893020629883
1.09025454521179
0.877417266368866
0.170360535383224
0.369256556034088
1.77244925498962
2.42374086380005
1.93939650058746
1.47642886638641
1.80997467041016
2.2538890838623
2.24029636383057
2.06161522865295
1.63582444190979
1.03750991821289
0.777155995368958
1.04227328300476
1.06306898593903
0.716743648052216
0.639601767063141
0.384359627962112
-0.351509124040604
-0.977357685565948
-0.822376847267151
-0.781366169452667
-1.81151270866394
-2.61929535865784
-2.29086136817932
-1.44508862495422
-1.16939926147461
-0.994784355163574
-1.01476693153381
-1.21540558338165
-1.49992442131042
-1.57764720916748
-1.36597168445587
-1.29045629501343
-1.01871693134308
-0.744073152542114
-0.674250423908234
-0.908232033252716
-1.07773518562317
-1.22748804092407
-1.73239576816559
-1.96881711483002
-1.67825698852539
-1.17973899841309
-0.991415202617645
-0.893826067447662
-0.49522078037262
-0.0524680502712727
-0.137626215815544
-0.683196127414703
-1.30393290519714
-1.80314791202545
-2.09881973266602
-2.39635062217712
-2.57282423973083
-2.59826731681824
-2.32583069801331
-1.84543657302856
-1.49004936218262
-1.32286977767944
-1.32728457450867
-1.25420892238617
-1.17509198188782
-1.10375893115997
-1.00582122802734
-0.863271355628967
-0.431904017925262
0.167920812964439
0.650290071964264
0.760658800601959
0.681890368461609
0.700827360153198
0.872770130634308
0.958044469356537
0.782151639461517
0.647385656833649
0.829435884952545
1.32272589206696
1.61049771308899
1.52603662014008
1.24802374839783
0.949679672718048
0.907739579677582
0.704661190509796
1.17030096054077
2.68084168434143
3.59202241897583
2.478111743927
0.207188829779625
-0.752902626991272
-0.241256609559059
0.574542343616486
0.636000275611877
0.76937210559845
1.192258477211
1.75060784816742
2.07590508460999
2.30454254150391
2.04813861846924
1.39115452766418
0.821884393692017
0.39330530166626
0.0573197565972805
0.35868439078331
1.61735224723816
2.70593619346619
2.51749610900879
2.02873706817627
2.04999756813049
2.54898023605347
2.45789694786072
1.50175547599792
1.06364989280701
0.982325613498688
0.802715063095093
0.622756004333496
0.914594054222107
1.14509034156799
0.983603537082672
0.659584283828735
0.0134046329185367
-0.516829788684845
-0.742330491542816
-0.722580313682556
-1.37700855731964
-2.18177056312561
-2.27831411361694
-1.64584350585938
-1.20843493938446
-1.18891704082489
-1.13663721084595
-1.18891704082489
-1.31020641326904
-1.52757465839386
-1.49760091304779
-1.25188529491425
-0.938205897808075
-0.581656873226166
-0.385432988405228
-0.451189488172531
-0.654732584953308
-0.913227677345276
-1.42986941337585
-1.82638347148895
-1.73425459861755
-1.28255617618561
-1.05763638019562
-1.15081083774567
-0.896846652030945
-0.377068191766739
0.0189811568707228
-0.215465188026428
-0.677851915359497
-1.21459233760834
-1.57962226867676
-1.7507518529892
-2.08441376686096
-2.33442807197571
-2.56109046936035
-2.12832903862
-1.5947253704071
-1.30195784568787
-1.35447013378143
-1.39745581150055
-1.07947778701782
-0.810991406440735
-0.728505373001099
-0.889178931713104
-0.709452211856842
-0.177475124597549
0.626822233200073
1.14985370635986
1.15763759613037
1.05969989299774
1.03565108776093
1.05865430831909
0.674222648143768
0.245875954627991
0.219619825482368
0.656098961830139
1.11906659603119
1.31273460388184
1.41195023059845
1.38534557819366
1.3454966545105
1.1795951128006
0.905416071414948
1.65894377231598
3.15112853050232
3.29704761505127
1.1613552570343
-0.801348686218262
-0.566670000553131
0.736145317554474
1.07236325740814
0.869052469730377
1.10036206245422
1.63698625564575
1.91953003406525
2.2538890838623
2.3557767868042
1.82019829750061
0.993594825267792
0.675268292427063
0.535041928291321
0.366003572940826
0.925282418727875
2.4402379989624
3.12545323371887
2.32220149040222
1.80126130580902
2.3685564994812
2.84999632835388
1.81113636493683
0.85789942741394
0.932485401630402
1.05551743507385
0.778201580047607
0.923539757728577
1.30100071430206
1.1719274520874
0.93109130859375
0.443145483732224
-0.295860081911087
-0.940413236618042
-0.822260677814484
-0.953657507896423
-2.00134682655334
-2.60454082489014
-1.9546434879303
-1.06820857524872
-1.06298053264618
-1.11711931228638
-0.967714965343475
-0.991996109485626
-1.42893993854523
-1.78165507316589
-1.63387715816498
-1.30985796451569
-0.953889846801758
-0.615696907043457
-0.50892972946167
-0.746048152446747
-1.02057576179504
-1.30242252349854
-1.68929386138916
-1.8316113948822
-1.55894267559052
-1.16486835479736
-0.947035372257233
-0.651828169822693
-0.120199576020241
0.127374827861786
-0.165625005960464
-0.75754976272583
-1.23945426940918
-1.68975853919983
-2.09951686859131
-2.41819190979004
-2.48557496070862
-2.35510754585266
-2.09847140312195
-1.71043825149536
-1.38200426101685
-1.28987538814545
-1.23062479496002
-1.13617241382599
-1.03405237197876
-1.07343661785126
-1.14511811733246
-0.903004050254822
-0.395424246788025
0.324179649353027
0.826763808727264
1.03437316417694
1.02693784236908
1.015784740448
1.10210466384888
1.00927877426147
0.572334945201874
0.217528626322746
0.322785526514053
0.749041020870209
1.079798579216
1.12510788440704
1.10001349449158
1.02263927459717
1.08700156211853
0.818979918956757
1.20759391784668
2.82641220092773
3.71714568138123
2.02455472946167
-0.565508186817169
-1.20448482036591
-0.0701270401477814
0.93608695268631
0.979653537273407
1.11128270626068
1.48328328132629
1.88246941566467
2.09855961799622
2.27085113525391
2.01909422874451
1.21642339229584
0.559090673923492
0.248548045754433
0.146544128656387
0.737423300743103
2.08543157577515
2.97604894638062
2.51528859138489
1.75815939903259
1.80823194980621
2.39144349098206
1.93277430534363
0.929697155952454
0.7138392329216
0.932717800140381
0.723946690559387
0.581512987613678
1.06655430793762
1.28206372261047
1.02902901172638
0.549099445343018
0.0188649781048298
-0.468499928712845
-0.729434788227081
-0.749998211860657
-1.51316869258881
-2.40308880805969
-2.54540634155273
-1.78769624233246
-1.21900701522827
-1.09853088855743
-0.944595634937286
-0.914854168891907
-1.11979138851166
-1.55290138721466
-1.6551376581192
-1.35354065895081
-0.880581796169281
-0.527982831001282
-0.485229521989822
-0.647645771503448
-0.931816101074219
-1.1644035577774
-1.61679911613464
-1.98252606391907
-1.89504432678223
-1.57334864139557
-1.16939926147461
-0.864433109760284
-0.228825613856316
0.163273707032204
0.143872052431107
-0.291212975978851
-0.905792355537415
-1.52037167549133
-2.17584562301636
-2.48139262199402
-2.56759643554688
-2.42411708831787
-2.27285385131836
-1.96428620815277
-1.51758348941803
-1.18682587146759
-1.11735165119171
-1.27175164222717
-1.33634638786316
-1.25537061691284
-0.921708643436432
-0.532165229320526
0.0620830357074738
0.662837266921997
1.00614202022552
0.991503596305847
0.701872944831848
0.547821462154388
0.543639063835144
0.513200581073761
0.212649166584015
-0.0985905453562737
-0.00309258233755827
0.561414241790771
1.13846826553345
1.42577540874481
1.3800014257431
1.18842458724976
1.05679547786713
0.937248706817627
0.596151351928711
1.55740463733673
3.62792134284973
3.77779030799866
1.06016457080841
-1.40791177749634
-0.941226482391357
0.574309945106506
1.22978377342224
0.911341071128845
1.26486945152283
1.74526369571686
2.02618098258972
2.34543704986572
2.39097857475281
1.82054674625397
0.698155224323273
0.529000699520111
0.370418310165405
0.423046767711639
1.18912172317505
2.85255217552185
3.3302743434906
2.33172821998596
1.73050916194916
2.25574803352356
2.67224454879761
1.44808149337769
0.684097766876221
0.872886300086975
1.0010302066803
0.513316750526428
0.636697292327881
1.16704797744751
1.09676051139832
0.654821038246155
-0.0494474358856678
-0.544944763183594
-0.894987821578979
-0.722115576267242
-0.950404524803162
-2.03410887718201
-2.59071564674377
-2.09243011474609
-1.27395904064178
-1.22876596450806
-1.26605904102325
-1.103875041008
-1.04880690574646
-1.47610807418823
-1.86216616630554
-1.48145222663879
-0.982934236526489
-0.636841237545013
-0.635563313961029
-0.778577864170074
-1.01883316040039
-1.16568160057068
-1.4217369556427
-1.83416736125946
-1.77898299694061
-1.41523098945618
-0.93611466884613
-0.671346008777618
-0.434111386537552
-0.128215834498405
-0.220577001571655
-0.657869398593903
-1.25873982906342
-1.69858813285828
-2.15795421600342
-2.48731756210327
-2.57050085067749
-2.50032949447632
-2.35870909690857
-2.13413786888123
-1.65792596340179
-1.3141565322876
-1.22725570201874
-1.3521466255188
-1.35098481178284
-1.15464472770691
-0.879652380943298
-0.582353949546814
-0.249505221843719
0.20800207555294
0.653543055057526
0.846049308776855
0.750319004058838
0.451974987983704
0.408524572849274
0.536087512969971
0.545614123344421
0.361937344074249
0.266323208808899
0.561878979206085
0.920170605182648
1.14845955371857
1.01927006244659
0.745323359966278
0.564551055431366
0.595919013023376
0.508785784244537
1.31261849403381
3.43390464782715
4.12853050231934
2.00306177139282
-0.738148093223572
-1.35028767585754
-0.216278433799744
0.595454275608063
0.76042640209198
0.921216189861298
1.64988195896149
2.01398253440857
2.19010758399963
2.32870745658875
2.06242847442627
1.10105907917023
0.341373920440674
0.118777692317963
0.0592947751283646
0.90344101190567
2.27596282958984
2.99033880233765
2.48566341400146
1.78046548366547
1.91720652580261
2.33544588088989
1.74654161930084
0.769023597240448
0.846513986587524
1.19806730747223
0.920635282993317
0.764027953147888
1.18784368038177
1.37558662891388
0.86789071559906
0.084737665951252
-0.426095128059387
-0.62220287322998
-0.733152449131012
-0.998734414577484
-1.72449564933777
-2.43224954605103
-2.29086136817932
-1.61528873443604
-1.29336071014404
-1.19158911705017
-1.12664592266083
-1.07483065128326
-1.23434245586395
-1.42917227745056
-1.42708110809326
-1.02092432975769
-0.62429404258728
-0.630335330963135
-0.877909719944
-1.21912324428558
-1.30869615077972
-1.57927370071411
-1.92664468288422
-1.99228501319885
-1.63190221786499
-1.01104927062988
-0.562836110591888
-0.172944188117981
0.141316145658493
0.126910120248795
-0.248459622263908
-0.930770516395569
-1.57613694667816
-2.21674013137817
-2.57073307037354
-2.67796492576599
-2.56062579154968
-2.30085253715515
-2.02551174163818
-1.66083037853241
-1.36655259132385
-1.03056704998016
-1.05333781242371
-1.13954162597656
-1.2367821931839
-1.02255082130432
-0.698763906955719
-0.384271204471588
0.0957745313644409
0.467078059911728
0.564551055431366
0.402715682983398
0.211022689938545
0.234258204698563
0.350668132305145
0.44941908121109
0.273177683353424
0.168153166770935
0.427229136228561
0.937829613685608
1.34328937530518
1.29972267150879
1.07631325721741
0.805154800415039
0.79969447851181
0.65063863992691
0.63902086019516
2.31511473655701
3.85435128211975
3.05237770080566
0.380409598350525
-0.838176965713501
-0.0326016843318939
0.810498952865601
0.808756291866302
0.563970148563385
1.39661478996277
1.80869662761688
2.01688694953918
2.28641891479492
2.40596556663513
1.55914723873138
0.614972114562988
0.740211546421051
0.623453080654144
0.662604928016663
1.49885106086731
2.85046100616455
2.72800970077515
1.72667527198792
1.71482515335083
2.44534969329834
2.19591641426086
1.00730383396149
0.92714124917984
1.37384402751923
1.05470418930054
0.519125640392303
0.852555274963379
1.22862207889557
0.869749546051025
0.449767589569092
0.107508465647697
-0.32536917924881
-0.627082347869873
-0.682150483131409
-1.22981154918671
-2.32815432548523
-2.611976146698
-1.89376640319824
-1.28964304924011
-1.31950068473816
-1.2768634557724
-1.00860953330994
-1.09864711761475
-1.52873647212982
-1.64235818386078
-1.21494090557098
-0.828301906585693
-0.631845593452454
-0.693652093410492
-0.949242770671844
-1.20413637161255
-1.46704614162445
-1.75574743747711
-1.97543931007385
-1.7634152173996
-1.15743291378021
-0.64590311050415
-0.248808145523071
0.0172384921461344
0.072887547314167
-0.280292272567749
-0.89556872844696
-1.54128360748291
-2.2225489616394
-2.68540048599243
-2.82434868812561
-2.57259202003479
-2.23637413978577
-2.00901460647583
-1.79664194583893
-1.46623289585114
-1.13686954975128
-0.914505660533905
-1.00396239757538
-1.19983780384064
-0.8926642537117
-0.432484894990921
-0.0496797896921635
0.0921730250120163
0.465567737817764
0.579189419746399
0.562575995922089
0.323482573032379
0.156651586294174
0.147473558783531
0.22008453309536
0.3338223695755
0.262837886810303
0.428042382001877
0.69722580909729
1.01288032531738
0.992316842079163
0.659235775470734
0.477417856454849
0.389703780412674
0.590923368930817
0.680147707462311
2.04105186462402
3.68171143531799
3.2670738697052
1.06202340126038
-0.727924466133118
-0.365101903676987
0.46916925907135
1.07398974895477
0.927489757537842
1.31447732448578
1.74212694168091
1.66045415401459
1.8039333820343
2.13980269432068
1.92289924621582
0.788541376590729
0.370069772005081
0.392724424600601
0.823046147823334
1.65743350982666
2.66097545623779
2.94700455665588
2.24564051628113
1.7694286108017
1.99539399147034
2.08845233917236
1.19899678230286
0.882064342498779
1.30529928207397
1.14183735847473
0.594292521476746
0.843841910362244
1.38046610355377
1.08630454540253
0.569546699523926
0.19591960310936
-0.224062323570251
-0.682034313678741
-0.796817779541016
-0.956329584121704
-1.87854719161987
-2.62568521499634
-2.23021674156189
-1.40884125232697
-1.24503087997437
-1.33541703224182
-1.19704949855804
-1.06344532966614
-1.23713076114655
-1.39002048969269
-1.10980010032654
-0.670881271362305
-0.468035221099854
-0.62452644109726
-1.02231848239899
-1.42696487903595
-1.48679637908936
-1.47982573509216
-1.64665675163269
-1.56568098068237
-1.10294568538666
-0.648691356182098
-0.50997531414032
-0.284707009792328
-0.140530645847321
-0.355342984199524
-0.981191575527191
-1.6362007856369
-2.02725434303284
-2.44804954528809
-2.63114547729492
-2.56817722320557
-2.21999311447144
-2.08871245384216
-1.99367916584015
-1.66385102272034
-1.2234218120575
-0.697253584861755
-0.506025314331055
-0.572014153003693
-0.730828881263733
-0.547849237918854
-0.308988124132156
-0.22359761595726
-0.0427091345191002
0.250058352947235
0.344045996665955
0.252381891012192
0.266671746969223
0.339398890733719
0.496819525957108
0.508902013301849
0.39109793305397
0.269227653741837
0.353107869625092
0.610789716243744
0.810847520828247
0.66272109746933
0.407943665981293
0.359381437301636
0.572567284107208
0.730336427688599
1.47549939155579
3.63698315620422
4.28258180618286
2.34985184669495
-0.141808599233627
-0.932280838489532
0.213578596711159
1.31168901920319
1.42089593410492
1.01834058761597
1.66405558586121
1.97843205928802
1.74026811122894
1.90953886508942
2.00991630554199
1.23117792606354
0.29757496714592
0.153630957007408
0.424557060003281
1.33817756175995
2.43872761726379
3.10860753059387
2.71557879447937
1.88711655139923
1.89617836475372
2.29408669471741
1.63640534877777
0.775645673274994
1.00161111354828
1.38023376464844
0.810498952865601
0.481600254774094
1.06097781658173
1.45435512065887
1.01136994361877
0.356360822916031
0.00469131488353014
-0.351044416427612
-0.629986763000488
-0.703991889953613
-1.37375557422638
-2.50346636772156
-2.72919940948486
-1.95046103000641
-1.42905616760254
-1.43103110790253
-1.27151930332184
-1.03486561775208
-1.07064831256866
-1.31520211696625
-1.21459233760834
-0.843985855579376
-0.570387661457062
-0.646135449409485
-0.933558762073517
-1.24572789669037
-1.42998552322388
-1.31729328632355
-1.43881499767303
-1.53105998039246
-1.40233528614044
-0.984328389167786
-0.675412178039551
-0.631264746189117
-0.514390110969543
-0.528331398963928
-0.702016890048981
-1.20715689659119
-1.68557620048523
-2.03085589408875
-2.2380006313324
-2.22986817359924
-2.15563058853149
-2.0622239112854
-1.98473346233368
-1.8034964799881
-1.44717979431152
-0.983979821205139
-0.688772618770599
-0.49301341176033
-0.603265941143036
-0.583399534225464
-0.329783916473389
0.118777692317963
0.239718541502953
0.0948451086878777
-0.00866910628974438
0.0414034277200699
0.216947749257088
0.345904856920242
0.501118063926697
0.425951182842255
0.299782365560532
0.000857455073855817
-0.0372487902641296
0.126329228281975
0.30524268746376
0.440821915864944
0.597545444965363
0.896005630493164
1.27137541770935
1.50791299343109
1.50768053531647
1.91999483108521
2.77459692955017
2.53887271881104
1.0846780538559
-0.447936505079269
-0.731061279773712
0.20416821539402
1.26881945133209
1.60678005218506
1.85354125499725
2.07137417793274
1.92986989021301
2.03361654281616
2.11842608451843
1.44296967983246
0.292463153600693
0.428623288869858
1.16728031635284
1.50826144218445
1.73167097568512
2.48148107528687
2.98220634460449
2.32684874534607
1.63710236549377
1.74108135700226
1.86527514457703
1.14265060424805
0.901001274585724
1.2998389005661
1.2604546546936
0.820025503635406
1.10744881629944
1.42972540855408
0.948285579681396
0.36960506439209
0.0711448863148689
-0.438061416149139
-1.05240845680237
-1.04625105857849
-1.04799365997314
-1.89678704738617
-2.64938545227051
-2.10776543617249
-1.2607147693634
-1.22435128688812
-1.3830498456955
-1.01372134685516
-0.778810262680054
-1.1243222951889
-1.38142335414886
-1.07366895675659
-0.691096186637878
-0.654267907142639
-0.909510016441345
-1.22621011734009
-1.33611404895782
-1.38479244709015
-1.37154817581177
-1.38862633705139
-1.23701465129852
-0.833065152168274
-0.560628771781921
-0.413199424743652
-0.531351983547211
-0.604079186916351
-0.759292423725128
-1.20320689678192
-1.89411497116089
-2.45560121536255
-2.46872925758362
-2.32571458816528
-2.27413177490234
-2.29818058013916
-2.07639765739441
-1.73309278488159
-1.30718588829041
-1.00082564353943
-0.787523567676544
-0.575964212417603
-0.396005123853683
-0.126589342951775
-0.0365517251193523
-0.0128514990210533
-0.273205429315567
-0.539600610733032
-0.47547060251236
-0.0527004078030586
0.247850969433784
0.307101547718048
0.426299721002579
0.560833334922791
0.591504216194153
0.382500797510147
0.211603567004204
0.179770916700363
0.315466314554214
0.550842106342316
0.709773004055023
0.879508435726166
1.01834058761597
1.27544164657593
1.21363508701324
1.46469485759735
2.95943546295166
3.70576024055481
2.48833537101746
-0.0178471338003874
-1.15301823616028
-0.601058542728424
0.918311774730682
1.49780547618866
1.55484867095947
1.89803719520569
1.97483062744141
1.85830450057983
1.77430808544159
1.69972217082977
0.747066020965576
0.274571806192398
0.574193775653839
1.08084416389465
1.55450010299683
2.37703728675842
3.35443925857544
3.12463998794556
2.24656987190247
1.76756978034973
2.15664839744568
1.62455523014069
0.71116715669632
0.845700800418854
1.39707958698273
1.23350155353546
0.935506045818329
1.29182267189026
1.37279844284058
0.848024308681488
0.253892213106155
-0.181425154209137
-0.614651322364807
-0.818659126758575
-0.806228160858154
-1.45403432846069
-2.5311164855957
-2.70770645141602
-1.96289205551147
-1.48052275180817
-1.5855473279953
-1.43068265914917
-0.992112278938293
-0.896846652030945
-1.14174902439117
-1.0962073802948
-0.797166287899017
-0.632077991962433
-0.855719804763794
-1.07854843139648
-1.26861488819122
-1.2853444814682
-1.19356417655945
-1.21679973602295
-1.2164511680603
-1.07250714302063
-0.800651609897614
-0.629522085189819
-0.477445602416992
-0.48917955160141
-0.712937533855438
-1.06971883773804
-1.4491548538208
-1.90724301338196
-2.3075909614563
-2.46036434173584
-2.33338236808777
-2.15551447868347
-2.05444002151489
-1.68243944644928
-1.12769150733948
-0.661122381687164
-0.495453149080276
-0.526240170001984
-0.581424534320831
-0.639397144317627
-0.559350788593292
-0.463271945714951
-0.362778335809708
-0.248227268457413
-0.178520724177361
-0.0937110930681229
-0.0417797155678272
0.0246738567948341
0.0437269806861877
0.10077016800642
0.0834597125649452
0.0553447380661964
0.0381504558026791
0.196268141269684
0.664231419563293
1.06446313858032
1.26730918884277
1.26649594306946
1.24302804470062
1.17738771438599
1.15519785881042
0.870911300182343
1.19992613792419
2.25063610076904
2.39144349098206
1.20015859603882
-0.226502060890198
-0.0309752002358437
1.10349881649017
1.65708494186401
1.16890680789948
1.16263318061829
1.31796264648438
1.11558127403259
1.68066895008087
2.36239910125732
1.92266690731049
0.679683029651642
0.757057309150696
1.43948435783386
1.60108733177185
1.53718972206116
2.28758072853088
2.93968534469604
2.2412257194519
1.68798816204071
2.19219875335693
2.35810041427612
1.47131705284119
1.15124773979187
1.59551084041595
1.41276347637177
0.679450690746307
0.649128317832947
1.11151504516602
0.884852588176727
0.313258945941925
0.107043758034706
-0.136812970042229
-0.570968568325043
-0.808667898178101
-1.09771764278412
-2.13704228401184
-2.95981192588806
-2.47174978256226
-1.51421427726746
-1.29324448108673
-1.52641296386719
-1.31787419319153
-0.97189736366272
-1.05949521064758
-1.3457567691803
-1.13663721084595
-0.752437949180603
-0.774976372718811
-1.0420686006546
-1.24433374404907
-1.06181883811951
-1.06646585464478
-1.11328542232513
-1.27837383747101
-1.32867872714996
-1.08319544792175
-0.921708643436432
-0.613605737686157
-0.515784204006195
-0.508465051651001
-0.95481926202774
-1.45507991313934
-1.77968001365662
-2.03933691978455
-2.11403918266296
-2.17921471595764
-1.99367916584015
-1.79431843757629
-1.49818181991577
-1.20564663410187
-0.906257033348083
-0.753832042217255
-0.795888364315033
-0.817962110042572
-0.932861685752869
-0.935301423072815
-0.906140863895416
-0.812385559082031
-0.536463797092438
-0.277503997087479
0.0944965779781342
0.325806140899658
0.389122903347015
0.322669327259064
0.317441344261169
0.374368339776993
0.385056704282761
0.392840594053268
0.40201860666275
0.630307555198669
0.677359461784363
0.602773487567902
0.580118834972382
0.728709936141968
1.11116647720337
1.36536300182343
1.52313220500946
1.47549939155579
2.58871293067932
3.3217933177948
2.56141114234924
0.543174386024475
-0.772071957588196
-0.383341789245605
0.65667986869812
1.27195632457733
1.21131157875061
1.46643757820129
1.51767182350159
1.74654161930084
2.09728169441223
1.86608839035034
0.888221740722656
0.290836691856384
0.864521563053131
1.51267623901367
1.91255939006805
2.46358966827393
3.24895000457764
3.21816301345825
2.44047021865845
2.04430484771729
2.04686069488525
1.46539199352264
0.773670673370361
0.868587732315063
1.16797733306885
0.937248706817627
0.922029435634613
1.33143925666809
1.4341402053833
0.916569113731384
0.395745038986206
-0.0356223024427891
-0.634633898735046
-0.921011567115784
-1.07273948192596
-1.72763252258301
-2.68121790885925
-2.78717184066772
-2.03573536872864
-1.57451045513153
-1.58264291286469
-1.48493754863739
-1.08795881271362
-0.929260194301605
-1.01232719421387
-0.974685609340668
-0.823422431945801
-0.815057635307312
-1.07308804988861
-1.32507717609406
-1.44532096385956
-1.26129567623138
-0.987348973751068
-0.889411270618439
-0.916015982627869
-0.820285618305206
-0.548313915729523
-0.428534865379333
-0.478026509284973
-0.688540279865265
-1.02011108398438
-1.35435390472412
-1.76666820049286
-1.99158787727356
-2.02574419975281
-1.93942415714264
-1.86483824253082
-1.83347022533417
-1.67012453079224
-1.43927979469299
-1.06960272789001
-0.828301906585693
-0.77021312713623
-0.923335134983063
-1.11665463447571
-1.21401143074036
-1.21296584606171
-1.04102301597595
-0.896730482578278
-0.636841237545013
-0.352670907974243
0.0139855211600661
0.292579352855682
0.422582060098648
0.495773911476135
0.544336140155792
0.645642995834351
0.585462987422943
0.450116127729416
0.402715682983398
0.481716424226761
0.665044665336609
0.829087376594543
1.03495407104492
1.26405620574951
1.34108197689056
1.34909820556641
0.90634548664093
1.36722195148468
2.74578499794006
3.16123604774475
1.58621656894684
-0.470358788967133
-0.73489511013031
0.0879906341433525
0.98430061340332
1.0438996553421
1.43100333213806
1.37349545955658
1.06062924861908
1.3869720697403
1.93904793262482
1.61735224723816
0.437452763319016
0.803644478321075
1.64604806900024
1.86248683929443
1.74944615364075
2.67816972732544
3.536954164505
2.80945038795471
1.96402609348297
1.92266690731049
1.98737776279449
1.00695526599884
0.699897944927216
1.33155536651611
1.44924330711365
0.907042503356934
0.89077764749527
1.37953674793243
1.06225574016571
0.540153741836548
0.251220136880875
-0.289702653884888
-1.12745916843414
-1.30892848968506
-1.151043176651
-2.09219765663147
-2.99001789093018
-2.69608879089355
-1.71403968334198
-1.47285509109497
-1.695916056633
-1.52130115032196
-1.24410140514374
-1.246657371521
-1.35191416740417
-1.10492074489594
-0.868266999721527
-0.834575474262238
-0.894174575805664
-0.906489372253418
-0.845263838768005
-0.794261872768402
-0.852466821670532
-1.09190881252289
-1.1657977104187
-0.911020338535309
-0.67669016122818
-0.657404661178589
-0.798444271087646
-0.918107151985168
-1.16963160037994
-1.60576224327087
-1.93442857265472
-2.04839873313904
-1.94953167438507
-1.85868084430695
-1.75946509838104
-1.6530464887619
-1.55778086185455
-1.29010772705078
-1.02696549892426
-0.92240571975708
-1.14639604091644
-1.36701726913452
-1.47018301486969
-1.41221034526825
-1.21796143054962
-0.985141634941101
-0.702249228954315
-0.436318755149841
-0.0530489385128021
0.296180844306946
0.582093834877014
0.717789232730865
0.747298359870911
0.754501402378082
0.674687385559082
0.488570898771286
0.271086484193802
0.210674151778221
0.263999670743942
0.46533539891243
0.780176639556885
1.21305429935455
1.61305367946625
1.72284150123596
1.37535429000854
1.19132900238037
2.13178658485413
2.77157640457153
2.06184768676758
0.363680005073547
-0.417846530675888
0.0150311188772321
0.846746385097504
0.99034184217453
1.17622601985931
1.37593519687653
1.05307769775391
1.08072805404663
1.60770952701569
1.86690163612366
0.892171800136566
0.470447212457657
1.17982745170593
1.78941118717194
1.75293147563934
2.1167995929718
3.20712614059448
3.25243544578552
2.48461771011353
2.08717441558838
2.22031378746033
1.53986179828644
0.719531953334808
0.883574664592743
1.24604868888855
0.97454172372818
0.759845554828644
1.25580763816833
1.3729145526886
1.01322877407074
0.711748003959656
0.271667391061783
-0.459786623716354
-1.13164150714874
-1.27570176124573
-1.86762642860413
-2.82678842544556
-3.10468530654907
-2.37183713912964
-1.5890326499939
-1.55929112434387
-1.47506248950958
-1.14720928668976
-0.835272550582886
-1.0596114397049
-1.24828386306763
-1.0729718208313
-0.977125346660614
-1.11967527866364
-1.28755187988281
-1.08435726165771
-0.802394270896912
-0.603149771690369
-0.838874042034149
-1.12199878692627
-1.03962886333466
-0.802278101444244
-0.683893144130707
-0.852002084255219
-1.03916418552399
-1.22423505783081
-1.33367431163788
-1.56266033649445
-1.64049935340881
-1.48458898067474
-1.4224339723587
-1.33274495601654
-1.42406046390533
-1.39675879478455
-1.38397920131683
-1.34889364242554
-1.15708446502686
-1.18845236301422
-1.28046500682831
-1.52803945541382
-1.43939590454102
-1.30253875255585
-1.14813876152039
-1.00558888912201
-0.838525533676147
-0.473727941513062
-0.149592503905296
0.304661810398102
0.566990792751312
0.831875622272491
0.965131342411041
0.988715350627899
0.869633376598358
0.701756775379181
0.663534343242645
0.616482436656952
0.660629868507385
0.752991080284119
0.880670249462128
1.1360285282135
1.24082064628601
1.27857840061188
0.75229400396347
0.843377232551575
2.16013383865356
2.73707175254822
1.79719507694244
0.0641742348670959
0.0539506077766418
0.684911012649536
1.01148617267609
0.604051411151886
0.890661478042603
0.935622215270996
0.557928919792175
1.25511050224304
2.09065961837769
1.86213839054108
0.472654581069946
0.621594250202179
1.4306548833847
1.73492395877838
1.58644902706146
2.40875387191772
3.52684688568115
2.98499464988708
2.29002046585083
2.30187058448792
2.29431891441345
1.23071324825287
0.787263453006744
1.29437851905823
1.11279296875
0.479160517454147
0.525747716426849
1.08618831634521
0.933879554271698
0.506462275981903
0.373090386390686
-0.045962106436491
-0.710381627082825
-1.11537671089172
-1.25664865970612
-2.15609526634216
-2.95806908607483
-2.77427625656128
-2.03910446166992
-1.68627321720123
-1.63980221748352
-1.38409543037415
-1.24270725250244
-1.11735165119171
-1.14442110061646
-1.10341036319733
-1.17869341373444
-1.26257359981537
-1.1925185918808
-1.07448220252991
-0.914505660533905
-0.66193562746048
-0.525310754776001
-0.763010084629059
-1.01418602466583
-0.95214718580246
-0.718281745910645
-0.76068651676178
-1.08609998226166
-1.31392419338226
-1.34354937076569
-1.49841415882111
-1.67802464962006
-1.61981964111328
-1.51316869258881
-1.49794948101044
-1.49713623523712
-1.41604423522949
-1.33158314228058
-1.34842884540558
