% Type: Spectrum
% Date: 11-DEC-24 14:25:59
% NoOfItems: = 1601
% Unit_Y: = dB
% Unit_X: = Hz
% Min_X: = 0
% Max_X: = 1000
% MinDisplay_X: = 0
% MaxDisplay_X: = 1000
0
0
0
0
0.134051978588104
0.0729256346821785
0.0396810732781887
0.0277116242796183
0.014674311503768
0.015219978056848
0.0137237962335348
0.0120985331013799
0.00768039748072624
0.00471737142652273
0.00572069315239787
0.0062311552464962
0.00670641241595149
0.00823193043470383
0.00742809986695647
0.00352629390545189
0.0023880226071924
0.00180715229362249
0.0019303672015667
0.00406609289348125
0.00355563079938293
0.00166633527260274
0.00143164012115449
0.00123214931227267
0.00213572545908391
0.00394874531775713
0.00260511576198041
0.00151965080294758
0.00134362943936139
0.00213572545908391
0.00389593886211514
0.00724034383893013
0.0413356758654118
0.310325592756271
0.384518593549728
0.108857460319996
0.0116819487884641
0.00353216123767197
0.00343241589143872
0.00367884570732713
0.00293368892744184
0.00315078184939921
0.00281634135171771
0.00210052123293281
0.00303930160589516
0.00232348148711026
0.00156072247773409
0.00103265850339085
0.000885974033735693
0.000416583818150684
0.000762759067583829
0.000921178318094462
0.00120281241834164
0.00139643589500338
0.00173087639268488
0.00123214931227267
0.0012556187575683
0.00122628198005259
0.00535104842856526
0.00882453564554453
0.00373165216296911
0.00056326825870201
0.00163699837867171
0.00215332768857479
0.00109133229125291
0.0019362346502021
0.00227654259651899
0.00178955018054694
0.00548013066872954
0.00733422208577394
0.0512926168739796
0.264078944921494
0.288798183202744
0.0753958001732826
0.0101799005642533
0.00521023152396083
0.0069000362418592
0.00434772670269012
0.00237042061053216
0.000973984715528786
0.00116174074355513
0.00166046782396734
0.00175434595439583
0.00177781539969146
0.00124388409312814
0.000786228629294783
0.000844902358949184
0.000921178318094462
0.00268139154650271
0.00461762631312013
0.00458242185413837
0.00652452372014523
0.00672988221049309
0.00367884570732713
0.00535691576078534
0.00332093564793468
0.0011382712982595
0.0010502606164664
0.00156072247773409
0.00218266458250582
0.00252883974462748
0.00259338086470962
0.00427731825038791
0.0079913679510355
0.00750437611714005
0.00697631202638149
0.0119401132687926
0.0125444531440735
0.141521155834198
0.269383043050766
0.129223123192787
0.0110541395843029
0.0181419309228659
0.00590844918042421
0.00389007129706442
0.00342654855921865
0.00197143899276853
0.00200664321891963
0.00354389613494277
0.0031038427259773
0.00319772073999047
0.00300409737974405
0.00143164012115449
0.00136709900107235
0.00150204868987203
0.00107373006176203
0.00190689775627106
0.00192449986934662
0.00199490832164884
0.00263445265591145
0.00166046782396734
0.00123801664449275
0.00140817067585886
0.000915310927666724
0.000809698132798076
0.000944647821597755
0.00144337490200996
0.00169567216653377
0.00131429254543036
0.00164873315952718
0.00144924223423004
0.00327399675734341
0.00306863849982619
0.00489339279010892
0.00860157515853643
0.0132837425917387
0.0468451417982578
0.0612554214894772
0.0265557505190372
0.00651278905570507
0.00238215527497232
0.00199490832164884
0.0026461873203516
0.00207118433900177
0.00139643589500338
0.0102972481399775
0.0209524054080248
0.010232706554234
0.000938780431170017
0.000973984715528786
0.000762759067583829
0.00130255788099021
0.00148444657679647
0.00115000596269965
0.00133189477492124
0.000639544159639627
0.00082730024587363
0.00123801664449275
0.00059847254306078
0.000962249934673309
0.00082730024587363
0.000580870371777564
0.000604339875280857
0.000674748443998396
0.000580870371777564
0.000745156954508275
0.000739289564080536
0.000821432855445892
0.00103852583561093
0.000950515153817832
0.000616074656136334
0.00136123166885227
0.00262858509086072
0.0143340034410357
0.050465315580368
0.0466925911605358
0.0215743482112885
0.00538038508966565
0.00155485502909869
0.00149618124123663
0.00187756086234003
0.00144337490200996
0.000768626458011568
0.000692350557073951
0.000821432855445892
0.000721687451004982
0.000909443537238985
0.00112066918518394
0.00111480173654854
0.00121454719919711
0.00134362943936139
0.00178368284832686
0.0025112375151366
0.00130842521321028
0.00237628794275224
0.00255230930633843
0.00143164012115449
0.00133776210714132
0.000621942046564072
0.000756891735363752
0.000786228629294783
0.000674748443998396
0.000522196583915502
0.000733422231860459
0.000833167636301368
0.00103852583561093
0.00152551813516766
0.00117934285663068
0.00149031390901655
0.00245256396010518
0.00214746012352407
0.0135419080033898
0.0414002165198326
0.0695108249783516
0.0358496755361557
0.00122628198005259
0.000973984715528786
0.000932913040742278
0.000621942046564072
0.000575002981349826
0.000586737762205303
0.000991586828604341
0.000668881053570658
0.000545666145626456
0.000328573136357591
0.000176021334482357
0.000522196583915502
0.000973984715528786
0.000774493848439306
0.000668881053570658
0.00066301366314292
0.000533931364770979
0.000334440526785329
0.000469390215585008
0.000668881053570658
0.000633676769211888
0.000704085337929428
0.000874239252880216
0.000457655463833362
0.000375512172468007
0.000551533477846533
0.000721687451004982
0.000762759067583829
0.000973984715528786
0.000903576146811247
0.000698217947501689
0.000962249934673309
0.00106786272954196
0.00422451179474592
0.0212164372205734
0.0300879124552011
0.019814133644104
0.00461175898090005
0.00381966284476221
0.00143164012115449
0.00148444657679647
0.000991586828604341
0.00129082310013473
0.000610207265708596
0.000821432855445892
0.000797963351942599
0.00101505627389997
0.000592605152633041
0.00143164012115449
0.000973984715528786
0.00146097701508552
0.00181301974225789
0.00248776818625629
0.00140230322722346
0.00164873315952718
0.00221200147643685
0.0008625045302324
0.00127322098705918
0.00150204868987203
0.00059847254306078
0.000751024344936013
0.000393114314647391
0.000504594470839947
0.00102092372253537
0.00109133229125291
0.0008625045302324
0.000833167636301368
0.000944647821597755
0.00149618124123663
0.0037844586186111
0.00360843725502491
0.00487579079344869
0.0205299537628889
0.0554701872169971
0.0477076470851898
0.0138704804703593
0.00321532296948135
0.00170740694738925
0.00205944944173098
0.00101505627389997
0.00248776818625629
0.00278113689273596
0.00119694508612156
0.00155485502909869
0.00228240992873907
0.00129082310013473
0.000968117325101048
0.00109133229125291
0.000874239252880216
0.00056326825870201
0.00122628198005259
0.00209465390071273
0.00352042657323182
0.00325052719563246
0.00218266458250582
0.00273419800214469
0.0020535821095109
0.000903576146811247
0.000962249934673309
0.00107373006176203
0.00100918894167989
0.00118521030526608
0.0023000119253993
0.00325639452785254
0.00150204868987203
0.00108546484261751
0.00128495565149933
0.00315078184939921
0.0060844705440104
0.0112242931500077
0.0354272276163101
0.0604574605822563
0.0282690245658159
0.00831407401710749
0.00336200743913651
0.00180715229362249
0.00153138558380306
0.00132015999406576
0.00150204868987203
0.00174847850576043
0.00162526359781623
0.00128495565149933
0.000915310927666724
0.00114413863047957
0.00146684446372092
0.00201837788335979
0.00185409130062908
0.00154312036465853
0.00144337490200996
0.000856637139804661
0.00159005937166512
0.00130255788099021
0.00140817067585886
0.00163113093003631
0.0015079160220921
0.00144337490200996
0.00112066918518394
0.000768626458011568
0.00102092372253537
0.000891841424163431
0.00105612794868648
0.00188342819456011
0.00175434595439583
0.000815565465018153
0.00101505627389997
0.00171327427960932
0.00255230930633843
0.00511048594489694
0.00553293712437153
0.00373165216296911
0.00567962136119604
0.00447094161063433
0.00179541751276702
0.000668881053570658
0.000434185931226239
0.00046352282515727
0.00062780937878415
0.000451788073405623
0.000803830742370337
0.00110893440432847
0.00103852583561093
0.00118521030526608
0.00107959751039743
0.00119107763748616
0.00154898769687861
0.00188342819456011
0.00156658980995417
0.00177781539969146
0.00254644197411835
0.00141403800807893
0.00272246333770454
0.00256404397077858
0.000850769749376923
0.00115587341133505
0.00150204868987203
0.00143164012115449
0.00150204868987203
0.00153138558380306
0.00187169341370463
0.00273419800214469
0.0023117468226701
0.0019773063249886
0.00465283030644059
0.00576763227581978
0.0102561758831143
0.0236337967216969
0.0402267426252365
0.0342420153319836
0.0130549157038331
0.00642477860674262
0.00526303751394153
0.00346175278536975
0.00207118433900177
0.00256991130299866
0.00293368892744184
0.00202424521557987
0.00179541751276702
0.00191863253712654
0.00180715229362249
0.0021885319147259
0.00171327427960932
0.00164286571089178
0.00269312644377351
0.00313317961990833
0.00205944944173098
0.0017250090604648
0.00190689775627106
0.00158419192302972
0.000985719496384263
0.00130255788099021
0.00159005937166512
0.00168980471789837
0.00143164012115449
0.000891841424163431
0.0013847011141479
0.00120281241834164
0.00112653651740402
0.001472711795941
0.0020535821095109
0.00241735950112343
0.00318598607555032
0.00291021936573088
0.0100332153961062
0.0148620679974556
0.0120985331013799
0.0219967979937792
0.0150204868987203
0.00438879849389195
0.00166633527260274
0.00120281241834164
0.0017191416118294
0.00148444657679647
0.000973984715528786
0.00106199539732188
0.00117934285663068
0.00147857912816107
0.00108546484261751
0.000932913040742278
0.000979852047748864
0.000839035026729107
0.00102679105475545
0.00133776210714132
0.00123801664449275
0.00200664321891963
0.00163699837867171
0.00136123166885227
0.00181888707447797
0.000809698132798076
0.00199490832164884
0.00147857912816107
0.00142577278893441
0.00181301974225789
0.00165460049174726
0.000979852047748864
0.00116760819219053
0.00293955625966191
0.00329746631905437
0.00467043276876211
0.00440640049055219
0.00420104246586561
0.00823193043470383
0.013125323690474
0.0260100848972797
0.0238274205476046
0.0118873072788119
0.00609620520845056
0.00341481389477849
0.00340894632972777
0.00257577886804938
0.00265205465257168
0.00227067503146827
0.0027694022282958
0.00326812942512333
0.00254057440906763
0.00227067503146827
0.00224133837036788
0.00201251055113971
0.00241149216890335
0.0052923746407032
0.00518089439719915
0.00307450583204627
0.00218266458250582
0.00179541751276702
0.00392527552321553
0.00393114285543561
0.0023880226071924
0.00176608061883599
0.00227654259651899
0.00254644197411835
0.00132602732628584
0.00100918894167989
0.00199490832164884
0.00322119030170143
0.00360256992280483
0.00468803476542234
0.00545666133984923
0.00451788073405623
0.00797963328659534
0.0170447323471308
0.0275238677859306
0.0366828441619873
0.0243554841727018
0.0107607701793313
0.00748090632259846
0.00481711700558662
0.00235281838104129
0.00187756086234003
0.00188929564319551
0.0019655714277178
0.00226480769924819
0.00197143899276853
0.00237628794275224
0.00208291900344193
0.00231761415489018
0.0021885319147259
0.001044393167831
0.0025229724124074
0.00227654259651899
0.00399568397551775
0.00312731228768826
0.00183648918755352
0.00344415078870952
0.00214159279130399
0.000962249934673309
0.00132602732628584
0.00164286571089178
0.00145510968286544
0.00287501513957977
0.00225894036702812
0.00119694508612156
0.00203598011285067
0.00250537018291652
0.0032387925311923
0.0041541033424437
0.00465869763866067
0.0101329609751701
0.0184176992624998
0.0311088357120752
0.0244200248271227
0.00972224492579699
0.00847836025059223
0.00627222657203674
0.00462936097756028
0.0017250090604648
0.0019773063249886
0.00188929564319551
0.00198317365720868
0.00441226782277226
0.00362017191946507
0.00168393738567829
0.00282220868393779
0.00274593266658485
0.00306277116760612
0.00271659577265382
0.00195383676327765
0.0015137834707275
0.00259338086470962
0.0017250090604648
0.00117347552441061
0.00237042061053216
0.00274006533436477
0.00277526956051588
0.00223547080531716
0.00245256396010518
0.00232348148711026
0.0031918534077704
0.00255230930633843
0.0031038427259773
0.00407196022570133
0.00479364767670631
0.00721687451004982
0.0101505629718304
0.0141051756218076
0.0319596044719219
0.038613211363554
0.0318833291530609
0.0290845911949873
0.0161880943924189
0.0177370831370354
0.0134714990854263
0.00589084718376398
0.00376685638912022
0.00305103627033532
0.00219439924694598
0.0026461873203516
0.00445333961397409
0.00289848446846008
0.00211812322959304
0.00274006533436477
0.00425971625372767
0.00373165216296911
0.00132015999406576
0.00168980471789837
0.00278700445778668
0.00275766756385565
0.0031155776232481
0.00289848446846008
0.00300409737974405
0.00349695701152086
0.00293368892744184
0.00295129092410207
0.00245843129232526
0.00218266458250582
0.00166046782396734
0.00169567216653377
0.00256991130299866
0.00387246930040419
0.00398394931107759
0.00421277713030577
0.00568548915907741
0.00982785783708096
0.0191628560423851
0.0177194811403751
0.0236631333827972
0.0194914285093546
0.0104204630479217
0.00516329240053892
0.00485232146456838
0.00266378954984248
0.00188929564319551
0.00222373614087701
0.00224720570258796
0.00279287179000676
0.00228827726095915
0.00134362943936139
0.00129082310013473
0.0019773063249886
0.000880106643307954
0.00215332768857479
0.00298649515025318
0.00237042061053216
0.00325052719563246
0.00326226186007261
0.00173674372490495
0.00252883974462748
0.0025112375151366
0.0024349617306143
0.0027694022282958
0.00233521638438106
0.00150204868987203
0.00191863253712654
0.00254057440906763
0.00270486110821366
0.003561498131603
0.00327399675734341
0.00386660196818411
0.0033150683157146
0.00813805311918259
0.0198023989796638
0.0328866504132748
0.03470553830266
0.0249539576470852
0.0127908829599619
0.00760412123054266
0.00587324518710375
0.00627222657203674
0.003696447936818
0.00386660196818411
0.00383726507425308
0.00281047378666699
0.00203598011285067
0.00212985812686384
0.00176608061883599
0.00270486110821366
0.00269899377599359
0.00186582608148456
0.00235281838104129
0.00289848446846008
0.00271659577265382
0.00272833066992462
0.00273419800214469
0.00225307303480804
0.00251710508018732
0.00182475440669805
0.0023000119253993
0.0020653170067817
0.00167807005345821
0.00209465390071273
0.00165460049174726
0.00237628794275224
0.00288674980401993
0.00227654259651899
0.00359670259058475
0.00523956818506122
0.00363190681673586
0.00442400295287371
0.0197261236608028
0.0329394564032555
0.0334499217569828
0.022125881165266
0.0105847492814064
0.0100332153961062
0.00890081189572811
0.0045765545219183
0.00320358830504119
0.00181301974225789
0.00204771477729082
0.00150204868987203
0.00164286571089178
0.00202424521557987
0.00134362943936139
0.00173674372490495
0.00148444657679647
0.0023880226071924
0.00276353489607573
0.00202424521557987
0.00115587341133505
0.00133189477492124
0.00114413863047957
0.00110306695569307
0.00132602732628584
0.000944647821597755
0.00120281241834164
0.00163113093003631
0.00123214931227267
0.00102092372253537
0.0010502606164664
0.00120281241834164
0.00130842521321028
0.0013847011141479
0.00238215527497232
0.00333267054520547
0.00248190085403621
0.00426558358594775
0.0125209838151932
0.0122745539993048
0.00968704093247652
0.00593778630718589
0.0040308884344995
0.00374925439245999
0.00230587949045002
0.00149618124123663
0.00170740694738925
0.000780361238867044
0.000575002981349826
0.000668881053570658
0.00072755484143272
0.00079209596151486
0.000962249934673309
0.00109719962347299
0.000991586828604341
0.00082730024587363
0.000610207265708596
0.000692350557073951
0.000657146272715181
0.000903576146811247
0.000962249934673309
0.00159005937166512
0.00161352881696075
0.00123801664449275
0.00140230322722346
0.00163699837867171
0.00116760819219053
0.000903576146811247
0.00105612794868648
0.000909443537238985
0.00200077588669956
0.00242909439839423
0.00210052123293281
0.00242322706617415
0.00141990534029901
0.00368471327237785
0.00528063997626305
0.00570895848795772
0.00560921290889382
0.00430665537714958
0.0031155776232481
0.00247603328898549
0.00209465390071273
0.00157832459080964
0.0015959267038852
0.00149618124123663
0.000739289564080536
0.00103852583561093
0.00100918894167989
0.000968117325101048
0.00149618124123663
0.00133776210714132
0.000692350557073951
0.000686483166646212
0.000997454160824418
0.000844902358949184
0.000909443537238985
0.00072755484143272
0.000721687451004982
0.00100918894167989
0.000709952670149505
0.000821432855445892
0.000657146272715181
0.000422451179474592
0.000416583818150684
0.000604339875280857
0.000903576146811247
0.000897708756383508
0.00092704565031454
0.00102679105475545
0.00109133229125291
0.00129082310013473
0.0019362346502021
0.0378739237785339
0.0728376284241676
0.037445604801178
0.00652452372014523
0.00379619328305125
0.00266378954984248
0.000950515153817832
0.000756891735363752
0.000539798755198717
0.000762759067583829
0.00079209596151486
0.000645411550067365
0.000557400868274271
0.000557400868274271
0.000445920712081715
0.000504594470839947
0.000533931364770979
0.000504594470839947
0.000909443537238985
0.0010502606164664
0.000616074656136334
0.000481124967336655
0.00062780937878415
0.000874239252880216
0.000510461861267686
0.000428318569902331
0.00036377742071636
0.000398981675971299
0.000369644782040268
0.000492859748192132
0.000580870371777564
0.000457655463833362
0.000398981675971299
0.000733422231860459
0.000938780431170017
0.000715820060577244
0.00109133229125291
0.0020535821095109
0.00647171773016453
0.00779187772423029
0.00310971005819738
0.00214159279130399
0.0011382712982595
0.00141990534029901
0.00129082310013473
0.000704085337929428
0.000803830742370337
0.000844902358949184
0.000621942046564072
0.000856637139804661
0.0008625045302324
0.000416583818150684
0.00052806397434324
0.000874239252880216
0.000692350557073951
0.000469390215585008
0.000709952670149505
0.000721687451004982
0.000833167636301368
0.000733422231860459
0.00052806397434324
0.00109719962347299
0.00079209596151486
0.000434185931226239
0.000457655463833362
0.000539798755198717
0.000768626458011568
0.000657146272715181
0.000357910030288622
0.000633676769211888
0.000739289564080536
0.000821432855445892
0.000833167636301368
0.00132602732628584
0.00129082310013473
0.00194796943105757
0.00748090632259846
0.00881866831332445
0.00400155177339911
0.00208291900344193
0.00066301366314292
0.00072755484143272
0.000686483166646212
0.000698217947501689
0.000903576146811247
0.000973984715528786
0.000616074656136334
0.000704085337929428
0.000692350557073951
0.000774493848439306
0.000839035026729107
0.000903576146811247
0.00106199539732188
0.000715820060577244
0.000915310927666724
0.00111480173654854
0.00108546484261751
0.00100918894167989
0.000709952670149505
0.00107959751039743
0.00107959751039743
0.00156072247773409
0.00202424521557987
0.0012556187575683
0.000786228629294783
0.000839035026729107
0.00128495565149933
0.00111480173654854
0.00119694508612156
0.00106786272954196
0.000962249934673309
0.00190689775627106
0.00327986408956349
0.00519262906163931
0.00807937886565924
0.00834927801042795
0.00669467775151134
0.00385486707091331
0.00222373614087701
0.00201251055113971
0.00178955018054694
0.00127908831927925
0.0011382712982595
0.00112653651740402
0.00126735353842378
0.00115000596269965
0.00107959751039743
0.00124388409312814
0.00122041453141719
0.00148444657679647
0.00153725291602314
0.00142577278893441
0.00141990534029901
0.00112653651740402
0.00123801664449275
0.0015137834707275
0.00194796943105757
0.00116760819219053
0.00126735353842378
0.00103265850339085
0.000698217947501689
0.000885974033735693
0.0010502606164664
0.00103852583561093
0.00108546484261751
0.00137883378192782
0.00117347552441061
0.00115000596269965
0.00115587341133505
0.0013847011141479
0.00252883974462748
0.00597885763272643
0.00595538830384612
0.00604926655068994
0.00566201936453581
0.00316838384605944
0.00237042061053216
0.00266965688206255
0.00177194806747139
0.00181888707447797
0.00157245725858957
0.00136123166885227
0.0008625045302324
0.000633676769211888
0.000950515153817832
0.00135536422021687
0.00128495565149933
0.00121454719919711
0.000850769749376923
0.000745156954508275
0.000797963351942599
0.00150204868987203
0.00132602732628584
0.000938780431170017
0.000909443537238985
0.000856637139804661
0.00059847254306078
0.000516329251695424
0.00072755484143272
0.000815565465018153
0.000973984715528786
0.00106786272954196
0.000709952670149505
0.000657146272715181
0.00100918894167989
0.00121454719919711
0.00110306695569307
0.00119694508612156
0.00225307303480804
0.0046997694298625
0.00680615799501538
0.00695871002972126
0.00612554233521223
0.00406609289348125
0.0032270576339215
0.00260511576198041
0.00137883378192782
0.00153725291602314
0.00111480173654854
0.000533931364770979
0.000475257576908916
0.000475257576908916
0.000440053321653977
0.000486992357764393
0.000844902358949184
0.00142577278893441
0.00131429254543036
0.000786228629294783
0.000686483166646212
0.000850769749376923
0.00116760819219053
0.000756891735363752
0.000387246924219653
0.000657146272715181
0.000639544159639627
0.0011382712982595
0.00107959751039743
0.000868371862452477
0.000973984715528786
0.00107959751039743
0.00145510968286544
0.00166633527260274
0.00142577278893441
0.00102092372253537
0.000856637139804661
0.00246429862454534
0.00609620520845056
0.00742223253473639
0.0079913679510355
0.00886560790240765
0.00578523427248001
0.00407196022570133
0.0026461873203516
0.00240562483668327
0.00205944944173098
0.000833167636301368
0.00092704565031454
0.00115000596269965
0.00111480173654854
0.000938780431170017
0.00106786272954196
0.00146097701508552
0.00101505627389997
0.000962249934673309
0.000575002981349826
0.000774493848439306
0.00116760819219053
0.00120281241834164
0.000973984715528786
0.000692350557073951
0.00100332160945982
0.000962249934673309
0.000938780431170017
0.000897708756383508
0.000885974033735693
0.0011382712982595
0.0011324038496241
0.00144337490200996
0.00147857912816107
0.00102679105475545
0.000715820060577244
0.00134949688799679
0.00152551813516766
0.00237628794275224
0.00294542359188199
0.00363777414895594
0.00610207254067063
0.00517502706497908
0.00405435776337981
0.00294542359188199
0.00166046782396734
0.00180128496140242
0.00115000596269965
0.000633676769211888
0.00062780937878415
0.00101505627389997
0.00115000596269965
0.00107373006176203
0.00109133229125291
0.000668881053570658
0.000897708756383508
0.000973984715528786
0.000985719496384263
0.00114413863047957
0.000833167636301368
0.000856637139804661
0.00082730024587363
0.000885974033735693
0.00109133229125291
0.000915310927666724
0.000733422231860459
0.000903576146811247
0.000745156954508275
0.0011382712982595
0.0011324038496241
0.00127908831927925
0.000991586828604341
0.000938780431170017
0.00120281241834164
0.00164873315952718
0.00132602732628584
0.00300996471196413
0.00475257588550448
0.00442987028509378
0.00296889315359294
0.00419517513364553
0.0031155776232481
0.00144924223423004
0.00115587341133505
0.00092704565031454
0.000973984715528786
0.00144924223423004
0.00152551813516766
0.00116174074355513
0.000985719496384263
0.00100918894167989
0.00169567216653377
0.00187169341370463
0.000962249934673309
0.000698217947501689
0.0015079160220921
0.00219439924694598
0.00233521638438106
0.00226480769924819
0.00210638856515288
0.00137296633329242
0.00259338086470962
0.0031918534077704
0.00247016595676541
0.00150204868987203
0.00167220260482281
0.00232934881933033
0.00185995874926448
0.00241735950112343
0.00132602732628584
0.00187756086234003
0.00282220868393779
0.00436532916501164
0.0049696690402925
0.0085839731618762
0.0106375552713871
0.00505767948925495
0.00597885763272643
0.00519849639385939
0.00538625288754702
0.00428905291482806
0.00221786880865693
0.00209465390071273
0.00238215527497232
0.00222373614087701
0.00129669043235481
0.00133189477492124
0.00197143899276853
0.00154898769687861
0.00110306695569307
0.000997454160824418
0.000915310927666724
0.000962249934673309
0.00130842521321028
0.00145510968286544
0.00112066918518394
0.00112066918518394
0.000733422231860459
0.000868371862452477
0.00119694508612156
0.00116760819219053
0.000733422231860459
0.000751024344936013
0.000921178318094462
0.000909443537238985
0.0011382712982595
0.000968117325101048
0.000839035026729107
0.00107373006176203
0.00119694508612156
0.00200664321891963
0.00254644197411835
0.00431839004158974
0.00421864446252584
0.0019655714277178
0.00452374806627631
0.00408369489014149
0.0029806278180331
0.00190689775627106
0.00154898769687861
0.00128495565149933
0.000733422231860459
0.0008625045302324
0.000616074656136334
0.000756891735363752
0.000715820060577244
0.00056326825870201
0.000434185931226239
0.000481124967336655
0.000492859748192132
0.000962249934673309
0.000833167636301368
0.00059847254306078
0.000932913040742278
0.000880106643307954
0.00103265850339085
0.000944647821597755
0.000592605152633041
0.000440053321653977
0.000616074656136334
0.000797963351942599
0.000575002981349826
0.000868371862452477
0.00102679105475545
0.00100918894167989
0.00082730024587363
0.000968117325101048
0.0008625045302324
0.00103265850339085
0.00182475440669805
0.00277526956051588
0.00218266458250582
0.00195970409549773
0.00203598011285067
0.00185409130062908
0.00210052123293281
0.00187169341370463
0.00223547080531716
0.00168393738567829
0.000698217947501689
0.000680615834426135
0.00052806397434324
0.000551533477846533
0.000938780431170017
0.000874239252880216
0.000498727080412209
0.000874239252880216
0.000756891735363752
0.000880106643307954
0.000481124967336655
0.000880106643307954
0.00121454719919711
0.000944647821597755
0.000633676769211888
0.000721687451004982
0.00106199539732188
0.00110893440432847
0.000815565465018153
0.000715820060577244
0.0011324038496241
0.000909443537238985
0.000668881053570658
0.000592605152633041
0.000844902358949184
0.0008625045302324
0.000645411550067365
0.000885974033735693
0.00134362943936139
0.00142577278893441
0.00228240992873907
0.00373165216296911
0.00286328024230897
0.00245256396010518
0.00229414459317923
0.00123214931227267
0.00182475440669805
0.00195970409549773
0.00140230322722346
0.00082730024587363
0.000715820060577244
0.000733422231860459
0.000956382544245571
0.00119107763748616
0.00106786272954196
0.000938780431170017
0.000815565465018153
0.000839035026729107
0.000610207265708596
0.000393114314647391
0.000745156954508275
0.000674748443998396
0.000839035026729107
0.00106786272954196
0.000962249934673309
0.000680615834426135
0.000510461861267686
0.000733422231860459
0.000821432855445892
0.000956382544245571
0.000768626458011568
0.00109719962347299
0.000909443537238985
0.00107373006176203
0.00127322098705918
0.00147857912816107
0.00130255788099021
0.00124388409312814
0.00320358830504119
0.00354389613494277
0.0029043520335108
0.00248190085403621
0.00130842521321028
0.000968117325101048
0.00115587341133505
0.000968117325101048
0.00126735353842378
0.00140230322722346
0.00122041453141719
0.000733422231860459
0.000897708756383508
0.000780361238867044
0.000950515153817832
0.00123801664449275
0.000997454160824418
0.0008625045302324
0.000780361238867044
0.000768626458011568
0.000874239252880216
0.000973984715528786
0.000979852047748864
0.000897708756383508
0.000991586828604341
0.000932913040742278
0.00124388409312814
0.00124975142534822
0.00107959751039743
0.001044393167831
0.00137883378192782
0.00192449986934662
0.00184235663618892
0.00170740694738925
0.00179541751276702
0.00173087639268488
0.00122628198005259
0.00245843129232526
0.00177781539969146
0.00156072247773409
0.00135536422021687
0.00242322706617415
0.0031038427259773
0.00272833066992462
0.00177781539969146
0.00273419800214469
0.00303343427367508
0.00208878633566201
0.0019655714277178
0.0011382712982595
0.00127322098705918
0.00146684446372092
0.00174261117354035
0.00199490832164884
0.00118521030526608
0.000762759067583829
0.0012556187575683
0.00115587341133505
0.000997454160824418
0.000839035026729107
0.00111480173654854
0.00127908831927925
0.000979852047748864
0.000874239252880216
0.0011382712982595
0.00120867975056171
0.00108546484261751
0.00124975142534822
0.00175434595439583
0.00188929564319551
0.0021885319147259
0.00166046782396734
0.00154898769687861
0.00224720570258796
0.003696447936818
0.00390180619433522
0.001472711795941
0.00229414459317923
0.00174261117354035
0.000868371862452477
0.00120281241834164
0.000874239252880216
0.00116174074355513
0.00149031390901655
0.00110893440432847
0.00184235663618892
0.00156658980995417
0.000844902358949184
0.000739289564080536
0.000909443537238985
0.00134949688799679
0.00171327427960932
0.00128495565149933
0.00132015999406576
0.00109133229125291
0.0008625045302324
0.000686483166646212
0.000592605152633041
0.000434185931226239
0.000962249934673309
0.000704085337929428
0.00106786272954196
0.00161939626559615
0.00157832459080964
0.00100918894167989
0.00079209596151486
0.00120281241834164
0.00187169341370463
0.00171327427960932
0.00116174074355513
0.00167220260482281
0.00299823004752398
0.00283981068059802
0.00109719962347299
0.00133189477492124
0.00174261117354035
0.00183062185533345
0.00106786272954196
0.000973984715528786
0.000856637139804661
0.00107373006176203
0.0011324038496241
0.000962249934673309
0.000909443537238985
0.000821432855445892
0.000592605152633041
0.000639544159639627
0.000616074656136334
0.000821432855445892
0.000844902358949184
0.000921178318094462
0.00102679105475545
0.000786228629294783
0.000709952670149505
0.000803830742370337
0.00121454719919711
0.00117347552441061
0.00062780937878415
0.00046352282515727
0.000651278940495104
0.000932913040742278
0.000850769749376923
0.000651278940495104
0.000645411550067365
0.000592605152633041
0.000839035026729107
0.000709952670149505
0.000809698132798076
0.00130842521321028
0.00143750756978989
0.00190689775627106
0.00213572545908391
0.0017191416118294
0.00187756086234003
0.00140230322722346
0.000885974033735693
0.000821432855445892
0.00100332160945982
0.000950515153817832
0.000604339875280857
0.000915310927666724
0.000692350557073951
0.000739289564080536
0.000645411550067365
0.00062780937878415
0.000839035026729107
0.00103265850339085
0.00092704565031454
0.000874239252880216
0.000434185931226239
0.000768626458011568
0.000973984715528786
0.000674748443998396
0.000780361238867044
0.000938780431170017
0.000739289564080536
0.000704085337929428
0.000668881053570658
0.0010502606164664
0.000633676769211888
0.000387246924219653
0.000944647821597755
0.000956382544245571
0.000715820060577244
0.00056326825870201
0.000821432855445892
0.00320945563726127
0.00384313240647316
0.00141403800807893
0.000874239252880216
0.00132015999406576
0.00136709900107235
0.00124975142534822
0.00133189477492124
0.000932913040742278
0.000745156954508275
0.000991586828604341
0.000780361238867044
0.00072755484143272
0.000428318569902331
0.000604339875280857
0.00066301366314292
0.000709952670149505
0.000733422231860459
0.00092704565031454
0.00082730024587363
0.00046352282515727
0.000457655463833362
0.000416583818150684
0.000369644782040268
0.000557400868274271
0.000651278940495104
0.000445920712081715
0.000657146272715181
0.000469390215585008
0.000885974033735693
0.000891841424163431
0.000428318569902331
0.000510461861267686
0.000510461861267686
0.000739289564080536
0.00092704565031454
0.000668881053570658
0.000815565465018153
0.00144337490200996
0.00162526359781623
0.00140230322722346
0.00128495565149933
0.000897708756383508
0.00103852583561093
0.000575002981349826
0.000551533477846533
0.000492859748192132
0.000575002981349826
0.000545666145626456
0.000909443537238985
0.000868371862452477
0.000616074656136334
0.000809698132798076
0.000715820060577244
0.000692350557073951
0.000522196583915502
0.000797963351942599
0.000645411550067365
0.000533931364770979
0.000440053321653977
0.000445920712081715
0.000492859748192132
0.000340307917213067
0.000428318569902331
0.000604339875280857
0.00059847254306078
0.000692350557073951
0.00092704565031454
0.000774493848439306
0.000745156954508275
0.000756891735363752
0.000680615834426135
0.000797963351942599
0.000880106643307954
0.000751024344936013
0.00102679105475545
0.00201837788335979
0.00165460049174726
0.00116174074355513
0.000774493848439306
0.000575002981349826
0.00119694508612156
0.000833167636301368
0.00101505627389997
0.00102092372253537
0.000768626458011568
0.00052806397434324
0.000657146272715181
0.000586737762205303
0.000786228629294783
0.000968117325101048
0.000909443537238985
0.000692350557073951
0.000704085337929428
0.000856637139804661
