% Type: Spectrum
% Date: 11-DEC-24 14:29:39
% NoOfItems: = 1601
% Unit_Y: = dB
% Unit_X: = Hz
% Min_X: = 0
% Max_X: = 1000
% MinDisplay_X: = 0
% MaxDisplay_X: = 1000
0
0
0
0
0.26118129491806
0.162465617060661
0.111511871218681
0.0632444620132446
0.0210526008158922
0.0272773932665586
0.0280669257044792
0.0180581547319889
0.0117178214713931
0.0134750129655004
0.0137397954240441
0.00851636193692684
0.00997025799006224
0.0157762113958597
0.0133209582418203
0.00528120389208198
0.00263338047079742
0.0045205564238131
0.00387063599191606
0.00500197894871235
0.00520899053663015
0.00307628908194602
0.00292223389260471
0.00233008433133364
0.00266226590611041
0.00393803510814905
0.0033266288228333
0.00272485078312457
0.00414023268967867
0.00828527938574553
0.00997988600283861
0.00536304572597146
0.0302044413983822
0.249256446957588
0.315500169992447
0.0920431464910507
0.00899296998977661
0.00341809913516045
0.00571448402479291
0.0107453484088182
0.00959474872797728
0.00266708014532924
0.00253709615208209
0.00148759526200593
0.0029366766102612
0.00233489857055247
0.00137686810921878
0.00208455906249583
0.00130946887657046
0.0014490814646706
0.00312443147413433
0.00282594957388937
0.00155980861745775
0.00152129482012242
0.00188717583660036
0.00272003654390574
0.0027681787032634
0.00224824249744415
0.00618627807125449
0.0100135859102011
0.0049393936060369
0.00198346027173102
0.00355771160684526
0.00264782318845391
0.0012276271590963
0.00133835431188345
0.00145870982669294
0.0024552543181926
0.00288853445090353
0.00884372927248478
0.0564034469425678
0.285266846418381
0.312914937734604
0.0857365131378174
0.0104613089933991
0.00500679295510054
0.00724540697410703
0.00468424009159207
0.00174756336491555
0.00188717583660036
0.00202678819186985
0.00181014824192971
0.00180533400271088
0.00372620928101242
0.00326404394581914
0.00125651247799397
0.00118429912254214
0.00168497837148607
0.0035336404107511
0.00497790751978755
0.00333625730127096
0.00762091670185328
0.0103216962888837
0.00773645797744393
0.00872337352484465
0.00382730807177722
0.00294149084948003
0.00304740387946367
0.00268633710220456
0.00248895375989377
0.00143463874701411
0.00336995674297214
0.0029366766102612
0.00660511525347829
0.00631144782528281
0.00721652200445533
0.012680665589869
0.00788088515400887
0.129521876573563
0.251634687185287
0.128183528780937
0.0213799681514502
0.0201138276606798
0.00596482353284955
0.0030522181186825
0.00223861425183713
0.00206048786640167
0.000982101657427847
0.000909888360183686
0.00158387969713658
0.00384175078943372
0.00296556204557419
0.00186791887972504
0.00261412374675274
0.00198346027173102
0.00303296116180718
0.00385137926787138
0.00459758378565311
0.00211344426497817
0.000986915896646678
0.00169942108914256
0.00187273311894387
0.00149240938480943
0.000519936205819249
0.00130465475376695
0.00248895375989377
0.00290779140777886
0.00216640089638531
0.00213751546107233
0.00158869393635541
0.00179089128505439
0.00321590155363083
0.00306184636428952
0.00636440422385931
0.0104227950796485
0.013994948938489
0.0562108792364597
0.0636632964015007
0.020388238132
0.00864634662866592
0.00433280179277062
0.00352882617153227
0.00409690476953983
0.00194494647439569
0.00197383179329336
0.0112363984808326
0.0344987288117409
0.0243888590484858
0.00285483477637172
0.00143945298623294
0.000982101657427847
0.001006172853522
0.00105431501287967
0.00100135861430317
0.00110245728865266
0.0012276271590963
0.00132872583344579
0.00151648058090359
0.00120837020222098
0.00129502627532929
0.00076064741006121
0.000659548677504063
0.000751018931623548
0.000457351270597428
0.000404394813813269
0.000962844816967845
0.00101098709274083
0.000938773679081351
0.000828046526294202
0.00220972881652415
0.00194494647439569
0.000813603866845369
0.00131909735500813
0.0111304856836796
0.0346190854907036
0.0328811481595039
0.017191594466567
0.00353845464996994
0.0016560930525884
0.00163202197290957
0.00214232970029116
0.00170904956758022
0.000958030577749014
0.000938773679081351
0.000914702541194856
0.000659548677504063
0.000423651712480932
0.00052956462604925
0.000462165509816259
0.000832860765513033
0.00133354007266462
0.00174274912569672
0.00170904956758022
0.00076064741006121
0.00263338047079742
0.00296074780635536
0.00174274912569672
0.00186310464050621
0.000832860765513033
0.000803975388407707
0.000808789627626538
0.0010398724116385
0.00103505817241967
0.000799161207396537
0.00114097108598799
0.00120837020222098
0.00149722362402827
0.00132872583344579
0.000823232287075371
0.00173793488647789
0.00207493058405817
0.0135953687131405
0.0393947958946228
0.0627871081233025
0.0323371440172195
0.00162239349447191
0.000871374562848359
0.000649920257274061
0.000279225001577288
0.000693248235620558
0.000866560323629528
0.000640291778836399
0.000808789627626538
0.00070287671405822
0.000794346968177706
0.000539193104486912
0.000673991336952895
0.000693248235620558
0.000794346968177706
0.000986915896646678
0.00102061545476317
0.00064510601805523
0.000491050828713924
0.0004092090530321
0.000794346968177706
0.000914702541194856
0.000558450003154576
0.000510307727381587
0.000794346968177706
0.000977287418209016
0.000929145258851349
0.000871374562848359
0.000828046526294202
0.00104468665085733
0.00112652836833149
0.000717319373507053
0.00115541380364448
0.00164646457415074
0.00319183059036732
0.0225979667156935
0.0317161083221436
0.0219528619199991
0.00803975388407707
0.00193050387315452
0.00170904956758022
0.00222898577339947
0.00180051976349205
0.00262856623157859
0.00200753146782517
0.00110245728865266
0.00118429912254214
0.000977287418209016
0.00112171424552798
0.00123725552111864
0.00191606115549803
0.00229638488963246
0.00182459084317088
0.00162720773369074
0.00123725552111864
0.00182459084317088
0.00238304096274078
0.00133835431188345
0.00214232970029116
0.00193531799595803
0.001092828810215
0.000746204692404717
0.000495865067932755
0.000442908611148596
0.000847303424961865
0.00155499437823892
0.00162720773369074
0.00142019602935761
0.00127095507923514
0.00112652836833149
0.00355289736762643
0.00505974935367703
0.00385137926787138
0.0178511422127485
0.0515940375626087
0.0372861661016941
0.00641736062243581
0.0045205564238131
0.00204604514874518
0.00184866203926504
0.00147796678356826
0.00197864603251219
0.00170904956758022
0.00185347627848387
0.00136723963078111
0.00116504216566682
0.00112171424552798
0.000962844816967845
0.000789532728958875
0.000813603866845369
0.00144426722545177
0.00153092318214476
0.00623441999778152
0.00665807165205479
0.00225787097588181
0.00235896976664662
0.00341809913516045
0.00278743566013873
0.00159350817557424
0.00131909735500813
0.000726947851944715
0.000630663358606398
0.00148759526200593
0.00294630508869886
0.00362992496229708
0.00224342849105597
0.0016560930525884
0.00204604514874518
0.00204604514874518
0.00220491457730532
0.0160554368048906
0.0389181859791279
0.0569330118596554
0.0369732417166233
0.0153188612312078
0.00563745619729161
0.00467461161315441
0.00363473920151591
0.00179089128505439
0.00112171424552798
0.00116504216566682
0.00177163444459438
0.0016897926107049
0.000861746084410697
0.00064510601805523
0.000625849119387567
0.000808789627626538
0.00171386369038373
0.00181496248114854
0.00204604514874518
0.00234452704899013
0.00197864603251219
0.00166572153102607
0.001092828810215
0.00188717583660036
0.00159832241479307
0.00114578532520682
0.000726947851944715
0.000842489185743034
0.00136242539156228
0.00129984051454812
0.00126614095643163
0.00143945298623294
0.00106875773053616
0.00136242539156228
0.00111208576709032
0.00175237748771906
0.00256598135456443
0.00723577849566936
0.00865116063505411
0.00368769560009241
0.00460721226409078
0.00303777540102601
0.00176200596615672
0.00119874172378331
0.00064510601805523
0.000871374562848359
0.00106394349131733
0.000596963800489902
0.000924331019632518
0.00141056766733527
0.00102542969398201
0.0015020378632471
0.00180533400271088
0.00184384780004621
0.00201715994626284
0.00159350817557424
0.000813603866845369
0.00183903356082737
0.00236859824508429
0.0012613267172128
0.0026767086237669
0.00273929350078106
0.000871374562848359
0.00132391159422696
0.00205085938796401
0.00140575342811644
0.00174756336491555
0.00222417153418064
0.00183903356082737
0.00226268521510065
0.00244081160053611
0.00242636888287961
0.00443390011787415
0.00743797607719898
0.00925775244832039
0.0270800106227398
0.0360633507370949
0.0297374613583088
0.0162094924598932
0.00621516304090619
0.00201234570704401
0.00196420331485569
0.002079744823277
0.00334588577970862
0.00305703212507069
0.00147315254434943
0.00140093918889761
0.00114097108598799
0.000914702541194856
0.00142019602935761
0.00143463874701411
0.00106394349131733
0.00131428311578929
0.00176682020537555
0.00138168223202229
0.00093395943986252
0.00189199007581919
0.00194976071361452
0.00140575342811644
0.00132872583344579
0.00182940508238971
0.00161276501603425
0.00200271722860634
0.00205567362718284
0.00187273311894387
0.00163202197290957
0.00190643267706037
0.00178607716225088
0.00155018013902009
0.00183421932160854
0.00148759526200593
0.00170423532836139
0.00641254615038633
0.0144378580152988
0.0144137870520353
0.0192617103457451
0.00901222694665194
0.00281632109545171
0.00152129482012242
0.0016368362121284
0.000852117664180696
0.000929145258851349
0.000808789627626538
0.000755833170842379
0.000982101657427847
0.00125169823877513
0.0012613267172128
0.00129502627532929
0.000659548677504063
0.000765461591072381
0.00125169823877513
0.00120837020222098
0.00132391159422696
0.00161276501603425
0.00134798267390579
0.0020653021056205
0.00194976071361452
0.00123725552111864
0.0014153819065541
0.0012613267172128
0.00164165033493191
0.00347105553373694
0.00472275353968143
0.00325441546738148
0.00162239349447191
0.00230119912885129
0.00220491457730532
0.00249376799911261
0.00460239825770259
0.00459758378565311
0.0112267704680562
0.0186406746506691
0.0240518637001514
0.0204460099339485
0.0126132667064667
0.00425577396526933
0.00346624129451811
0.00340365641750395
0.00285483477637172
0.00272485078312457
0.00201715994626284
0.00331700034439564
0.00406801933422685
0.00220972881652415
0.00237822672352195
0.0041065332479775
0.00274892197921872
0.00188717583660036
0.00316294515505433
0.00204604514874518
0.00260449526831508
0.00210863002575934
0.00273929350078106
0.00383212231099606
0.00260449526831508
0.00131428311578929
0.00173793488647789
0.00186310464050621
0.00268633710220456
0.00364436767995358
0.00198827451094985
0.00130465475376695
0.0029366766102612
0.00484792375937104
0.00487199472263455
0.00459758378565311
0.00517529062926769
0.0144474860280752
0.0400543436408043
0.0325537845492363
0.0187514033168554
0.0206145066767931
0.00887742917984724
0.00613332120701671
0.00285483477637172
0.0023397128097713
0.00399580597877502
0.0036010395269841
0.00299444724805653
0.00258523831143975
0.00256598135456443
0.00188717583660036
0.00169942108914256
0.00107838620897382
0.000953216338530183
0.00218084338121116
0.00212788698263466
0.00174274912569672
0.00340847065672278
0.00249376799911261
0.00285002053715289
0.00407283334061503
0.00232045585289598
0.00159832241479307
0.00129021203611046
0.00187273311894387
0.00163202197290957
0.00183903356082737
0.00189199007581919
0.00320145906880498
0.00246969680301845
0.00270559382624924
0.00248413952067494
0.00225305673666298
0.00255635287612677
0.0153670031577349
0.0294293519109488
0.0219673048704863
0.012045188806951
0.0125651247799397
0.00749093247577548
0.0065762298181653
0.00379842263646424
0.00268633710220456
0.00226749945431948
0.0033651425037533
0.00367806712165475
0.00291260541416705
0.00278743566013873
0.00269596534781158
0.00180533400271088
0.00227712793275714
0.00287409173324704
0.00306666060350835
0.00239266944117844
0.0025082107167691
0.00244562583975494
0.0020653021056205
0.00190643267706037
0.00171867792960256
0.0024552543181926
0.00239748344756663
0.00270077958703041
0.00149722362402827
0.00253228191286325
0.00306184636428952
0.0027826214209199
0.00471312552690506
0.00582039682194591
0.00578188290819526
0.00591186713427305
0.00915183965116739
0.0117226354777813
0.0470879264175892
0.0554839298129082
0.0390096567571163
0.0388893000781536
0.0213847830891609
0.0223861411213875
0.0144282290711999
0.00540155917406082
0.00432798732072115
0.00301370420493186
0.00326885818503797
0.00323515851050615
0.00378879439085722
0.00508382031694055
0.00339884217828512
0.00325922970660031
0.00379360863007605
0.00474682496860623
0.00370695255696774
0.0029366766102612
0.00386582198552787
0.00359141104854643
0.0037021383177489
0.00341328489594162
0.00207011634483933
0.00263819471001625
0.0029896330088377
0.0030522181186825
0.00388026447035372
0.00372139504179358
0.00286927749402821
0.00283076381310821
0.00319183059036732
0.00246488279663026
0.0023397128097713
0.00424133148044348
0.00564227066934109
0.00840082112699747
0.0299444738775492
0.029376395046711
0.020060870796442
0.0152610903605819
0.00771238701418042
0.00614776415750384
0.0060033374466002
0.00425095995888114
0.00283557805232704
0.00255635287612677
0.00243599736131728
0.00234452704899013
0.00158387969713658
0.00152129482012242
0.00271040806546807
0.00274410773999989
0.00234452704899013
0.00214714393950999
0.00268633710220456
0.00240229768678546
0.00168497837148607
0.00215195817872882
0.00199790298938751
0.00315331667661667
0.00343735585920513
0.00290297716856003
0.00314850243739784
0.00284520629793406
0.00260930950753391
0.00164646457415074
0.00158387969713658
0.00267189438454807
0.00306184636428952
0.00296074780635536
0.00362029648385942
0.00338439946062863
0.00678805587813258
0.0223283711820841
0.0389422588050365
0.036848071962595
0.0214714389294386
0.00918553955852985
0.00972473248839378
0.00837675016373396
0.00489606568589807
0.0045735128223896
0.0029366766102612
0.00157425121869892
0.00153092318214476
0.00202197418548167
0.00253709615208209
0.00215677241794765
0.00278743566013873
0.00303296116180718
0.00250339647755027
0.00226268521510065
0.00220491457730532
0.00210863002575934
0.00259968102909625
0.00273929350078106
0.0035480831284076
0.0035336404107511
0.00268152286298573
0.00123244139831513
0.00174274912569672
0.00172349216882139
0.00169460684992373
0.00166090729180723
0.0027152223046869
0.00238785520195961
0.00162239349447191
0.00242155464366078
0.00238785520195961
0.00366843864321709
0.0103602102026343
0.0271666664630175
0.034315787255764
0.0348164662718773
0.0213318262249231
0.0110919717699289
0.0088341012597084
0.00740427663549781
0.00336995674297214
0.00231564184650779
0.00146352406591177
0.00143463874701411
0.00162720773369074
0.00204123090952635
0.0014683383051306
0.00101580121554434
0.00155499437823892
0.00189199007581919
0.00139612494967878
0.00143463874701411
0.00157906545791775
0.00186791887972504
0.00214232970029116
0.00147315254434943
0.0014153819065541
0.00119874172378331
0.00142019602935761
0.00131428311578929
0.00168497837148607
0.00203641667030752
0.00154536589980125
0.00127095507923514
0.00143463874701411
0.00140575342811644
0.00142982450779527
0.000953216338530183
0.00176200596615672
0.00214714393950999
0.00667732860893011
0.014442672021687
0.0147363394498825
0.0147363394498825
0.010610549710691
0.00520899053663015
0.00420763157308102
0.00203160243108869
0.000982101657427847
0.00213751546107233
0.00155018013902009
0.000852117664180696
0.00145389570388943
0.00151166634168476
0.00129021203611046
0.00121799868065864
0.00129984051454812
0.0010398724116385
0.000621034880168736
0.000741390511393547
0.00076064741006121
0.00111690000630915
0.000938773679081351
0.000813603866845369
0.000693248235620558
0.000847303424961865
0.00105431501287967
0.0012613267172128
0.00103505817241967
0.00106394349131733
0.00108320044819266
0.000741390511393547
0.000751018931623548
0.000722133612725884
0.00104950089007616
0.000803975388407707
0.00179089128505439
0.00258523831143975
0.00535823125392199
0.00782311428338289
0.00991730112582445
0.00963326264172792
0.00585891073569655
0.00300888996571302
0.00252265343442559
0.00211344426497817
0.00101098709274083
0.00104468665085733
0.00151166634168476
0.00124206976033747
0.000953216338530183
0.000967658997979015
0.00107357196975499
0.000919516780413687
0.000986915896646678
0.00105431501287967
0.000905074120964855
0.00102061545476317
0.00127576931845397
0.00175237748771906
0.00138649647124112
0.00132391159422696
0.0012613267172128
0.000577706901822239
0.000938773679081351
0.000476608169265091
0.000698062474839389
0.000601777981501073
0.000654734438285232
0.000871374562848359
0.00076064741006121
0.000842489185743034
0.000842489185743034
0.00108320044819266
0.00140093918889761
0.00283557805232704
0.039356280118227
0.0717126801609993
0.0352208614349365
0.00748611846938729
0.0054063736461103
0.00147796678356826
0.000885817222297192
0.00105431501287967
0.000948402157519013
0.000803975388407707
0.000423651712480932
0.000673991336952895
0.000919516780413687
0.00093395943986252
0.000770275830291212
0.000669177155941725
0.000649920257274061
0.000640291778836399
0.000596963800489902
0.000394766364479437
0.000789532728958875
0.000698062474839389
0.000635477539617568
0.00102542969398201
0.000881002983078361
0.00052475044503808
0.000216640080907382
0.000385137915145606
0.000601777981501073
0.00103505817241967
0.000919516780413687
0.000385137915145606
0.000539193104486912
0.000563264184165746
0.000625849119387567
0.000356252567144111
0.000909888360183686
0.002118258504197
0.00637403270229697
0.00774127198383212
0.00442908611148596
0.00217121513560414
0.00136242539156228
0.00151648058090359
0.0014153819065541
0.000948402157519013
0.00108801457099617
0.000755833170842379
0.000414023263147101
0.000428465922595933
0.000659548677504063
0.000832860765513033
0.000890631461516023
0.000659548677504063
0.000491050828713924
0.000534378865268081
0.00064510601805523
0.000544007285498083
0.000669177155941725
0.00046697971993126
0.000726947851944715
0.00121799868065864
0.000837675004731864
0.000568078423384577
0.00064510601805523
0.000828046526294202
0.00076064741006121
0.000673991336952895
0.000765461591072381
0.000948402157519013
0.00076064741006121
0.000534378865268081
0.0010591292520985
0.00111208576709032
0.00112652836833149
0.00152610905934125
0.00583002530038357
0.00770275853574276
0.00381767959333956
0.00188236159738153
0.00123725552111864
0.000751018931623548
0.00099173013586551
0.00100135861430317
0.000731762032955885
0.000558450003154576
0.000784718489740044
0.000813603866845369
0.000707690953277051
0.000673991336952895
0.001092828810215
0.000881002983078361
0.000784718489740044
0.000770275830291212
0.00110727152787149
0.00113134260755032
0.000693248235620558
0.000741390511393547
0.00102542969398201
0.00120837020222098
0.00117948488332331
0.00147796678356826
0.00113134260755032
0.00121799868065864
0.00116504216566682
0.00102542969398201
0.00103024393320084
0.0012468839995563
0.00154536589980125
0.00166572153102607
0.0016560930525884
0.00106394349131733
0.00115059956442565
0.00216640089638531
0.00484792375937104
0.0050164214335382
0.0012276271590963
0.0033266288228333
0.0020653021056205
0.0026767086237669
0.00190161843784153
0.00157425121869892
0.00196901755407453
0.00140575342811644
0.00168497837148607
0.00169460684992373
0.00212788698263466
0.00169460684992373
0.0012276271590963
0.00134798267390579
0.00181496248114854
0.00212307274341583
0.000996544375084341
0.00193531799595803
0.00143945298623294
0.00147796678356826
0.00213751546107233
0.00164165033493191
0.0012276271590963
0.00120355596300215
0.00147796678356826
0.000876188743859529
0.00108320044819266
0.00158869393635541
0.00106875773053616
0.000866560323629528
0.00107838620897382
0.0011939276009798
0.00126614095643163
0.00148278102278709
0.00168497837148607
0.0049393936060369
0.00516084814444184
0.00419800356030464
0.00439057219773531
0.00325922970660031
0.00218084338121116
0.00217121513560414
0.00230119912885129
0.00184384780004621
0.00140575342811644
0.00102061545476317
0.000640291778836399
0.000683619815390557
0.001092828810215
0.00113134260755032
0.00103505817241967
0.00112652836833149
0.00106875773053616
0.000832860765513033
0.000548821524716914
0.000962844816967845
0.00110245728865266
0.000881002983078361
0.00143945298623294
0.000986915896646678
0.000751018931623548
0.000486236618598923
0.000255153863690794
0.000871374562848359
0.00103505817241967
0.000736576272174716
0.000375509465811774
0.000385137915145606
0.000909888360183686
0.000789532728958875
0.00106875773053616
0.00132872583344579
0.00172349216882139
0.0036010395269841
0.00457832682877779
0.00418837508186698
0.0040824618190527
0.00317738787271082
0.00316294515505433
0.00189199007581919
0.00155018013902009
0.00115059956442565
0.000765461591072381
0.000712505134288222
0.000726947851944715
0.000572892662603408
0.000572892662603408
0.000553635763935745
0.000601777981501073
0.000635477539617568
0.0008184181060642
0.000616220699157566
0.000515121966600418
0.000943587918300182
0.00103505817241967
0.00103505817241967
0.000717319373507053
0.000438094371929765
0.000457351270597428
0.000799161207396537
0.000924331019632518
0.000640291778836399
0.000515121966600418
0.000481422408483922
0.000669177155941725
0.000861746084410697
0.00110245728865266
0.00154055166058242
0.0016368362121284
0.00170904956758022
0.00381767959333956
0.00729836337268353
0.00896408502012491
0.00693248258903623
0.00370695255696774
0.00387545023113489
0.0043135448358953
0.00240229768678546
0.00204123090952635
0.00154055166058242
0.000707690953277051
0.0004092090530321
0.000621034880168736
0.000616220699157566
0.000775090069510043
0.00107357196975499
0.00114097108598799
0.000799161207396537
0.001006172853522
0.000611406459938735
0.000558450003154576
0.000741390511393547
0.000698062474839389
0.00052475044503808
0.000794346968177706
0.000832860765513033
0.000770275830291212
0.000885817222297192
0.00104468665085733
0.000982101657427847
0.000765461591072381
0.000664362916722894
0.0010398724116385
0.000967658997979015
0.00161757925525308
0.00122281291987747
0.00143945298623294
0.00301370420493186
0.00393803510814905
0.00707690929993987
0.00812159571796656
0.0056663416326046
0.00312924571335316
0.00204604514874518
0.00154055166058242
0.00142501026857644
0.000885817222297192
0.000669177155941725
0.000909888360183686
0.0008184181060642
0.000977287418209016
0.000895445642527193
0.00111208576709032
0.001006172853522
0.00127576931845397
0.000847303424961865
0.00139131071045995
0.000866560323629528
0.000900259881746024
0.000751018931623548
0.001006172853522
0.00115059956442565
0.000852117664180696
0.000986915896646678
0.001092828810215
0.000885817222297192
0.00143463874701411
0.00121799868065864
0.00116985640488565
0.00101098709274083
0.000635477539617568
0.000828046526294202
0.00102061545476317
0.00123244139831513
0.00135279691312462
0.0020653021056205
0.00260930950753391
0.00319183059036732
0.0027296650223434
0.00199308875016868
0.00119874172378331
0.00177163444459438
0.00142501026857644
0.00126614095643163
0.0008184181060642
0.00152129482012242
0.00118429912254214
0.00136242539156228
0.00131909735500813
0.00103024393320084
0.0014153819065541
0.00196420331485569
0.00182940508238971
0.00145870982669294
0.00150685210246593
0.00165127881336957
0.002118258504197
0.00227231369353831
0.00155499437823892
0.00169942108914256
0.00194494647439569
0.00179570552427322
0.00225787097588181
0.00177644868381321
0.00209418754093349
0.00222417153418064
0.00185347627848387
0.00197864603251219
0.00312924571335316
0.00245044007897377
0.00230601336807013
0.00283557805232704
0.00480940984562039
0.00741390511393547
0.00937810819596052
0.00733206328004599
0.00612369272857904
0.00613813567906618
0.00484310928732157
0.00401024846360087
0.00299444724805653
0.00427984492853284
0.00420763157308102
0.00279224989935756
0.0012805835576728
0.00120355596300215
0.000919516780413687
0.00151166634168476
0.00111690000630915
0.00134798267390579
0.00120837020222098
0.00136723963078111
0.00147315254434943
0.000943587918300182
0.00100135861430317
0.000659548677504063
0.00102542969398201
0.0011939276009798
0.000746204692404717
0.000481422408483922
0.000698062474839389
0.00110727152787149
0.000972473237197846
0.000558450003154576
0.000654734438285232
0.000919516780413687
0.00114578532520682
0.00142019602935761
0.00135761115234345
0.00164165033493191
0.00277299294248223
0.00395247805863619
0.00724540697410703
0.00620553456246853
0.00448685698211193
0.00462165521457791
0.00373102352023125
0.00187273311894387
0.000977287418209016
0.000765461591072381
0.000534378865268081
0.000510307727381587
0.000765461591072381
0.00102542969398201
0.000938773679081351
0.00076064741006121
0.000635477539617568
0.00052475044503808
0.000491050828713924
0.000948402157519013
0.00076064741006121
0.000775090069510043
0.000890631461516023
0.000548821524716914
0.000423651712480932
0.000953216338530183
0.000890631461516023
0.000438094371929765
0.000621034880168736
0.000673991336952895
0.000510307727381587
0.000606592220719904
0.000856931845191866
0.000678805576171726
0.000741390511393547
0.000837675004731864
0.000611406459938735
0.00117467064410448
0.00189680431503803
0.00355289736762643
0.00446278555318713
0.00283557805232704
0.00215677241794765
0.00215195817872882
0.00235896976664662
0.00183421932160854
0.00128539779689163
0.00137686810921878
0.00108801457099617
0.000500679307151586
0.000698062474839389
0.000852117664180696
0.000616220699157566
0.000929145258851349
0.000881002983078361
0.00101580121554434
0.0012613267172128
0.000958030577749014
0.000751018931623548
0.000823232287075371
0.000572892662603408
0.0008184181060642
0.000799161207396537
0.000967658997979015
0.000900259881746024
0.000558450003154576
0.000736576272174716
0.000803975388407707
0.000775090069510043
0.000972473237197846
0.000669177155941725
0.000698062474839389
0.000890631461516023
0.000905074120964855
0.000794346968177706
0.00118911336176097
0.00170423532836139
0.00188717583660036
0.00153092318214476
0.00170423532836139
0.0022338000126183
0.00217602914199233
0.00208455906249583
0.00169460684992373
0.0011939276009798
0.00133835431188345
0.00216640089638531
0.00177644868381321
0.000943587918300182
0.000611406459938735
0.000640291778836399
0.000919516780413687
0.00100135861430317
0.000765461591072381
0.000972473237197846
0.000847303424961865
0.000828046526294202
0.000895445642527193
0.00110245728865266
0.00121318444143981
0.000914702541194856
0.000717319373507053
0.000924331019632518
0.000476608169265091
0.000707690953277051
0.000823232287075371
0.000784718489740044
0.000794346968177706
0.000905074120964855
0.000924331019632518
0.000962844816967845
0.00112171424552798
0.00137686810921878
0.00100135861430317
0.00170423532836139
0.00170904956758022
0.00114097108598799
0.00174756336491555
0.00226268521510065
0.00237822672352195
0.00185347627848387
0.00134798267390579
0.0016560930525884
0.00161757925525308
0.00137686810921878
0.00116985640488565
0.000967658997979015
0.00102542969398201
0.00115541380364448
0.000876188743859529
0.00162239349447191
0.00176682020537555
0.00142501026857644
0.00134798267390579
0.001006172853522
0.00123725552111864
0.000842489185743034
0.000866560323629528
0.00154055166058242
0.00182459084317088
0.0012805835576728
0.00114578532520682
0.00123244139831513
0.000914702541194856
0.000962844816967845
0.000905074120964855
0.000789532728958875
0.00103505817241967
0.00138649647124112
0.00116022792644799
0.00103024393320084
0.000876188743859529
0.00181014824192971
0.00215677241794765
0.00145389570388943
0.00127095507923514
0.00160313653759658
0.0016368362121284
0.00224824249744415
0.00277299294248223
0.00237341248430312
0.00264300894923508
0.00269115110859275
0.00145389570388943
0.00175237748771906
0.00162239349447191
0.00175719172693789
0.00192087539471686
0.00176682020537555
0.00169942108914256
0.00178126292303205
0.00135279691312462
0.00136242539156228
0.00119874172378331
0.00132872583344579
0.00123725552111864
0.00118911336176097
0.000813603866845369
0.000852117664180696
0.00151648058090359
0.0014490814646706
0.000890631461516023
0.000606592220719904
0.00070287671405822
0.00102542969398201
0.00110727152787149
0.00103505817241967
0.000837675004731864
0.000654734438285232
0.00113134260755032
0.00208455906249583
0.00264782318845391
0.00203160243108869
0.00215195817872882
0.00211344426497817
0.00177644868381321
0.00103024393320084
0.00102542969398201
0.0008184181060642
0.000625849119387567
0.000592149561271071
0.000856931845191866
0.000625849119387567
0.00116985640488565
0.00137205386999995
0.001006172853522
0.00093395943986252
0.0011939276009798
0.000803975388407707
0.000986915896646678
0.00136723963078111
0.000953216338530183
0.000962844816967845
0.000717319373507053
0.000635477539617568
0.000755833170842379
0.00108320044819266
0.00120837020222098
0.000962844816967845
0.000683619815390557
0.00093395943986252
0.00118429912254214
0.000986915896646678
0.000914702541194856
0.000659548677504063
0.0008184181060642
0.00134316855110228
0.00161757925525308
0.00136242539156228
0.00195938907563686
0.00148759526200593
0.00130465475376695
0.00163202197290957
0.00151166634168476
0.00131909735500813
0.000823232287075371
0.000755833170842379
0.000986915896646678
0.00101098709274083
0.000462165509816259
0.00052475044503808
0.000953216338530183
0.001006172853522
0.000852117664180696
0.000433280161814764
0.000659548677504063
0.000649920257274061
0.001092828810215
0.00112171424552798
0.000779904308728874
0.000890631461516023
0.00114097108598799
0.000775090069510043
0.00099173013586551
0.0012613267172128
0.00108801457099617
0.000866560323629528
0.000418837502365932
0.000678805576171726
0.000539193104486912
0.000534378865268081
0.00106875773053616
0.000919516780413687
0.000678805576171726
0.00129984051454812
0.00115541380364448
0.0016560930525884
0.00221935729496181
0.00142019602935761
0.00153573742136359
0.00137686810921878
0.00178607716225088
0.00138649647124112
0.000982101657427847
0.000885817222297192
0.000751018931623548
0.00046697971993126
0.000510307727381587
0.000803975388407707
0.000832860765513033
0.000418837502365932
0.000572892662603408
0.000563264184165746
0.00058733532205224
0.000828046526294202
0.000972473237197846
0.000712505134288222
0.000842489185743034
0.000510307727381587
0.000486236618598923
0.000673991336952895
0.000765461591072381
0.000669177155941725
0.00113134260755032
0.000881002983078361
0.000669177155941725
0.000823232287075371
0.000712505134288222
0.000640291778836399
0.00101098709274083
0.000962844816967845
0.00126614095643163
0.00393803510814905
0.00394766358658671
0.00154536589980125
0.001006172853522
0.00131428311578929
0.00144426722545177
0.00145389570388943
0.0014683383051306
0.00114578532520682
0.00115541380364448
0.000929145258851349
0.000683619815390557
0.000558450003154576
0.000495865067932755
0.000722133612725884
0.000717319373507053
0.00093395943986252
0.000881002983078361
0.000654734438285232
0.000693248235620558
0.000519936205819249
0.000635477539617568
0.000775090069510043
0.000871374562848359
0.000977287418209016
0.00119874172378331
0.000943587918300182
0.00070287671405822
0.00070287671405822
0.000712505134288222
0.0008184181060642
0.000741390511393547
0.000683619815390557
0.000654734438285232
0.000544007285498083
0.000779904308728874
0.000813603866845369
0.00118911336176097
0.00232527009211481
0.00199790298938751
0.00102061545476317
0.000885817222297192
0.00102542969398201
0.000962844816967845
0.000640291778836399
0.000616220699157566
0.000582521082833409
0.00076064741006121
0.000972473237197846
0.000726947851944715
0.000746204692404717
0.000693248235620558
0.000654734438285232
0.000418837502365932
0.000616220699157566
0.000649920257274061
0.000611406459938735
0.00035143835702911
0.000553635763935745
0.000544007285498083
0.000741390511393547
0.000982101657427847
0.000789532728958875
0.000630663358606398
0.000471793959150091
0.000500679307151586
0.000356252567144111
0.000284039211692289
0.000452537060482427
0.000553635763935745
0.000741390511393547
0.000548821524716914
0.000476608169265091
0.000866560323629528
0.000924331019632518
0.000977287418209016
0.00231564184650779
0.00225787097588181
0.00177163444459438
0.00133835431188345
0.00112171424552798
0.000563264184165746
0.000548821524716914
0.00064510601805523
0.000601777981501073
0.000726947851944715
0.000726947851944715
0.000640291778836399
0.000673991336952895
0.000654734438285232
0.000654734438285232
0.000582521082833409
0.000707690953277051
0.000775090069510043
0.000722133612725884
