% Type: Spectrum
% Date: 11-DEC-24 11:54:19
% NoOfItems: = 1601
% Unit_Y: = dB
% Unit_X: = Hz
% Min_X: = 0
% Max_X: = 1000
% MinDisplay_X: = 0
% MaxDisplay_X: = 1000
0
0
0
0
0.0417096093297005
0.022945512086153
0.015175050124526
0.017718743532896
0.0186944082379341
0.0129798082634807
0.00911199953407049
0.0126487789675593
0.0231371615082026
0.0326498784124851
0.0315174125134945
0.0232242736965418
0.0311863832175732
0.0672162398695946
0.0607002004981041
0.0361518152058125
0.0445669107139111
0.0322491601109505
0.0121783697977662
0.00954756326973438
0.0118821868672967
0.0052267680875957
0.00520934583619237
0.00757881393656135
0.00512223271653056
0.00271791941486299
0.00743943359702826
0.00923395715653896
0.00890292879194021
0.0100528178736567
0.0130669204518199
0.0160984471440315
0.0152970086783171
0.00909457635134459
0.0097914794459939
0.595346331596375
1.1417875289917
0.548183441162109
0.00642892485484481
0.00426852749660611
0.00461697857826948
0.00491316197440028
0.00362389255315065
0.00243915850296617
0.00311863841488957
0.00229977793060243
0.0018642139621079
0.00219524255953729
0.00137638230808079
0.00184679147787392
0.00182936887722462
0.00175967870745808
0.0031012159306556
0.00419883709400892
0.00435564015060663
0.00254369387403131
0.00494800740852952
0.0113943545147777
0.00520934583619237
0.00494800740852952
0.00439048511907458
0.00322317378595471
0.0015331853646785
0.0015506079653278
0.00217782007530332
0.0023868908174336
0.00217782007530332
0.0028747224714607
0.00325801898725331
0.00233462313190103
0.00191648164764047
0.00250884867273271
0.0031012159306556
0.00885066110640764
0.0146001055836678
0.120964840054512
0.246494397521019
0.13993801176548
0.01372897811234
0.00712582748383284
0.00728263054043055
0.00412914715707302
0.00510481046512723
0.00648119254037738
0.00536614889279008
0.00486089428886771
0.00621985411271453
0.00524419080466032
0.00397234410047531
0.00282245478592813
0.00168998842127621
0.00189905916340649
0.00303152552805841
0.00252627138979733
0.00428595021367073
0.00588882574811578
0.00449502049013972
0.00674253096804023
0.00472151394933462
0.00848478730767965
0.0106626069173217
0.00580171262845397
0.00527903577312827
0.00621985411271453
0.0092513794079423
0.00682964408770204
0.00512223271653056
0.00587140303105116
0.00665541831403971
0.00534872617572546
0.008136335760355
0.0105406492948532
0.0132237235084176
0.0266565177589655
0.0385387055575848
0.266338676214218
0.485044091939926
0.21436719596386
0.0548113770782948
0.0368312932550907
0.0132237235084176
0.0087461257353425
0.00621985411271453
0.00416399212554097
0.00188163656275719
0.00329286395572126
0.00430337246507406
0.00437306286767125
0.00456471089273691
0.00331028667278588
0.00247400370426476
0.00144607259426266
0.00223008776083589
0.0033973993267864
0.00508738774806261
0.00613274145871401
0.00290956767275929
0.0051570781506598
0.00346708972938359
0.00541841657832265
0.0062721217982471
0.00226493296213448
0.00212555238977075
0.00304894824512303
0.00372842792421579
0.00167256582062691
0.00181194627657533
0.00223008776083589
0.00273534213192761
0.00275276461616158
0.00423368252813816
0.00393749866634607
0.00442533055320382
0.00723036285489798
0.00667284103110433
0.0735754743218422
0.133265167474747
0.0883323848247528
0.0559961125254631
0.0329634845256805
0.0125442435964942
0.0112201292067766
0.00625469954684377
0.00444275280460715
0.00442533055320382
0.00494800740852952
0.00379811832681298
0.00473893666639924
0.00674253096804023
0.00313606089912355
0.00266565172933042
0.00200359453447163
0.00229977793060243
0.0031012159306556
0.00646377028897405
0.00688191177323461
0.00500027509406209
0.00669026328250766
0.0056797550059855
0.00651603797450662
0.00794468820095062
0.00397234410047531
0.00524419080466032
0.00468666898086667
0.00217782007530332
0.00200359453447163
0.00402461178600788
0.00315348361618817
0.00336255435831845
0.00547068426385522
0.00580171262845397
0.00454728817567229
0.00369358295574784
0.00766592659056187
0.0112549746409059
0.0451941229403019
0.0769380256533623
0.0357336737215519
0.061571329832077
0.0455251522362232
0.00547068426385522
0.0067251087166369
0.00423368252813816
0.00637665716931224
0.00630696723237634
0.00773561699315906
0.00667284103110433
0.00362389255315065
0.00317090610042214
0.00510481046512723
0.00745685584843159
0.0049305846914649
0.00557521963492036
0.00506996503099799
0.00374585064128041
0.00613274145871401
0.00379811832681298
0.0102270431816578
0.00719551788643003
0.00402461178600788
0.00541841657832265
0.00561006460338831
0.0057494449429214
0.00332770915701985
0.00353677989915013
0.00229977793060243
0.00392007641494274
0.00405945675447583
0.0101573532447219
0.0139903165400028
0.0103315785527229
0.0107671422883868
0.0098611693829298
0.0198442973196507
0.0296009313315153
0.162482798099518
0.271791964769363
0.198111936450005
0.0951794534921646
0.0415179617702961
0.02125552482903
0.0303152557462454
0.0121957929804921
0.00890292879194021
0.0151402056217194
0.013171455822885
0.00592367071658373
0.00740458816289902
0.00982632394880056
0.00792726501822472
0.00742201087996364
0.00968694407492876
0.0104709593579173
0.00554037420079112
0.00778788467869163
0.00684706633910537
0.00946045015007257
0.0112898191437125
0.0112549746409059
0.0258376579731703
0.0260641518980265
0.00879839342087507
0.00947787333279848
0.0062721217982471
0.00365873775444925
0.00494800740852952
0.00519192311912775
0.00404203403741121
0.00705613708123565
0.00505254277959466
0.00634181220084429
0.00721294013783336
0.00616758642718196
0.00956498552113771
0.013171455822885
0.0267087854444981
0.0703697204589844
0.110929444432259
0.0591844394803047
0.0208722278475761
0.00808406807482243
0.00696902442723513
0.00486089428886771
0.00637665716931224
0.00618500914424658
0.00311863841488957
0.00341482204385102
0.00341482204385102
0.00226493296213448
0.00277018710039556
0.00320575130172074
0.00376327312551439
0.00543583882972598
0.00224751024506986
0.00289214518852532
0.00329286395572126
0.0028747224714607
0.00404203403741121
0.00407687947154045
0.00503512006253004
0.00348451221361756
0.00329286395572126
0.00308379321359098
0.00315348361618817
0.00283987750299275
0.00259596155956388
0.00263080676086247
0.00301410304382443
0.00397234410047531
0.00294441287405789
0.00454728817567229
0.00630696723237634
0.00578429037705064
0.0121783697977662
0.00890292879194021
0.100911475718021
0.17004419863224
0.138544201850891
0.0602646395564079
0.010139930061996
0.0149659793823957
0.0181368850171566
0.00716067245230079
0.00932107027620077
0.00803180038928986
0.0057494449429214
0.00412914715707302
0.00344966701231897
0.00432079518213868
0.00506996503099799
0.0134502174332738
0.0121086798608303
0.00675995368510485
0.0100528178736567
0.0093384925276041
0.0088158156722784
0.0118996091187
0.0185027588158846
0.0132237235084176
0.0147917540743947
0.0155060794204473
0.00900746416300535
0.00827571656554937
0.0067251087166369
0.00895519647747278
0.00689933402463794
0.00506996503099799
0.00806664582341909
0.0115685807541013
0.00989601481705904
0.00965209864079952
0.0103141563013196
0.010627762414515
0.0262732226401567
0.0262209549546242
0.146767646074295
0.206492185592651
0.0666935667395592
0.0602123700082302
0.0295835081487894
0.0360821224749088
0.0436783619225025
0.0143387680873275
0.0180323496460915
0.015175050124526
0.0117602283135056
0.0107322977855802
0.0092688025906682
0.00839767418801785
0.00855447724461555
0.00716067245230079
0.00663799559697509
0.0136244427412748
0.0129449628293514
0.0087461257353425
0.0127881597727537
0.00749170128256083
0.00853705499321222
0.0104709593579173
0.0194435771554708
0.017858125269413
0.00890292879194021
0.0049305846914649
0.00653346022590995
0.0104012684896588
0.00904230866581202
0.00953014101833105
0.00782272964715958
0.00747427856549621
0.00797953270375729
0.0129798082634807
0.0115685807541013
0.0151924733072519
0.0233288090676069
0.0267958994954824
0.101782597601414
0.131888791918755
0.103977844119072
0.0906147360801697
0.0394272543489933
0.0258550811558962
0.0162900947034359
0.016638545319438
0.0212206784635782
0.0173528697341681
0.012997230514884
0.0105754947289824
0.0128752728924155
0.0102444654330611
0.00456471089273691
0.00374585064128041
0.00498285237699747
0.00951271783560514
0.00888550560921431
0.00935591477900743
0.0147046409547329
0.0132237235084176
0.0182762667536736
0.00928622484207153
0.0170915331691504
0.0126139344647527
0.0104883816093206
0.0106626069173217
0.00482604932039976
0.00541841657832265
0.00364131527021527
0.00602820608764887
0.00628954451531172
0.0054532615467906
0.00365873775444925
0.00670768599957228
0.00825829431414604
0.012631356716156
0.0101747754961252
0.0203843954950571
0.096224807202816
0.122881323099136
0.0503512024879456
0.041674766689539
0.0256808549165726
0.0181543081998825
0.0137986680492759
0.00838025193661451
0.00670768599957228
0.00372842792421579
0.00430337246507406
0.00452986592426896
0.00390265369787812
0.00247400370426476
0.00217782007530332
0.00311863841488957
0.00317090610042214
0.00353677989915013
0.00639407988637686
0.00365873775444925
0.00487831700593233
0.00500027509406209
0.0062721217982471
0.00369358295574784
0.00580171262845397
0.00513965543359518
0.00405945675447583
0.00357162510044873
0.00367616023868322
0.00273534213192761
0.00324059627018869
0.0044079078361392
0.00374585064128041
0.00296183535829186
0.00439048511907458
0.00566233228892088
0.00674253096804023
0.00829313881695271
0.01372897811234
0.0239908657968044
0.104605056345463
0.129223138093948
0.0492535792291164
0.031081847846508
0.0135721750557423
0.00905973184853792
0.00660315062850714
0.00313606089912355
0.00435564015060663
0.00329286395572126
0.0044079078361392
0.00466924626380205
0.00402461178600788
0.00271791941486299
0.00264822924509645
0.00465182354673743
0.0051570781506598
0.00439048511907458
0.00430337246507406
0.00390265369787812
0.00435564015060663
0.00357162510044873
0.0056797550059855
0.00503512006253004
0.00771819427609444
0.00730005279183388
0.00344966701231897
0.0028747224714607
0.00229977793060243
0.0018642139621079
0.00264822924509645
0.00360647006891668
0.00367616023868322
0.00466924626380205
0.00402461178600788
0.00423368252813816
0.00393749866634607
0.0052267680875957
0.0108019877225161
0.0123700182884932
0.0247226133942604
0.0286078453063965
0.0177884344011545
0.010993636213243
0.00782272964715958
0.00703871482983232
0.00594109343364835
0.00473893666639924
0.00337997684255242
0.00334513164125383
0.00508738774806261
0.00594109343364835
0.00442533055320382
0.0023868908174336
0.0025785390753299
0.00486089428886771
0.00541841657832265
0.00423368252813816
0.00501769734546542
0.0051570781506598
0.00454728817567229
0.00573202269151807
0.00724778510630131
0.0051570781506598
0.00524419080466032
0.00526161352172494
0.002352045616135
0.00325801898725331
0.00498285237699747
0.00477378163486719
0.00395492138341069
0.00641150260344148
0.00482604932039976
0.00534872617572546
0.00506996503099799
0.00630696723237634
0.00749170128256083
0.00949529558420181
0.013171455822885
0.0131191881373525
0.0476332828402519
0.0581216625869274
0.018450491130352
0.017858125269413
0.0128578497096896
0.00801437813788652
0.00790984276682138
0.00487831700593233
0.00242173601873219
0.00425110477954149
0.00465182354673743
0.00477378163486719
0.00311863841488957
0.00266565172933042
0.00324059627018869
0.00268307444639504
0.00369358295574784
0.00223008776083589
0.00266565172933042
0.00447759823873639
0.00367616023868322
0.00446017552167177
0.00496542965993285
0.00432079518213868
0.00496542965993285
0.00364131527021527
0.00371100543998182
0.00386780849657953
0.00360647006891668
0.0025785390753299
0.00393749866634607
0.00719551788643003
0.00655088294297457
0.00425110477954149
0.00400718906894326
0.00510481046512723
0.00484347203746438
0.00641150260344148
0.0130146527662873
0.0141471195966005
0.0456296876072884
0.0494626499712467
0.0208373833447695
0.0193913094699383
0.0100702401250601
0.0103141563013196
0.0092688025906682
0.00487831700593233
0.00383296329528093
0.00315348361618817
0.0046344012953341
0.00332770915701985
0.00508738774806261
0.00397234410047531
0.00376327312551439
0.00325801898725331
0.00487831700593233
0.00350193469785154
0.00372842792421579
0.00428595021367073
0.0062024318613112
0.00663799559697509
0.00803180038928986
0.00536614889279008
0.00566233228892088
0.00470409123227
0.00414656940847635
0.00447759823873639
0.00353677989915013
0.00585398031398654
0.00618500914424658
0.00562748732045293
0.00311863841488957
0.00296183535829186
0.00416399212554097
0.00580171262845397
0.00369358295574784
0.00601078337058425
0.0176490545272827
0.022231187671423
0.100946314632893
0.109465949237347
0.0533478818833828
0.0403680726885796
0.0136592881754041
0.00785757508128881
0.00733489822596312
0.00658572791144252
0.00585398031398654
0.00308379321359098
0.00792726501822472
0.00810149125754833
0.00907715409994125
0.00554037420079112
0.00275276461616158
0.00466924626380205
0.00712582748383284
0.00404203403741121
0.00385038601234555
0.00428595021367073
0.00594109343364835
0.00479120435193181
0.00637665716931224
0.00421625981107354
0.00433821743354201
0.00508738774806261
0.00336255435831845
0.00365873775444925
0.00243915850296617
0.00303152552805841
0.00367616023868322
0.00484347203746438
0.00404203403741121
0.00557521963492036
0.00571459997445345
0.00700386939570308
0.00684706633910537
0.00853705499321222
0.0202450156211853
0.0235727243125439
0.0781750306487083
0.0877922847867012
0.0414656959474087
0.0331899784505367
0.00707355979830027
0.00682964408770204
0.00602820608764887
0.00414656940847635
0.00329286395572126
0.002352045616135
0.00337997684255242
0.0025785390753299
0.00217782007530332
0.00195132684893906
0.0025785390753299
0.00322317378595471
0.00407687947154045
0.0038852309808135
0.00294441287405789
0.00229977793060243
0.00332770915701985
0.00283987750299275
0.00369358295574784
0.00456471089273691
0.00371100543998182
0.00344966701231897
0.00416399212554097
0.00405945675447583
0.00172483350615948
0.00123700185213238
0.00182936887722462
0.00320575130172074
0.00327544147148728
0.00296183535829186
0.00383296329528093
0.0054532615467906
0.00527903577312827
0.00484347203746438
0.00895519647747278
0.00980890169739723
0.039949931204319
0.0435564033687115
0.0139903165400028
0.0202972833067179
0.0110633261501789
0.00797953270375729
0.00843251962214708
0.00322317378595471
0.00444275280460715
0.00296183535829186
0.003066370729357
0.00219524255953729
0.00273534213192761
0.00264822924509645
0.00402461178600788
0.00466924626380205
0.00395492138341069
0.0023868908174336
0.00146349507849663
0.00148091767914593
0.00297925784252584
0.00336255435831845
0.00364131527021527
0.00249142618849874
0.00400718906894326
0.00346708972938359
0.00200359453447163
0.00292699015699327
0.00320575130172074
0.00214297510683537
0.00301410304382443
0.00468666898086667
0.00277018710039556
0.00372842792421579
0.00385038601234555
0.00325801898725331
0.00426852749660611
0.00520934583619237
0.00919911172240973
0.0241999365389347
0.100214570760727
0.0963990315794945
0.0240605566650629
0.0157151501625776
0.0100179724395275
0.00888550560921431
0.00797953270375729
0.00540099386125803
0.00402461178600788
0.00271791941486299
0.00134153722319752
0.00189905916340649
0.00301410304382443
0.00405945675447583
0.00458213360980153
0.00385038601234555
0.00299668055959046
0.00336255435831845
0.00242173601873219
0.00263080676086247
0.00193390424828976
0.00393749866634607
0.00402461178600788
0.00270049693062901
0.00353677989915013
0.00353677989915013
0.00351935741491616
0.00526161352172494
0.00437306286767125
0.00264822924509645
0.00437306286767125
0.0056797550059855
0.00470409123227
0.00416399212554097
0.00367616023868322
0.00486089428886771
0.00681222137063742
0.0102967331185937
0.0146001055836678
0.0273882653564215
0.0742201060056686
0.0771645233035088
0.0379114933311939
0.0213774815201759
0.0146001055836678
0.0113943545147777
0.0101747754961252
0.0049305846914649
0.00435564015060663
0.00355420238338411
0.00456471089273691
0.00362389255315065
0.00367616023868322
0.00331028667278588
0.0025785390753299
0.00317090610042214
0.00379811832681298
0.00311863841488957
0.00304894824512303
0.00296183535829186
0.00386780849657953
0.00428595021367073
0.00266565172933042
0.00317090610042214
0.00606305105611682
0.00367616023868322
0.00435564015060663
0.0062024318613112
0.00395492138341069
0.00446017552167177
0.00277018710039556
0.00618500914424658
0.00566233228892088
0.00405945675447583
0.0028747224714607
0.00374585064128041
0.00442533055320382
0.00447759823873639
0.00975663401186466
0.0164120532572269
0.0388000421226025
0.0395317897200584
0.022353146225214
0.0153318531811237
0.00642892485484481
0.00613274145871401
0.00559264188632369
0.00534872617572546
0.00642892485484481
0.00369358295574784
0.00393749866634607
0.00446017552167177
0.00444275280460715
0.00304894824512303
0.0028747224714607
0.00458213360980153
0.00397234410047531
0.00433821743354201
0.00379811832681298
0.00533130345866084
0.0052267680875957
0.00452986592426896
0.00484347203746438
0.00263080676086247
0.00487831700593233
0.00324059627018869
0.00322317378595471
0.00313606089912355
0.00283987750299275
0.00472151394933462
0.00550552923232317
0.00644634757190943
0.00325801898725331
0.00367616023868322
0.00362389255315065
0.00487831700593233
0.00669026328250766
0.00562748732045293
0.00972178857773542
0.0173877160996199
0.0665367618203163
0.0640453323721886
0.0219001583755016
0.0273882653564215
0.0109239453449845
0.0082234488800168
0.00290956767275929
0.00552295194938779
0.00641150260344148
0.00407687947154045
0.0038852309808135
0.00412914715707302
0.00266565172933042
0.00249142618849874
0.00346708972938359
0.003066370729357
0.00418141484260559
0.00425110477954149
0.00451244320720434
0.00533130345866084
0.00550552923232317
0.00625469954684377
0.00747427856549621
0.00369358295574784
0.00365873775444925
0.00296183535829186
0.00289214518852532
0.00468666898086667
0.00409430172294378
0.00425110477954149
0.00512223271653056
0.00615016417577863
0.00531388120725751
0.0035890475846827
0.00365873775444925
0.00416399212554097
0.00688191177323461
0.00688191177323461
0.0106626069173217
0.0198791418224573
0.0608918517827988
0.0507344976067543
0.0233462322503328
0.0219524260610342
0.00949529558420181
0.0104012684896588
0.00618500914424658
0.00390265369787812
0.0046344012953341
0.00299668055959046
0.00461697857826948
0.00475635891780257
0.00294441287405789
0.00172483350615948
0.00236946833319962
0.00360647006891668
0.00496542965993285
0.00419883709400892
0.00280503230169415
0.00449502049013972
0.00609789649024606
0.00618500914424658
0.0052267680875957
0.00385038601234555
0.00602820608764887
0.00428595021367073
0.00543583882972598
0.00426852749660611
0.00254369387403131
0.00263080676086247
0.00343224452808499
0.00353677989915013
0.00282245478592813
0.00243915850296617
0.00318832858465612
0.00451244320720434
0.00613274145871401
0.00682964408770204
0.00811891350895166
0.00710840476676822
0.0108019877225161
0.0164120532572269
0.0137115558609366
0.0127010466530919
0.00797953270375729
0.00487831700593233
0.00301410304382443
0.0020907074213028
0.00221266527660191
0.00217782007530332
0.00245658098720014
0.00200359453447163
0.00142864999361336
0.00175967870745808
0.00247400370426476
0.0020907074213028
0.00273534213192761
0.00242173601873219
0.00130669202189893
0.00177710119169205
0.00179452379234135
0.00174225610680878
0.00179452379234135
0.00212555238977075
0.00231720064766705
0.00200359453447163
0.00207328470423818
0.00189905916340649
0.00174225610680878
0.00163772073574364
0.00217782007530332
0.00292699015699327
0.00242173601873219
0.00106277619488537
0.00233462313190103
0.00224751024506986
0.00142864999361336
0.00350193469785154
0.00611531874164939
0.00841509737074375
0.0260815732181072
0.0210987217724323
0.010261888615787
0.0102270431816578
0.00609789649024606
0.00303152552805841
0.00165514333639294
0.00189905916340649
0.00266565172933042
0.00170741102192551
0.0018642139621079
0.00162029813509434
0.00207328470423818
0.00224751024506986
0.00210812990553677
0.00142864999361336
0.00177710119169205
0.00243915850296617
0.0031012159306556
0.00398976635187864
0.00336255435831845
0.00412914715707302
0.00324059627018869
0.00289214518852532
0.00378069560974836
0.00254369387403131
0.00160287565086037
0.00177710119169205
0.00296183535829186
0.0023868908174336
0.00337997684255242
0.00470409123227
0.00324059627018869
0.00216039759106934
0.00254369387403131
0.00353677989915013
0.00423368252813816
0.00712582748383284
0.0124397082254291
0.0171786453574896
0.0502466671168804
0.0433647558093071
0.0155931916087866
0.0197920296341181
0.010261888615787
0.00714325020089746
0.00430337246507406
0.00188163656275719
0.00261338404379785
0.00268307444639504
0.00219524255953729
0.00141122739296407
0.00212555238977075
0.00249142618849874
0.00292699015699327
0.00311863841488957
0.00421625981107354
0.00531388120725751
0.00526161352172494
0.0049305846914649
0.0041117244400084
0.00677737640216947
0.00506996503099799
0.00268307444639504
0.00395492138341069
0.00353677989915013
0.00294441287405789
0.00299668055959046
0.00303152552805841
0.00325801898725331
0.0049305846914649
0.00559264188632369
0.00482604932039976
0.00409430172294378
0.00398976635187864
0.00529645849019289
0.00552295194938779
0.0103664239868522
0.015680305659771
0.0332074016332626
0.0843774601817131
0.0631742030382156
0.0157848410308361
0.0202275924384594
0.00893777329474688
0.00968694407492876
0.00777046196162701
0.00412914715707302
0.00343224452808499
0.00357162510044873
0.00486089428886771
0.00350193469785154
0.00475635891780257
0.00461697857826948
0.00315348361618817
0.0028747224714607
0.00416399212554097
0.00529645849019289
0.00573202269151807
0.00648119254037738
0.00519192311912775
0.0081537589430809
0.00747427856549621
0.00601078337058425
0.00658572791144252
0.00428595021367073
0.00416399212554097
0.0035890475846827
0.0028747224714607
0.00263080676086247
0.00578429037705064
0.00482604932039976
0.00428595021367073
0.00449502049013972
0.00435564015060663
0.00540099386125803
0.00557521963492036
0.00998312700539827
0.0133979497477412
0.0345489382743835
0.0829662382602692
0.0597071163356304
0.012997230514884
0.0152621632441878
0.00712582748383284
0.00764850433915854
0.00717809516936541
0.00550552923232317
0.00341482204385102
0.00304894824512303
0.00416399212554097
0.00268307444639504
0.00360647006891668
0.00390265369787812
0.00224751024506986
0.00210812990553677
0.00320575130172074
0.00428595021367073
0.00437306286767125
0.00439048511907458
0.00294441287405789
0.00451244320720434
0.00486089428886771
0.00303152552805841
0.00304894824512303
0.00160287565086037
0.00106277619488537
0.00195132684893906
0.00236946833319962
0.00221266527660191
0.00228235544636846
0.00139380490873009
0.000958240823820233
0.000836282910313457
0.00137638230808079
0.0023868908174336
0.00294441287405789
0.00313606089912355
0.00386780849657953
0.0132759911939502
0.0297054667025805
0.0203843954950571
0.00615016417577863
0.006498615257442
0.00369358295574784
0.00311863841488957
0.00223008776083589
0.00259596155956388
0.0015506079653278
0.0013589597074315
0.00193390424828976
0.0015331853646785
0.00195132684893906
0.00142864999361336
0.000836282910313457
0.00142864999361336
0.00137638230808079
0.00175967870745808
0.00198617205023766
0.00217782007530332
0.00163772073574364
0.00114988896530122
0.00128926953766495
0.000313606084091589
0.00109762127976865
0.000749170139897615
0.000940818281378597
0.00168998842127621
0.00236946833319962
0.00172483350615948
0.00168998842127621
0.00168998842127621
0.000784015224780887
0.000888550595846027
0.00113246648106724
0.00109762127976865
0.00121957925148308
0.00189905916340649
0.00398976635187864
0.00491316197440028
0.00867643486708403
0.00688191177323461
0.00477378163486719
0.00433821743354201
0.00207328470423818
0.00170741102192551
0.0010453537106514
0.000592367083299905
0.000714324996806681
0.000940818281378597
0.000993086025118828
0.000905973138287663
0.000836282910313457
0.000784015224780887
0.000801437825430185
0.000853705510962754
0.000888550595846027
0.000487831712234765
0.000644634768832475
0.000662057311274111
0.000853705510962754
0.00127184693701565
0.00121957925148308
0.00114988896530122
0.00111504388041794
0.000418141455156729
0.000662057311274111
0.00120215665083379
0.0015157627640292
0.00118473416659981
0.00123700185213238
0.00121957925148308
0.000609789625741541
0.000714324996806681
0.000940818281378597
0.000853705510962754
0.000871128053404391
0.00196874933317304
0.00318832858465612
0.00289214518852532
0.0052267680875957
0.00533130345866084
0.00344966701231897
0.00271791941486299
0.00210812990553677
0.00146349507849663
0.000696902454365045
0.00106277619488537
0.000609789625741541
0.000801437825430185
0.000975663424469531
0.000784015224780887
0.000400718912715092
0.000574944482650608
0.000696902454365045
0.000505254254676402
0.000818860367871821
0.000644634768832475
0.000435564026702195
0.000766592682339251
0.000784015224780887
0.000993086025118828
0.00118473416659981
0.00116731156595051
0.00106277619488537
0.000696902454365045
0.000609789625741541
0.000888550595846027
0.00109762127976865
0.000801437825430185
0.000714324996806681
0.000749170139897615
0.000662057311274111
0.000522676855325699
0.000487831712234765
0.000696902454365045
0.000540099397767335
0.00144607259426266
0.00242173601873219
0.00231720064766705
0.00432079518213868
0.00362389255315065
0.00285729998722672
0.00137638230808079
0.00134153722319752
0.00118473416659981
0.000644634768832475
0.000766592682339251
0.000836282910313457
0.000766592682339251
0.000731747539248317
0.000696902454365045
0.000801437825430185
0.000975663424469531
0.000749170139897615
0.000487831712234765
0.000679479853715748
0.000557521940208972
0.000243915856117383
0.0010453537106514
0.00114988896530122
0.000766592682339251
0.000679479853715748
0.000975663424469531
0.000749170139897615
0.000574944482650608
0.00109762127976865
0.000958240823820233
0.000662057311274111
0.000226493284571916
0.000400718912715092
0.000487831712234765
0.000487831712234765
0.000557521940208972
0.000592367083299905
0.000557521940208972
0.000331028655637056
0.00106277619488537
0.00240431330166757
0.00409430172294378
0.00750912353396416
0.00519192311912775
0.00465182354673743
0.00254369387403131
0.00196874933317304
0.00134153722319752
0.000836282910313457
0.000801437825430185
0.000505254254676402
0.000592367083299905
0.000627212168183178
0.000435564026702195
0.000662057311274111
0.000784015224780887
0.000679479853715748
0.000574944482650608
0.000470409140689299
0.000487831712234765
0.000505254254676402
0.000784015224780887
0.000801437825430185
0.00106277619488537
0.00111504388041794
0.000958240823820233
0.000662057311274111
0.000574944482650608
0.000836282910313457
0.000731747539248317
0.000574944482650608
0.000365873769624159
0.000853705510962754
0.000940818281378597
0.000348451227182522
0.000470409140689299
0.000696902454365045
0.000574944482650608
0.000487831712234765
0.0010105085093528
0.00200359453447163
0.00277018710039556
0.00508738774806261
0.00348451221361756
0.00428595021367073
0.00228235544636846
0.00189905916340649
0.00174225610680878
0.000714324996806681
0.000662057311274111
0.000400718912715092
0.000278760970104486
0.000348451227182522
0.000662057311274111
0.000696902454365045
0.000871128053404391
0.000731747539248317
0.000627212168183178
0.000592367083299905
0.000452986569143832
0.000383296341169626
0.000714324996806681
0.000418141455156729
0.000609789625741541
0.000871128053404391
0.000905973138287663
0.000696902454365045
0.000470409140689299
0.000435564026702195
0.000278760970104486
0.000296183541649953
0.000470409140689299
0.000905973138287663
0.000993086025118828
0.000383296341169626
0.000470409140689299
0.000574944482650608
0.000470409140689299
0.000557521940208972
0.0010279311100021
0.00139380490873009
0.00243915850296617
0.0051570781506598
0.00350193469785154
0.00296183535829186
0.0015157627640292
0.00181194627657533
0.00163772073574364
0.000749170139897615
0.000679479853715748
0.000452986569143832
0.000435564026702195
0.000662057311274111
0.000679479853715748
0.000609789625741541
0.000731747539248317
0.000679479853715748
0.000418141455156729
0.000452986569143832
0.000452986569143832
0.000418141455156729
0.000574944482650608
0.000348451227182522
0.000470409140689299
0.000731747539248317
0.000592367083299905
0.000679479853715748
0.000522676855325699
0.000540099397767335
0.000452986569143832
0.000435564026702195
0.000452986569143832
0.000714324996806681
0.000853705510962754
0.000557521940208972
0.000540099397767335
0.000662057311274111
0.000435564026702195
0.000557521940208972
0.000714324996806681
0.00108019879553467
0.000818860367871821
0.0013589597074315
0.00132411462254822
0.0018642139621079
0.00114988896530122
0.00106277619488537
0.000818860367871821
0.000836282910313457
0.000609789625741541
0.000365873769624159
0.000331028655637056
0.000296183541649953
0.000365873769624159
0.000435564026702195
0.000348451227182522
0.000470409140689299
0.000418141455156729
0.000331028655637056
0.000400718912715092
0.000331028655637056
0.000400718912715092
0.000365873769624159
0.000679479853715748
0.000679479853715748
0.000470409140689299
0.000435564026702195
0.000278760970104486
0.000592367083299905
0.000505254254676402
0.000505254254676402
0.000609789625741541
0.000313606084091589
0.000452986569143832
0.000400718912715092
0.000557521940208972
0.000557521940208972
0.000592367083299905
0.000418141455156729
0.000784015224780887
0.00116731156595051
0.00228235544636846
0.00360647006891668
0.00165514333639294
0.000940818281378597
0.00128926953766495
0.000696902454365045
0.000766592682339251
0.000871128053404391
0.000609789625741541
0.000627212168183178
0.000365873769624159
0.000400718912715092
0.000383296341169626
0.000226493284571916
0.000209070727578364
0.000243915856117383
0.000278760970104486
0.000261338427662849
0.000383296341169626
0.000313606084091589
0.000261338427662849
0.000313606084091589
0.000452986569143832
0.000435564026702195
0.000296183541649953
0.000487831712234765
0.000418141455156729
0.000209070727578364
0.000191648170584813
0.000261338427662849
0.000313606084091589
0.000278760970104486
0.000313606084091589
0.000348451227182522
0.000313606084091589
0.000383296341169626
0.000557521940208972
0.000662057311274111
0.000662057311274111
0.000801437825430185
0.00132411462254822
0.00203843973577023
0.00111504388041794
0.000679479853715748
0.000627212168183178
0.000278760970104486
0.000348451227182522
0.000400718912715092
0.000365873769624159
0.000296183541649953
0.000243915856117383
0.000226493284571916
0.000365873769624159
0.000383296341169626
0.000331028655637056
0.000278760970104486
0.000209070727578364
0.000331028655637056
0.000348451227182522
0.000278760970104486
0.000331028655637056
0.000226493284571916
0.000365873769624159
0.000243915856117383
0.000174225613591261
0.000226493284571916
0.000121957928058691
0.000191648170584813
0.000313606084091589
0.000296183541649953
0.000174225613591261
0.000139380485052243
8.71128067956306E-5
0.000191648170584813
0.000331028655637056
0.000261338427662849
0.000313606084091589
0.000487831712234765
0.000679479853715748
0.000836282910313457
0.000871128053404391
0.00125442433636636
0.000818860367871821
0.000696902454365045
0.000609789625741541
0.000348451227182522
0.000400718912715092
0.000383296341169626
0.000331028655637056
0.000331028655637056
0.000296183541649953
0.000331028655637056
0.000226493284571916
0.000226493284571916
0.000191648170584813
0.000296183541649953
0.000348451227182522
0.000348451227182522
0.000296183541649953
0.000348451227182522
0.000365873769624159
0.000278760970104486
0.000296183541649953
0.000243915856117383
0.000348451227182522
0.000470409140689299
0.000383296341169626
0.000313606084091589
0.000383296341169626
0.000226493284571916
0.000174225613591261
0.000243915856117383
0.000261338427662849
0.000226493284571916
0.000261338427662849
0.000191648170584813
0.000313606084091589
0.000365873769624159
0.000400718912715092
0.000452986569143832
0.000784015224780887
0.00111504388041794
0.000714324996806681
