% Type: Spectrum
% Date: 11-DEC-24 11:57:53
% NoOfItems: = 1601
% Unit_Y: = dB
% Unit_X: = Hz
% Min_X: = 0
% Max_X: = 1000
% MinDisplay_X: = 0
% MaxDisplay_X: = 1000
0
0
0
0
0.28149139881134
0.251727759838104
0.207203418016434
0.0952263623476028
0.164738312363625
0.133226916193962
0.101473264396191
0.108775742352009
0.0989814251661301
0.07110396027565
0.0557030066847801
0.04917923361063
0.0592504180967808
0.0501828901469707
0.0225476920604706
0.0203154180198908
0.0185676701366901
0.0331899262964725
0.0401117019355297
0.0171833131462336
0.0124938087537885
0.0252125766128302
0.0228591710329056
0.0148645183071494
0.0120611982420087
0.0170621834695339
0.0313556529581547
0.027583284303546
0.0246415287256241
0.0201769825071096
0.0187234096229076
0.0176505334675312
0.0143453851342201
0.0129437251016498
0.0178581867367029
0.590531468391418
1.13404679298401
0.542667388916016
0.0156951323151588
0.0070429090410471
0.011195975355804
0.00901561602950096
0.00648916698992252
0.0102615356445313
0.00908483378589153
0.0114382384344935
0.0158162619918585
0.012978333979845
0.00901561602950096
0.00702560460194945
0.00657568918541074
0.00539898686110973
0.00539898686110973
0.0068006468936801
0.00744091114029288
0.00647186255082488
0.00714673567563295
0.0114555424079299
0.00885987561196089
0.00989814288914204
0.00797734875231981
0.00849648285657167
0.00995005574077368
0.00789082702249289
0.00462028663605452
0.0038242822047323
0.00519133359193802
0.00574507564306259
0.00802926253527403
0.00844456907361746
0.00749282445758581
0.0168545302003622
0.0139646865427494
0.00787352211773396
0.0128398984670639
0.127879843115807
0.27905148267746
0.172421485185623
0.0175467077642679
0.011853544972837
0.00751012889668345
0.00538168242201209
0.00335706234909594
0.0033397579099983
0.00387619575485587
0.00411845790222287
0.00557203125208616
0.00482793990522623
0.0035820200573653
0.00354741117917001
0.00340897566638887
0.00448185112327337
0.00415306678041816
0.00377236888743937
0.00475872214883566
0.00496637588366866
0.00515672471374273
0.00783891323953867
0.00645455811172724
0.00761395553126931
0.00718134455382824
0.00423958897590637
0.00519133359193802
0.00455106887966394
0.00619499105960131
0.0080119576305151
0.00520863803103566
0.00460298219695687
0.0046548955142498
0.00515672471374273
0.00664490694180131
0.0116458917036653
0.0174947939813137
0.0289157275110483
0.0368757732212543
0.250464528799057
0.437473684549332
0.193948224186897
0.0642167925834656
0.0312691330909729
0.0130129428580403
0.00789082702249289
0.00686986465007067
0.00484524434432387
0.0040492401458323
0.00351280230097473
0.00314940884709358
0.00423958897590637
0.00500098476186395
0.00273410230875015
0.00313210440799594
0.00607385998591781
0.00512211583554745
0.00266488455235958
0.00391080463305116
0.00565855344757438
0.00501828920096159
0.00669682025909424
0.0048971576616168
0.00775239150971174
0.00638534035533667
0.00301097333431244
0.00385889131575823
0.00318401795811951
0.00295906001701951
0.0035820200573653
0.0052259424701333
0.00493176700547338
0.00351280230097473
0.00266488455235958
0.00391080463305116
0.00676603801548481
0.00666221138089895
0.00641994923353195
0.00872144009917974
0.100919522345066
0.161363944411278
0.0751012936234474
0.051774900406599
0.0260777976363897
0.00789082702249289
0.0053470735438168
0.00711212679743767
0.00444724224507809
0.00491446256637573
0.00394541351124644
0.00216305558569729
0.00558933569118381
0.00640264479443431
0.00261297123506665
0.0026302756741643
0.00375506444834173
0.00427419785410166
0.00396271795034409
0.0048971576616168
0.00526055134832859
0.00401463126763701
0.00567585788667202
0.00434341561049223
0.0044126333668828
0.00403193570673466
0.0038242822047323
0.00340897566638887
0.00259566679596901
0.00250914460048079
0.00304558221250772
0.00363393337465823
0.00337436678819358
0.00368584669195116
0.00626420881599188
0.00520863803103566
0.00325323571451008
0.00197270675562322
0.00754473777487874
0.0145011246204376
0.0600291192531586
0.0968183726072311
0.0662241131067276
0.0698753446340561
0.037827517837286
0.00756204221397638
0.0069217779673636
0.00699099572375417
0.00588351115584373
0.00562394456937909
0.00288984226062894
0.00423958897590637
0.00474141770973802
0.00415306678041816
0.00475872214883566
0.00486254878342152
0.00517402915284038
0.00571046676486731
0.00513942027464509
0.0032186268363148
0.00479333102703094
0.00401463126763701
0.0104345800355077
0.00602194666862488
0.00475872214883566
0.00564124900847673
0.0047760265879333
0.0032186268363148
0.00214575114659965
0.00368584669195116
0.00411845790222287
0.00384158664382994
0.00467219995334744
0.00932709593325853
0.0097943153232336
0.00427419785410166
0.00700830016285181
0.0120438933372498
0.0169583559036255
0.0199174154549837
0.124678522348404
0.223781079053879
0.172767579555511
0.0689755156636238
0.0396098755300045
0.0262854509055614
0.0209210738539696
0.0105384066700935
0.00974240247160196
0.0130129428580403
0.00982892513275146
0.00484524434432387
0.0086695272475481
0.00924057327210903
0.00567585788667202
0.00631612259894609
0.0115247601643205
0.012563026510179
0.00685256021097302
0.00844456907361746
0.00778700038790703
0.00706021348014474
0.0103134494274855
0.0137570332735777
0.0255759693682194
0.0211114231497049
0.00873874500393867
0.00567585788667202
0.00636803591623902
0.00449915556237102
0.0037031511310488
0.00323593127541244
0.0048971576616168
0.0083407424390316
0.00726786674931645
0.00564124900847673
0.00536437798291445
0.00562394456937909
0.00998466461896896
0.0201077647507191
0.0517575927078724
0.0886506736278534
0.105609029531479
0.0566028393805027
0.0142242535948753
0.01086719147861
0.010382667183876
0.00688716908916831
0.00790813099592924
0.0107633648440242
0.00744091114029288
0.00437802448868752
0.00449915556237102
0.00650647142902017
0.00828882865607738
0.00700830016285181
0.00730247562751174
0.00894639827311039
0.00754473777487874
0.00526055134832859
0.00339167122729123
0.00332245347090065
0.00444724224507809
0.0039281090721488
0.00496637588366866
0.00493176700547338
0.00174774893093854
0.00347819342277944
0.00231879553757608
0.00460298219695687
0.00401463126763701
0.00356471561826766
0.00467219995334744
0.00609116442501545
0.00564124900847673
0.0049836803227663
0.00439532892778516
0.00541629130020738
0.0138262510299683
0.0173909664154053
0.136047542095184
0.193913608789444
0.138054862618446
0.0528650805354118
0.0254721436649561
0.0295559912919998
0.0204019397497177
0.0103653622791171
0.00913674663752317
0.00787352211773396
0.00484524434432387
0.00610846886411309
0.00650647142902017
0.00520863803103566
0.00552011793479323
0.00792543590068817
0.00493176700547338
0.00647186255082488
0.0102442316710949
0.00948283541947603
0.00519133359193802
0.0091540515422821
0.0151413893327117
0.00991544686257839
0.0113171068951488
0.0116978045552969
0.011195975355804
0.0120438933372498
0.00763125997036695
0.00652377586811781
0.00621229549869895
0.00714673567563295
0.00399732682853937
0.00908483378589153
0.00887718051671982
0.00790813099592924
0.0160239152610302
0.0228937808424234
0.0249530095607042
0.025818232446909
0.163232833147049
0.232502520084381
0.0958839282393456
0.055564571171999
0.0399213545024395
0.0420671068131924
0.0334841012954712
0.0177370551973581
0.0155393918976188
0.0118708489462733
0.00603925110772252
0.00827152468264103
0.0126322451978922
0.00986353401094675
0.00481063546612859
0.00526055134832859
0.00605655554682016
0.00815039314329624
0.00856570061296225
0.00571046676486731
0.00583159783855081
0.00446454668417573
0.00622959993779659
0.00821961089968681
0.0151933021843433
0.0126668540760875
0.0068006468936801
0.00577968452125788
0.00624690437689424
0.00911944266408682
0.00984622910618782
0.00953474920243025
0.00821961089968681
0.0074063022620976
0.0085830045863986
0.0103653622791171
0.0158162619918585
0.0126322451978922
0.0127533758059144
0.0218728184700012
0.114105507731438
0.143523067235947
0.0577622354030609
0.0647532343864441
0.0411153621971607
0.0253337081521749
0.0186195820569992
0.0189483668655157
0.0187580175697803
0.0132898138836026
0.00614307774230838
0.00565855344757438
0.0111613664776087
0.00929248705506325
0.00712943123653531
0.0048971576616168
0.00898100715130568
0.0075274333357811
0.00870413612574339
0.0116631956771016
0.0125457225367427
0.0121131110936403
0.0180658400058746
0.00988083798438311
0.0152971288189292
0.0146568650379777
0.00830613356083632
0.0100019695237279
0.0080119576305151
0.0084272651001811
0.0041703712195158
0.00648916698992252
0.00545090017840266
0.00532976910471916
0.00387619575485587
0.00564124900847673
0.00768317328765988
0.00974240247160196
0.0095520531758666
0.016629571095109
0.117341443896294
0.15281555056572
0.0695119574666023
0.0452338196337223
0.0246761385351419
0.0107806688174605
0.00744091114029288
0.00712943123653531
0.00638534035533667
0.00474141770973802
0.00700830016285181
0.00487985322251916
0.0029936688952148
0.00226688222028315
0.00280332006514072
0.00282062450423837
0.00449915556237102
0.00555472681298852
0.00339167122729123
0.0033397579099983
0.00366854225285351
0.00372045557014644
0.00581429339945316
0.00427419785410166
0.00641994923353195
0.00659299362450838
0.00539898686110973
0.0052259424701333
0.00288984226062894
0.00273410230875015
0.00408384902402759
0.00643725367262959
0.00463759107515216
0.00256105791777372
0.00280332006514072
0.00340897566638887
0.00444724224507809
0.00860030949115753
0.0093097910284996
0.0130994645878673
0.100608043372631
0.132015615701675
0.0566201433539391
0.035197239369154
0.0173217486590147
0.0078562181442976
0.00645455811172724
0.00460298219695687
0.0042915022931993
0.00188618444371969
0.00377236888743937
0.00399732682853937
0.00411845790222287
0.00292445113882422
0.00313210440799594
0.00228418665938079
0.00406654458492994
0.00484524434432387
0.00384158664382994
0.00373776000924408
0.00413576234132051
0.00249184016138315
0.00396271795034409
0.00398002238944173
0.00640264479443431
0.00631612259894609
0.00415306678041816
0.00347819342277944
0.0027514067478478
0.00398002238944173
0.00387619575485587
0.00353010674007237
0.00295906001701951
0.00179966224823147
0.00204192451201379
0.00256105791777372
0.00295906001701951
0.00359932449646294
0.00700830016285181
0.00787352211773396
0.0289157275110483
0.0403020530939102
0.0199866332113743
0.0155047830194235
0.00821961089968681
0.00532976910471916
0.00621229549869895
0.00586620671674609
0.00458567775785923
0.00365123781375587
0.00436072004958987
0.0039281090721488
0.00427419785410166
0.00413576234132051
0.0033397579099983
0.00309749552980065
0.00394541351124644
0.0042915022931993
0.00494907144457102
0.00451646000146866
0.00308019109070301
0.00422228453680873
0.00723325787112117
0.00569316232576966
0.0035820200573653
0.00288984226062894
0.00420498009771109
0.00479333102703094
0.00401463126763701
0.00474141770973802
0.00503559364005923
0.0040492401458323
0.00387619575485587
0.00418767565861344
0.00550281349569559
0.00468950439244509
0.00719864899292588
0.0105903204530478
0.00934439990669489
0.0122688515111804
0.056533619761467
0.0670374184846878
0.0268911067396402
0.0191906299442053
0.00969048868864775
0.0101057961583138
0.00981162022799253
0.00657568918541074
0.00730247562751174
0.00617768662050366
0.00328784459270537
0.00359932449646294
0.00256105791777372
0.00365123781375587
0.00257836235687137
0.00328784459270537
0.00309749552980065
0.00410115346312523
0.00436072004958987
0.00380697776563466
0.0037031511310488
0.00532976910471916
0.0042915022931993
0.00342628010548651
0.00342628010548651
0.00479333102703094
0.00391080463305116
0.0039281090721488
0.00415306678041816
0.00342628010548651
0.00384158664382994
0.0034608889836818
0.00313210440799594
0.00373776000924408
0.00340897566638887
0.00314940884709358
0.0038242822047323
0.00460298219695687
0.0134974671527743
0.0181350577622652
0.0657915025949478
0.0754992961883545
0.0227034315466881
0.0166122671216726
0.0101057961583138
0.0104518849402666
0.0095520531758666
0.00770047772675753
0.00924057327210903
0.00747552001848817
0.00437802448868752
0.00517402915284038
0.00240531773306429
0.00304558221250772
0.00327054015360773
0.00344358454458416
0.0040492401458323
0.00550281349569559
0.00468950439244509
0.00444724224507809
0.0035820200573653
0.0040492401458323
0.00460298219695687
0.00436072004958987
0.00640264479443431
0.00508750695735216
0.00449915556237102
0.00491446256637573
0.00351280230097473
0.00622959993779659
0.00500098476186395
0.00548550905659795
0.00456837331876159
0.00261297123506665
0.00507020251825452
0.00565855344757438
0.00460298219695687
0.00796004477888346
0.018083143979311
0.035543330013752
0.124297827482224
0.131894484162331
0.0407000556588173
0.0348511524498463
0.0154701741412282
0.00796004477888346
0.00747552001848817
0.0047760265879333
0.00520863803103566
0.00674873357638717
0.00695638684555888
0.00725056231021881
0.00612577330321074
0.0034608889836818
0.00496637588366866
0.00695638684555888
0.00737169338390231
0.00567585788667202
0.0053470735438168
0.00507020251825452
0.00512211583554745
0.00617768662050366
0.00602194666862488
0.00340897566638887
0.00344358454458416
0.00295906001701951
0.0040492401458323
0.00408384902402759
0.00269949343055487
0.00389350019395351
0.00351280230097473
0.00576238008216023
0.00456837331876159
0.00430880673229694
0.00377236888743937
0.00524324690923095
0.00839265529066324
0.00538168242201209
0.0151413893327117
0.0257663186639547
0.0955205336213112
0.0986353382468224
0.0356817655265331
0.0241916142404079
0.00903292000293732
0.00527785578742623
0.00482793990522623
0.00361662893556058
0.00306288665160537
0.00238801329396665
0.00266488455235958
0.00197270675562322
0.00432611117139459
0.00394541351124644
0.00245723128318787
0.00422228453680873
0.00434341561049223
0.00249184016138315
0.00230149109847844
0.00254375347867608
0.00254375347867608
0.00295906001701951
0.00368584669195116
0.00285523338243365
0.00328784459270537
0.0038242822047323
0.00436072004958987
0.00375506444834173
0.00216305558569729
0.00347819342277944
0.00297636445611715
0.00318401795811951
0.00228418665938079
0.00245723128318787
0.00391080463305116
0.00380697776563466
0.00332245347090065
0.0016093134181574
0.00671412469819188
0.0163873098790646
0.0557722263038158
0.0547685697674751
0.0211287271231413
0.0211287271231413
0.0113171068951488
0.00712943123653531
0.00661029806360602
0.00297636445611715
0.00179966224823147
0.00268218899145722
0.00221496890299022
0.00179966224823147
0.00186888000462204
0.00252644903957844
0.0033397579099983
0.00302827777341008
0.00294175557792187
0.00226688222028315
0.00292445113882422
0.00282062450423837
0.00240531773306429
0.00448185112327337
0.00557203125208616
0.00337436678819358
0.00377236888743937
0.00377236888743937
0.00313210440799594
0.00342628010548651
0.00292445113882422
0.00365123781375587
0.00242262217216194
0.00318401795811951
0.00295906001701951
0.00361662893556058
0.00380697776563466
0.00456837331876159
0.00436072004958987
0.00565855344757438
0.00754473777487874
0.0242781359702349
0.105799376964569
0.10320370644331
0.028898423537612
0.0167333986610174
0.00944822654128075
0.00894639827311039
0.00794273987412453
0.00481063546612859
0.00463759107515216
0.00505289807915688
0.00539898686110973
0.00487985322251916
0.00526055134832859
0.00398002238944173
0.0032186268363148
0.00354741117917001
0.00494907144457102
0.00385889131575823
0.00280332006514072
0.00304558221250772
0.00413576234132051
0.00389350019395351
0.00365123781375587
0.00384158664382994
0.00432611117139459
0.00394541351124644
0.00520863803103566
0.00507020251825452
0.00301097333431244
0.0044126333668828
0.00325323571451008
0.00460298219695687
0.00344358454458416
0.00268218899145722
0.00359932449646294
0.00328784459270537
0.00496637588366866
0.00553742237389088
0.0119400667026639
0.0206615068018436
0.0723844915628433
0.0758626833558083
0.035197239369154
0.0198481976985931
0.0123553732410073
0.00872144009917974
0.0093097910284996
0.00555472681298852
0.00451646000146866
0.00385889131575823
0.00372045557014644
0.00193809787742794
0.00207653339020908
0.00268218899145722
0.0027514067478478
0.00304558221250772
0.00361662893556058
0.00218036002479494
0.00252644903957844
0.00500098476186395
0.0039281090721488
0.00202462007291615
0.00226688222028315
0.00493176700547338
0.00474141770973802
0.00294175557792187
0.00524324690923095
0.00486254878342152
0.00308019109070301
0.00327054015360773
0.00243992661125958
0.0044126333668828
0.00218036002479494
0.00316671351902187
0.00378967332653701
0.00399732682853937
0.00505289807915688
0.0046548955142498
0.00797734875231981
0.00988083798438311
0.0410115346312523
0.0411499701440334
0.0190694984048605
0.019398283213377
0.0109883220866323
0.0089117893949151
0.00605655554682016
0.00583159783855081
0.00425689341500401
0.00280332006514072
0.00359932449646294
0.00486254878342152
0.00503559364005923
0.00344358454458416
0.00269949343055487
0.00468950439244509
0.0053470735438168
0.00378967332653701
0.00342628010548651
0.00662760250270367
0.00577968452125788
0.00699099572375417
0.00576238008216023
0.00539898686110973
0.00394541351124644
0.00223227334208786
0.00391080463305116
0.00475872214883566
0.0041703712195158
0.0029936688952148
0.00308019109070301
0.00313210440799594
0.00209383782930672
0.00269949343055487
0.00361662893556058
0.00436072004958987
0.00572777120396495
0.00813308916985989
0.0157124362885952
0.0247453562915325
0.0714500546455383
0.0607212968170643
0.0260085798799992
0.0258528403937817
0.0136705115437508
0.00922326929867268
0.00870413612574339
0.00770047772675753
0.00749282445758581
0.00538168242201209
0.00456837331876159
0.00529516022652388
0.00574507564306259
0.00442993780598044
0.0037031511310488
0.00271679786965251
0.00496637588366866
0.00460298219695687
0.00439532892778516
0.00745821557939053
0.00699099572375417
0.00557203125208616
0.00686986465007067
0.00415306678041816
0.00474141770973802
0.00695638684555888
0.00529516022652388
0.00401463126763701
0.00401463126763701
0.00387619575485587
0.00408384902402759
0.00538168242201209
0.00340897566638887
0.00399732682853937
0.00399732682853937
0.00553742237389088
0.00924057327210903
0.00870413612574339
0.0126495491713285
0.0194501951336861
0.0646840184926987
0.058506328612566
0.0259739719331264
0.0197962857782841
0.0137570332735777
0.0110748447477818
0.00394541351124644
0.00437802448868752
0.00706021348014474
0.00579698896035552
0.00481063546612859
0.00396271795034409
0.00638534035533667
0.00472411327064037
0.00211114226840436
0.00292445113882422
0.00449915556237102
0.00337436678819358
0.00290714669972658
0.00479333102703094
0.00491446256637573
0.00519133359193802
0.00626420881599188
0.00605655554682016
0.0051048113964498
0.00446454668417573
0.00472411327064037
0.00439532892778516
0.00434341561049223
0.00288984226062894
0.00548550905659795
0.00626420881599188
0.00418767565861344
0.00316671351902187
0.0041703712195158
0.00503559364005923
0.00666221138089895
0.00467219995334744
0.00937900878489017
0.00936170481145382
0.0167507026344538
0.0180658400058746
0.0152971288189292
0.0128398984670639
0.00790813099592924
0.00401463126763701
0.0045337644405663
0.00304558221250772
0.00394541351124644
0.0045337644405663
0.0033397579099983
0.00188618444371969
0.00174774893093854
0.00221496890299022
0.00192079332191497
0.00219766446389258
0.00205922895111144
0.00155739998444915
0.00164392229635268
0.00133244227617979
0.00197270675562322
0.00155739998444915
0.000796004489529878
0.0011420933296904
0.00204192451201379
0.00162661785725504
0.00174774893093854
0.00157470442354679
0.00162661785725504
0.00223227334208786
0.00178235780913383
0.00134974671527743
0.00128052895888686
0.0017304444918409
0.00292445113882422
0.00242262217216194
0.00283792894333601
0.00342628010548651
0.00576238008216023
0.0111786713823676
0.0280332006514072
0.0235167406499386
0.0128398984670639
0.0107806688174605
0.00671412469819188
0.00479333102703094
0.00460298219695687
0.00292445113882422
0.00221496890299022
0.00145357334986329
0.0017304444918409
0.00155739998444915
0.00181696668732911
0.00178235780913383
0.00147087778896093
0.00223227334208786
0.00359932449646294
0.00268218899145722
0.00190348888281733
0.00361662893556058
0.00266488455235958
0.00337436678819358
0.0026302756741643
0.0018515755655244
0.00212844670750201
0.00290714669972658
0.00304558221250772
0.00214575114659965
0.00219766446389258
0.00351280230097473
0.0037031511310488
0.00301097333431244
0.00152279110625386
0.00228418665938079
0.00238801329396665
0.00344358454458416
0.00496637588366866
0.00635073147714138
0.0112824980169535
0.0179793182760477
0.0434514619410038
0.0324804447591305
0.0128572024405003
0.0124072870239615
0.00681795133277774
0.00576238008216023
0.00467219995334744
0.00200731563381851
0.00288984226062894
0.00269949343055487
0.00223227334208786
0.00344358454458416
0.00290714669972658
0.00174774893093854
0.00339167122729123
0.00254375347867608
0.00406654458492994
0.00526055134832859
0.00347819342277944
0.00494907144457102
0.00359932449646294
0.00403193570673466
0.00373776000924408
0.00278601562604308
0.00372045557014644
0.00396271795034409
0.00354741117917001
0.00423958897590637
0.00378967332653701
0.00401463126763701
0.00503559364005923
0.00410115346312523
0.00249184016138315
0.00235340441577137
0.00318401795811951
0.00491446256637573
0.00567585788667202
0.00908483378589153
0.0119400667026639
0.0220458619296551
0.0557030066847801
0.0395406559109688
0.0128745073452592
0.0132032912224531
0.0126495491713285
0.0107979737222195
0.0088252667337656
0.00491446256637573
0.00368584669195116
0.0039281090721488
0.0039281090721488
0.00394541351124644
0.0032186268363148
0.00266488455235958
0.00455106887966394
0.00491446256637573
0.00368584669195116
0.00347819342277944
0.00479333102703094
0.00581429339945316
0.00375506444834173
0.0049836803227663
0.00481063546612859
0.00378967332653701
0.00641994923353195
0.00301097333431244
0.00152279110625386
0.00482793990522623
0.0034608889836818
0.00460298219695687
0.00600464222952724
0.00481063546612859
0.0028725378215313
0.00486254878342152
0.00501828920096159
0.00526055134832859
0.00512211583554745
0.00813308916985989
0.0103134494274855
0.0268564987927675
0.0602194666862488
0.041046142578125
0.0147779956459999
0.0104345800355077
0.0114901512861252
0.0124245909973979
0.00970779359340668
0.00500098476186395
0.00531246466562152
0.00455106887966394
0.00207653339020908
0.00261297123506665
0.00261297123506665
0.00238801329396665
0.00205922895111144
0.00290714669972658
0.00309749552980065
0.00314940884709358
0.00304558221250772
0.00340897566638887
0.00224957778118551
0.00188618444371969
0.00200731563381851
0.0031147999688983
0.00375506444834173
0.00269949343055487
0.00154009554535151
0.00268218899145722
0.0027514067478478
0.00292445113882422
0.00335706234909594
0.00240531773306429
0.00152279110625386
0.00212844670750201
0.0017304444918409
0.00188618444371969
0.00337436678819358
0.00494907144457102
0.00411845790222287
0.0107806688174605
0.0243992675095797
0.0160585250705481
0.00960396695882082
0.00586620671674609
0.00413576234132051
0.00467219995334744
0.00349549786187708
0.00309749552980065
0.00266488455235958
0.00221496890299022
0.0010209622560069
0.00115939776878804
0.00140166003257036
0.00115939776878804
0.00138435559347272
0.0012978333979845
0.00138435559347272
0.00183427112642676
0.00171314005274326
0.00138435559347272
0.000778699992224574
0.00133244227617979
0.00164392229635268
0.00126322451978922
0.00154009554535151
0.00183427112642676
0.00192079332191497
0.00136705115437508
0.00166122673545033
0.00212844670750201
0.00231879553757608
0.00143626891076565
0.000934440002311021
0.000830613367725164
0.00150548666715622
0.00154009554535151
0.00154009554535151
0.00214575114659965
0.00250914460048079
0.00415306678041816
0.0110056269913912
0.00797734875231981
0.0040492401458323
0.00418767565861344
0.00308019109070301
0.00216305558569729
0.00148818222805858
0.00100365781690925
0.00121131108608097
0.00148818222805858
0.00122861564159393
0.000865222245920449
0.000674873357638717
0.000449915562057868
0.00069217779673636
0.000986353377811611
0.0012978333979845
0.00112478889059275
0.00112478889059275
0.00128052895888686
0.000726786674931645
0.00152279110625386
0.00169583561364561
0.000709482235834002
0.00107287557329983
0.00159200897905976
0.0011420933296904
0.000847917806822807
0.000865222245920449
0.00145357334986329
0.00178235780913383
0.00107287557329983
0.00069217779673636
0.000830613367725164
0.000761395553126931
0.00126322451978922
0.00162661785725504
0.00186888000462204
0.00276871118694544
0.0028725378215313
0.00730247562751174
0.0065583847463131
0.00532976910471916
0.00349549786187708
0.00252644903957844
0.00174774893093854
0.00176505337003618
0.00190348888281733
0.00140166003257036
0.000934440002311021
0.000969048938713968
0.000813308928627521
0.000917135563213378
0.000951744441408664
0.00126322451978922
0.00117670220788568
0.000951744441408664
0.00105557113420218
0.00159200897905976
0.00148818222805858
0.000847917806822807
0.00126322451978922
0.00115939776878804
0.000796004489529878
0.000674873357638717
0.000865222245920449
0.00107287557329983
0.000657568918541074
0.000744091114029288
0.000969048938713968
0.00121131108608097
0.000830613367725164
0.000605655543040484
0.000986353377811611
0.00069217779673636
0.000917135563213378
0.000796004489529878
0.00138435559347272
0.00202462007291615
0.00304558221250772
0.00519133359193802
0.00462028663605452
0.00442993780598044
0.00242262217216194
0.00243992661125958
0.00181696668732911
0.00192079332191497
0.0012978333979845
0.000813308928627521
0.000674873357638717
0.000882526685018092
0.000778699992224574
0.000830613367725164
0.000865222245920449
0.000778699992224574
0.000796004489529878
0.000796004489529878
0.00103826669510454
0.000761395553126931
0.000813308928627521
0.000847917806822807
0.00133244227617979
0.00148818222805858
0.00119400664698333
0.000778699992224574
0.000917135563213378
0.00119400664698333
0.000917135563213378
0.000744091114029288
0.000415306683862582
0.000726786674931645
0.000380697776563466
0.000778699992224574
0.000588351103942841
0.000917135563213378
0.000951744441408664
0.000847917806822807
0.00105557113420218
0.00138435559347272
0.0051048113964498
0.00982892513275146
0.00657568918541074
0.00557203125208616
0.00368584669195116
0.00261297123506665
0.00188618444371969
0.000830613367725164
0.00105557113420218
0.000830613367725164
0.000553742225747555
0.000640264479443431
0.00112478889059275
0.0010209622560069
0.000640264479443431
0.000674873357638717
0.000934440002311021
0.000588351103942841
0.000657568918541074
0.00051913334755227
0.000674873357638717
0.000536437786649913
0.0010209622560069
0.000830613367725164
0.000640264479443431
0.000847917806822807
0.000882526685018092
0.00100365781690925
0.000847917806822807
0.000605655543040484
0.000726786674931645
0.000761395553126931
0.0010209622560069
0.000709482235834002
0.000640264479443431
0.000778699992224574
0.000969048938713968
0.0011420933296904
0.00140166003257036
0.00179966224823147
0.00455106887966394
0.00792543590068817
0.00586620671674609
0.00564124900847673
0.0029936688952148
0.00235340441577137
0.00155739998444915
0.0010209622560069
0.0010209622560069
0.000899831124115735
0.000778699992224574
0.000778699992224574
0.000865222245920449
0.000813308928627521
0.000796004489529878
0.000726786674931645
0.000830613367725164
0.00103826669510454
0.0010209622560069
0.000657568918541074
0.000380697776563466
0.000674873357638717
0.000865222245920449
0.000726786674931645
0.000709482235834002
0.000398002244764939
0.000761395553126931
0.00124592008069158
0.0010209622560069
0.000501828908454627
0.00069217779673636
0.00051913334755227
0.000744091114029288
0.000276871112873778
0.000398002244764939
0.000571046664845198
0.000830613367725164
0.00107287557329983
0.00121131108608097
0.00147087778896093
0.00399732682853937
0.00681795133277774
0.0045337644405663
0.00491446256637573
0.00283792894333601
0.00209383782930672
0.00154009554535151
0.000969048938713968
0.000847917806822807
0.000917135563213378
0.000657568918541074
0.000778699992224574
0.000674873357638717
0.000674873357638717
0.000536437786649913
0.000622960040345788
0.000726786674931645
0.000796004489529878
0.000813308928627521
0.000484524469356984
0.000588351103942841
0.000726786674931645
0.000847917806822807
0.000830613367725164
0.000847917806822807
0.00069217779673636
0.000640264479443431
0.000969048938713968
0.000588351103942841
0.000553742225747555
0.000640264479443431
0.000778699992224574
0.000951744441408664
0.000467220001155511
0.000380697776563466
0.000467220001155511
0.000449915562057868
0.000726786674931645
0.000934440002311021
0.000951744441408664
0.00147087778896093
0.00264758011326194
0.00301097333431244
0.00351280230097473
0.00155739998444915
0.00136705115437508
0.00117670220788568
0.000830613367725164
0.000744091114029288
0.000813308928627521
0.00069217779673636
0.000588351103942841
0.000657568918541074
0.000726786674931645
0.000588351103942841
0.000432611122960225
0.000571046664845198
0.000709482235834002
0.000657568918541074
0.000588351103942841
0.000484524469356984
0.000588351103942841
0.000796004489529878
0.000709482235834002
0.000640264479443431
0.000726786674931645
0.000917135563213378
0.000986353377811611
0.000744091114029288
0.000865222245920449
0.000536437786649913
0.000553742225747555
0.000674873357638717
0.000501828908454627
0.00051913334755227
0.00069217779673636
0.000605655543040484
0.000536437786649913
0.000847917806822807
0.00100365781690925
0.00176505337003618
0.00252644903957844
0.00147087778896093
0.00199001119472086
0.00134974671527743
0.000882526685018092
0.000744091114029288
0.000761395553126931
0.000622960040345788
0.000778699992224574
0.000778699992224574
0.000657568918541074
0.000328784459270537
0.000311480020172894
0.000432611122960225
0.000363393337465823
0.000467220001155511
0.000605655543040484
0.000674873357638717
0.000467220001155511
0.000467220001155511
0.000363393337465823
0.000311480020172894
0.000276871112873778
0.000449915562057868
0.000380697776563466
0.000311480020172894
0.000398002244764939
0.000363393337465823
0.000311480020172894
0.000380697776563466
0.000380697776563466
0.000467220001155511
0.000449915562057868
0.000432611122960225
0.000363393337465823
0.000311480020172894
0.000380697776563466
0.000415306683862582
0.000484524469356984
0.000969048938713968
0.00154009554535151
0.000899831124115735
0.00105557113420218
0.000761395553126931
0.000484524469356984
0.000311480020172894
0.000363393337465823
0.000259566673776135
0.000242262234678492
0.000311480020172894
0.00034608889836818
0.000276871112873778
0.000155740010086447
0.000155740010086447
0.000207653341931291
0.000276871112873778
0.000242262234678492
0.000294175551971421
0.000121131117339246
0.000311480020172894
0.000242262234678492
0.000363393337465823
0.000276871112873778
0.000242262234678492
0.000398002244764939
0.000501828908454627
0.000242262234678492
0.000276871112873778
0.000276871112873778
0.000328784459270537
0.000363393337465823
0.000311480020172894
0.000467220001155511
0.00034608889836818
0.000294175551971421
0.000259566673776135
0.000294175551971421
0.000398002244764939
0.000380697776563466
0.000622960040345788
0.0010209622560069
0.000571046664845198
0.000674873357638717
0.000501828908454627
0.000449915562057868
0.000380697776563466
0.000224957781028934
0.000224957781028934
0.000207653341931291
0.000276871112873778
0.000328784459270537
0.000259566673776135
0.000242262234678492
0.00017304444918409
0.000294175551971421
0.000311480020172894
0.000259566673776135
0.000207653341931291
0.000224957781028934
0.000294175551971421
0.000259566673776135
0.000190348888281733
0.000398002244764939
0.000363393337465823
0.000242262234678492
0.00034608889836818
0.000398002244764939
0.000553742225747555
0.000363393337465823
0.000190348888281733
0.000242262234678492
0.000398002244764939
0.000380697776563466
0.000415306683862582
0.000380697776563466
0.000328784459270537
0.000294175551971421
0.000398002244764939
0.000467220001155511
0.000917135563213378
0.00134974671527743
0.000969048938713968
