% Type: Spectrum
% Date: 11-DEC-24 14:25:02
% NoOfItems: = 1601
% Unit_Y: = dB
% Unit_X: = Hz
% Min_X: = 0
% Max_X: = 1000
% MinDisplay_X: = 0
% MaxDisplay_X: = 1000
0
0
0
0
0.0165820978581905
0.00864356756210327
0.00639111222699285
0.00577763887122273
0.00559451244771481
0.00630870508030057
0.00581426406279206
0.00347940204665065
0.00184957683086395
0.00201439065858722
0.00146501138806343
0.00200523436069489
0.00199607806280255
0.00150163669604808
0.00144669879227877
0.00177632633130997
0.00172138842754066
0.00106213323306292
0.00285677216015756
0.0124251274392009
0.0115461209788918
0.00219751708209515
0.00327796302735806
0.00435840897262096
0.00414781365543604
0.00325965043157339
0.00216089189052582
0.0018862021388486
0.00488031934946775
0.00899150781333447
0.0176900122314692
0.0215539801865816
0.0656508207321167
0.485037803649902
0.600059509277344
0.166306257247925
0.0243375021964312
0.00889994390308857
0.00426684552803636
0.0029849607963115
0.00412950105965137
0.00346108945086598
0.00379071687348187
0.00302158598788083
0.00219751708209515
0.00217004818841815
0.00255461363121867
0.0029849607963115
0.00270111486315727
0.00180379522498697
0.00215173559263349
0.00205101585015655
0.00183126423507929
0.002563769929111
0.00349771464243531
0.00226161140017211
0.00140091718640178
0.00118116545490921
0.00999870244413614
0.0167743805795908
0.00742577668279409
0.00222498597577214
0.00252714473754168
0.00170307571534067
0.00211511016823351
0.00270111486315727
0.00194114004261792
0.00254545733332634
0.00294833537191153
0.00536560406908393
0.0248777251690626
0.0963061898946762
0.0880380272865295
0.0204185955226421
0.00585088925436139
0.00380902970209718
0.00219751708209515
0.00196860916912556
0.00149248039815575
0.00112622755113989
0.000961413723416626
0.000622629828285426
0.000833225203678012
0.000759974645916373
0.00037540917401202
0.000476128712762147
0.000357096520019695
0.000476128712762147
0.00179463892709464
0.00321386870928109
0.00173054472543299
0.00294833537191153
0.00247220671735704
0.00214257906191051
0.00414781365543604
0.00317724351771176
0.00214257906191051
0.00197776546701789
0.00170307571534067
0.00152910558972508
0.00130019756034017
0.00126357236877084
0.00127272866666317
0.00158404360990971
0.00206017238087952
0.00312230549752712
0.00488031934946775
0.0103191742673516
0.154073417186737
0.299723029136658
0.146858230233192
0.0119673116132617
0.0175618231296539
0.00523741589859128
0.00364421587437391
0.00270111486315727
0.00132766657043248
0.00118116545490921
0.00167560682166368
0.00133682286832482
0.00115369644481689
0.000586004578508437
0.000833225203678012
0.000879006809554994
0.00103466433938593
0.000943101069424301
0.000943101069424301
0.000759974645916373
0.000677567790262401
0.00147416768595576
0.000604317174293101
0.000961413723416626
0.000796599953901023
0.000732505694031715
0.00119032175280154
0.00142838608007878
0.00106213323306292
0.00115369644481689
0.00103466433938593
0.00125441595446318
0.00156573089770973
0.00235317461192608
0.00206932867877185
0.00187704584095627
0.00466972403228283
0.00593329593539238
0.0455710105597973
0.0565402843058109
0.0190451480448246
0.00289339758455753
0.00237148720771074
0.000915632117539644
0.000805756251793355
0.000759974645916373
0.000695880386047065
0.00255461363121867
0.00564029393717647
0.0029849607963115
0.000998039031401277
0.000485285010654479
0.00041203445289284
0.000567691924516112
0.000686724088154733
0.000439503404777497
0.000512753962539136
0.000668411434162408
0.000924788415431976
0.00108960224315524
0.000723349396139383
0.000869850511662662
0.000622629828285426
0.000421190779889002
0.000512753962539136
0.000705036742147058
0.000814912607893348
0.000604317174293101
0.00103466433938593
0.00117200915701687
0.00124525965657085
0.00157488719560206
0.00183126423507929
0.00363505957648158
0.00672989618033171
0.0659804493188858
0.229164406657219
0.222718358039856
0.11800666898489
0.0198417473584414
0.00811250042170286
0.00578679516911507
0.00581426406279206
0.00345193315297365
0.00245389412157238
0.00278352154418826
0.00367168476805091
0.00279267807491124
0.00332374451681972
0.00325965043157339
0.00196860916912556
0.00643689371645451
0.00815828237682581
0.00384565489366651
0.00264617684297264
0.00314061809331179
0.00285677216015756
0.00274689635261893
0.00683061545714736
0.00957751180976629
0.00369915366172791
0.00289339758455753
0.00248136301524937
0.00199607806280255
0.00189535843674093
0.00179463892709464
0.00170307571534067
0.00287508475594223
0.00247220671735704
0.00299411709420383
0.00249967561103404
0.00497188232839108
0.00949510466307402
0.0383924543857574
0.0675003975629807
0.0331458821892738
0.00945847947150469
0.0142472358420491
0.00685808435082436
0.00423022033646703
0.0040196250192821
0.00323218130506575
0.00370831019245088
0.00203270325437188
0.00250883190892637
0.00231654918752611
0.00286592845804989
0.0028109906706959
0.00297580449841917
0.00549379270523787
0.00509091466665268
0.00249967561103404
0.00272858375683427
0.00410203170031309
0.00435840897262096
0.00213342276401818
0.00485285045579076
0.00450491020455956
0.00243558152578771
0.00394637463614345
0.00344277685508132
0.00173970102332532
0.00249967561103404
0.00410203170031309
0.00637279963120818
0.00581426406279206
0.00455984799191356
0.00524657219648361
0.00596076529473066
0.00783781055361032
0.0126448795199394
0.0288240984082222
0.12980917096138
0.145026966929436
0.0417894497513771
0.0418443866074085
0.0125350039452314
0.00747155817225575
0.0087992250919342
0.00986135751008987
0.0070778364315629
0.00235317461192608
0.00561282504349947
0.00582342036068439
0.00758143374696374
0.00623545469716191
0.0104748317971826
0.0148332407698035
0.0115369651466608
0.00971485674381256
0.00545716751366854
0.00597907789051533
0.00662917643785477
0.00462394207715988
0.00478875590488315
0.00260039512068033
0.00254545733332634
0.00192282744683325
0.00360759044997394
0.00374493538402021
0.00326880672946572
0.00346108945086598
0.00597907789051533
0.00862525496631861
0.00746240187436342
0.00835972093045712
0.0119215305894613
0.0167102869600058
0.0534362904727459
0.168897494673729
0.234676510095596
0.190616294741631
0.065870575606823
0.014558550901711
0.00615304801613092
0.00575016951188445
0.00619882950559258
0.00755396485328674
0.00594245223328471
0.00482538109645247
0.00365337217226624
0.00449575390666723
0.00353434006683528
0.00478875590488315
0.00545716751366854
0.00462394207715988
0.00507260207086802
0.00548463640734553
0.00403793761506677
0.00528319738805294
0.00589667074382305
0.00402878131717443
0.00676652137190104
0.00348855834454298
0.00355265266261995
0.00438587786629796
0.00491694454103708
0.00524657219648361
0.00799346808344126
0.0124983787536621
0.0159228425472975
0.0142930177971721
0.0114911831915379
0.0107037397101521
0.0354349613189697
0.0342995785176754
0.140750974416733
0.384199231863022
0.535992741584778
0.258492112159729
0.106021046638489
0.0341164544224739
0.0216455440968275
0.0187796149402857
0.0139817027375102
0.0122420014813542
0.0261687655001879
0.0239254664629698
0.0153002124279737
0.0103283300995827
0.0163806583732367
0.0149248037487268
0.0177266374230385
0.0191641803830862
0.0191183984279633
0.0147416768595576
0.0136795435100794
0.0144944563508034
0.0152452746406198
0.0189718976616859
0.0211785715073347
0.0101177347823977
0.01123480591923
0.00977895129472017
0.00753565225750208
0.0104382066056132
0.0108502404764295
0.00790190510451794
0.00781949795782566
0.00942185427993536
0.00789274927228689
0.00922041572630405
0.0131576331332326
0.0378888584673405
0.123518772423267
0.184692159295082
0.146098256111145
0.0469810850918293
0.0528228171169758
0.0201805327087641
0.0212518218904734
0.014558550901711
0.00873513054102659
0.010419893078506
0.00966907478868961
0.0098155764862895
0.00877175573259592
0.0068123028613627
0.00522825960069895
0.00586004555225372
0.00634533073753119
0.0053564477711916
0.00427600182592869
0.00665664533153176
0.0131026953458786
0.0144120492041111
0.00464225467294455
0.0126998173072934
0.0120955007150769
0.00659255124628544
0.00586004555225372
0.00647351890802383
0.005182477645576
0.00358927785418928
0.00442250305786729
0.00709614902734756
0.0087625989690423
0.0119764683768153
0.00745324557647109
0.018596488982439
0.0201713759452105
0.0272034294903278
0.0874520242214203
0.201338350772858
0.172807246446609
0.0777096971869469
0.0328071005642414
0.00941269844770432
0.00638195592910051
0.00590582704171538
0.00368999736383557
0.00558535614982247
0.00499935122206807
0.00504513317719102
0.005155008751899
0.00428515812382102
0.00498103862628341
0.00671158358454704
0.00489863194525242
0.00634533073753119
0.00833225250244141
0.00652845716103911
0.00660170754417777
0.00415696995332837
0.0042210640385747
0.00482538109645247
0.00316808721981943
0.00295749166980386
0.00325965043157339
0.0024905193131417
0.00477959960699081
0.00590582704171538
0.0054754801094532
0.00468803662806749
0.00497188232839108
0.00633617443963885
0.00394637463614345
0.0069038663059473
0.00756312115117908
0.00986135751008987
0.0339424833655357
0.0676560550928116
0.0944932326674461
0.0583715476095676
0.00796599965542555
0.00894572585821152
0.00789274927228689
0.00421190774068236
0.00303989858366549
0.00374493538402021
0.00254545733332634
0.00403793761506677
0.00396468723192811
0.00305821117945015
0.00312230549752712
0.00309483660385013
0.00151079299394041
0.002563769929111
0.0028842412866652
0.00343362055718899
0.00531066628172994
0.00347940204665065
0.00271942745894194
0.00368999736383557
0.00285677216015756
0.00195029645692557
0.00123610335867852
0.00131851027254015
0.00305821117945015
0.00326880672946572
0.00187704584095627
0.00227992399595678
0.00463309837505221
0.00471550552174449
0.00429431442171335
0.00696796039119363
0.00560366874560714
0.0411027260124683
0.0547090172767639
0.0475121513009071
0.0418718568980694
0.0179555453360081
0.00578679516911507
0.00369915366172791
0.00328711932525039
0.00243558152578771
0.00230739288963377
0.00296664796769619
0.00243558152578771
0.00175801361910999
0.00345193315297365
0.00309483660385013
0.00209679757244885
0.00173054472543299
0.00205101585015655
0.00226161140017211
0.00202354695647955
0.00398299982771277
0.00604317197576165
0.00363505957648158
0.00336036994121969
0.00268280203454196
0.00208764127455652
0.00260955165140331
0.0027377400547266
0.00337868253700435
0.00384565489366651
0.00508175836876035
0.00361674698069692
0.00485285045579076
0.00423937663435936
0.00484369369223714
0.00883585028350353
0.00926619675010443
0.0177632626146078
0.0499752014875412
0.0704853609204292
0.0344186127185822
0.0366619117558002
0.0240078736096621
0.00696796039119363
0.00608895346522331
0.00443165935575962
0.00331458821892738
0.00328711932525039
0.00439503416419029
0.00539307296276093
0.00739830732345581
0.00439503416419029
0.0026370205450803
0.00395553093403578
0.00356180896051228
0.00306736771017313
0.00572270061820745
0.00502682011574507
0.0064643626101315
0.00548463640734553
0.00573185691609979
0.0088541628792882
0.00602485937997699
0.00403793761506677
0.00290255388244987
0.00306736771017313
0.0027102711610496
0.00543885491788387
0.00618051690980792
0.00382734229788184
0.00542969861999154
0.00727011915296316
0.0043675652705133
0.00881753768771887
0.0113080563023686
0.0154558699578047
0.0232570562511683
0.030215859413147
0.0483362190425396
0.0407639406621456
0.0209221933037043
0.0138077326118946
0.0100170150399208
0.00610726606100798
0.00504513317719102
0.00392806157469749
0.00429431442171335
0.00607064086943865
0.00400131242349744
0.00417528254911304
0.00548463640734553
0.00561282504349947
0.00411118799820542
0.00748987076804042
0.00611642235890031
0.00191367114894092
0.00624461099505425
0.00485285045579076
0.0053015099838376
0.00560366874560714
0.00402878131717443
0.00605232827365398
0.00565860653296113
0.00401046872138977
0.00488031934946775
0.00716024311259389
0.00476128701120615
0.00559451244771481
0.00945847947150469
0.00803925003856421
0.00653761345893145
0.00909222662448883
0.00999870244413614
0.0272400546818972
0.0429248325526714
0.0514585264027119
0.0689837262034416
0.0441517792642117
0.0252531338483095
0.0173146035522223
0.0106671145185828
0.00570438802242279
0.00258208252489567
0.00499019492417574
0.00510922726243734
0.00629039248451591
0.00677567766979337
0.00506344577297568
0.00615304801613092
0.00642773741856217
0.00438587786629796
0.00396468723192811
0.00325965043157339
0.00586920185014606
0.00900982040911913
0.00700458558276296
0.00435840897262096
0.00361674698069692
0.00454153539612889
0.00488031934946775
0.00465141097083688
0.00415696995332837
0.00614389171823859
0.00748987076804042
0.00464225467294455
0.00786527991294861
0.0111615555360913
0.00785612314939499
0.008561160415411
0.0136612309142947
0.0283479709178209
0.0689379423856735
0.127648279070854
0.113611631095409
0.0524016246199608
0.023879686370492
0.017122320830822
0.00967823155224323
0.0105663947761059
0.00943101104348898
0.00647351890802383
0.00845128484070301
0.00571354432031512
0.00708699272945523
0.00507260207086802
0.00444997195154428
0.00994376465678215
0.0101635167375207
0.00992545206099749
0.0126448795199394
0.0126174101606011
0.0104748317971826
0.00973316933959723
0.0156939346343279
0.0204094406217337
0.0124525967985392
0.0130843827500939
0.0149614289402962
0.0109418034553528
0.00754480855539441
0.012003936804831
0.0131393205374479
0.00522825960069895
0.0102642364799976
0.0167194418609142
0.017122320830822
0.0129104126244783
0.0213983226567507
0.0579778254032135
0.134451419115067
0.147755548357964
0.0717214643955231
0.0527587234973907
0.0271668042987585
0.0137619506567717
0.0115094957873225
0.00949510466307402
0.0044865976087749
0.00125441595446318
0.00137344817630947
0.00220667337998748
0.00389143661595881
0.00322302500717342
0.00443165935575962
0.00483453739434481
0.00286592845804989
0.00198692176491022
0.0026644894387573
0.00333290081471205
0.00252714473754168
0.00373577908612788
0.00402878131717443
0.00374493538402021
0.00295749166980386
0.00282930326648057
0.002591238822788
0.00163898151367903
0.00146501138806343
0.00248136301524937
0.00238064350560308
0.0013551355805248
0.00224329880438745
0.00239895610138774
0.00257292622700334
0.00450491020455956
0.00578679516911507
0.00941269844770432
0.0147050516679883
0.0142380790784955
0.010090266354382
0.0122694708406925
0.0079202177003026
0.00441334675997496
0.00301242968998849
0.00245389412157238
0.00152910558972508
0.00203270325437188
0.00129104126244783
0.00123610335867852
0.0013826044742018
0.00190451485104859
0.00171223201323301
0.000650098780170083
0.000933944771531969
0.00114454014692456
0.0012086343485862
0.00187704584095627
0.00119947805069387
0.00185873324517161
0.00179463892709464
0.00211511016823351
0.00173970102332532
0.00195029645692557
0.00217004818841815
0.00192282744683325
0.00163898151367903
0.00253630103543401
0.00252714473754168
0.00159319990780205
0.00255461363121867
0.00347940204665065
0.00236233090981841
0.00272858375683427
0.00918379053473473
0.0214074794203043
0.023879686370492
0.0160144064575434
0.00915632117539644
0.00764552829787135
0.00717855570837855
0.00488947564736009
0.00366252847015858
0.00375409168191254
0.00403793761506677
0.00358012155629694
0.00301242968998849
0.00189535843674093
0.00217004818841815
0.00235317461192608
0.0018862021388486
0.00267364573664963
0.00209679757244885
0.00238979980349541
0.00264617684297264
0.00197776546701789
0.00178548262920231
0.002563769929111
0.00303989858366549
0.00341530772857368
0.00255461363121867
0.0014558550901711
0.00144669879227877
0.00225245510227978
0.00203270325437188
0.00179463892709464
0.00189535843674093
0.00216089189052582
0.00275605265051126
0.00286592845804989
0.00390974897891283
0.00497188232839108
0.00653761345893145
0.0131576331332326
0.0135513553395867
0.0143662681803107
0.0110058980062604
0.00685808435082436
0.00484369369223714
0.00217920448631048
0.00245389412157238
0.00252714473754168
0.00158404360990971
0.0014558550901711
0.00137344817630947
0.000677567790262401
0.00215173559263349
0.00184957683086395
0.000952257425524294
0.00173054472543299
0.0016298252157867
0.00144669879227877
0.00181295163929462
0.00264617684297264
0.00199607806280255
0.00184957683086395
0.00217004818841815
0.000998039031401277
0.00150163669604808
0.00158404360990971
0.00129104126244783
0.00140091718640178
0.0015565745998174
0.0014558550901711
0.00203270325437188
0.00170307571534067
0.00193198374472558
0.00243558152578771
0.00314061809331179
0.00474297441542149
0.0193839315325022
0.0329352878034115
0.023064773529768
0.0126357236877084
0.00916547793895006
0.00632701814174652
0.00197776546701789
0.00428515812382102
0.00280183437280357
0.00207848497666419
0.00225245510227978
0.0015565745998174
0.00185873324517161
0.00141922978218645
0.00208764127455652
0.00250883190892637
0.00151079299394041
0.00199607806280255
0.00206017238087952
0.00148332398384809
0.00193198374472558
0.00193198374472558
0.00203270325437188
0.00245389412157238
0.00219751708209515
0.0015565745998174
0.00132766657043248
0.00126357236877084
0.00164813781157136
0.00176717003341764
0.00117200915701687
0.000796599953901023
0.00151079299394041
0.00170307571534067
0.00141007348429412
0.00178548262920231
0.00350687094032764
0.00672073988243937
0.0104473624378443
0.0118391234427691
0.00803925003856421
0.0069313351996243
0.00770962238311768
0.0104931443929672
0.00715108681470156
0.00392806157469749
0.00413865735754371
0.00329627562314272
0.00212426646612585
0.00213342276401818
0.00170307571534067
0.00242642522789538
0.00240811239928007
0.00183126423507929
0.00193198374472558
0.00225245510227978
0.00226161140017211
0.0014558550901711
0.00122694706078619
0.00158404360990971
0.00216089189052582
0.00316808721981943
0.00252714473754168
0.00179463892709464
0.00154741830192506
0.00141007348429412
0.00106213323306292
0.00176717003341764
0.00169391941744834
0.00174885732121766
0.00196860916912556
0.00169391941744834
0.0013826044742018
0.00133682286832482
0.00309483660385013
0.0068123028613627
0.0158495921641588
0.0161700639873743
0.00719686830416322
0.00371746649034321
0.00410203170031309
0.00391890527680516
0.00262786424718797
0.00225245510227978
0.00169391941744834
0.000924788415431976
0.00132766657043248
0.00082406890578568
0.000879006809554994
0.00141007348429412
0.00130935397464782
0.00116285274270922
0.00100719532929361
0.000778287299908698
0.00100719532929361
0.00109875854104757
0.00102550792507827
0.000943101069424301
0.00104382063727826
0.00132766657043248
0.00114454014692456
0.000659255136270076
0.000961413723416626
0.00119947805069387
0.00125441595446318
0.000888163165654987
0.00122694706078619
0.0013551355805248
0.000924788415431976
0.00075081834802404
0.000695880386047065
0.000897319463547319
0.00141007348429412
0.00316808721981943
0.00551210530102253
0.00406540650874376
0.00342446402646601
0.00410203170031309
0.00439503416419029
0.00243558152578771
0.0015565745998174
0.00139176077209413
0.00103466433938593
0.000695880386047065
0.000897319463547319
0.000640942482277751
0.000851537857670337
0.000915632117539644
0.000576848222408444
0.000540222972631454
0.000659255136270076
0.000576848222408444
0.000604317174293101
0.000686724088154733
0.000851537857670337
0.00109875854104757
0.00129104126244783
0.00133682286832482
0.000595160876400769
0.000402878125896677
0.000558535568416119
0.000659255136270076
0.000512753962539136
0.000576848222408444
0.00106213323306292
0.000961413723416626
0.00071419304003939
0.000769131002016366
0.00075081834802404
0.000677567790262401
0.00141922978218645
0.00392806157469749
0.00358012155629694
0.00242642522789538
0.00209679757244885
0.00154741830192506
0.0012818849645555
0.00101635162718594
0.000485285010654479
0.000338783895131201
0.000521910318639129
0.000494441366754472
0.000430347106885165
0.000347940193023533
0.00041203445289284
0.000476128712762147
0.00044865973177366
0.000485285010654479
0.000521910318639129
0.000466972385765985
0.000476128712762147
0.000558535568416119
0.000521910318639129
0.000531066616531461
0.000320471241138875
0.000329627568135038
0.000265533308265731
0.00030215858714655
0.000402878125896677
0.000476128712762147
0.000338783895131201
0.000274689635261893
0.000320471241138875
0.000393721798900515
0.000494441366754472
0.000512753962539136
0.000430347106885165
0.000320471241138875
0.00131851027254015
0.0027377400547266
0.00292086647823453
0.00187704584095627
0.00174885732121766
0.00164813781157136
0.00109875854104757
0.00104382063727826
0.000677567790262401
0.000613473530393094
0.000430347106885165
0.00044865973177366
0.000421190779889002
0.000384565501008183
0.000320471241138875
0.000329627568135038
0.00030215858714655
0.000338783895131201
0.000338783895131201
0.000540222972631454
0.000622629828285426
0.000576848222408444
0.000476128712762147
0.000457816058769822
0.000595160876400769
0.000457816058769822
0.000293002289254218
0.000247220683377236
0.000228908029384911
0.000430347106885165
0.000311314914142713
0.000320471241138875
0.000311314914142713
0.000439503404777497
0.000531066616531461
0.000567691924516112
0.000512753962539136
0.000485285010654479
0.0018862021388486
0.00286592845804989
0.00270111486315727
0.00172138842754066
0.00129104126244783
0.000732505694031715
0.000741661991924047
0.000943101069424301
0.000979726319201291
0.000567691924516112
0.000357096520019695
0.00044865973177366
0.000439503404777497
0.000402878125896677
0.000393721798900515
0.000384565501008183
0.000265533308265731
0.00037540917401202
0.000357096520019695
0.000338783895131201
0.00041203445289284
0.000402878125896677
0.000320471241138875
0.00037540917401202
0.000338783895131201
0.000173970096511766
0.000192282750504091
0.000238064356381074
0.000247220683377236
0.000247220683377236
0.000201439062948339
0.000247220683377236
0.000183126423507929
0.000164813784067519
0.000283845962258056
0.000256376981269568
0.000512753962539136
0.000668411434162408
0.00131851027254015
0.00151079299394041
0.000888163165654987
0.000631786184385419
0.000494441366754472
0.000622629828285426
0.000677567790262401
0.000476128712762147
0.000293002289254218
0.000357096520019695
0.000210595389944501
0.00030215858714655
0.000256376981269568
0.000338783895131201
0.000604317174293101
0.000650098780170083
0.000659255136270076
0.000540222972631454
0.000549379270523787
0.000485285010654479
0.000338783895131201
0.00044865973177366
0.000586004578508437
0.000430347106885165
0.000622629828285426
0.000622629828285426
0.000613473530393094
0.000668411434162408
0.000512753962539136
0.000613473530393094
0.000613473530393094
0.000814912607893348
0.000805756251793355
0.000540222972631454
0.000604317174293101
0.000741661991924047
0.000659255136270076
0.00100719532929361
0.00164813781157136
0.00220667337998748
0.00215173559263349
0.00341530772857368
0.00204185955226421
0.00226161140017211
0.00209679757244885
0.0018862021388486
0.00184042053297162
0.0012086343485862
0.00119032175280154
0.000888163165654987
0.000998039031401277
0.000998039031401277
0.00144669879227877
0.00217920448631048
0.002591238822788
0.00226161140017211
0.00176717003341764
0.00126357236877084
0.00110791483893991
0.00238979980349541
0.00238064350560308
0.00184042053297162
0.002563769929111
0.00229823659174144
0.00132766657043248
0.00124525965657085
0.00211511016823351
0.00270111486315727
0.00204185955226421
0.00107128953095526
0.0026644894387573
0.00203270325437188
0.00175801361910999
0.00210595387034118
0.00411118799820542
0.00732505694031715
0.00783781055361032
0.00575016951188445
0.00311314919963479
0.00217920448631048
0.00327796302735806
0.00216089189052582
0.000970570021308959
0.00147416768595576
0.00220667337998748
0.00187704584095627
0.00114454014692456
0.00109875854104757
0.00101635162718594
0.00125441595446318
0.000979726319201291
0.00121779076289386
0.00146501138806343
0.0015565745998174
0.00118116545490921
0.000979726319201291
0.00139176077209413
0.00117200915701687
0.00100719532929361
0.00101635162718594
0.000512753962539136
0.000366252847015858
0.00110791483893991
0.00111707113683224
0.000924788415431976
0.000906475819647312
0.000640942482277751
0.00082406890578568
0.000888163165654987
0.00108044594526291
0.00122694706078619
0.000659255136270076
0.000686724088154733
0.000842381559778005
0.00144669879227877
0.00141007348429412
0.00146501138806343
0.00109875854104757
0.000979726319201291
0.000778287299908698
0.000613473530393094
0.00103466433938593
0.000924788415431976
0.000952257425524294
0.000915632117539644
0.000650098780170083
0.000485285010654479
0.000466972385765985
0.00044865973177366
0.000723349396139383
0.000586004578508437
0.000595160876400769
0.00075081834802404
0.00075081834802404
0.000759974645916373
0.000796599953901023
0.000906475819647312
0.00082406890578568
0.000686724088154733
0.000567691924516112
0.000466972385765985
0.000549379270523787
0.000485285010654479
0.000631786184385419
0.000476128712762147
0.000705036742147058
0.000842381559778005
0.000933944771531969
0.000677567790262401
0.000439503404777497
0.000705036742147058
0.000869850511662662
0.00106213323306292
0.00134597916621715
0.00126357236877084
0.000897319463547319
0.000567691924516112
0.00041203445289284
0.00082406890578568
0.00106213323306292
0.000933944771531969
0.00101635162718594
0.00100719532929361
0.000686724088154733
0.00075081834802404
0.000897319463547319
0.000659255136270076
0.000970570021308959
0.000778287299908698
0.000659255136270076
0.000586004578508437
0.000705036742147058
0.000988882733508945
0.00110791483893991
0.00121779076289386
0.000961413723416626
0.000677567790262401
0.000732505694031715
0.000796599953901023
0.000943101069424301
0.000320471241138875
0.000933944771531969
0.00075081834802404
0.000833225203678012
0.000888163165654987
0.000640942482277751
0.000668411434162408
0.000897319463547319
0.00118116545490921
0.00177632633130997
0.00202354695647955
0.00216089189052582
0.00153826200403273
0.00161151250358671
0.00140091718640178
0.00112622755113989
0.00130935397464782
0.00129104126244783
0.00189535843674093
0.00222498597577214
0.00130935397464782
0.000943101069424301
0.00119947805069387
0.00164813781157136
0.00152910558972508
0.0012818849645555
0.00115369644481689
0.00137344817630947
0.00121779076289386
0.00141007348429412
0.0012818849645555
0.00170307571534067
0.00132766657043248
0.00082406890578568
0.000695880386047065
0.000915632117539644
0.00121779076289386
0.00100719532929361
0.00118116545490921
0.00163898151367903
0.00101635162718594
0.000979726319201291
0.000833225203678012
0.000357096520019695
0.000686724088154733
0.00164813781157136
0.00260955165140331
0.00264617684297264
0.00217920448631048
0.00151079299394041
0.00143754237797111
0.00150163669604808
0.00110791483893991
0.000796599953901023
0.0012818849645555
0.00075081834802404
0.00107128953095526
0.00107128953095526
0.000805756251793355
0.000650098780170083
0.000796599953901023
0.000961413723416626
0.000998039031401277
0.000998039031401277
0.000640942482277751
0.000567691924516112
0.000686724088154733
0.000979726319201291
0.00101635162718594
0.00107128953095526
0.000897319463547319
0.000723349396139383
0.000457816058769822
0.000503597664646804
0.000705036742147058
0.000622629828285426
0.000613473530393094
0.000723349396139383
0.000421190779889002
0.000485285010654479
0.000567691924516112
0.000476128712762147
0.000668411434162408
0.000759974645916373
0.00132766657043248
0.00207848497666419
0.00156573089770973
0.00213342276401818
0.00169391941744834
0.00075081834802404
0.000879006809554994
0.00112622755113989
0.00141007348429412
0.00126357236877084
0.000933944771531969
0.000759974645916373
0.000640942482277751
0.000366252847015858
0.000439503404777497
0.000613473530393094
0.000695880386047065
0.000576848222408444
0.000558535568416119
0.000576848222408444
0.000576848222408444
0.000622629828285426
0.000686724088154733
0.000604317174293101
0.000457816058769822
0.000485285010654479
0.000705036742147058
0.000732505694031715
0.000595160876400769
0.000293002289254218
0.000503597664646804
0.000494441366754472
0.000393721798900515
0.000558535568416119
0.000476128712762147
0.000586004578508437
0.000879006809554994
0.00169391941744834
0.00205101585015655
0.00171223201323301
0.00186788954306394
0.00346108945086598
0.00379071687348187
0.00171223201323301
0.00109875854104757
0.00100719532929361
0.000640942482277751
0.00134597916621715
0.00124525965657085
0.000705036742147058
0.000952257425524294
0.000705036742147058
0.000595160876400769
0.000439503404777497
0.000906475819647312
0.000842381559778005
0.000915632117539644
0.000879006809554994
0.00075081834802404
0.000851537857670337
0.000796599953901023
0.00082406890578568
0.000879006809554994
0.00112622755113989
0.00156573089770973
0.000906475819647312
0.000851537857670337
0.00115369644481689
0.0012818849645555
0.00108960224315524
0.00157488719560206
0.00160235620569438
0.00130019756034017
0.00123610335867852
0.00294833537191153
0.0050085075199604
0.00586920185014606
0.00871681794524193
0.00832309573888779
0.00852453522384167
0.00580510776489973
0.00322302500717342
0.00169391941744834
0.00195029645692557
0.00294833537191153
0.00345193315297365
0.00326880672946572
0.00248136301524937
0.00158404360990971
0.000970570021308959
0.000998039031401277
0.000476128712762147
0.00123610335867852
0.000897319463547319
0.000851537857670337
0.00122694706078619
0.000814912607893348
0.000457816058769822
0.000778287299908698
0.00086069421377033
0.000604317174293101
0.000494441366754472
0.000686724088154733
0.000613473530393094
0.000677567790262401
0.000924788415431976
0.000521910318639129
0.000576848222408444
0.000485285010654479
0.000485285010654479
0.000613473530393094
0.000476128712762147
0.0013551355805248
0.00213342276401818
0.00200523436069489
0.00245389412157238
0.00206932867877185
0.00194114004261792
0.00169391941744834
0.000915632117539644
0.000512753962539136
0.000586004578508437
0.000805756251793355
0.000604317174293101
0.000576848222408444
0.000347940193023533
0.000311314914142713
0.000238064356381074
0.00030215858714655
0.000173970096511766
0.000283845962258056
0.000393721798900515
0.000274689635261893
0.000238064356381074
0.000247220683377236
0.000210595389944501
0.000283845962258056
0.000311314914142713
0.000357096520019695
0.000238064356381074
0.000311314914142713
0.000347940193023533
0.00030215858714655
0.000311314914142713
0.000164813784067519
0.000201439062948339
0.000265533308265731
0.00037540917401202
0.00037540917401202
0.000457816058769822
0.00148332398384809
0.00171223201323301
0.00106213323306292
0.00105297693517059
0.00127272866666317
0.000897319463547319
0.00071419304003939
0.000595160876400769
0.00041203445289284
0.000366252847015858
0.000485285010654479
0.000494441366754472
0.000329627568135038
0.00037540917401202
0.000347940193023533
0.000247220683377236
0.000192282750504091
0.000137344817630947
0.000164813784067519
0.000228908029384911
0.000238064356381074
0.000256376981269568
0.000201439062948339
0.000164813784067519
0.000173970096511766
0.00030215858714655
0.000192282750504091
0.000164813784067519
0.000238064356381074
0.000183126423507929
0.000256376981269568
0.000329627568135038
0.000265533308265731
0.000164813784067519
0.000265533308265731
0.000347940193023533
0.000256376981269568
0.000402878125896677
0.00078744359780103
0.000933944771531969
0.000732505694031715
0.000814912607893348
0.000778287299908698
0.000759974645916373
0.000549379270523787
0.000173970096511766
0.00041203445289284
0.000393721798900515
0.000476128712762147
0.000357096520019695
0.000219751702388749
0.000173970096511766
0.000155657457071356
0.000164813784067519
0.000228908029384911
0.000201439062948339
0.000265533308265731
0.00030215858714655
0.000210595389944501
0.000183126423507929
0.000201439062948339
0.000173970096511766
0.000183126423507929
0.000192282750504091
0.000210595389944501
0.000155657457071356
0.000155657457071356
0.000183126423507929
0.000219751702388749
0.000228908029384911
0.000128188490634784
0.000173970096511766
0.000311314914142713
0.000338783895131201
0.000238064356381074
0.000347940193023533
0.00078744359780103
0.000759974645916373
0.000842381559778005
0.000521910318639129
0.00030215858714655
0.000439503404777497
0.00044865973177366
0.000293002289254218
0.000466972385765985
0.000476128712762147
0.000329627568135038
0.000293002289254218
0.000238064356381074
0.000228908029384911
0.000238064356381074
0.000274689635261893
0.000219751702388749
0.000183126423507929
0.000256376981269568
