% Type: Spectrum
% Date: 11-DEC-24 14:11:36
% NoOfItems: = 1601
% Unit_Y: = dB
% Unit_X: = Hz
% Min_X: = 0
% Max_X: = 1000
% MinDisplay_X: = 0
% MaxDisplay_X: = 1000
0
0
0
0
0.0222308877855539
0.0196415428072214
0.00834723003208637
0.00648187939077616
0.00935230404138565
0.00879014376550913
0.00384142925031483
0.00390105228871107
0.00317705795168877
0.00274266116321087
0.00342406774871051
0.00310891726985574
0.00376477092504501
0.00767434109002352
0.00537459412589669
0.00580047303810716
0.00623486982658505
0.00428434368222952
0.00278524914756417
0.0044461777433753
0.00277673150412738
0.00433544907718897
0.00304077658802271
0.00237640528939664
0.00442914245650172
0.00534052355214953
0.00310891726985574
0.00408843904733658
0.00413102703168988
0.00751250702887774
0.00827908888459206
0.012571950443089
0.0532263666391373
0.442871659994125
0.55819970369339
0.160351991653442
0.0148120746016502
0.00922454055398703
0.0046505993232131
0.0062007992528379
0.00247861631214619
0.00327926897443831
0.0036284897942096
0.00369663047604263
0.00348369078710675
0.00320261064916849
0.00493167946115136
0.00346665573306382
0.00506796082481742
0.00379032385535538
0.00215494818985462
0.00338147976435721
0.0028533898293972
0.00262341508641839
0.00269155576825142
0.00196756143122911
0.00214643054641783
0.00252120406366885
0.0100848162546754
0.0156979020684958
0.00699293427169323
0.00125208450481296
0.00118394382297993
0.0014990943018347
0.00104766257572919
0.00120949652045965
0.00244454597122967
0.00279376679100096
0.00296411826275289
0.00333889201283455
0.0321879386901855
0.113973759114742
0.109868280589581
0.0306377410888672
0.00580047303810716
0.00367959518916905
0.00413954444229603
0.00238492293283343
0.00178017455618829
0.000911381212063134
0.00116690865252167
0.000894346041604877
0.000979521893896163
0.00176313938573003
0.00142243609298021
0.00101359223481268
0.00103062740527093
0.00106469762977213
0.00249565136618912
0.00334740942344069
0.00197607884183526
0.00270859082229435
0.00312595232389867
0.00219753594137728
0.00304077658802271
0.00259786238893867
0.00195052614435554
0.00275969645008445
0.00326223368756473
0.00240195798687637
0.00229122932069004
0.00128615484572947
0.0024700986687094
0.00293856556527317
0.00297263590618968
0.00297263590618968
0.00417361501604319
0.0131937339901924
0.143725663423538
0.291957139968872
0.145906165242195
0.0117031568661332
0.0154679277911782
0.00513610150665045
0.00274266116321087
0.0022741942666471
0.00166092836298048
0.0018909031059593
0.00218901853077114
0.00171203387435526
0.00195052614435554
0.00178017455618829
0.000919898797292262
0.000681406527291983
0.000928416382521391
0.000647336186375469
0.00101359223481268
0.00114135595504194
0.000741029565688223
0.00121801416389644
0.00081768783275038
0.00132874271366745
0.00109025044366717
0.000494019710458815
0.000596230733208358
0.00075806473614648
0.00103062740527093
0.00121801416389644
0.0022316062822938
0.00143947126343846
0.0011583911255002
0.0025126866530627
0.00279376679100096
0.00235085259191692
0.00410547433421016
0.007461401168257
0.0401518791913986
0.0475792102515697
0.0172736551612616
0.00405436893925071
0.00157575262710452
0.00149057677481323
0.00126060203183442
0.000536607636604458
0.000502537295687944
0.00286190747283399
0.00564715638756752
0.00320261064916849
0.000834723003208637
0.000476984569104388
0.000741029565688223
0.000979521893896163
0.000902863626834005
0.000741029565688223
0.000621783430688083
0.000604748260229826
0.00104766257572919
0.00117542629595846
0.000613265845458955
0.00127763720229268
0.0012350493343547
0.00118394382297993
0.00132022518664598
0.00102210976183414
0.0012350493343547
0.00142243609298021
0.00137984822504222
0.00215494818985462
0.00233381730504334
0.00218050088733435
0.00266600307077169
0.00587713113054633
0.0110387858003378
0.0753209739923477
0.266055166721344
0.275714099407196
0.147447854280472
0.0316172614693642
0.00997408758848906
0.00424175569787621
0.00257230969145894
0.00574084976688027
0.00606451788917184
0.00465911719948053
0.00414806231856346
0.003389997407794
0.00201866682618856
0.00301522389054298
0.00291301286779344
0.00523831276223063
0.00594527181237936
0.00360293686389923
0.00158427015412599
0.00198459648527205
0.00273414375260472
0.00257230969145894
0.006098588462919
0.00794690381735563
0.00453135324642062
0.0032451986335218
0.0024189930409193
0.00218050088733435
0.00230826460756361
0.00166944600641727
0.0022316062822938
0.0039691929705441
0.00461652921512723
0.00412250962108374
0.00309188198298216
0.00639670388773084
0.00767434109002352
0.0372047945857048
0.0720672607421875
0.040364820510149
0.0189090315252542
0.0114561468362808
0.00546828750520945
0.00383291160687804
0.00326223368756473
0.00337296235375106
0.00287042488344014
0.00219753594137728
0.00152464711572975
0.00155871745664626
0.00287894252687693
0.00321964570321143
0.00252120406366885
0.00494019733741879
0.0045058005489409
0.00390105228871107
0.00348369078710675
0.00257230969145894
0.00333889201283455
0.00402029836550355
0.00464208191260695
0.00366256013512611
0.00192497344687581
0.0028108018450439
0.00329630402848125
0.00372218317352235
0.00298967119306326
0.00379032385535538
0.00597082450985909
0.0050253733061254
0.00487205665558577
0.00318557559512556
0.00353479641489685
0.0072143916040659
0.0109025044366717
0.062791608273983
0.148827701807022
0.158622920513153
0.0492912456393242
0.0274351295083761
0.00670333672314882
0.00470170518383384
0.00691627617925406
0.0112261725589633
0.00807466730475426
0.00642225658521056
0.00675444211810827
0.00815984327346087
0.00893494300544262
0.00580047303810716
0.00547680491581559
0.00978670082986355
0.0117372274398804
0.0069673815742135
0.00415657972916961
0.00626893993467093
0.00586861371994019
0.00484650395810604
0.00640522129833698
0.00568122696131468
0.00484650395810604
0.00325371604412794
0.00344962044619024
0.00471874000504613
0.00543421693146229
0.00555346300825477
0.00713773351162672
0.00679703010246158
0.00816836021840572
0.00660112546756864
0.0113283833488822
0.0241643786430359
0.064120352268219
0.236030697822571
0.280833184719086
0.183511286973953
0.0631919354200363
0.0176313929259777
0.00730808498337865
0.00737622566521168
0.00534052355214953
0.00404585106298327
0.00564715638756752
0.00480391597375274
0.00676295952871442
0.0104510728269815
0.00744436634704471
0.00451431842520833
0.00557901570573449
0.00573233235627413
0.00413954444229603
0.00409695692360401
0.00557049829512835
0.00712921563535929
0.00878162682056427
0.00662667863070965
0.00732512027025223
0.006098588462919
0.00535755883902311
0.0055619808845222
0.00662667863070965
0.00597082450985909
0.00686517078429461
0.0134577788412571
0.0131511455401778
0.00882421433925629
0.0161408167332411
0.0180828254669905
0.0552876219153404
0.0458671748638153
0.169210270047188
0.36625599861145
0.453961551189423
0.278082013130188
0.0983014106750488
0.0375114306807518
0.0234914906322956
0.0221883002668619
0.0116009460762143
0.0122056938707829
0.0147524513304234
0.011115443892777
0.0145735815167427
0.0130063472315669
0.00879014376550913
0.0151357427239418
0.0162345096468925
0.0094289630651474
0.017035162076354
0.0249820668250322
0.0199311412870884
0.021464304998517
0.0139517989009619
0.012853030115366
0.019590437412262
0.0138495871797204
0.0165581777691841
0.0121205188333988
0.00817687809467316
0.0116350166499615
0.0135940602049232
0.0150505667552352
0.0135940602049232
0.0212769191712141
0.0167114958167076
0.0134918494150043
0.0186790563166142
0.0383887402713299
0.0892472192645073
0.144253760576248
0.130634143948555
0.0577577203512192
0.0606196261942387
0.0130744874477386
0.0167626012116671
0.00989742949604988
0.00960783194750547
0.0127763720229268
0.00981225352734327
0.00795542076230049
0.00838981755077839
0.00609007058665156
0.00474429270252585
0.00488909194245934
0.00384142925031483
0.00586009584367275
0.00685665290802717
0.0052297948859632
0.00683110021054745
0.00827908888459206
0.00522127747535706
0.00767434109002352
0.00755509501323104
0.00389253464527428
0.00584306102246046
0.00527238287031651
0.00471874000504613
0.00902011897414923
0.00868793297559023
0.00690775876864791
0.00896049570292234
0.0095311738550663
0.00830464158207178
0.0154508929699659
0.0238577462732792
0.0364637672901154
0.108173288404942
0.247623130679131
0.206525802612305
0.0772629827260971
0.0356801487505436
0.00767434109002352
0.0055193929001689
0.00470170518383384
0.00747843645513058
0.0096333846449852
0.00718883890658617
0.00568122696131468
0.00583454314619303
0.00384994689375162
0.0040117809548974
0.00455690594390035
0.00415657972916961
0.00760620040819049
0.00736770778894424
0.00550235761329532
0.00598785979673266
0.00600489508360624
0.00352627877146006
0.00330482167191803
0.00503389071673155
0.00433544907718897
0.00515313679352403
0.00448876526206732
0.00370514788664877
0.00478688068687916
0.00597082450985909
0.00727401440963149
0.00872200354933739
0.00968449003994465
0.00778506929054856
0.00718032103031874
0.0105873541906476
0.013227803632617
0.0750228613615036
0.130438238382339
0.0969896987080574
0.0561053082346916
0.0153060937300324
0.00894346088171005
0.00672888942062855
0.00517868949100375
0.00325371604412794
0.00481243338435888
0.00452283583581448
0.00380735890939832
0.00393512286245823
0.00310891726985574
0.00216346560046077
0.00344110303558409
0.00315150525420904
0.00245306338183582
0.00241047563031316
0.0039266049861908
0.007461401168257
0.0046505993232131
0.00178869208320975
0.00275969645008445
0.00430137850344181
0.00258934474550188
0.00200163153931499
0.00321112829260528
0.0036284897942096
0.00403733365237713
0.00366256013512611
0.00354331382550299
0.00578343775123358
0.0034325853921473
0.00421620300039649
0.0111921019852161
0.00643929140642285
0.0464037843048573
0.0666330382227898
0.0579280704259872
0.0493849366903305
0.0192752871662378
0.00922454055398703
0.00581750832498074
0.00365404249168932
0.00298115354962647
0.00339851505123079
0.0013117075432092
0.00258934474550188
0.00279376679100096
0.00249565136618912
0.00143947126343846
0.00254675676114857
0.00379884126596153
0.00152464711572975
0.00242751068435609
0.00193349097389728
0.00531497085466981
0.00631152791902423
0.00320261064916849
0.00311743491329253
0.0024189930409193
0.00120097899343818
0.00252972170710564
0.00271710846573114
0.00172055151779205
0.00242751068435609
0.00291301286779344
0.00235085259191692
0.00361145450733602
0.00625190464779735
0.00507647870108485
0.00630301050841808
0.0108599159866571
0.0140540096908808
0.043652605265379
0.0844603404402733
0.0698952749371529
0.0377243682742119
0.0208510402590036
0.0106895649805665
0.00945451576262712
0.00663519604131579
0.00523831276223063
0.00558753358200192
0.00410547433421016
0.00808318518102169
0.00859424006193876
0.00287894252687693
0.00432693120092154
0.00293856556527317
0.00270859082229435
0.00292153051123023
0.00417361501604319
0.00331333931535482
0.00567270908504725
0.00517868949100375
0.00389253464527428
0.00807466730475426
0.00639670388773084
0.00352627877146006
0.00310039962641895
0.00425879051908851
0.00372218317352235
0.00488057406619191
0.00297263590618968
0.00485502136871219
0.00687368819490075
0.00537459412589669
0.0046505993232131
0.00926712900400162
0.0129211712628603
0.0238151587545872
0.0408162511885166
0.0574681237339973
0.0607303567230701
0.0385761260986328
0.0219668429344893
0.00999112334102392
0.0045058005489409
0.00364552484825253
0.00568974437192082
0.00470170518383384
0.0029981886036694
0.00471874000504613
0.00418213242664933
0.00437803706154227
0.00529793556779623
0.00629449263215065
0.006098588462919
0.00723994430154562
0.00610710587352514
0.00157575262710452
0.00453135324642062
0.00359441945329309
0.00370514788664877
0.00402881624177098
0.00590268382802606
0.00347517314366996
0.00475281057879329
0.00520424218848348
0.00413102703168988
0.00765730580314994
0.00718883890658617
0.00786172784864902
0.00626042252406478
0.00569826224818826
0.0041139917448163
0.0122056938707829
0.0156382787972689
0.0289342235773802
0.0853376463055611
0.116350166499615
0.0752102434635162
0.0365148708224297
0.027741763740778
0.0146246878430247
0.0103573789820075
0.00755509501323104
0.0072143916040659
0.00490612676367164
0.00474429270252585
0.00495723262429237
0.0039691929705441
0.00494019733741879
0.00316002266481519
0.00371366553008556
0.00459949392825365
0.00555346300825477
0.00327926897443831
0.00396067555993795
0.00453987112268806
0.00310039962641895
0.00307484692893922
0.00387549959123135
0.00515313679352403
0.00310891726985574
0.00293856556527317
0.00480391597375274
0.00402881624177098
0.0038243941962719
0.00474429270252585
0.00804911460727453
0.00764878839254379
0.00536607624962926
0.00861127488315105
0.0173503141850233
0.0209362152963877
0.0355779379606247
0.05698262155056
0.0501089319586754
0.036872610449791
0.0252205580472946
0.0176399108022451
0.0108513990417123
0.00791283324360847
0.00771692860871553
0.00768285850062966
0.00568974437192082
0.00489760935306549
0.00645632669329643
0.00613265857100487
0.00557901570573449
0.00598785979673266
0.00689924089238048
0.00486353924497962
0.00262341508641839
0.0055619808845222
0.00785320997238159
0.00747843645513058
0.00616672914475203
0.00988891255110502
0.011115443892777
0.00765730580314994
0.00643077399581671
0.00717180361971259
0.00957376137375832
0.0125463977456093
0.00758916512131691
0.00891790818423033
0.00871348567306995
0.016617801040411
0.0320601761341095
0.0552109628915787
0.0699889659881592
0.0605685226619244
0.14079561829567
0.193621665239334
0.134790733456612
0.0661049485206604
0.0424431078135967
0.0335081666707993
0.025476086884737
0.0136196129024029
0.0118564730510116
0.0136622004210949
0.00881569646298885
0.00832167733460665
0.0108854696154594
0.00689072348177433
0.00582602573558688
0.00732512027025223
0.00606451788917184
0.00561308627948165
0.00590268382802606
0.00398622825741768
0.00586861371994019
0.00564715638756752
0.00565567426383495
0.00553642818704247
0.00488057406619191
0.0055193929001689
0.0039691929705441
0.00340703269466758
0.00409695692360401
0.00497426744550467
0.00510203139856458
0.0049827853217721
0.00425027310848236
0.00429286109283566
0.00499982014298439
0.00838981755077839
0.0126741612330079
0.0265407841652632
0.0358249470591545
0.0425368025898933
0.0338233150541782
0.0150505667552352
0.00834723003208637
0.00649039726704359
0.00449728313833475
0.00332185672596097
0.00296411826275289
0.00213791290298104
0.00160982285160571
0.00210384256206453
0.00257230969145894
0.00178017455618829
0.00165241083595902
0.00209532515145838
0.00241047563031316
0.00243602832779288
0.001694998703897
0.00126060203183442
0.00163537566550076
0.0017716569127515
0.00147354160435498
0.00238492293283343
0.00206125481054187
0.00160130532458425
0.00128615484572947
0.00190793827641755
0.00317705795168877
0.00175462174229324
0.00275969645008445
0.00402881624177098
0.00286190747283399
0.00430137850344181
0.00698441686108708
0.00468466989696026
0.00902011897414923
0.0150250140577555
0.0274777170270681
0.0226226970553398
0.019590437412262
0.0117798149585724
0.00660112546756864
0.003389997407794
0.00561308627948165
0.00429286109283566
0.00408843904733658
0.00389253464527428
0.00350924348458648
0.00300670624710619
0.00256379204802215
0.00184831523802131
0.00286190747283399
0.00353479641489685
0.00309188198298216
0.00361997215077281
0.00242751068435609
0.00210384256206453
0.00149057677481323
0.00246158102527261
0.00287042488344014
0.00293004792183638
0.00142243609298021
0.00232529966160655
0.00240195798687637
0.00260638003237545
0.00302374153397977
0.00264045037329197
0.00311743491329253
0.00322816334664822
0.00390105228871107
0.00391808757558465
0.006098588462919
0.00710366293787956
0.0128189604729414
0.0236533246934414
0.0310465842485428
0.0239599570631981
0.0159363951534033
0.00515313679352403
0.00612414116039872
0.0055619808845222
0.00284487218596041
0.00204421952366829
0.00214643054641783
0.00145650643389672
0.00167796353343874
0.00172055151779205
0.00137984822504222
0.0013117075432092
0.00152464711572975
0.00178869208320975
0.00187386793550104
0.00165241083595902
0.00163537566550076
0.00249565136618912
0.00217198324389756
0.0022316062822938
0.00290449522435665
0.00189942063298076
0.0013117075432092
0.000868793285917491
0.000928416382521391
0.0017716569127515
0.00215494818985462
0.00137984822504222
0.00105618010275066
0.00149057677481323
0.00192497344687581
0.00244454597122967
0.00379032385535538
0.0046931873075664
0.011294312775135
0.0190878994762897
0.0169244352728128
0.0166007671505213
0.00944599788635969
0.00637966860085726
0.00527238287031651
0.0046505993232131
0.00312595232389867
0.00126060203183442
0.00187386793550104
0.00187386793550104
0.00178017455618829
0.00147354160435498
0.00240195798687637
0.00264896778389812
0.00186535029206425
0.00135429541114718
0.00108173280023038
0.000902863626834005
0.00173758657183498
0.00157575262710452
0.0011583911255002
0.00152464711572975
0.00140540092252195
0.00134577788412571
0.00168648117687553
0.00179720972664654
0.00220605358481407
0.00216346560046077
0.00152464711572975
0.00200163153931499
0.00218050088733435
0.00263193272985518
0.00263193272985518
0.00276821409352124
0.00408843904733658
0.00724846171215177
0.0131085580214858
0.0129382060840726
0.00720587372779846
0.00938637461513281
0.00823650136590004
0.00850054621696472
0.00767434109002352
0.00349220843054354
0.0024700986687094
0.00216346560046077
0.00167796353343874
0.00172055151779205
0.00257230969145894
0.0023167822510004
0.00141391856595874
0.000928416382521391
0.0013117075432092
0.0013117075432092
0.00143947126343846
0.0016183404950425
0.0014990943018347
0.00118394382297993
0.00135429541114718
0.00189942063298076
0.00173758657183498
0.00107321527320892
0.00163537566550076
0.00186535029206425
0.00104766257572919
0.00141391856595874
0.00122653169091791
0.00143947126343846
0.00220605358481407
0.00316002266481519
0.00260638003237545
0.00208680750802159
0.00397771038115025
0.00835574790835381
0.016907399520278
0.0170692335814238
0.00792986806482077
0.00548532232642174
0.00365404249168932
0.00241047563031316
0.00229122932069004
0.00158427015412599
0.00093693396775052
0.00110728561412543
0.000732511980459094
0.00109876797068864
0.00075806473614648
0.000732511980459094
0.000723994453437626
0.00081768783275038
0.00122653169091791
0.000928416382521391
0.000732511980459094
0.00117542629595846
0.00137984822504222
0.000971004308667034
0.00101359223481268
0.000962486723437905
0.000911381212063134
0.000706959282979369
0.000579195562750101
0.000476984569104388
0.000476984569104388
0.000775099906604737
0.00126060203183442
0.00142243609298021
0.00126911967527121
0.00151612947229296
0.0013117075432092
0.00214643054641783
0.00214643054641783
0.00283635454252362
0.0046931873075664
0.00465911719948053
0.00371366553008556
0.00309188198298216
0.00327926897443831
0.00314298761077225
0.00163537566550076
0.00063881860114634
0.000689924112521112
0.000911381212063134
0.000664371356833726
0.000706959282979369
0.00063881860114634
0.000442914228187874
0.000536607636604458
0.000400326331146061
0.000366255990229547
0.000545125221833587
0.000596230733208358
0.000689924112521112
0.000655853771604598
0.00075806473614648
0.00124356686137617
0.000945451552979648
0.000792135077062994
0.00046846698387526
0.00046846698387526
0.000459949398646131
0.000442914228187874
0.00063881860114634
0.000928416382521391
0.000672888942062855
0.0011583911255002
0.00099655706435442
0.000809170247521251
0.00126060203183442
0.000834723003208637
0.00310891726985574
0.00413102703168988
0.00371366553008556
0.0026574854273349
0.00176313938573003
0.001430953736417
0.00126060203183442
0.000732511980459094
0.000749547150917351
0.000655853771604598
0.000383291160687804
0.000383291160687804
0.00058771314797923
0.000451431813417003
0.000391808745916933
0.000323668093187734
0.000195904372958466
0.000315150507958606
0.000442914228187874
0.000391808745916933
0.000511054880917072
0.00046846698387526
0.000485502154333517
0.000391808745916933
0.000298115366604179
0.000281080196145922
0.000485502154333517
0.00046846698387526
0.000221457114093937
0.000417361501604319
0.000366255990229547
0.000383291160687804
0.000281080196145922
0.000621783430688083
0.000630301015917212
0.000911381212063134
0.000928416382521391
0.000775099906604737
0.00146502396091819
0.00330482167191803
0.00402029836550355
0.00250416900962591
0.00167796353343874
0.00133726024068892
0.000919898797292262
0.000689924112521112
0.000655853771604598
0.000298115366604179
0.000247009855229408
0.000451431813417003
0.000374773575458676
0.000238492284552194
0.000425879086833447
0.000570677977520972
0.000545125221833587
0.000425879086833447
0.000553642807062715
0.000553642807062715
0.000647336186375469
0.000494019710458815
0.000553642807062715
0.000528090051375329
0.000332185678416863
0.000170351631822996
0.000391808745916933
0.000494019710458815
0.000519572466146201
0.000374773575458676
0.00034922084887512
0.000536607636604458
0.000519572466146201
0.000775099906604737
0.000902863626834005
0.00154168228618801
0.00165241083595902
0.00136281305458397
0.00225715921260417
0.00475281057879329
0.00568122696131468
0.0032451986335218
0.000945451552979648
0.00126060203183442
0.00130319001618773
0.000953969138208777
0.000647336186375469
0.000621783430688083
0.000723994453437626
0.000741029565688223
0.000613265845458955
0.00040884391637519
0.000315150507958606
0.000383291160687804
0.000366255990229547
0.000476984569104388
0.000494019710458815
0.000374773575458676
0.00040884391637519
0.000298115366604179
0.000289597781375051
0.000315150507958606
0.000298115366604179
0.000332185678416863
0.000323668093187734
0.000391808745916933
0.000366255990229547
0.000332185678416863
0.000298115366604179
0.000255527440458536
0.000315150507958606
0.000545125221833587
0.000655853771604598
0.00098803942091763
0.000766582321375608
0.000706959282979369
0.00104766257572919
0.00103062740527093
0.000613265845458955
0.000800652662292123
0.000919898797292262
0.000596230733208358
0.000604748260229826
0.000400326331146061
0.000383291160687804
0.00040884391637519
0.000511054880917072
0.000502537295687944
0.000451431813417003
0.000366255990229547
0.000281080196145922
0.000178869217052124
0.000417361501604319
0.000579195562750101
0.000519572466146201
0.000315150507958606
0.000383291160687804
0.000502537295687944
0.000562160392291844
0.00058771314797923
0.00075806473614648
0.000800652662292123
0.000953969138208777
0.000562160392291844
0.000502537295687944
0.000596230733208358
0.000647336186375469
0.00046846698387526
0.000459949398646131
0.00093693396775052
0.00104766257572919
0.00109876797068864
0.00155019981320947
0.0023167822510004
0.00325371604412794
0.00378180621191859
0.00273414375260472
0.00196756143122911
0.00155019981320947
0.00101359223481268
0.000945451552979648
0.000894346041604877
0.00135429541114718
0.00122653169091791
0.00117542629595846
0.00130319001618773
0.00142243609298021
0.00145650643389672
0.00152464711572975
0.00162685802206397
0.00190793827641755
0.0018142448971048
0.00158427015412599
0.00158427015412599
0.00221457122825086
0.00270007341168821
0.00193349097389728
0.00172055151779205
0.00204421952366829
0.00209532515145838
0.00249565136618912
0.00258934474550188
0.00296411826275289
0.00208680750802159
0.00165241083595902
0.00197607884183526
0.00344962044619024
0.00182276242412627
0.00200163153931499
0.00344110303558409
0.00800652615725994
0.010263686068356
0.00639670388773084
0.00326223368756473
0.00367107754573226
0.00367959518916905
0.00367107754573226
0.00328778638504446
0.0028108018450439
0.00180572725366801
0.00134577788412571
0.00189942063298076
0.00155019981320947
0.00108173280023038
0.00102210976183414
0.0014990943018347
0.00168648117687553
0.0010391449322924
0.00099655706435442
0.00101359223481268
0.000971004308667034
0.000919898797292262
0.00120097899343818
0.00138836575206369
0.00114135595504194
0.000715476868208498
0.00109025044366717
0.00112432078458369
0.00098803942091763
0.000783617491833866
0.00098803942091763
0.00099655706435442
0.00104766257572919
0.00134577788412571
0.00134577788412571
0.000604748260229826
0.000689924112521112
0.00103062740527093
0.00218901853077114
0.00258082710206509
0.00215494818985462
0.0011583911255002
0.0016183404950425
0.00150761194527149
0.000928416382521391
0.00075806473614648
0.000553642807062715
0.000809170247521251
0.00063881860114634
0.00099655706435442
0.0011583911255002
0.000971004308667034
0.000664371356833726
0.00118394382297993
0.00110728561412543
0.000894346041604877
0.000894346041604877
0.000374773575458676
0.000332185678416863
0.000672888942062855
0.000672888942062855
0.000723994453437626
0.000834723003208637
0.000741029565688223
0.000613265845458955
0.000826205417979509
0.000775099906604737
0.00058771314797923
0.000706959282979369
0.000800652662292123
0.000902863626834005
0.000877310871146619
0.000689924112521112
0.00063881860114634
0.000655853771604598
0.0011583911255002
0.00124356686137617
0.000945451552979648
0.00093693396775052
0.00103062740527093
0.000843240588437766
0.000672888942062855
0.000723994453437626
0.000953969138208777
0.000562160392291844
0.00063881860114634
0.000647336186375469
0.000664371356833726
0.000621783430688083
0.000604748260229826
0.00058771314797923
0.000945451552979648
0.000945451552979648
0.000860275758896023
0.000749547150917351
0.000553642807062715
0.00081768783275038
0.00102210976183414
0.000885828456375748
0.000562160392291844
0.000485502154333517
0.000596230733208358
0.000596230733208358
0.00093693396775052
0.000945451552979648
0.00075806473614648
0.000749547150917351
0.000800652662292123
0.000775099906604737
0.000723994453437626
0.000664371356833726
0.000800652662292123
0.0010391449322924
0.00114987348206341
0.00114135595504194
0.00164389319252223
0.00197607884183526
0.00172906904481351
0.000860275758896023
0.000706959282979369
0.000979521893896163
0.0010391449322924
0.000945451552979648
0.000971004308667034
0.00103062740527093
0.00099655706435442
0.000792135077062994
0.000596230733208358
0.000792135077062994
0.00063881860114634
0.000366255990229547
0.00075806473614648
0.000400326331146061
0.000885828456375748
0.00110728561412543
0.00099655706435442
0.000919898797292262
0.000928416382521391
0.000902863626834005
0.000749547150917351
0.000885828456375748
0.000775099906604737
0.000741029565688223
0.000425879086833447
0.00102210976183414
0.00184831523802131
0.00163537566550076
0.00151612947229296
0.00138836575206369
0.00113283831160516
0.00190793827641755
0.00294708320870996
0.00219753594137728
0.00202718446962535
0.00373921822756529
0.00402881624177098
0.0023167822510004
0.0017716569127515
0.0011583911255002
0.00155019981320947
0.00125208450481296
0.000749547150917351
0.00133726024068892
0.00129467237275094
0.00107321527320892
0.00105618010275066
0.000919898797292262
0.000851758173666894
0.000723994453437626
0.000945451552979648
0.000357738434104249
0.000681406527291983
0.000843240588437766
0.000698441697750241
0.000732511980459094
0.000885828456375748
0.000749547150917351
0.000383291160687804
0.000476984569104388
0.000417361501604319
0.000476984569104388
0.000451431813417003
0.000723994453437626
0.000775099906604737
0.000775099906604737
0.000562160392291844
0.000613265845458955
0.000800652662292123
0.000826205417979509
0.00130319001618773
0.0022741942666471
0.00256379204802215
0.00221457122825086
0.00193349097389728
0.00124356686137617
0.000800652662292123
0.000723994453437626
0.00100507459137589
0.00109025044366717
0.0011158031411469
0.000775099906604737
0.000689924112521112
0.000613265845458955
0.000570677977520972
0.000442914228187874
0.000476984569104388
0.000732511980459094
0.000851758173666894
0.000400326331146061
0.000391808745916933
0.000528090051375329
0.000570677977520972
0.000570677977520972
0.000630301015917212
0.000494019710458815
0.000264045025687665
0.000366255990229547
0.000621783430688083
0.000511054880917072
0.000417361501604319
0.000340703263645992
0.000536607636604458
0.000732511980459094
0.000877310871146619
0.000860275758896023
0.000971004308667034
0.00109876797068864
0.00120949652045965
0.0028533898293972
0.00344110303558409
0.00264896778389812
0.00314298761077225
0.001694998703897
0.00099655706435442
0.00113283831160516
0.00112432078458369
0.00101359223481268
0.000877310871146619
0.000706959282979369
0.000800652662292123
0.000647336186375469
0.000630301015917212
0.000655853771604598
0.000655853771604598
0.000647336186375469
0.000647336186375469
0.000536607636604458
0.000766582321375608
0.000613265845458955
0.000664371356833726
0.000860275758896023
0.000911381212063134
0.00081768783275038
0.00063881860114634
0.000672888942062855
0.000919898797292262
0.000723994453437626
0.00063881860114634
0.0011158031411469
0.000953969138208777
0.00107321527320892
0.000928416382521391
0.00081768783275038
0.00162685802206397
0.00373921822756529
0.00380735890939832
0.00650743208825588
0.00764027051627636
0.00877310894429684
0.00577492034062743
0.00241047563031316
0.00175462174229324
0.00246158102527261
0.00501685542985797
0.00693331146612763
0.00369663047604263
0.00168648117687553
0.00210384256206453
0.00228271191008389
0.00210384256206453
0.00183979759458452
0.00243602832779288
0.00148205913137645
0.00132022518664598
0.00143947126343846
0.00100507459137589
0.000928416382521391
0.000826205417979509
0.00122653169091791
0.00126911967527121
0.00158427015412599
0.00140540092252195
0.00164389319252223
0.00125208450481296
0.000902863626834005
0.000868793285917491
0.000843240588437766
0.00101359223481268
0.000971004308667034
0.000809170247521251
0.00109025044366717
0.00149057677481323
0.00178017455618829
0.00271710846573114
0.00262341508641839
0.00363700720481575
0.00479539856314659
0.00308336457237601
0.00158427015412599
0.00102210976183414
0.00102210976183414
0.0011158031411469
0.00108173280023038
0.00117542629595846
0.000664371356833726
0.000459949398646131
0.000238492284552194
0.000195904372958466
0.000323668093187734
0.000340703263645992
0.00034922084887512
0.000434396642958745
0.000306632922729477
0.000153316461364739
0.000255527440458536
0.000332185678416863
0.000298115366604179
0.000281080196145922
0.00040884391637519
0.000562160392291844
0.000502537295687944
0.000255527440458536
0.000170351631822996
0.000281080196145922
0.000383291160687804
0.000442914228187874
0.000494019710458815
0.000442914228187874
0.000647336186375469
0.00137984822504222
0.00180572725366801
0.00154168228618801
0.00147354160435498
0.00194200861733407
0.00234233494848013
0.00137133058160543
0.000749547150917351
0.000400326331146061
0.000877310871146619
0.00104766257572919
0.000570677977520972
0.000485502154333517
0.000391808745916933
0.000212939543416724
0.000212939543416724
0.000264045025687665
0.000298115366604179
0.000323668093187734
0.000357738434104249
0.000298115366604179
0.000229974699323066
0.000212939543416724
0.000229974699323066
0.000195904372958466
0.000289597781375051
0.000229974699323066
0.000204421958187595
0.000264045025687665
0.000178869217052124
0.000170351631822996
0.000272562610916793
0.000315150507958606
0.000289597781375051
0.000247009855229408
0.000340703263645992
0.000630301015917212
0.000698441697750241
0.000553642807062715
0.000459949398646131
0.000681406527291983
0.0011583911255002
0.00155019981320947
0.00135429541114718
0.000885828456375748
0.000511054880917072
0.000374773575458676
0.000391808745916933
0.000425879086833447
0.000383291160687804
0.000332185678416863
0.000289597781375051
0.000281080196145922
0.000255527440458536
0.000204421958187595
0.000195904372958466
0.000187386787729338
0.000289597781375051
0.000187386787729338
0.000187386787729338
0.000110728557046968
0.000238492284552194
0.000255527440458536
0.000161834046593867
0.000153316461364739
0.000144798890687525
0.000212939543416724
0.000187386787729338
0.000178869217052124
0.000315150507958606
0.000425879086833447
0.00034922084887512
0.000306632922729477
0.00046846698387526
0.000545125221833587
0.000562160392291844
0.000919898797292262
0.000826205417979509
0.000562160392291844
0.000868793285917491
0.00168648117687553
0.0013117075432092
0.000698441697750241
0.000442914228187874
0.000332185678416863
0.000315150507958606
0.000400326331146061
0.000391808745916933
0.000323668093187734
0.000238492284552194
0.000238492284552194
0.000161834046593867
0.000204421958187595
0.000221457114093937
0.000255527440458536
