% Type: Spectrum
% Date: 11-DEC-24 14:17:12
% NoOfItems: = 1601
% Unit_Y: = dB
% Unit_X: = Hz
% Min_X: = 0
% Max_X: = 1000
% MinDisplay_X: = 0
% MaxDisplay_X: = 1000
0
0
0
0
0.0145204924046993
0.0141530046239495
0.0128338159993291
0.00721784401684999
0.00311893783509731
0.00252530304715037
0.00323201110586524
0.00276087247766554
0.00152648915536702
0.00169609906151891
0.0018657089676708
0.00218608323484659
0.00197878223843873
0.00156418024562299
0.00105535052716732
0.00164898519869894
0.00130976538639516
0.000848049530759454
0.00142283865716308
0.00208243285305798
0.0025158803910017
0.00147937529254705
0.00180917233228683
0.00200705067254603
0.00261953077279031
0.0023651160299778
0.00151706638280302
0.00172436737921089
0.00179032678715885
0.00164898519869894
0.00410832883790135
0.0148785579949617
0.0620489567518234
0.494243264198303
0.617521405220032
0.176978513598442
0.0162637047469616
0.00889509730041027
0.00150764361023903
0.00408006040379405
0.00297759613022208
0.00217666057869792
0.00318489712662995
0.00350527139380574
0.00230857939459383
0.0026383763179183
0.00203531887382269
0.00252530304715037
0.0017149446066469
0.00194109114818275
0.0012438059784472
0.000989391119219363
0.00113073270767927
0.00168667628895491
0.00173379015177488
0.00114015548024327
0.000895163393579423
0.000848049530759454
0.0100164068862796
0.0165840797126293
0.00660536345094442
0.000697285169735551
0.00105535052716732
0.00101765943691134
0.0010930416174233
0.00141341588459909
0.00142283865716308
0.00228973384946585
0.00311893783509731
0.00480561424046755
0.023349629715085
0.0941711887717247
0.0897990241646767
0.0212389286607504
0.00606826553121209
0.00477734580636024
0.00411775149405003
0.00183744064997882
0.000753821805119514
0.000763244577683508
0.00105535052716732
0.000848049530759454
0.000979968346655369
0.00101765943691134
0.000593634671531618
0.000650171306915581
0.000405179220251739
0.00048056140076369
0.00174321292433888
0.00258183968253434
0.00182801787741482
0.00286452285945415
0.00256299413740635
0.0018657089676708
0.00294932792894542
0.00163013965357095
0.00107419607229531
0.00143226142972708
0.00198820512741804
0.00209185550920665
0.00190340005792677
0.001545334700495
0.00303413276560605
0.00355238537304103
0.00207300996407866
0.00299644167535007
0.00807531643658876
0.0117973117157817
0.146222591400146
0.296025812625885
0.148832693696022
0.0148879811167717
0.0166783072054386
0.00347700319252908
0.00349584873765707
0.00262895366176963
0.00146052974741906
0.00169609906151891
0.00191282283049077
0.00130976538639516
0.00119669211562723
0.000914008938707411
0.000979968346655369
0.00083862675819546
0.000697285169735551
0.000395756447687745
0.000716130714863539
0.000753821805119514
0.000876317848451436
0.00164898519869894
0.00128149706870317
0.00164898519869894
0.00145110697485507
0.000584211898967624
0.000772667350247502
0.000442870310507715
0.000753821805119514
0.00142283865716308
0.00188455451279879
0.00130034261383116
0.000979968346655369
0.00173379015177488
0.00190340005792677
0.0014039931120351
0.00344873475842178
0.00588923273608088
0.0477640330791473
0.0609464943408966
0.0239715334028006
0.00496580125764012
0.00239338423125446
0.000678439624607563
0.0012438059784472
0.000687862397171557
0.000461715855635703
0.00180917233228683
0.0055500129237771
0.00391987338662148
0.00106477329973131
0.000584211898967624
0.000226146541535854
0.000725553487427533
0.000819781213067472
0.000537098036147654
0.000678439624607563
0.000452293083071709
0.00120611488819122
0.00166783074382693
0.000998813891783357
0.0010930416174233
0.000612480216659606
0.000725553487427533
0.000442870310507715
0.000961122801527381
0.00100823666434735
0.000414601992815733
0.000555943581275642
0.000650171306915581
0.00101765943691134
0.00106477329973131
0.00184686342254281
0.0031377833802253
0.00903643853962421
0.0694552585482597
0.235804885625839
0.239300727844238
0.130109637975693
0.0287959929555655
0.00869721919298172
0.00599288335070014
0.00715188449248672
0.00561597244814038
0.00604942021891475
0.00399525556713343
0.00464542675763369
0.00508829718455672
0.00424024788662791
0.00284567731432617
0.00307182385586202
0.00505060609430075
0.00727438041940331
0.00436274381354451
0.00319432001560926
0.00321316556073725
0.00207300996407866
0.00169609906151891
0.0060965339653194
0.00822608079761267
0.00271375849843025
0.00159244856331497
0.00305297831073403
0.00284567731432617
0.00258183968253434
0.00133803370408714
0.00228031096048653
0.00365603575482965
0.00424967054277658
0.00307182385586202
0.00325085665099323
0.00532386638224125
0.00718957558274269
0.0402540862560272
0.0782467052340508
0.0461715869605541
0.025281298905611
0.0146524114534259
0.00412717461585999
0.00231800205074251
0.00240280712023377
0.00249703484587371
0.00257241702638566
0.00176205846946687
0.00179032678715885
0.00178090401459485
0.0022143516689539
0.00279856356792152
0.00148879806511104
0.00423082476481795
0.00423082476481795
0.00379737745970488
0.00383506854996085
0.00206358730792999
0.00214839214459062
0.00212012394331396
0.00272318138740957
0.00342046655714512
0.0032602793071419
0.00387275964021683
0.00359007646329701
0.00486215064302087
0.00376910902559757
0.00327912485226989
0.00397641025483608
0.00412717461585999
0.00421197945252061
0.00330739328637719
0.00419313367456198
0.00632268050685525
0.00876317825168371
0.0381622277200222
0.125209808349609
0.153025820851326
0.0655165389180183
0.0396698713302612
0.0135311018675566
0.00794339738786221
0.00697285169735551
0.0100069846957922
0.00936623569577932
0.00783974677324295
0.00871606450527906
0.00661478657275438
0.00715188449248672
0.00849934108555317
0.00620960723608732
0.0132484184578061
0.00930969975888729
0.00699169747531414
0.00447581708431244
0.00444754865020514
0.00734976259991527
0.0054275169968605
0.00352411693893373
0.0062755667604506
0.00634152581915259
0.00465484987944365
0.00408948352560401
0.00556885870173573
0.00644517643377185
0.00489984173327684
0.00359949911944568
0.0076418686658144
0.00735918525606394
0.0065488270483911
0.011410977691412
0.0205981805920601
0.0622751042246819
0.187946617603302
0.249995574355125
0.186702817678452
0.0747037380933762
0.0205510668456554
0.00735918525606394
0.0098844887688756
0.00453235348686576
0.00709534762427211
0.0079151289537549
0.00625672098249197
0.00783032365143299
0.00807531643658876
0.00643575377762318
0.0039104507304728
0.00515425670892
0.00454177660867572
0.00237453868612647
0.00353353982791305
0.00413659727200866
0.0107984971255064
0.0101012121886015
0.00685035577043891
0.00897047948092222
0.00570077728480101
0.00478676846250892
0.00583269633352757
0.00594576960429549
0.00206358730792999
0.00525790732353926
0.0106571558862925
0.0115711651742458
0.0175546258687973
0.0189868863672018
0.0138232074677944
0.0380208864808083
0.0419501848518848
0.134585455060005
0.316859573125839
0.47352260351181
0.287696093320847
0.113883629441261
0.0382470339536667
0.0169798359274864
0.0126830516383052
0.0183178707957268
0.0235098171979189
0.020070506259799
0.00930969975888729
0.0104781230911613
0.0076418686658144
0.00896105635911226
0.0114957829937339
0.0135876378044486
0.0136818662285805
0.014916249550879
0.0156135344877839
0.00968661066144705
0.0109586846083403
0.00883856043219566
0.0133143775165081
0.0143414596095681
0.00946046411991119
0.0128715075552464
0.0106288874521852
0.00967718753963709
0.0116465473547578
0.0150198992341757
0.013474564999342
0.0119857667014003
0.0151706635951996
0.0132861090824008
0.00853703171014786
0.0222094748169184
0.0316982083022594
0.0920322239398956
0.153025820851326
0.141322746872902
0.0571962296962738
0.0434766747057438
0.0167065765708685
0.0106194643303752
0.00917778071016073
0.0102237081155181
0.0102708218619227
0.00847107265144587
0.0114863598719239
0.0125794010236859
0.00914008915424347
0.00607768818736076
0.00559712713584304
0.00467369519174099
0.00715188449248672
0.00684093311429024
0.00584211898967624
0.00755706382915378
0.00982795190066099
0.00282683176919818
0.0138514759019017
0.0107419611886144
0.00636037159711123
0.00801877956837416
0.00795282050967216
0.00534271216019988
0.00475850002840161
0.00480561424046755
0.00607768818736076
0.00859356857836246
0.0073686083778739
0.00770782819017768
0.0145299155265093
0.0211070105433464
0.0304261334240437
0.126246303319931
0.244096919894218
0.186175137758255
0.0812525674700737
0.0440326184034348
0.0127301653847098
0.00596461491659284
0.00522963888943195
0.00982795190066099
0.00966776441782713
0.00613422505557537
0.00520137045532465
0.00576673680916429
0.00537098059430718
0.00656767236068845
0.00408006040379405
0.00351469428278506
0.00518252514302731
0.00638864003121853
0.00569135462865233
0.00326970219612122
0.00414601992815733
0.00532386638224125
0.00382564566098154
0.00364661309868097
0.00484330533072352
0.00438158912584186
0.00429678428918123
0.00402352400124073
0.00342046655714512
0.00222377432510257
0.0040329466573894
0.00326970219612122
0.00440985755994916
0.00466427253559232
0.00595519226044416
0.00913066696375608
0.0179503820836544
0.0589300207793713
0.11961267888546
0.093850813806057
0.0581950433552265
0.0170740634202957
0.00924373976886272
0.00671843672171235
0.00506002875044942
0.00610595662146807
0.00559712713584304
0.00352411693893373
0.00362776755355299
0.00323201110586524
0.00274202693253756
0.00435332115739584
0.00288336840458214
0.00250645750202239
0.00257241702638566
0.0040329466573894
0.00385391409508884
0.00397641025483608
0.00418371101841331
0.00395756447687745
0.00304355565458536
0.00130034261383116
0.00179032678715885
0.00197878223843873
0.00212954659946263
0.00347700319252908
0.00556885870173573
0.00479619111865759
0.00238396157510579
0.00489984173327684
0.00371257239021361
0.00287394574843347
0.00693516060709953
0.0110623352229595
0.0390856601297855
0.0617945417761803
0.0569418147206306
0.0485555492341518
0.0148785579949617
0.00963007379323244
0.00575731415301561
0.00463600410148501
0.0029870190192014
0.00244992086663842
0.00198820512741804
0.00131918815895915
0.00219550612382591
0.00239338423125446
0.00193166837561876
0.00113073270767927
0.00179032678715885
0.00210127839818597
0.00240280712023377
0.00324143376201391
0.00289279129356146
0.00329797039739788
0.00215781503356993
0.00366545864380896
0.00273260404355824
0.00188455451279879
0.00330739328637719
0.00286452285945415
0.00311893783509731
0.00387275964021683
0.00384449120610952
0.00349584873765707
0.00413659727200866
0.00494695547968149
0.00450408551841974
0.00562539510428905
0.00881971511989832
0.0215027667582035
0.0469913668930531
0.065299816429615
0.0554907098412514
0.0385956764221191
0.0223602391779423
0.0107419611886144
0.00658651813864708
0.00537098059430718
0.00446639442816377
0.00389160518534482
0.00516367936506867
0.00611537927761674
0.00506002875044942
0.00299644167535007
0.00376910902559757
0.00494695547968149
0.00342988921329379
0.00301528722047806
0.00461715878918767
0.00386333675123751
0.00368430418893695
0.0047302320599556
0.00398583291098475
0.00661478657275438
0.00374084082432091
0.00200705067254603
0.00264779920689762
0.00260068522766232
0.00363719020970166
0.00368430418893695
0.00389160518534482
0.00411775149405003
0.00406121509149671
0.00428736163303256
0.00546520808711648
0.00721784401684999
0.0111565627157688
0.0145770292729139
0.0317735895514488
0.056772205978632
0.061021875590086
0.0388877838850021
0.0217571817338467
0.0153120057657361
0.0139174349606037
0.0076701370999217
0.00584211898967624
0.00598346069455147
0.00444754865020514
0.00459831301122904
0.00365603575482965
0.00445697130635381
0.00462658144533634
0.00521079311147332
0.00405179243534803
0.00640748534351587
0.00389160518534482
0.00312836049124599
0.00471138628199697
0.00394814182072878
0.00379737745970488
0.00376910902559757
0.00436274381354451
0.00450408551841974
0.00618133880198002
0.00335450703278184
0.00345815764740109
0.00644517643377185
0.00964891910552979
0.00931912194937468
0.00572904571890831
0.00931912194937468
0.0118350023403764
0.0110057983547449
0.010789074935019
0.0238773059099913
0.0911653265357018
0.114467844367027
0.0664776638150215
0.0354013554751873
0.0302470996975899
0.0263554956763983
0.0143791511654854
0.0064922901801765
0.00484330533072352
0.00580442789942026
0.00585154164582491
0.00535213481634855
0.003608922008425
0.00481503689661622
0.0062472983263433
0.00591750117018819
0.00305297831073403
0.00268549029715359
0.00358065357431769
0.003608922008425
0.00330739328637719
0.00409890618175268
0.00425909319892526
0.00369372684508562
0.0040046782232821
0.0047302320599556
0.0055500129237771
0.00424024788662791
0.00355238537304103
0.0055500129237771
0.00704823387786746
0.00505060609430075
0.00669016875326633
0.00723668932914734
0.0115994326770306
0.0179126914590597
0.0228784922510386
0.0599194094538689
0.0966493785381317
0.0899592116475105
0.0546709261834621
0.0241599883884192
0.0257430151104927
0.0174792427569628
0.00946988631039858
0.00552174495533109
0.00697285169735551
0.00882913824170828
0.00870664231479168
0.00851818639785051
0.00933796726167202
0.00917778071016073
0.0101954396814108
0.0105346599593759
0.00824492610991001
0.0065488270483911
0.00963949598371983
0.0116182789206505
0.0122119132429361
0.00449466239660978
0.0109586846083403
0.0104875462129712
0.0080093564465642
0.0136064840480685
0.0137007115408778
0.0119009613990784
0.0128997759893537
0.00974314659833908
0.011816157028079
0.0143037689849734
0.0203626118600369
0.0199291650205851
0.0345815755426884
0.0529936738312244
0.069549486041069
0.145195499062538
0.127292230725288
0.0752502605319023
0.0428547710180283
0.0308690033853054
0.0251305345445871
0.0143037689849734
0.00890452042222023
0.00703881122171879
0.00669959140941501
0.00550289917737246
0.0051259882748127
0.00528617529198527
0.00849934108555317
0.00688804686069489
0.00502233766019344
0.00510714296251535
0.00352411693893373
0.00280798622407019
0.00339219812303782
0.00520137045532465
0.00496580125764012
0.0050034923478961
0.0037314179353416
0.00325085665099323
0.00504118343815207
0.0040329466573894
0.00312836049124599
0.00379737745970488
0.00301528722047806
0.00232742493972182
0.00207300996407866
0.00342046655714512
0.0052767526358366
0.00537098059430718
0.00484330533072352
0.00856530014425516
0.0123815229162574
0.0194203350692987
0.0243390221148729
0.0178655777126551
0.012843239121139
0.00606826553121209
0.00778321037068963
0.00572904571890831
0.0032885477412492
0.00249703484587371
0.00212012394331396
0.00208243285305798
0.00209185550920665
0.00211070105433464
0.00267606740817428
0.00181859510485083
0.00166783074382693
0.00163956242613494
0.00172436737921089
0.00180917233228683
0.00177148124203086
0.00182801787741482
0.00163956242613494
0.00209185550920665
0.00226146541535854
0.00238396157510579
0.00228031096048653
0.00117784657049924
0.001554757473059
0.0026383763179183
0.00257241702638566
0.00285510020330548
0.00323201110586524
0.00239338423125446
0.00322258821688592
0.0050034923478961
0.00538040325045586
0.0132107269018888
0.0208620186895132
0.0239809565246105
0.0152272004634142
0.0176865439862013
0.013474564999342
0.00573846837505698
0.00584211898967624
0.00398583291098475
0.00243107532151043
0.00230857939459383
0.00206358730792999
0.00275144958868623
0.00261953077279031
0.00202589621767402
0.0024876119568944
0.00232742493972182
0.00215781503356993
0.0018562861951068
0.00159244856331497
0.00197878223843873
0.00227088830433786
0.00249703484587371
0.00161129410844296
0.00132861093152314
0.00131918815895915
0.00146995251998305
0.00151706638280302
0.00210127839818597
0.00209185550920665
0.00177148124203086
0.00228973384946585
0.00371257239021361
0.00334508437663317
0.00321316556073725
0.00471138628199697
0.00528617529198527
0.00910239852964878
0.015952754765749
0.0188172776252031
0.0231894440948963
0.0208149049431086
0.0115334736183286
0.00690689217299223
0.00701996544376016
0.00590807851403952
0.0028362546581775
0.00148879806511104
0.0012343832058832
0.00179032678715885
0.00215781503356993
0.00120611488819122
0.00146052974741906
0.00130034261383116
0.00158302579075098
0.00149822083767504
0.000687862397171557
0.00152648915536702
0.00126265152357519
0.00224261987023056
0.00188455451279879
0.00242165266536176
0.00250645750202239
0.00129091984126717
0.00117784657049924
0.00117784657049924
0.000697285169735551
0.00162071688100696
0.00131918815895915
0.00178090401459485
0.00151706638280302
0.00158302579075098
0.00202589621767402
0.00269491295330226
0.00223319721408188
0.00312836049124599
0.0124097913503647
0.0235757771879435
0.0202966518700123
0.0172719415277243
0.00863126013427973
0.00822608079761267
0.00538040325045586
0.00563481822609901
0.00367488129995763
0.00172436737921089
0.00137572479434311
0.0012343832058832
0.00160187133587897
0.0017149446066469
0.00179032678715885
0.00214839214459062
0.00183744064997882
0.00143226142972708
0.0017055218340829
0.00166783074382693
0.00149822083767504
0.00212012394331396
0.00177148124203086
0.00118726934306324
0.00146052974741906
0.00228973384946585
0.00232742493972182
0.00244049821048975
0.00176205846946687
0.00152648915536702
0.00147937529254705
0.00199762778356671
0.00215781503356993
0.00102708220947534
0.00179032678715885
0.003109514946118
0.00421197945252061
0.00793397426605225
0.00999756157398224
0.00915893539786339
0.00666190031915903
0.0125699788331985
0.0112602133303881
0.00927200820297003
0.00808473862707615
0.00273260404355824
0.00161129410844296
0.00233684759587049
0.00293048238381743
0.00181859510485083
0.0018562861951068
0.00233684759587049
0.00250645750202239
0.0026383763179183
0.00220492877997458
0.0018657089676708
0.00191282283049077
0.00148879806511104
0.00205416441895068
0.00136630202177912
0.00129091984126717
0.00212012394331396
0.00168667628895491
0.00126265152357519
0.00149822083767504
0.00150764361023903
0.00105535052716732
0.00146995251998305
0.00194109114818275
0.00149822083767504
0.00144168420229107
0.00104592775460333
0.00174321292433888
0.00239338423125446
0.00308124674484134
0.00375026348046958
0.0121176857501268
0.0158491041511297
0.0076136002317071
0.00535213481634855
0.00351469428278506
0.00234627048484981
0.00214839214459062
0.00153591192793101
0.00146052974741906
0.00149822083767504
0.00129091984126717
0.00115900102537125
0.000508829718455672
0.000970545574091375
0.000904586166143417
0.000452293083071709
0.000744399032555521
0.00119669211562723
0.00107419607229531
0.00115900102537125
0.00151706638280302
0.00115900102537125
0.00117784657049924
0.00166783074382693
0.00114957825280726
0.00114015548024327
0.000979968346655369
0.000687862397171557
0.000951700028963387
0.00106477329973131
0.00138514756690711
0.00147937529254705
0.00145110697485507
0.0012343832058832
0.0013945703394711
0.00118726934306324
0.000659594079479575
0.00130976538639516
0.00330739328637719
0.00322258821688592
0.00340162101201713
0.0047302320599556
0.00410832883790135
0.00247818930074573
0.00141341588459909
0.000810358440503478
0.000631325761787593
0.000772667350247502
0.000593634671531618
0.000358065357431769
0.000650171306915581
0.000706707942299545
0.00052767526358366
0.000734976259991527
0.000697285169735551
0.000650171306915581
0.000753821805119514
0.000819781213067472
0.000640748534351587
0.000669016852043569
0.00111188716255128
0.0010836188448593
0.000546520808711648
0.000358065357431769
0.000650171306915581
0.000734976259991527
0.000584211898967624
0.000518252491019666
0.000471138628199697
0.000800935667939484
0.000819781213067472
0.000744399032555521
0.000603057444095612
0.000518252491019666
0.000706707942299545
0.00254414859227836
0.00280798622407019
0.00257241702638566
0.00237453868612647
0.00150764361023903
0.00169609906151891
0.00117784657049924
0.000800935667939484
0.0010930416174233
0.000678439624607563
0.000348642584867775
0.000329797039739788
0.000414601992815733
0.000471138628199697
0.000197878223843873
0.000348642584867775
0.000555943581275642
0.000358065357431769
0.000179032678715885
0.000301528722047806
0.000395756447687745
0.000386333675123751
0.000405179220251739
0.000631325761787593
0.000565366353839636
0.000358065357431769
0.00021672376897186
0.000452293083071709
0.000358065357431769
0.000301528722047806
0.000499406945891678
0.000546520808711648
0.000584211898967624
0.000650171306915581
0.000669016852043569
0.000499406945891678
0.00057478912640363
0.000989391119219363
0.00159244856331497
0.00270433584228158
0.00312836049124599
0.00164898519869894
0.00184686342254281
0.0012343832058832
0.00057478912640363
0.000452293083071709
0.000405179220251739
0.000273260404355824
0.000282683176919818
0.000367488129995763
0.000320374267175794
0.0003109514946118
0.000348642584867775
0.0003109514946118
0.000367488129995763
0.000329797039739788
0.000405179220251739
0.000329797039739788
0.000207300996407866
0.000442870310507715
0.000414601992815733
0.000358065357431769
0.000376910902559757
0.000207300996407866
0.000292105949483812
0.000424024765379727
0.000414601992815733
0.000433447537943721
0.000508829718455672
0.000565366353839636
0.000442870310507715
0.00057478912640363
0.000612480216659606
0.000603057444095612
0.00129091984126717
0.00197878223843873
0.00193166837561876
0.00423082476481795
0.00566308619454503
0.00265722186304629
0.0014039931120351
0.00118726934306324
0.00118726934306324
0.00100823666434735
0.00052767526358366
0.000452293083071709
0.000301528722047806
0.000301528722047806
0.000424024765379727
0.000565366353839636
0.00048056140076369
0.000621902989223599
0.00052767526358366
0.000282683176919818
0.000320374267175794
0.000339219812303782
0.000235569314099848
0.000301528722047806
0.000442870310507715
0.000386333675123751
0.000367488129995763
0.000339219812303782
0.000386333675123751
0.000424024765379727
0.000301528722047806
0.000254414859227836
0.000386333675123751
0.0003109514946118
0.000254414859227836
0.000442870310507715
0.000565366353839636
0.000819781213067472
0.000914008938707411
0.000866895075887442
0.000772667350247502
0.000763244577683508
0.000678439624607563
0.000659594079479575
0.000565366353839636
0.000433447537943721
0.000433447537943721
0.000555943581275642
0.000612480216659606
0.000461715855635703
0.000489984173327684
0.000329797039739788
0.000292105949483812
0.000424024765379727
0.000471138628199697
0.000424024765379727
0.000452293083071709
0.000414601992815733
0.000518252491019666
0.000687862397171557
0.000518252491019666
0.000734976259991527
0.00130976538639516
0.00126265152357519
0.00128149706870317
0.00112130993511528
0.000819781213067472
0.000866895075887442
0.000565366353839636
0.000678439624607563
0.000979968346655369
0.000555943581275642
0.000603057444095612
0.000885740621015429
0.00127207429613918
0.0014039931120351
0.00135687924921513
0.00210127839818597
0.00212954659946263
0.00262895366176963
0.00262895366176963
0.0023651160299778
0.00157360301818699
0.00144168420229107
0.0013945703394711
0.00161129410844296
0.00134745647665113
0.00100823666434735
0.00125322875101119
0.00110246438998729
0.00136630202177912
0.00149822083767504
0.000998813891783357
0.00151706638280302
0.00181859510485083
0.0020164733286947
0.00259126257151365
0.00260068522766232
0.00258183968253434
0.00257241702638566
0.00331681594252586
0.0021672376897186
0.001545334700495
0.0023651160299778
0.00363719020970166
0.00346758030354977
0.00253472593612969
0.00292105949483812
0.00380680011585355
0.00239338423125446
0.00203531887382269
0.00250645750202239
0.00376910902559757
0.00422140210866928
0.00534271216019988
0.00532386638224125
0.00562539510428905
0.00466427253559232
0.00282683176919818
0.00212012394331396
0.00166783074382693
0.0021672376897186
0.00203531887382269
0.00146995251998305
0.00138514756690711
0.00177148124203086
0.00163956242613494
0.00100823666434735
0.000942277256399393
0.000866895075887442
0.00102708220947534
0.00142283865716308
0.00114957825280726
0.00128149706870317
0.000989391119219363
0.000848049530759454
0.000499406945891678
0.000895163393579423
0.00114015548024327
0.000697285169735551
0.000810358440503478
0.00120611488819122
0.0012343832058832
0.0012438059784472
0.000942277256399393
0.000518252491019666
0.000932854483835399
0.000734976259991527
0.000631325761787593
0.000706707942299545
0.000951700028963387
0.000734976259991527
0.0017055218340829
0.00250645750202239
0.00162071688100696
0.00180917233228683
0.00195051392074674
0.00143226142972708
0.00113073270767927
0.000961122801527381
0.000744399032555521
0.000772667350247502
0.000876317848451436
0.000932854483835399
0.00101765943691134
0.000923431711271405
0.000763244577683508
0.000706707942299545
0.000565366353839636
0.00048056140076369
0.000395756447687745
0.000659594079479575
0.00079151289537549
0.000612480216659606
0.00057478912640363
0.000640748534351587
0.000640748534351587
0.0010930416174233
0.00153591192793101
0.0013945703394711
0.000885740621015429
0.000631325761787593
0.000782090122811496
0.000885740621015429
0.000857472303323448
0.000716130714863539
0.000424024765379727
0.00083862675819546
0.000970545574091375
0.000706707942299545
0.0010836188448593
0.00100823666434735
0.00119669211562723
0.00191282283049077
0.00118726934306324
0.00083862675819546
0.000716130714863539
0.000885740621015429
0.000810358440503478
0.000687862397171557
0.000716130714863539
0.000772667350247502
0.000970545574091375
0.000942277256399393
0.000725553487427533
0.000725553487427533
0.00052767526358366
0.000518252491019666
0.000433447537943721
0.000499406945891678
0.000961122801527381
0.000866895075887442
0.000763244577683508
0.000669016852043569
0.000829203985631466
0.00125322875101119
0.00153591192793101
0.00141341588459909
0.00111188716255128
0.00104592775460333
0.000744399032555521
0.000810358440503478
0.000716130714863539
0.000518252491019666
0.00057478912640363
0.000923431711271405
0.00083862675819546
0.000810358440503478
0.00128149706870317
0.0012438059784472
0.00181859510485083
0.00177148124203086
0.00113073270767927
0.000772667350247502
0.000631325761787593
0.000452293083071709
0.00079151289537549
0.00146995251998305
0.00122496043331921
0.000772667350247502
0.000763244577683508
0.000942277256399393
0.0010930416174233
0.00126265152357519
0.00138514756690711
0.000970545574091375
0.000914008938707411
0.00101765943691134
0.000866895075887442
0.0012438059784472
0.00128149706870317
0.00115900102537125
0.00146052974741906
0.00208243285305798
0.00174321292433888
0.00134745647665113
0.00148879806511104
0.00144168420229107
0.00130034261383116
0.00126265152357519
0.000687862397171557
0.000678439624607563
0.00112130993511528
0.00117784657049924
0.00142283865716308
0.00254414859227836
0.00249703484587371
0.00231800205074251
0.00260068522766232
0.00243107532151043
0.00158302579075098
0.00156418024562299
0.00165840797126293
0.00164898519869894
0.00130034261383116
0.000961122801527381
0.00100823666434735
0.00119669211562723
0.000819781213067472
0.000895163393579423
0.00119669211562723
0.00107419607229531
0.00079151289537549
0.000452293083071709
0.000734976259991527
0.00079151289537549
0.000942277256399393
0.000744399032555521
0.000621902989223599
0.000904586166143417
0.00083862675819546
0.000555943581275642
0.000584211898967624
0.000706707942299545
0.000753821805119514
0.000612480216659606
0.000914008938707411
0.000961122801527381
0.000744399032555521
0.000631325761787593
0.000923431711271405
0.00105535052716732
0.000970545574091375
0.00125322875101119
0.001554757473059
0.00184686342254281
0.00181859510485083
0.00148879806511104
0.000848049530759454
0.00100823666434735
0.00183744064997882
0.00164898519869894
0.000932854483835399
0.00105535052716732
0.000687862397171557
0.000734976259991527
0.000518252491019666
0.000546520808711648
0.000725553487427533
0.000857472303323448
0.000678439624607563
0.000471138628199697
0.000367488129995763
0.000414601992815733
0.000489984173327684
0.000546520808711648
0.000687862397171557
0.000678439624607563
0.00057478912640363
0.000621902989223599
0.000669016852043569
0.000678439624607563
0.000650171306915581
0.000508829718455672
0.000716130714863539
0.000848049530759454
0.000772667350247502
0.000706707942299545
0.000339219812303782
0.000819781213067472
0.00130034261383116
0.00206358730792999
0.00244992086663842
0.00319432001560926
0.00324143376201391
0.00326970219612122
0.000942277256399393
0.000998813891783357
0.001545334700495
0.00163013965357095
0.00153591192793101
0.00121553766075522
0.00083862675819546
0.000763244577683508
0.000584211898967624
0.000866895075887442
0.000895163393579423
0.000866895075887442
0.000744399032555521
0.000555943581275642
0.000631325761787593
0.000292105949483812
0.000405179220251739
0.000678439624607563
0.00114015548024327
0.00104592775460333
0.00118726934306324
0.000970545574091375
0.00107419607229531
0.00149822083767504
0.00120611488819122
0.00137572479434311
0.00156418024562299
0.00136630202177912
0.00209185550920665
0.00191282283049077
0.00197878223843873
0.00306240119971335
0.00508829718455672
0.00404236931353807
0.00714246183633804
0.0082826167345047
0.0112790586426854
0.00777378724887967
0.00339219812303782
0.0024876119568944
0.00302471010945737
0.00308124674484134
0.00164898519869894
0.00203531887382269
0.00150764361023903
0.00131918815895915
0.000989391119219363
0.000725553487427533
0.00114015548024327
0.00174321292433888
0.00118726934306324
0.000734976259991527
0.0010836188448593
0.000829203985631466
0.000414601992815733
0.000697285169735551
0.000923431711271405
0.000725553487427533
0.000734976259991527
0.000537098036147654
0.00057478912640363
0.000508829718455672
0.000631325761787593
0.000697285169735551
0.000621902989223599
0.000612480216659606
0.000914008938707411
0.000678439624607563
0.000593634671531618
0.00101765943691134
0.00168667628895491
0.00242165266536176
0.00159244856331497
0.00209185550920665
0.0029870190192014
0.00179032678715885
0.00131918815895915
0.000914008938707411
0.000706707942299545
0.000998813891783357
0.000951700028963387
0.00052767526358366
0.000320374267175794
0.000339219812303782
0.000339219812303782
0.000414601992815733
0.000471138628199697
0.000367488129995763
0.000235569314099848
0.000131918815895915
0.000254414859227836
0.0003109514946118
0.000226146541535854
0.000244992086663842
0.00026383763179183
0.000442870310507715
0.000292105949483812
0.000244992086663842
0.000358065357431769
0.000358065357431769
0.000292105949483812
0.000244992086663842
0.00026383763179183
0.000414601992815733
0.000424024765379727
0.000386333675123751
0.000452293083071709
0.00138514756690711
0.00207300996407866
0.00149822083767504
0.000810358440503478
0.00112130993511528
0.00147937529254705
0.000914008938707411
0.000612480216659606
0.000593634671531618
0.000555943581275642
0.00052767526358366
0.000367488129995763
0.000301528722047806
0.000188455451279879
0.000273260404355824
0.000244992086663842
0.000197878223843873
0.0003109514946118
0.000329797039739788
0.000235569314099848
0.000226146541535854
0.000235569314099848
0.000179032678715885
0.000197878223843873
0.000188455451279879
0.000273260404355824
0.0003109514946118
0.00021672376897186
0.000131918815895915
0.000254414859227836
0.000254414859227836
0.000273260404355824
0.000244992086663842
0.000282683176919818
0.000329797039739788
0.000292105949483812
0.000235569314099848
0.000320374267175794
0.000489984173327684
0.000546520808711648
0.00057478912640363
0.000621902989223599
0.000848049530759454
0.000876317848451436
0.000358065357431769
0.000244992086663842
0.000433447537943721
0.000461715855635703
0.000442870310507715
0.000254414859227836
0.000131918815895915
0.000226146541535854
0.00021672376897186
0.00021672376897186
0.000244992086663842
0.000292105949483812
0.000226146541535854
0.000179032678715885
0.000179032678715885
0.000207300996407866
0.000207300996407866
0.000160187133587897
0.000244992086663842
0.000150764361023903
0.000160187133587897
0.000169609906151891
0.000131918815895915
0.000103650498203933
0.000188455451279879
0.000254414859227836
0.000244992086663842
0.000254414859227836
0.000254414859227836
0.000358065357431769
0.000244992086663842
0.000386333675123751
0.000857472303323448
0.00083862675819546
0.000895163393579423
0.000659594079479575
0.000810358440503478
0.000744399032555521
0.000405179220251739
0.000320374267175794
0.000405179220251739
0.000376910902559757
0.000329797039739788
0.000301528722047806
0.0003109514946118
0.000339219812303782
0.000235569314099848
0.000254414859227836
0.00026383763179183
0.00021672376897186
0.000244992086663842
