% Type: Spectrum
% Date: 11-DEC-24 14:12:48
% NoOfItems: = 1601
% Unit_Y: = dB
% Unit_X: = Hz
% Min_X: = 0
% Max_X: = 1000
% MinDisplay_X: = 0
% MaxDisplay_X: = 1000
0
0
0
0
0.0166597999632359
0.00624742498621345
0.0058415187522769
0.00381198828108609
0.0026913343463093
0.00424436666071415
0.00315900868736207
0.00217071548104286
0.00220601167529821
0.00166774482931942
0.00147361576091498
0.00161480053793639
0.00109418178908527
0.00138537539169192
0.00168539292644709
0.00200305855832994
0.00132360705174506
0.00211777118965983
0.00142067158594728
0.00123536656610668
0.00177363341208547
0.00143831968307495
0.00208247499540448
0.00242661288939416
0.00325607322156429
0.00271780649200082
0.00145596766378731
0.00126183871179819
0.00292958342470229
0.00421789428219199
0.00493264198303223
0.0114006688818336
0.0607094429433346
0.463430106639862
0.578283905982971
0.166465640068054
0.0173304285854101
0.00659156311303377
0.00412082998082042
0.00422671856358647
0.00374139589257538
0.00328254536725581
0.00273545458912849
0.00305312010459602
0.00307076820172369
0.00298252771608531
0.00209129904396832
0.00112065393477678
0.0017559853149578
0.00187069794628769
0.00173833721783012
0.00202070665545762
0.00153538410086185
0.00167656887788326
0.00244426098652184
0.00123536656610668
0.000988293206319213
0.00100594130344689
0.0103859035298228
0.0165539123117924
0.00674157170578837
0.000926524924580008
0.00198541046120226
0.00125301466323435
0.000952997070271522
0.00157950434368104
0.00219718762673438
0.00258544576354325
0.00279722292907536
0.0048002814874053
0.0313694849610329
0.117139220237732
0.106179751455784
0.0269398149102926
0.0048002814874053
0.00420024618506432
0.00357373896986246
0.00232072430662811
0.00142949563451111
0.00136772729456425
0.00139419944025576
0.00102358940057456
0.00131478300318122
0.00087358063319698
0.000555914943106472
0.000573563040234149
0.000908876827452332
0.000979469157755375
0.00144714361522347
0.00247955718077719
0.00150891195517033
0.00256779766641557
0.00253250147216022
0.00213541928678751
0.003326665610075
0.00319430488161743
0.00267368624918163
0.00222365977242589
0.00267368624918163
0.00206482689827681
0.00126183871179819
0.00157950434368104
0.00157950434368104
0.00156185624655336
0.00187069794628769
0.00396199710667133
0.00604447210207582
0.00810047518461943
0.156291514635086
0.314674317836761
0.159777015447617
0.0102358944714069
0.0151597121730447
0.00518853962421417
0.00122654251754284
0.00216189143247902
0.00162362458650023
0.00156185624655336
0.00177363341208547
0.0010324134491384
0.000970645167399198
0.000758868001867086
0.00105888559482992
0.00120007037185133
0.00127948680892587
0.000970645167399198
0.00105006154626608
0.000679451623000205
0.000714747817255557
0.00156185624655336
0.00096182111883536
0.00113830203190446
0.00145596766378731
0.000997117254883051
0.000688275671564043
0.00105888559482992
0.00127948680892587
0.00135890324600041
0.00125301466323435
0.00106770964339375
0.00135007919743657
0.00306194415315986
0.00296487961895764
0.00204717880114913
0.00316783273592591
0.00828577950596809
0.042028933763504
0.0528648644685745
0.0182393044233322
0.00355609087273479
0.00180892960634083
0.00100594130344689
0.000758868001867086
0.000494146603159606
0.000388258049497381
0.00235602050088346
0.00509147485718131
0.00285899126902223
0.0007853401475586
0.000361785903805867
0.000600035185925663
0.000379434000933543
0.000723571807611734
0.000529442797414958
0.000802988244686276
0.000679451623000205
0.00107653369195759
0.00112947798334062
0.000494146603159606
0.0010324134491384
0.000697099720127881
0.000405906146625057
0.000405906146625057
0.000652979477308691
0.000750043953303248
0.000979469157755375
0.0010324134491384
0.00109418178908527
0.0007853401475586
0.00112947798334062
0.00210012309253216
0.00475616101175547
0.00998882111161947
0.0876845493912697
0.283428370952606
0.277904540300369
0.155267924070358
0.0302929524332285
0.00861226953566074
0.00366197945550084
0.00553267728537321
0.00536502059549093
0.00453556003049016
0.00363550730980933
0.00363550730980933
0.00259426981210709
0.00274427863769233
0.00206482689827681
0.00224130786955357
0.00402376521378756
0.00541796488687396
0.00335313775576651
0.00250602932646871
0.00210012309253216
0.0037678680382669
0.00304429605603218
0.00725336652249098
0.00962703488767147
0.00441202335059643
0.00206482689827681
0.00151773600373417
0.00110300583764911
0.00225895596668124
0.00179128150921315
0.00101476535201073
0.00232954835519195
0.00349432253278792
0.00341490609571338
0.0018265777034685
0.00420024618506432
0.0100064687430859
0.0398582182824612
0.0707776769995689
0.0379698723554611
0.0175422057509422
0.0109506417065859
0.00407670950517058
0.00195011438336223
0.00279722292907536
0.00279722292907536
0.00338843395002186
0.00366197945550084
0.00214424333535135
0.00184422580059618
0.00210012309253216
0.00186187389772385
0.0021795395296067
0.00470321672037244
0.00473851291462779
0.00254132552072406
0.00310606439597905
0.00322960107587278
0.00362668326124549
0.0023648445494473
0.00402376521378756
0.00357373896986246
0.00259426981210709
0.00274427863769233
0.00262956600636244
0.00260309386067092
0.00390022876672447
0.00313253654167056
0.00493264198303223
0.00419142236933112
0.00380316423252225
0.00425319047644734
0.00518853962421417
0.010218245908618
0.0116300936788321
0.0563944838941097
0.142058327794075
0.158524006605148
0.0451526455581188
0.0297105647623539
0.00759750418365002
0.00884169526398182
0.00675921980291605
0.00794164184480906
0.0107123926281929
0.00606212019920349
0.00713865365833044
0.00574445445090532
0.00665333122014999
0.00642390595749021
0.00913288816809654
0.0114271407946944
0.00997117254883051
0.0077563370577991
0.00397964520379901
0.0028766393661499
0.00377669208683074
0.00333548965863883
0.00537384441122413
0.00551502918824553
0.00505617866292596
0.00205600284971297
0.00410318188369274
0.00426201475784183
0.00271780649200082
0.00599152781069279
0.00619448069483042
0.00615036068484187
0.00517971534281969
0.00802105851471424
0.010685920715332
0.0192187745124102
0.0715541988611221
0.236325621604919
0.270245254039764
0.195946782827377
0.0742808282375336
0.0232954826205969
0.00787987373769283
0.00693570077419281
0.00497676245868206
0.00354726682417095
0.0039884690195322
0.00344137824140489
0.00415612617507577
0.00650332262739539
0.00306194415315986
0.00259426981210709
0.00393552472814918
0.00432378286495805
0.00375904398970306
0.00454438431188464
0.00264721410349011
0.00824165996164083
0.0079063456505537
0.00708570936694741
0.00971527583897114
0.00682098837569356
0.00413847807794809
0.00410318188369274
0.00754455989226699
0.00889463908970356
0.00776516133919358
0.00870933383703232
0.00954761821776628
0.0164833199232817
0.0182746015489101
0.0203217789530754
0.0422142408788204
0.0315724387764931
0.16682742536068
0.407370954751968
0.509641647338867
0.275919109582901
0.120598249137402
0.05252955108881
0.0217071548104286
0.013324311003089
0.0147891025990248
0.0121330646798015
0.022324837744236
0.0183981377631426
0.0181245915591717
0.0197305679321289
0.0175422057509422
0.0133949033915997
0.0180451758205891
0.013544911518693
0.0138625772669911
0.0122654251754284
0.00689158076420426
0.0166245047003031
0.0113477241247892
0.010941818356514
0.0163156632333994
0.013324311003089
0.0114624369889498
0.0108976978808641
0.0122830728068948
0.0119918799027801
0.00882404670119286
0.0120095275342464
0.0146920382976532
0.013544911518693
0.00607094401493669
0.00827695615589619
0.0210277028381824
0.032348956912756
0.093376062810421
0.170277625322342
0.15203832089901
0.0446320287883282
0.0613977164030075
0.030160591006279
0.0163862556219101
0.0102094225585461
0.00902699958533049
0.00946820247918367
0.00578857446089387
0.0032119529787451
0.00727983843535185
0.00720042223110795
0.00341490609571338
0.00368845160119236
0.00382081232964993
0.00547090917825699
0.00495911436155438
0.00363550730980933
0.00615036068484187
0.0106594488024712
0.00850638095289469
0.0118771670386195
0.0109682902693748
0.00632684165611863
0.00546208489686251
0.00477380910888314
0.00545326108112931
0.00440319953486323
0.00697982078418136
0.00725336652249098
0.00750926369801164
0.00846226047724485
0.00592975923791528
0.0137655129656196
0.0212924256920815
0.0327813327312469
0.131275340914726
0.267148017883301
0.211671233177185
0.0632066503167152
0.0294899642467499
0.00776516133919358
0.0059121111407876
0.00375021994113922
0.007835753262043
0.00669745169579983
0.0039884690195322
0.00208247499540448
0.00322077702730894
0.00353844277560711
0.00517971534281969
0.00699746888130903
0.00593858351930976
0.00562974205240607
0.00598270352929831
0.00494146626442671
0.00528560392558575
0.00451791193336248
0.00345020228996873
0.00476498529314995
0.0056120939552784
0.00355609087273479
0.00375904398970306
0.00350314658135176
0.00442084763199091
0.0039884690195322
0.0059121111407876
0.00421789428219199
0.00301782391034067
0.00483557768166065
0.00240896479226649
0.00937996152788401
0.00990058016031981
0.0189187563955784
0.0689158067107201
0.129995852708817
0.100726492702961
0.0579739883542061
0.0132625419646502
0.00624742498621345
0.00692687649279833
0.00484440149739385
0.00349432253278792
0.00397082092240453
0.00208247499540448
0.00309724034741521
0.00268251029774547
0.00137655134312809
0.00142949563451111
0.00284134317189455
0.00263839005492628
0.00313253654167056
0.00385610852390528
0.00210012309253216
0.0058326949365437
0.00457968050613999
0.0029560555703938
0.00184422580059618
0.00224130786955357
0.00272663054056466
0.00270898244343698
0.0029560555703938
0.00445614382624626
0.00396199710667133
0.00372374779544771
0.00296487961895764
0.00348549848422408
0.00372374779544771
0.00466792052611709
0.00710335746407509
0.00856814906001091
0.0393728949129581
0.0586004965007305
0.0514441914856434
0.0417818613350391
0.0155038498342037
0.00598270352929831
0.00478263339027762
0.00345020228996873
0.00445614382624626
0.00384728447534144
0.00247073313221335
0.00189717009197921
0.00273545458912849
0.00334431370720267
0.00276192673482001
0.00315018463879824
0.00263839005492628
0.00220601167529821
0.00212659523822367
0.00213541928678751
0.00434143096208572
0.00499441055580974
0.00224130786955357
0.00245308503508568
0.00264721410349011
0.00338843395002186
0.00290311127901077
0.002108947141096
0.00181775365490466
0.00220601167529821
0.00266486220061779
0.00231190025806427
0.00372374779544771
0.00520618772134185
0.00525913201272488
0.00762397656217217
0.0126448590308428
0.0161480065435171
0.0490264035761356
0.0787722691893578
0.0636037290096283
0.041852455586195
0.0201276503503323
0.00497676245868206
0.00782692991197109
0.00461497670039535
0.00486204959452152
0.0044296714477241
0.00271780649200082
0.00394434900954366
0.0072445422410965
0.00441202335059643
0.00288546341471374
0.00480910530313849
0.00452673621475697
0.00216189143247902
0.00335313775576651
0.00512677105143666
0.00555914966389537
0.0042090704664588
0.00405906140804291
0.00644155405461788
0.00528560392558575
0.00602682400494814
0.00474733719602227
0.00352961872704327
0.00169421697501093
0.00217071548104286
0.00336196180433035
0.00264721410349011
0.00433260714635253
0.00590328732505441
0.00653861882165074
0.00632684165611863
0.00927407294511795
0.0178069267421961
0.0345726162195206
0.0483469516038895
0.0563150681555271
0.0455056093633175
0.0213365443050861
0.0121771842241287
0.00916818436235189
0.00773868896067142
0.00705041317269206
0.00488852197304368
0.00374139589257538
0.00439437525346875
0.00395317282527685
0.00327372131869197
0.00337960990145802
0.00207365094684064
0.00320312893018126
0.00502088246867061
0.00497676245868206
0.00644155405461788
0.00743867130950093
0.0053209001198411
0.00507382676005363
0.00530325202271342
0.00437672715634108
0.0053120763041079
0.00652979454025626
0.00501205865293741
0.00316783273592591
0.00546208489686251
0.004870873875916
0.00541796488687396
0.00732395891100168
0.00420024618506432
0.00820636376738548
0.00990058016031981
0.00809165090322495
0.0191834773868322
0.0740072801709175
0.096438005566597
0.0630125179886818
0.0307606272399426
0.0268780458718538
0.020683566108346
0.0122389532625675
0.0056120939552784
0.0044296714477241
0.00521501153707504
0.00662685930728912
0.00515324342995882
0.0044296714477241
0.00294723152182996
0.00336196180433035
0.00345902633853257
0.00466792052611709
0.00300017581321299
0.0035825630184263
0.00395317282527685
0.004870873875916
0.00374139589257538
0.00475616101175547
0.00520618772134185
0.00404141331091523
0.00480910530313849
0.00418259808793664
0.00214424333535135
0.00447379192337394
0.00430613476783037
0.00537384441122413
0.00550620537251234
0.00934466533362865
0.00615036068484187
0.00795046612620354
0.0135272638872266
0.0141890672966838
0.0315812639892101
0.0629595741629601
0.0659421011805534
0.0368933379650116
0.0263133067637682
0.0145685011520982
0.0109771145507693
0.00814459472894669
0.00452673621475697
0.00704158935695887
0.0096711553633213
0.00799458660185337
0.00441202335059643
0.00439437525346875
0.00623860117048025
0.00607976829633117
0.00350314658135176
0.00390022876672447
0.00471204100176692
0.00502088246867061
0.0076063284650445
0.00751808797940612
0.00804753042757511
0.00849755667150021
0.00798576232045889
0.00606212019920349
0.00585034303367138
0.00499441055580974
0.00469439290463924
0.0065739150159061
0.0129625247791409
0.00982116442173719
0.0130860609933734
0.0195893831551075
0.0257132723927498
0.0415700860321522
0.0541619993746281
0.0609123967587948
0.140540599822998
0.200217619538307
0.146823316812515
0.0841196402907372
0.0415700860321522
0.0386316776275635
0.0302488319575787
0.0221130605787039
0.0194570235908031
0.0129801724106073
0.00951232202351093
0.0072357184253633
0.0123977856710553
0.00805635470896959
0.00466792052611709
0.00444731954485178
0.00517971534281969
0.00345902633853257
0.00336196180433035
0.00382963637821376
0.00500323437154293
0.00473851291462779
0.00360903516411781
0.0048002814874053
0.00458850432187319
0.00340608204714954
0.00317665678448975
0.00261191790923476
0.0031413605902344
0.00215306738391519
0.00402376521378756
0.00423554237931967
0.0038384604267776
0.00554150156676769
0.00516206724569201
0.00691805267706513
0.0154420817270875
0.0224042553454638
0.0345196723937988
0.0456467941403389
0.0386581495404243
0.0172774828970432
0.00906229577958584
0.0106682721525431
0.00695334887132049
0.00292075937613845
0.0018265777034685
0.00222365977242589
0.00277075078338385
0.00222365977242589
0.00232072430662811
0.00229425216093659
0.00185304984916002
0.00160597648937255
0.000979469157755375
0.00184422580059618
0.0019412903347984
0.00242661288939416
0.00272663054056466
0.00213541928678751
0.00166774482931942
0.0017559853149578
0.00257662171497941
0.00169421697501093
0.00226778001524508
0.00219718762673438
0.00260309386067092
0.00296487961895764
0.00307959225028753
0.0019412903347984
0.00282369507476687
0.00360903516411781
0.00217071548104286
0.00816224329173565
0.0117006860673428
0.0176833905279636
0.0306812115013599
0.028978168964386
0.0197835136204958
0.0141714187338948
0.0067239236086607
0.00675039598718286
0.0044296714477241
0.00344137824140489
0.00224130786955357
0.00294723152182996
0.0035119706299156
0.00221483572386205
0.00204717880114913
0.00213541928678751
0.00237366859801114
0.00190599414054304
0.00261191790923476
0.00253250147216022
0.00113830203190446
0.00196776236407459
0.0028766393661499
0.00307959225028753
0.00255897361785173
0.00247955718077719
0.00250602932646871
0.00212659523822367
0.00255897361785173
0.00241778884083033
0.00282369507476687
0.0032119529787451
0.00233837240375578
0.00166774482931942
0.00251485337503254
0.00390905281528831
0.00333548965863883
0.00832107570022345
0.00982116442173719
0.0219895243644714
0.0356050282716751
0.0302400086075068
0.0166862718760967
0.00757985608652234
0.0076063284650445
0.00621212879195809
0.00328254536725581
0.00231190025806427
0.00179128150921315
0.00146479171235114
0.00238249264657497
0.00221483572386205
0.00206482689827681
0.00217071548104286
0.0015000879066065
0.00174716126639396
0.00161480053793639
0.00135890324600041
0.00171186507213861
0.00227660406380892
0.00146479171235114
0.00294723152182996
0.00313253654167056
0.00184422580059618
0.00171186507213861
0.00112065393477678
0.00131478300318122
0.00154420814942569
0.00184422580059618
0.00247955718077719
0.00233837240375578
0.00187952199485153
0.00239131669513881
0.00270015839487314
0.00382963637821376
0.00877110287547112
0.0155126741155982
0.0211953595280647
0.0208600461483002
0.0215483214706182
0.0138537529855967
0.00891228765249252
0.00571798253804445
0.00478263339027762
0.00277075078338385
0.00251485337503254
0.00189717009197921
0.00232954835519195
0.0026913343463093
0.00231190025806427
0.00347667443566024
0.00300017581321299
0.00151773600373417
0.00141184753738344
0.00120007037185133
0.00165009673219174
0.00196776236407459
0.00152656005229801
0.00110300583764911
0.00191481818910688
0.00165009673219174
0.00100594130344689
0.00138537539169192
0.00150891195517033
0.00122654251754284
0.00216189143247902
0.00174716126639396
0.00155303219798952
0.00186187389772385
0.003326665610075
0.00300899986177683
0.00324724917300045
0.00420024618506432
0.00881522241979837
0.00961821060627699
0.00877992622554302
0.0133066624403
0.0120801199227571
0.0105094397440553
0.0108624016866088
0.00779163325205445
0.00270898244343698
0.00244426098652184
0.0028060469776392
0.00297370366752148
0.00283251912333071
0.00220601167529821
0.00184422580059618
0.00292075937613845
0.00241778884083033
0.00176480936352164
0.00198541046120226
0.00202953070402145
0.00204717880114913
0.0019942345097661
0.00142949563451111
0.00226778001524508
0.00340608204714954
0.00242661288939416
0.00157950434368104
0.00155303219798952
0.00193246628623456
0.00165892078075558
0.00120007037185133
0.000697099720127881
0.00139419944025576
0.00163244863506407
0.00174716126639396
0.00219718762673438
0.00281487102620304
0.00366197945550084
0.00541796488687396
0.0158921089023352
0.0170568823814392
0.00920348055660725
0.00540031678974628
0.0028060469776392
0.00241778884083033
0.00188834604341537
0.00187069794628769
0.00163244863506407
0.00102358940057456
0.000582387088797987
0.000944173021707684
0.000979469157755375
0.000635331380181015
0.000626507331617177
0.000705923768691719
0.00120889442041516
0.000908876827452332
0.000626507331617177
0.000652979477308691
0.000679451623000205
0.00100594130344689
0.000705923768691719
0.000644155428744853
0.000688275671564043
0.000750043953303248
0.000547090894542634
0.000608859234489501
0.000423554243752733
0.000547090894542634
0.000458850438008085
0.000555914943106472
0.000670627574436367
0.0010324134491384
0.000714747817255557
0.00124419061467052
0.00169421697501093
0.00240896479226649
0.00350314658135176
0.00315900868736207
0.00381198828108609
0.00333548965863883
0.00240896479226649
0.00203835475258529
0.00116477417759597
0.00112947798334062
0.00087358063319698
0.000485322583699599
0.000714747817255557
0.000626507331617177
0.000758868001867086
0.000802988244686276
0.000714747817255557
0.000617683283053339
0.000617683283053339
0.000652979477308691
0.000697099720127881
0.000855932536069304
0.000838284438941628
0.000450026389444247
0.000970645167399198
0.00135007919743657
0.000882404681760818
0.000441202340880409
0.000379434000933543
0.000247073301579803
0.000317665690090507
0.000476498535135761
0.000388258049497381
0.000502970651723444
0.000414730195188895
0.000432378292316571
0.000450026389444247
0.000423554243752733
0.00124419061467052
0.00338843395002186
0.0032119529787451
0.00270015839487314
0.00255897361785173
0.00124419061467052
0.0016412726836279
0.00165009673219174
0.000997117254883051
0.00082946039037779
0.00052061874885112
0.000600035185925663
0.000591211137361825
0.000494146603159606
0.000397082098061219
0.000397082098061219
0.000300017592962831
0.00019412902474869
0.000300017592962831
0.000379434000933543
0.000397082098061219
0.000397082098061219
0.000317665690090507
0.000423554243752733
0.000308841641526669
0.000317665690090507
0.000388258049497381
0.000361785903805867
0.000414730195188895
0.000388258049497381
0.000441202340880409
0.000555914943106472
0.000458850438008085
0.000379434000933543
0.000485322583699599
0.000273545447271317
0.000441202340880409
0.000600035185925663
0.0007853401475586
0.00190599414054304
0.00334431370720267
0.00345020228996873
0.00219718762673438
0.00200305855832994
0.001217718468979
0.000476498535135761
0.000388258049497381
0.000573563040234149
0.000511794700287282
0.000467674486571923
0.000538266845978796
0.000476498535135761
0.000317665690090507
0.000300017592962831
0.000361785903805867
0.000379434000933543
0.000326489738654345
0.000450026389444247
0.000423554243752733
0.000308841641526669
0.000255897350143641
0.000264721398707479
0.000326489738654345
0.000220601170440204
0.000582387088797987
0.000617683283053339
0.00056473899167031
0.000414730195188895
0.000573563040234149
0.000458850438008085
0.000476498535135761
0.00056473899167031
0.000405906146625057
0.000291193544398993
0.000352961884345859
0.000608859234489501
0.000864756584633142
0.0023648445494473
0.00433260714635253
0.00477380910888314
0.00214424333535135
0.000714747817255557
0.000970645167399198
0.00137655134312809
0.00160597648937255
0.00107653369195759
0.000847108487505466
0.0007853401475586
0.000529442797414958
0.000361785903805867
0.000397082098061219
0.000220601170440204
0.000344137835782021
0.000335313787218183
0.000326489738654345
0.00052061874885112
0.000432378292316571
0.000211777121876366
0.000247073301579803
0.000326489738654345
0.000361785903805867
0.000264721398707479
0.000264721398707479
0.000229425219004042
0.000308841641526669
0.000220601170440204
0.000317665690090507
0.000361785903805867
0.000317665690090507
0.000202953073312528
0.000335313787218183
0.000414730195188895
0.000405906146625057
0.000538266845978796
0.000776516098994762
0.000988293206319213
0.00105006154626608
0.000882404681760818
0.00087358063319698
0.000705923768691719
0.000732395856175572
0.000626507331617177
0.000555914943106472
0.00056473899167031
0.000502970651723444
0.000820636341813952
0.000794164196122438
0.000555914943106472
0.000335313787218183
0.000370609952369705
0.000432378292316571
0.000414730195188895
0.000529442797414958
0.000679451623000205
0.000388258049497381
0.000441202340880409
0.000697099720127881
0.000661803525872529
0.000661803525872529
0.000820636341813952
0.000847108487505466
0.000705923768691719
0.000944173021707684
0.00105888559482992
0.000970645167399198
0.000855932536069304
0.000802988244686276
0.000308841641526669
0.000750043953303248
0.00122654251754284
0.0010324134491384
0.00149126385804266
0.00232954835519195
0.00237366859801114
0.00364433135837317
0.00293840747326612
0.0023648445494473
0.000944173021707684
0.0015000879066065
0.00172068912070245
0.00190599414054304
0.0016412726836279
0.001217718468979
0.00146479171235114
0.00152656005229801
0.0015000879066065
0.00112065393477678
0.000776516098994762
0.00111182988621294
0.00123536656610668
0.00238249264657497
0.0028060469776392
0.00217071548104286
0.00206482689827681
0.00232072430662811
0.00292958342470229
0.00189717009197921
0.00213541928678751
0.00170304102357477
0.00165009673219174
0.00265603815205395
0.00285016722045839
0.00342373014427722
0.00356491492129862
0.00256779766641557
0.00100594130344689
0.00219718762673438
0.00235602050088346
0.00145596766378731
0.00490617007017136
0.00839166808873415
0.00654744263738394
0.0043590790592134
0.00346785038709641
0.00366197945550084
0.00242661288939416
0.00191481818910688
0.002108947141096
0.00224130786955357
0.0019942345097661
0.00192364223767072
0.00153538410086185
0.00146479171235114
0.001217718468979
0.00134125514887273
0.00120889442041516
0.000688275671564043
0.000688275671564043
0.00117359822615981
0.00124419061467052
0.00120007037185133
0.00120889442041516
0.00120889442041516
0.00108535774052143
0.000855932536069304
0.00105006154626608
0.000970645167399198
0.00111182988621294
0.000838284438941628
0.000997117254883051
0.000970645167399198
0.00104123749770224
0.0010324134491384
0.000811812293250114
0.000732395856175572
0.000547090894542634
0.000847108487505466
0.00162362458650023
0.00219718762673438
0.00165009673219174
0.00147361576091498
0.0017559853149578
0.00146479171235114
0.00105888559482992
0.00110300583764911
0.00105006154626608
0.00096182111883536
0.000776516098994762
0.00074121990473941
0.000732395856175572
0.00082946039037779
0.000529442797414958
0.000538266845978796
0.000750043953303248
0.000511794700287282
0.000547090894542634
0.000467674486571923
0.000476498535135761
0.000688275671564043
0.000723571807611734
0.000732395856175572
0.000979469157755375
0.000820636341813952
0.000502970651723444
0.000750043953303248
0.000926524924580008
0.000697099720127881
0.000705923768691719
0.000626507331617177
0.000697099720127881
0.000555914943106472
0.000494146603159606
0.000547090894542634
0.000626507331617177
0.000767692050430924
0.000908876827452332
0.000855932536069304
0.000988293206319213
0.00137655134312809
0.00107653369195759
0.000847108487505466
0.000697099720127881
0.00052061874885112
0.000502970651723444
0.000538266845978796
0.000661803525872529
0.00056473899167031
0.000644155428744853
0.000608859234489501
0.000397082098061219
0.000670627574436367
0.000750043953303248
0.000697099720127881
0.00056473899167031
0.000485322583699599
0.000758868001867086
0.000988293206319213
0.00118242227472365
0.000776516098994762
0.000458850438008085
0.000705923768691719
0.000679451623000205
0.000555914943106472
0.000529442797414958
0.000441202340880409
0.00096182111883536
0.00100594130344689
0.000952997070271522
0.000979469157755375
0.0007853401475586
0.000652979477308691
0.000591211137361825
0.000661803525872529
0.000891228730324656
0.00128831085748971
0.00161480053793639
0.00169421697501093
0.000600035185925663
0.000476498535135761
0.00101476535201073
0.00129713490605354
0.00115595012903214
0.00149126385804266
0.00128831085748971
0.00104123749770224
0.000476498535135761
0.000485322583699599
0.00082946039037779
0.00082946039037779
0.000864756584633142
0.000794164196122438
0.000679451623000205
0.000723571807611734
0.000979469157755375
0.0011471260804683
0.00087358063319698
0.000688275671564043
0.000758868001867086
0.00108535774052143
0.00123536656610668
0.00172068912070245
0.00142949563451111
0.0007853401475586
0.00115595012903214
0.0010324134491384
0.00139419944025576
0.00146479171235114
0.00135890324600041
0.000882404681760818
0.000900052778888494
0.00145596766378731
0.00173833721783012
0.00186187389772385
0.00297370366752148
0.00308841629885137
0.00141184753738344
0.001217718468979
0.00188834604341537
0.00148243980947882
0.00120007037185133
0.000997117254883051
0.000908876827452332
0.000926524924580008
0.000485322583699599
0.000820636341813952
0.00125301466323435
0.00143831968307495
0.00123536656610668
0.00074121990473941
0.000670627574436367
0.000891228730324656
0.00109418178908527
0.000758868001867086
0.000600035185925663
0.000820636341813952
0.000617683283053339
0.00091770087601617
0.000847108487505466
0.000811812293250114
0.000635331380181015
0.000494146603159606
0.00074121990473941
0.000732395856175572
0.000864756584633142
0.000723571807611734
0.000617683283053339
0.000608859234489501
0.000794164196122438
0.00166774482931942
0.00207365094684064
0.00289428723044693
0.00209129904396832
0.00173833721783012
0.00150891195517033
0.00082946039037779
0.00112065393477678
0.00161480053793639
0.001217718468979
0.000750043953303248
0.000670627574436367
0.000600035185925663
0.000547090894542634
0.000582387088797987
0.00074121990473941
0.000767692050430924
0.000573563040234149
0.000529442797414958
0.000476498535135761
0.000608859234489501
0.000776516098994762
0.000661803525872529
0.000432378292316571
0.000467674486571923
0.000458850438008085
0.000502970651723444
0.000626507331617177
0.000591211137361825
0.000608859234489501
0.000626507331617177
0.000697099720127881
0.000864756584633142
0.000494146603159606
0.000502970651723444
0.000511794700287282
0.000502970651723444
0.000970645167399198
0.00152656005229801
0.00290311127901077
0.00352961872704327
0.0028766393661499
0.00357373896986246
0.00149126385804266
0.000670627574436367
0.000767692050430924
0.00074121990473941
0.00101476535201073
0.000970645167399198
0.000970645167399198
0.00100594130344689
0.000767692050430924
0.000255897350143641
0.000450026389444247
0.000317665690090507
0.000555914943106472
0.000582387088797987
0.000573563040234149
0.000617683283053339
0.000308841641526669
0.000423554243752733
0.000467674486571923
0.000847108487505466
0.000697099720127881
0.000600035185925663
0.000838284438941628
0.000705923768691719
0.000626507331617177
0.000776516098994762
0.000494146603159606
0.00128831085748971
0.000979469157755375
0.000758868001867086
0.00107653369195759
0.000952997070271522
0.00336196180433035
0.00540031678974628
0.00637978594750166
0.00572680635377765
0.00786222610622644
0.00577975064516068
0.00373257184401155
0.00328254536725581
0.00271780649200082
0.0042090704664588
0.00551502918824553
0.00374139589257538
0.00296487961895764
0.00307076820172369
0.00227660406380892
0.0026913343463093
0.0025501495692879
0.00286781531758606
0.00196776236407459
0.00115595012903214
0.00180010555777699
0.00176480936352164
0.00120889442041516
0.00129713490605354
0.000732395856175572
0.000970645167399198
0.00134125514887273
0.000935348973143846
0.000750043953303248
0.000626507331617177
0.000794164196122438
0.000697099720127881
0.000891228730324656
0.00112065393477678
0.0007853401475586
0.000476498535135761
0.000679451623000205
0.00132360705174506
0.00205600284971297
0.00237366859801114
0.00247955718077719
0.00352079467847943
0.00437672715634108
0.00296487961895764
0.00148243980947882
0.00146479171235114
0.00102358940057456
0.00115595012903214
0.00124419061467052
0.000776516098994762
0.000591211137361825
0.000555914943106472
0.000352961884345859
0.000467674486571923
0.000538266845978796
0.000432378292316571
0.000370609952369705
0.000370609952369705
0.000397082098061219
0.000247073301579803
0.000211777121876366
0.000379434000933543
0.000388258049497381
0.000300017592962831
0.000308841641526669
0.000211777121876366
0.00017648094217293
0.000344137835782021
0.000379434000933543
0.000344137835782021
0.000300017592962831
0.000335313787218183
0.000273545447271317
0.000308841641526669
0.000326489738654345
0.00128831085748971
0.00171186507213861
0.00132360705174506
0.00105006154626608
0.00179128150921315
0.00240896479226649
0.00124419061467052
0.000467674486571923
0.000635331380181015
0.000679451623000205
0.000600035185925663
0.000502970651723444
0.000458850438008085
0.000379434000933543
0.000326489738654345
0.000247073301579803
0.000273545447271317
0.000317665690090507
0.000300017592962831
0.000291193544398993
0.000326489738654345
0.000344137835782021
0.00023824926756788
0.00023824926756788
0.00017648094217293
0.000229425219004042
0.000273545447271317
0.000255897350143641
0.000158832845045254
0.000158832845045254
0.000167656893609092
0.00017648094217293
0.000158832845045254
0.000185304976184852
0.000264721398707479
0.000247073301579803
0.000247073301579803
0.000335313787218183
0.000617683283053339
0.000697099720127881
0.000882404681760818
0.000935348973143846
0.00145596766378731
0.00147361576091498
0.000802988244686276
0.000485322583699599
0.000423554243752733
0.000432378292316571
0.000282369495835155
0.000361785903805867
0.000335313787218183
0.000291193544398993
0.00019412902474869
0.000150008796481416
0.00013236069935374
0.000185304976184852
0.000291193544398993
0.000229425219004042
0.000150008796481416
0.000158832845045254
0.000185304976184852
0.000185304976184852
0.000202953073312528
0.000220601170440204
0.00017648094217293
0.000114712609502021
0.000141184747917578
0.00017648094217293
0.000167656893609092
0.000167656893609092
0.00017648094217293
0.00019412902474869
0.000202953073312528
0.000247073301579803
0.000202953073312528
0.000450026389444247
0.000688275671564043
0.000723571807611734
0.000635331380181015
0.000838284438941628
0.0015000879066065
0.00105888559482992
0.000608859234489501
0.000414730195188895
0.000441202340880409
0.000432378292316571
0.000335313787218183
0.000405906146625057
0.000247073301579803
0.00023824926756788
0.000220601170440204
0.000123536650789902
0.000158832845045254
0.000264721398707479
0.000255897350143641
