% Type: Timesignal
% Date: 11-DEC-24 14:29:39
% NoOfItems: = 4096
% Unit_Y: = mm/s
% Unit_X: = Sec
% Min_X: = 0
% Max_X: = 1.60000002384186
% MinDisplay_X: = 0
% MaxDisplay_X: = 1.60000002384186
-0.0814544931054115
0.490967601537704
0.955909967422485
1.06604051589966
0.703517258167267
-0.0824987664818764
-0.767862975597382
-1.02579832077026
-1.03005576133728
-0.878796875476837
-0.657571732997894
-0.563426494598389
-0.606884300708771
-0.702796757221222
-0.749708712100983
-0.674280107021332
-0.697575390338898
-0.956635355949402
-1.28309106826782
-1.45893049240112
-1.23778569698334
-0.745210289955139
-0.50101113319397
-0.608571231365204
-0.747298836708069
-0.79228287935257
-0.589131712913513
-0.0991268008947372
0.270304769277573
0.327097117900848
0.00361356930807233
-0.641666650772095
-1.20083451271057
-1.44447135925293
-1.28172552585602
-0.691309750080109
-0.0110865775495768
0.651303648948669
1.47780537605286
2.05850124359131
2.08653593063354
1.5981377363205
0.494180768728256
-0.865462303161621
-1.86210012435913
-2.19915914535522
-1.61790096759796
-0.352563768625259
0.852205634117126
1.67461061477661
1.892622590065
1.56656849384308
1.15311682224274
0.567681491374969
-0.371922969818115
-1.17850315570831
-1.58360064029694
-1.52046227455139
-0.788828790187836
0.241948738694191
1.1822761297226
1.82827937602997
1.80233311653137
1.19528937339783
0.437950700521469
-0.215121403336525
-0.452331960201263
-0.303482949733734
-0.120574556291103
0.195358112454414
0.645841300487518
0.995030045509338
1.24059474468231
1.34196960926056
1.30847251415253
1.2181830406189
1.03415012359619
0.81645941734314
0.717735469341278
0.742556989192963
0.82609885931015
0.705445170402527
0.19013674557209
-0.212309896945953
0.00562178622931242
0.671546459197998
1.44768214225769
1.83052849769592
1.49170219898224
0.781677067279816
0.150293722748756
-0.247815176844597
-0.364452391862869
-0.395057618618011
-0.626725494861603
-0.929885923862457
-0.960812449455261
-0.458517283201218
0.418350487947464
1.09993922710419
1.17809903621674
0.697010636329651
-0.0445836335420609
-0.7221559882164
-1.1738440990448
-1.32911944389343
-1.18782126903534
-1.00089645385742
-0.812686383724213
-0.393370717763901
0.232228964567184
0.888273239135742
1.23063397407532
0.814290523529053
-0.0362294502556324
-0.607526957988739
-0.757339954376221
-0.649378180503845
-0.51065057516098
-0.620299220085144
-0.95551073551178
-1.2661417722702
-1.34671139717102
-1.07054138183594
-0.685526072978973
-0.629456698894501
-0.904502034187317
-1.20139682292938
-1.18316221237183
-0.750993967056274
-0.324448734521866
-0.373208224773407
-0.791158318519592
-1.10990250110626
-1.02949345111847
-0.460927128791809
0.215279623866081
0.58712100982666
0.463977187871933
-0.18740801513195
-0.863052487373352
-1.15111112594604
-1.13954377174377
-0.905787289142609
-0.562542915344238
-0.226608395576477
0.475383847951889
1.54608476161957
2.35949277877808
2.50802063941956
1.74891459941864
0.22210755944252
-1.33723258972168
-2.26880431175232
-2.1880738735199
-1.11415994167328
0.229738771915436
1.22830450534821
1.71830940246582
1.67316460609436
1.44238042831421
1.19858288764954
0.582622647285461
-0.40831184387207
-1.2733713388443
-1.70578050613403
-1.42334496974945
-0.587846457958221
0.26428011059761
1.06700456142426
1.48431193828583
1.35956156253815
0.914219379425049
0.403650343418121
0.0212858766317368
-0.156240493059158
-0.240103617310524
-0.157445415854454
0.313682228326797
0.871886193752289
1.249591588974
1.20259928703308
0.907632410526276
0.749143958091736
0.881525635719299
1.0714225769043
1.13745272159576
1.06114053726196
0.768101513385773
0.529686033725739
0.247491419315338
-0.0610510110855103
0.0302023589611053
0.502133309841156
1.10813283920288
1.6180591583252
1.76385569572449
1.37538623809814
0.67058253288269
0.0294794011861086
-0.358990043401718
-0.637971520423889
-0.849798202514648
-1.04917395114899
-1.15440452098846
-0.781920492649078
0.0103611778467894
0.803606808185577
1.27802789211273
1.26477372646332
0.705043494701385
-0.202831119298935
-1.06202661991119
-1.6595915555954
-1.81165373325348
-1.47949469089508
-0.988445520401001
-0.521334290504456
-0.0143800526857376
0.569689691066742
1.08290958404541
1.13841664791107
0.604311347007751
-0.0947890505194664
-0.594353079795837
-0.804814159870148
-0.813168346881866
-0.838070273399353
-1.04957568645477
-1.29626500606537
-1.43394827842712
-1.39041018486023
-1.06652498245239
-0.679822742938995
-0.479402720928192
-0.522780239582062
-0.742559432983398
-0.84529983997345
-0.760312080383301
-0.796781301498413
-1.04997730255127
-1.3455867767334
-1.42430889606476
-1.05704617500305
-0.277697443962097
0.439958900213242
0.778544247150421
0.534907400608063
-0.142905920743942
-0.808509290218353
-1.26750731468201
-1.34839832782745
-1.02041637897491
-0.553867399692535
0.0675551891326904
0.970288813114166
1.7171847820282
2.04886174201965
1.82538747787476
0.852848291397095
-0.451528668403625
-1.55677092075348
-2.02653288841248
-1.4341893196106
-0.167486503720284
1.00651705265045
1.70987486839294
1.71742570400238
1.28533780574799
0.937032699584961
0.603347420692444
0.0314072892069817
-0.63451737165451
-1.1947295665741
-1.40928745269775
-0.993988215923309
-0.152143716812134
0.826179146766663
1.56335532665253
1.63998889923096
1.1855696439743
0.442770421504974
-0.124590992927551
-0.192870363593102
-0.0212883185595274
0.0469910502433777
0.178087443113327
0.458836138248444
0.763201475143433
1.09865403175354
1.24196040630341
1.13681018352509
0.939763903617859
0.916227579116821
0.93349826335907
0.931088387966156
0.937996685504913
0.923778474330902
0.677169501781464
0.125231176614761
-0.232713386416435
-0.156160160899162
0.47385761141777
1.38293719291687
1.81510543823242
1.49322843551636
0.805855989456177
0.121616385877132
-0.194958910346031
-0.12177948653698
-0.133668124675751
-0.410320073366165
-0.78722220659256
-0.919925153255463
-0.532821297645569
0.329105347394943
1.12042307853699
1.29513788223267
0.817021667957306
0.0215268637984991
-0.721352696418762
-1.22019374370575
-1.45652067661285
-1.41354489326477
-1.13175189495087
-0.752439856529236
-0.29030904173851
0.312155991792679
0.9737429022789
1.36325669288635
1.1568922996521
0.463173896074295
-0.209096744656563
-0.543424665927887
-0.591139912605286
-0.604554772377014
-0.864337742328644
-1.25369083881378
-1.51122450828552
-1.53443944454193
-1.20870673656464
-0.764167845249176
-0.505991518497467
-0.411123365163803
-0.5076784491539
-0.72633308172226
-0.833250522613525
-0.838793218135834
-0.910446405410767
-1.03583943843842
-1.15665376186371
-1.09319412708282
-0.544549286365509
0.108201496303082
0.587281703948975
0.694520473480225
0.186843261122704
-0.452331960201263
-0.85493928194046
-1.10676968097687
-1.22091674804688
-1.12612891197205
-0.799673140048981
0.0259449407458305
1.19504845142365
2.16333031654358
2.41556215286255
1.64561188220978
0.283799976110458
-1.0110981464386
-1.83920645713806
-1.72393476963043
-0.703118085861206
0.387584626674652
1.1168886423111
1.39378154277802
1.17858099937439
0.975429832935333
1.01864659786224
0.783845961093903
0.0606469251215458
-0.874860763549805
-1.63428807258606
-1.63139617443085
-0.812124073505402
0.271991670131683
1.25007355213165
1.67428922653198
1.34277284145355
0.657488942146301
0.0325318910181522
-0.213675484061241
-0.058239508420229
0.145152688026428
0.148124843835831
0.298982083797455
0.7120321393013
1.22525203227997
1.50334990024567
1.31377422809601
0.901929080486298
0.616521298885345
0.544868171215057
0.678294062614441
0.879597723484039
0.737335622310638
0.542217314243317
0.326374173164368
0.0906095206737518
0.154711797833443
0.709220588207245
1.40928494930267
1.69067633152008
1.54295194149017
1.11206889152527
0.450321316719055
-0.113585963845253
-0.298743546009064
-0.516193270683289
-0.754448115825653
-0.850280225276947
-0.828832447528839
-0.501252114772797
0.182826831936836
0.90988165140152
1.26180160045624
1.06025695800781
0.334969341754913
-0.527921259403229
-1.1960951089859
-1.65075540542603
-1.78321743011475
-1.51869511604309
-1.08957934379578
-0.583749651908875
0.0583977214992046
0.68857616186142
1.11359512805939
1.20356321334839
0.810756027698517
0.106675252318382
-0.389354288578033
-0.571780681610107
-0.717978894710541
-0.959687829017639
-1.21762323379517
-1.36703455448151
-1.43290400505066
-1.35024583339691
-1.07584309577942
-0.802323997020721
-0.504625916481018
-0.279625326395035
-0.344852209091187
-0.5708167552948
-0.799994468688965
-0.986115992069244
-1.10998284816742
-1.23955297470093
-1.30140602588654
-0.959045231342316
-0.338345587253571
0.207969710230827
0.646564245223999
0.636683821678162
0.0996063277125359
-0.481491267681122
-0.852288424968719
-1.04491662979126
-1.06764960289001
-0.949405789375305
-0.505991518497467
0.450562298297882
1.55202901363373
2.2583589553833
2.04974555969238
0.852928578853607
-0.539006590843201
-1.5128310918808
-1.75960075855255
-1.05744779109955
0.057996079325676
0.894538879394531
1.26638031005859
1.15705299377441
0.903455317020416
0.920083403587341
0.949162364006042
0.551214098930359
-0.334088176488876
-1.3610098361969
-1.84394586086273
-1.30397653579712
-0.174635753035545
0.901527464389801
1.63653481006622
1.57709157466888
0.880561649799347
0.105550654232502
-0.277135133743286
-0.119610615074635
0.250222593545914
0.290627896785736
0.133505031466484
0.285406559705734
0.754284977912903
1.37345838546753
1.54793226718903
1.27650165557861
0.867869734764099
0.5675208568573
0.481649488210678
0.656444668769836
0.786175489425659
0.760711312294006
0.641503572463989
0.20017783343792
0.0160645134747028
0.404453635215759
1.00981044769287
1.48463332653046
1.63934624195099
1.32526123523712
0.805855989456177
0.299062430858612
-0.13840751349926
-0.335453748703003
-0.425421863794327
-0.573547959327698
-0.7312331199646
-0.649378180503845
-0.184034198522568
0.497795552015305
1.0214581489563
1.1069278717041
0.64905446767807
-0.129812359809875
-0.824414372444153
-1.36952471733093
-1.7249790430069
-1.65661942958832
-1.25312852859497
-0.83831125497818
-0.378429591655731
0.211745157837868
0.838067829608917
1.31650531291962
1.25023424625397
0.588004648685455
-0.101697318255901
-0.501252114772797
-0.72022807598114
-0.895103573799133
-1.18436717987061
-1.42856633663177
-1.4546731710434
-1.45499444007874
-1.37177395820618
-1.08002018928528
-0.708419740200043
-0.37200328707695
-0.288541793823242
-0.569451153278351
-0.975191295146942
-1.21328544616699
-1.26349091529846
-1.22886919975281
-1.24903178215027
-1.1506290435791
-0.635882973670959
-0.011648878455162
0.55651581287384
0.859435200691223
0.533140182495117
-0.158971667289734
-0.736052811145782
-1.11070573329926
-1.27738773822784
-1.30253064632416
-1.172478556633
-0.524547457695007
0.633229672908783
1.76650655269623
2.3847963809967
1.89374721050262
0.487593799829483
-0.830840647220612
-1.59838116168976
-1.47957503795624
-0.504866898059845
0.452570497989655
0.907873392105103
0.987800419330597
0.770511388778687
0.768985152244568
1.11576402187347
1.13311505317688
0.448393434286118
-0.723200261592865
-1.79414212703705
-1.95560276508331
-1.02210319042206
0.229979768395424
1.21898639202118
1.6672203540802
1.29570019245148
0.571697950363159
-0.0113275637850165
-0.219539478421211
-0.0200833883136511
0.180657953023911
0.0122890658676624
-0.0425754152238369
0.371438562870026
1.02499258518219
1.60376071929932
1.60255575180054
1.13729214668274
0.679740011692047
0.360513865947723
0.134388640522957
0.200017169117928
0.368627041578293
0.451285243034363
0.435139179229736
0.304524779319763
0.365735203027725
0.753321051597595
1.32204806804657
1.70457315444946
1.60922300815582
1.1045982837677
0.539807438850403
-0.0522951856255531
-0.482053577899933
-0.576198756694794
-0.58953332901001
-0.650663435459137
-0.633312463760376
-0.385578840970993
0.131095170974731
0.745047211647034
1.11584436893463
1.00041198730469
0.382363259792328
-0.45658940076828
-1.21914947032928
-1.78851902484894
-1.99560642242432
-1.62215840816498
-0.887552678585052
-0.340112805366516
-0.0514918975532055
0.333844721317291
0.881445288658142
1.28565919399261
1.29353141784668
0.86441558599472
0.178730070590973
-0.424939900636673
-0.787784516811371
-1.12379932403564
-1.48069965839386
-1.58729577064514
-1.51740980148315
-1.4710601568222
-1.28791081905365
-0.909803748130798
-0.393531382083893
0.0366286523640156
0.00883493293076754
-0.460284501314163
-1.08427762985229
-1.57613003253937
-1.6619211435318
-1.46101903915405
-1.27698612213135
-0.81276673078537
-0.0729396566748619
0.503418564796448
0.838549792766571
0.718056797981262
0.095670223236084
-0.710347652435303
-1.31522250175476
-1.47596025466919
-1.33458173274994
-1.13488471508026
-0.690265476703644
0.15439048409462
1.09937691688538
1.86651575565338
1.97254967689514
1.009730219841
-0.291674613952637
-1.13721418380737
-1.35402131080627
-0.824414372444153
0.0609682388603687
0.685202360153198
0.945788562297821
0.791959166526794
0.541735351085663
0.718137085437775
0.952375471591949
0.69138765335083
-0.0922185331583023
-1.14115035533905
-1.80860126018524
-1.40430700778961
-0.306053459644318
0.683756411075592
1.31714797019958
1.31682670116425
0.741914391517639
0.261227607727051
0.0282744709402323
0.0783995613455772
0.246206149458885
0.22001901268959
0.115752391517162
0.249579966068268
0.620377123355865
1.21665680408478
1.53001892566681
1.28670346736908
0.941932797431946
0.555230557918549
0.239217564463615
0.265485048294067
0.453293472528458
0.468154281377792
0.38742396235466
0.229176476597786
0.25745216012001
0.672992408275604
1.12219035625458
1.55050277709961
1.74907529354095
1.39619135856628
0.815174102783203
0.282755702733994
-0.255928367376328
-0.560213387012482
-0.58744478225708
-0.645120799541473
-0.720790386199951
-0.624556660652161
-0.185640782117844
0.398428976535797
0.770752370357513
0.919440746307373
0.701509058475494
0.00674638757482171
-0.794773101806641
-1.43202042579651
-1.91824984550476
-1.89744472503662
-1.32799482345581
-0.765533447265625
-0.340916097164154
0.0841832235455513
0.587603032588959
1.15134966373444
1.37827813625336
1.10797214508057
0.614031136035919
-0.0784823298454285
-0.76240062713623
-1.13608956336975
-1.42920887470245
-1.61131405830383
-1.46993553638458
-1.28357303142548
-1.15970623493195
-0.902333199977875
-0.480607658624649
-0.0343818925321102
0.0887619629502296
-0.273921996355057
-0.83919483423233
-1.44382870197296
-1.78795683383942
-1.59468603134155
-1.32727181911469
-1.09158754348755
-0.499806225299835
0.113503187894821
0.601660549640656
0.887389600276947
0.603749096393585
-0.0711724236607552
-0.812284767627716
-1.3610098361969
-1.4601354598999
-1.30735039710999
-1.07640540599823
-0.39545926451683
0.697653293609619
1.62328052520752
2.12437081336975
1.7603212594986
0.480765879154205
-0.679742455482483
-1.18999016284943
-1.04274773597717
-0.299787819385529
0.389673173427582
0.667690694332123
0.690263032913208
0.507193982601166
0.660059452056885
1.21585357189178
1.28525745868683
0.5470370054245
-0.676930904388428
-1.86394774913788
-2.09513354301453
-1.09078419208527
0.1559167355299
1.12765264511108
1.48270535469055
0.974064230918884
0.321313470602036
-0.0664330348372459
-0.0803298950195313
0.285888522863388
0.422688245773315
0.159290537238121
0.150374054908752
0.353364616632462
0.878392815589905
1.58512449264526
1.6422381401062
1.18412375450134
0.65620368719101
0.160736456513405
0.0319695919752121
0.394733875989914
0.61756557226181
0.633711636066437
0.515146553516388
0.275526106357574
0.480283915996552
1.1028311252594
1.58946216106415
1.79574620723724
1.56287336349487
0.984025001525879
0.532256543636322
0.0934210270643234
-0.229821547865868
-0.209659054875374
-0.257454603910446
-0.376662373542786
-0.391924798488617
-0.279143363237381
0.259299725294113
0.857427000999451
0.950929582118988
0.750830888748169
0.223553463816643
-0.617648363113403
-1.17127358913422
-1.53154766559601
-1.81567013263702
-1.54921996593475
-1.01190149784088
-0.611222088336945
-0.160417571663857
0.324767589569092
0.873251736164093
1.43161630630493
1.49057757854462
1.04909121990204
0.383407533168793
-0.357544124126434
-0.848191678524017
-1.23489391803741
-1.71799051761627
-1.87495267391205
-1.64328479766846
-1.34566712379456
-0.959768176078796
-0.570736408233643
-0.239300325512886
0.0516501143574715
-0.0506886132061481
-0.588007092475891
-1.227503657341
-1.76176965236664
-1.83960807323456
-1.51885569095612
-1.32590627670288
-0.928761303424835
-0.190701484680176
0.432167023420334
0.854454874992371
0.795975565910339
0.178248092532158
-0.553144454956055
-1.0657217502594
-1.2669450044632
-1.2483891248703
-1.26469576358795
-1.07841360569
-0.313363373279572
0.715084612369537
1.5700227022171
1.8840274810791
1.1883008480072
0.0677961781620979
-0.50976699590683
-0.581661105155945
-0.198413044214249
0.361558139324188
0.498920142650604
0.320269197225571
0.102016188204288
0.0926177352666855
0.636683821678162
1.19673526287079
1.00338423252106
0.136878833174706
-1.01824748516083
-1.76739263534546
-1.30582404136658
-0.210542663931847
0.689379453659058
1.17793846130371
0.890120804309845
0.244358599185944
-0.0424147583544254
0.03389747813344
0.36677947640419
0.682631850242615
0.57716029882431
0.413932412862778
0.393127292394638
0.499241471290588
0.984908640384674
1.37474370002747
1.19930589199066
0.688174486160278
0.119286857545376
-0.153107672929764
0.229337140917778
0.848831832408905
1.02033352851868
0.59603750705719
-0.0323736742138863
-0.1580880433321
0.487433165311813
1.28292798995972
1.80466270446777
1.91374897956848
1.38028633594513
0.72866016626358
0.421483308076859
0.150374054908752
-0.010202961973846
-0.0155849829316139
-0.316094547510147
-0.848030984401703
-0.960973083972931
-0.39473631978035
0.425339102745056
0.910925924777985
0.864656567573547
0.465905070304871
-0.120413899421692
-0.599735081195831
-0.931171178817749
-1.40141522884369
-1.75743186473846
-1.52287220954895
-0.966756761074066
-0.472735434770584
0.0198399610817432
0.570412695407867
1.125483751297
1.45129692554474
1.45113623142242
1.16693341732025
0.482051134109497
-0.344852209091187
-1.0356787443161
-1.68714427947998
-2.02050828933716
-1.72337257862091
-1.2101526260376
-0.935107290744781
-0.774530291557312
-0.483338832855225
-0.0944677367806435
0.141537889838219
-0.0511705838143826
-0.662552118301392
-1.47628152370453
-2.0672595500946
-2.04669547080994
-1.66272437572479
-1.18356382846832
-0.486712634563446
0.173428386449814
0.611139297485352
0.79669851064682
0.632024765014648
0.125954136252403
-0.627609133720398
-1.30357491970062
-1.64762258529663
-1.76329588890076
-1.55138885974884
-0.727859318256378
0.475303530693054
1.46350681781769
1.97351360321045
1.68489265441895
0.645600318908691
-0.197127774357796
-0.503019332885742
-0.485347062349319
-0.201545849442482
0.0572731196880341
0.161861047148705
0.295286983251572
0.493779122829437
0.939040958881378
1.45780348777771
1.39418315887451
0.586719393730164
-0.58270537853241
-1.61147463321686
-1.79928314685822
-0.927958011627197
0.179694011807442
0.881605923175812
1.04885017871857
0.700063169002533
0.378909111022949
0.345090746879578
0.501089036464691
0.716369867324829
0.650098741054535
0.378587812185287
0.264601409435272
0.29416236281395
0.684158086776733
1.41651451587677
1.73815059661865
1.4322589635849
0.706248462200165
0.0345401093363762
-0.0964759513735771
0.351035058498383
0.860800802707672
0.913496434688568
0.651785612106323
0.331354558467865
0.405738890171051
0.993102133274078
1.56817507743835
1.81309723854065
1.63235771656036
1.10090327262878
0.525107324123383
0.185317024588585
0.0678765028715134
0.0484369695186615
-0.112220376729965
-0.365577012300491
-0.514747321605682
-0.416826695203781
0.175034955143929
0.81943154335022
0.8292316198349
0.427427649497986
0.0747044458985329
-0.480848640203476
-0.998486578464508
-1.29353380203247
-1.78811740875244
-1.96484053134918
-1.32558488845825
-0.482937186956406
0.203069657087326
0.720145285129547
0.978402018547058
1.15231359004974
1.22830450534821
1.02153849601746
0.577963590621948
0.0302023589611053
-0.654840528964996
-1.3110454082489
-1.71333146095276
-1.84306228160858
-1.54761338233948
-1.0825103521347
-0.9434614777565
-0.926271140575409
-0.67805552482605
-0.279785990715027
-0.0507689416408539
-0.177527576684952
-0.696932792663574
-1.45844852924347
-1.88234293460846
-1.67003428936005
-1.25473511219025
-0.77147775888443
-0.205722942948341
0.215199291706085
0.426383376121521
0.424616128206253
0.277855664491653
-0.112220376729965
-0.685847401618958
-1.24613988399506
-1.63549292087555
-1.715580701828
-1.37980675697327
-0.495066821575165
0.605757296085358
1.34213018417358
1.51764833927155
1.24477183818817
0.66568249464035
0.183951437473297
0.0316482745110989
-0.0507689416408539
-0.156240493059158
-0.193593323230743
-0.134792730212212
0.0777569338679314
0.509121894836426
1.03945183753967
1.37386000156403
1.00555312633514
-0.0335786044597626
-1.02587866783142
-1.59171378612518
-1.36671328544617
-0.45562544465065
0.388066589832306
0.742075026035309
0.651705265045166
0.38059601187706
0.210058256983757
0.361638456583023
0.732756912708282
0.959444403648376
0.928035914897919
0.659497141838074
0.285727858543396
0.203872948884964
0.595073580741882
1.17496621608734
1.40093076229095
0.943218052387238
0.296009927988052
0.13944935798645
0.507434964179993
0.990210294723511
0.968601882457733
0.504061162471771
0.135513246059418
0.120732769370079
0.649134755134583
1.43820333480835
1.79630851745605
1.61058866977692
1.19777953624725
0.753562033176422
0.547438681125641
0.546956717967987
0.416663587093353
0.142903491854668
-0.317861765623093
-0.844335854053497
-0.777984380722046
-0.0203243754804134
0.803446173667908
1.1787416934967
0.829392313957214
0.0799258053302765
-0.442049890756607
-0.625440239906311
-0.744326710700989
-1.14645206928253
-1.7450612783432
-1.80699467658997
-1.08218908309937
-0.0555083341896534
0.80561500787735
1.24364721775055
1.25979328155518
1.11327385902405
0.948118090629578
0.660300433635712
0.248535692691803
-0.215603366494179
-0.863373756408691
-1.58825969696045
-2.04420518875122
-1.93873369693756
-1.30486011505127
-0.746495544910431
-0.660222589969635
-0.675725996494293
-0.547762453556061
-0.300591111183167
-0.0725380107760429
-0.270387530326843
-1.01929175853729
-1.78233373165131
-2.03970694541931
-1.82306039333344
-1.2234069108963
-0.405821681022644
0.290386915206909
0.608729422092438
0.476990431547165
0.195599094033241
-0.115594178438187
-0.565997064113617
-0.966997742652893
-1.2969878911972
-1.64601600170135
-1.59211552143097
-0.880724787712097
0.162664338946342
1.11616563796997
1.53017961978912
1.29594123363495
0.816700398921967
0.351677685976028
0.183148145675659
0.18218420445919
-0.0367114245891571
-0.219137832522392
-0.170298010110855
0.0501238703727722
0.534264743328094
1.05134046077728
1.20428621768951
0.869636952877045
-0.0869168415665627
-1.05953633785248
-1.4287269115448
-1.27248764038086
-0.642309248447418
0.128604978322983
0.42959651350975
0.386058360338211
0.43056046962738
0.443332701921463
0.50735467672348
0.624232888221741
0.573625802993774
0.514825224876404
0.55177640914917
0.45514103770256
0.405819237232208
0.572099566459656
0.819752871990204
1.0964047908783
1.01173841953278
0.592744052410126
0.430319458246231
0.541815638542175
0.64013797044754
0.625759124755859
0.422527581453323
0.255925923585892
0.305649369955063
0.539807438850403
0.976956069469452
1.37321746349335
1.28879201412201
1.10138523578644
0.988603711128235
0.783685266971588
0.820475816726685
0.695886075496674
0.151900291442871
-0.277215451002121
-0.619656562805176
-0.82465535402298
-0.442531853914261
-0.00385699700564146
0.35601544380188
0.657006978988647
0.368787705898285
-0.0716543942689896
-0.243156105279922
-0.515630960464478
-0.949084460735321
-1.52046227455139
-1.95520102977753
-1.52712953090668
-0.436266243457794
0.532256543636322
1.11970007419586
1.29168379306793
1.19617307186127
1.09029984474182
0.80055433511734
0.256166905164719
-0.245003670454025
-0.762480974197388
-1.24148082733154
-1.54697072505951
-1.76787459850311
-1.57749569416046
-1.01760482788086
-0.770272850990295
-0.708580434322357
-0.53844428062439
-0.366540938615799
-0.137122258543968
-0.170779973268509
-0.830920994281769
-1.62047147750854
-2.03247714042664
-2.03826093673706
-1.55460202693939
-0.817425787448883
-0.138969823718071
0.462611585855484
0.648572444915771
0.38629937171936
0.0538993179798126
-0.419798851013184
-0.906028270721436
-1.18629503250122
-1.501504778862
-1.67541635036469
-1.34470319747925
-0.600297391414642
0.349990785121918
1.09817206859589
1.33128583431244
1.249591588974
0.825295567512512
0.379551738500595
0.195438429713249
-0.0874791443347931
-0.312399417161942
-0.2428347915411
-0.0494836829602718
0.385656714439392
0.917271852493286
1.08660471439362
0.964424788951874
0.352079331874847
-0.64552241563797
-1.23674142360687
-1.33225226402283
-0.98298317193985
-0.174716085195541
0.463013231754303
0.623750925064087
0.63049852848053
0.497554570436478
0.344207137823105
0.42863255739212
0.488316774368286
0.491369247436523
0.753963708877563
0.79862642288208
0.612745881080627
0.654838085174561
0.807141244411469
1.12813460826874
1.32236933708191
0.775572121143341
0.205881163477898
0.286290168762207
0.563424050807953
0.81525444984436
0.712594389915466
0.45739021897316
0.47120675444603
0.650018393993378
1.05439293384552
1.44736075401306
1.2632474899292
1.02908933162689
1.11616563796997
1.06893241405487
1.10082292556763
1.02017295360565
0.298982083797455
-0.419075906276703
-0.693639278411865
-0.753805458545685
-0.319709330797195
0.266127675771713
0.481488823890686
0.616280317306519
0.41577997803688
-0.0351851768791676
-0.11912863701582
-0.228214979171753
-0.670504629611969
-1.22919058799744
-1.99745392799377
-2.20574617385864
-1.24212348461151
0.0846652016043663
0.996957898139954
1.25746381282806
1.07817018032074
1.00748097896576
1.07110130786896
0.859595894813538
0.357220381498337
-0.299064874649048
-0.939123690128326
-1.30212903022766
-1.63340437412262
-1.91511702537537
-1.64031267166138
-1.15127170085907
-0.874780476093292
-0.582464396953583
-0.311435490846634
-0.0935037955641747
-0.0234571918845177
-0.478037148714066
-1.22557580471039
-1.78201246261597
-1.96668803691864
-1.66907036304474
-1.07576274871826
-0.487355262041092
0.182264536619186
0.733640551567078
0.711469829082489
0.360915511846542
-0.129089400172234
-0.742639780044556
-1.13857984542847
-1.35185241699219
-1.54303467273712
-1.46158134937286
-1.08002018928528
-0.404456079006195
0.454498410224915
1.09479820728302
1.53202724456787
1.45965111255646
0.759908020496368
0.127159059047699
-0.271913766860962
-0.498360306024551
-0.358106434345245
-0.0692445337772369
0.239217564463615
0.637165784835815
0.869476318359375
0.905302882194519
0.650741338729858
-0.155838847160339
-0.885223150253296
-1.18019008636475
-1.19095408916473
-0.681429326534271
0.01389563921839
0.353444933891296
0.426544010639191
0.28998526930809
0.162102043628693
0.423411190509796
0.791878819465637
0.955909967422485
0.95205420255661
0.589370250701904
0.0697240680456161
-0.053339459002018
0.311352699995041
1.04186165332794
1.60721480846405
1.25103747844696
0.407506138086319
0.14378710091114
0.40991598367691
0.752357125282288
0.708899319171906
0.223312482237816
-0.0518132150173187
0.187003925442696
0.857667982578278
1.6881058216095
1.95592153072357
1.49049723148346
1.02065491676331
0.888835549354553
1.04844856262207
1.31449711322784
0.974064230918884
-0.140335410833359
-1.12861907482147
-1.35016548633575
-0.82449471950531
0.109085112810135
0.756212890148163
0.921047329902649
0.695966362953186
0.170938193798065
-0.102902248501778
-0.113907277584076
-0.322761833667755
-0.805215835571289
-1.67035555839539
-2.38769054412842
-1.90796780586243
-0.471128880977631
0.910443961620331
1.51973688602448
1.25264406204224
0.797823131084442
0.686407268047333
0.675803899765015
0.456024646759033
0.0250613242387772
-0.579331576824188
-1.16372263431549
-1.50029981136322
-1.67316710948944
-1.53002142906189
-1.02860987186432
-0.772281050682068
-0.861686885356903
-0.848030984401703
-0.500609517097473
0.0015250239521265
0.128604978322983
-0.441246598958969
-1.35289669036865
-2.00773596763611
-1.98227179050446
-1.3106437921524
-0.571218371391296
-0.131258264183998
0.178890734910965
0.249499633908272
0.104506380856037
0.0224908068776131
-0.179696455597878
-0.547039449214935
-0.884500205516815
-1.2360987663269
-1.38647413253784
-1.11239266395569
-0.587605476379395
0.0728568807244301
0.676446497440338
1.12162804603577
1.30003798007965
1.09672617912292
0.633631348609924
0.163146317005157
-0.223314926028252
-0.483499497175217
-0.375618100166321
0.120572112500668
0.747055411338806
1.19488775730133
1.26003432273865
0.923135876655579
0.24291267991066
-0.515470325946808
-0.980653643608093
-1.17119324207306
-1.08700883388519
-0.579974234104156
0.135995224118233
0.671466112136841
0.868191063404083
0.70311564207077
0.469439536333084
0.359871238470078
0.452731162309647
0.740468442440033
0.835818588733673
0.50036609172821
-0.0866758599877357
-0.301635384559631
0.221384599804878
1.23697996139526
1.84514832496643
1.34614670276642
0.413530766963959
0.0517304427921772
0.21415501832962
0.563986361026764
0.700946748256683
0.351597368717194
0.105389997363091
0.329506993293762
0.903937339782715
1.6272166967392
1.86747968196869
1.40936529636383
0.893735587596893
0.608167171478271
0.598929345607758
0.695082783699036
0.405658572912216
-0.39168381690979
-0.929484248161316
-0.855742573738098
-0.436587542295456
0.287977069616318
0.899920880794525
0.988925039768219
0.601580202579498
-0.0299638155847788
-0.664961934089661
-0.987160265445709
-1.06395447254181
-1.28766977787018
-1.81558978557587
-1.96347486972809
-1.20372641086578
0.100570276379585
1.27103936672211
1.56472098827362
1.0915048122406
0.675080955028534
0.563584744930267
0.507836639881134
0.357461363077164
-0.101697318255901
-0.755894005298615
-1.34020471572876
-1.75903844833374
-1.84587371349335
-1.37908387184143
-0.774369597434998
-0.617568016052246
-0.729706883430481
-0.732277393341064
-0.461328774690628
-0.0105242766439915
0.048195980489254
-0.634678065776825
-1.63991105556488
-2.1880738735199
-1.84410655498505
-0.993425905704498
-0.269102275371552
0.153024896979332
0.193831861019135
-0.0584001652896404
-0.22789366543293
-0.251992255449295
-0.300189465284348
-0.417469322681427
-0.744326710700989
-1.29987978935242
-1.58769738674164
-1.3110454082489
-0.550814926624298
0.351918697357178
0.985149621963501
1.1832400560379
1.05495524406433
0.674438297748566
0.247812733054161
-0.0418524593114853
-0.362926155328751
-0.435462951660156
-0.0190391149371862
0.569609403610229
1.05945360660553
1.30839216709137
1.04435181617737
0.41104057431221
-0.305732131004333
-0.928680956363678
-1.18525075912476
-1.1810736656189
-0.883777260780334
-0.202027827501297
0.495064377784729
0.891888022422791
1.02202045917511
0.902411043643951
0.699259877204895
0.62142139673233
0.632185399532318
0.614191770553589
0.427989929914474
-0.00530291302129626
-0.317299485206604
0.0407254137098789
0.973903596401215
1.85173535346985
1.84073030948639
0.888353526592255
0.182103872299194
0.116957321763039
0.308380544185638
0.448232769966125
0.164190575480461
-0.0329359769821167
0.360112220048904
1.01816463470459
1.78305423259735
2.16084003448486
1.61741662025452
0.937193393707275
0.586639046669006
0.462611585855484
0.74665379524231
0.812764286994934
0.0306040029972792
-0.78810578584671
-0.995273470878601
-0.639096140861511
0.254319339990616
0.928196549415588
0.958721458911896
0.674277663230896
0.0177514161914587
-0.627528786659241
-0.809151947498322
-0.961374759674072
-1.143399477005
-1.38181507587433
-1.81791937351227
-1.58785808086395
-0.451046705245972
0.732435584068298
1.39064872264862
1.19633364677429
0.548081278800964
0.331033229827881
0.406461864709854
0.341636627912521
0.162744671106339
-0.357142478227615
-1.09801387786865
-1.54480183124542
-1.71011829376221
-1.4991751909256
-0.911410331726074
-0.592987477779388
-0.690586805343628
-0.807705998420715
-0.697414755821228
-0.18644405901432
0.179453030228615
-0.247975826263428
-1.13681256771088
-1.9140727519989
-2.05223798751831
-1.39804136753082
-0.605759739875793
-0.139692783355713
0.0696437358856201
-0.00803408771753311
-0.139532119035721
-0.0973595678806305
-0.120494224131107
-0.153348654508591
-0.290791004896164
-0.863454103469849
-1.36703455448151
-1.34647035598755
-1.00186038017273
-0.254321783781052
0.638049423694611
0.973823249340057
0.960247695446014
0.783123016357422
0.389994472265244
0.136155873537064
-0.109007224440575
-0.372726261615753
-0.183552235364914
0.248053714632988
0.710425555706024
1.21464860439301
1.16259562969208
0.567199528217316
-0.0325343310832977
-0.751475930213928
-1.26043844223022
-1.23505449295044
-0.995032489299774
-0.346940755844116
0.556274831295013
0.996797263622284
0.997600555419922
0.622545957565308
0.00843328982591629
-0.0846676379442215
0.387263298034668
0.83814811706543
1.02322542667389
0.539486110210419
-0.466871470212936
-0.747780799865723
0.0125300521031022
1.27521646022797
2.16863179206848
1.71750605106354
0.517636716365814
-0.228696942329407
-0.228937938809395
0.447831124067307
0.912291467189789
0.607363879680634
0.292796790599823
0.198892563581467
0.459880411624908
1.37747478485107
1.95648384094238
1.63139379024506
1.10548198223114
0.602624475955963
0.329667657613754
0.625116467475891
0.793565690517426
0.194635152816772
-0.38581982254982
-0.636043608188629
-0.542139410972595
0.190779373049736
0.771636009216309
0.757819473743439
0.456345945596695
-0.259061187505722
-1.02603936195374
-1.1502274274826
-0.985634028911591
-0.976717531681061
-1.28421568870544
-1.6023975610733
-1.22437083721161
-0.209177076816559
0.871163189411163
1.36221241950989
0.958721458911896
0.362361401319504
0.236325725913048
0.290547579526901
0.331033229827881
0.204676225781441
-0.425582528114319
-1.24340867996216
-1.7567892074585
-1.84715902805328
-1.38237726688385
-0.710909962654114
-0.537239372730255
-0.794692754745483
-1.02571797370911
-0.83654397726059
-0.103785865008831
0.324205309152603
-0.2738416492939
-1.3869560956955
-2.11650109291077
-1.94017958641052
-1.01270473003387
-0.0927005037665367
0.233674883842468
0.0226514637470245
-0.350635856389999
-0.488801181316376
-0.30790102481842
0.0265875700861216
0.237450331449509
-0.152063399553299
-1.05551993846893
-1.67389011383057
-1.59854173660278
-0.870603382587433
0.241225779056549
0.826580822467804
0.740870118141174
0.572742223739624
0.440440893173218
0.479480624198914
0.563584744930267
0.289904952049255
0.0630567893385887
0.257532507181168
0.610014677047729
1.10981965065002
1.339559674263
0.795091986656189
0.0229727793484926
-0.614997506141663
-1.12829768657684
-1.08492028713226
-0.730108499526978
-0.366058975458145
0.21624356508255
0.68737119436264
0.890361785888672
0.981213510036469
0.752598106861115
0.406863510608673
0.371759861707687
0.41481602191925
0.58222097158432
0.831721842288971
0.44831308722496
-0.230223193764687
-0.353367030620575
0.15495277941227
1.21215844154358
1.93238532543182
1.48607921600342
0.497795552015305
-0.168370112776756
-0.162024155259132
0.343403846025467
0.56543231010437
0.368546724319458
0.295527964830399
0.451606571674347
1.06073892116547
1.86498951911926
2.06990790367126
1.66625642776489
1.02619755268097
0.370876252651215
0.197045013308525
0.372241854667664
0.301552623510361
0.0217678491026163
-0.323243796825409
-0.558205127716064
-0.222270652651787
0.336897224187851
0.617967247962952
0.741834044456482
0.335611969232559
-0.545754194259644
-1.16179478168488
-1.39225769042969
-1.24734485149384
-0.825458645820618
-0.768103957176208
-0.882652640342712
-0.53547215461731
0.123383618891239
0.772760570049286
0.925867021083832
0.461085349321365
0.124829530715942
0.155113443732262
0.317136377096176
0.510969460010529
0.329747974872589
-0.390719890594482
-1.23103809356689
-1.87961184978485
-2.01038694381714
-1.40832352638245
-0.713078856468201
-0.500609517097473
-0.658455312252045
-0.791238605976105
-0.45184999704361
0.102819480001926
0.0951079279184341
-0.557241201400757
-1.45909118652344
-2.04645442962646
-1.79478466510773
-1.05680525302887
-0.427189081907272
-0.0139784095808864
0.0497222281992435
-0.209016427397728
-0.378027945756912
-0.292558252811432
-0.046832837164402
-0.00972099043428898
-0.475546956062317
-1.15625214576721
-1.55958235263824
-1.37145256996155
-0.600939989089966
0.0519714280962944
0.176239877939224
0.213914036750793
0.323321670293808
0.554346919059753
0.855740129947662
0.744484901428223
0.312878966331482
0.120652444660664
0.255925923585892
0.674438297748566
1.06258642673492
0.844574451446533
0.156479030847549
-0.572583973407745
-1.14580941200256
-1.17713761329651
-0.679340779781342
-0.150296166539192
0.385174751281738
0.752678453922272
0.699179530143738
0.58222097158432
0.488397091627121
0.358907282352448
0.331274211406708
0.308621525764465
0.338664442300797
0.550330519676208
0.58696037530899
0.22323215007782
0.00851361826062202
0.192305624485016
0.86843204498291
1.612757563591
1.62143301963806
0.85477614402771
0.0665912479162216
-0.16451433300972
0.111575305461884
0.486388891935349
0.464941114187241
0.391038745641708
0.477954357862473
0.800152659416199
1.41972768306732
1.87655687332153
1.752690076828
1.28565919399261
0.794288694858551
0.430480122566223
0.441967129707336
0.566396236419678
0.436022818088531
0.0364679954946041
-0.315130591392517
-0.3563392162323
-0.061131339520216
0.287655740976334
0.503579199314117
0.407024145126343
-0.226206764578819
-0.948040187358856
-1.22453153133392
-1.11367785930634
-0.785535275936127
-0.535954117774963
-0.629536986351013
-0.641506016254425
-0.196404814720154
0.461727976799011
0.811157703399658
0.550009191036224
0.0958308801054955
-0.0210473332554102
0.168608665466309
0.4532131254673
0.572099566459656
0.196804016828537
-0.544388651847839
-1.21079528331757
-1.62456822395325
-1.61725831031799
-1.18195724487305
-0.742800414562225
-0.614515542984009
-0.671388268470764
-0.571941375732422
-0.218334555625916
-0.0062668570317328
-0.285248339176178
-0.875503420829773
-1.39731848239899
-1.47338974475861
-1.07279062271118
-0.601823627948761
-0.402367532253265
-0.376662373542786
-0.333124220371246
-0.225242808461189
-0.0252244230359793
0.187405571341515
0.176400542259216
-0.23809540271759
-0.852770388126373
-1.25987613201141
-1.2351348400116
-0.820719242095947
-0.319629013538361
-0.0957529991865158
-0.0710920915007591
0.0761503577232361
0.485746264457703
0.917914509773254
0.992941498756409
0.650982320308685
0.237691313028336
0.185798987746239
0.572902858257294
1.0464403629303
1.06612086296082
0.445260614156723
-0.45184999704361
-1.12548625469208
-1.3664722442627
-1.06805121898651
-0.438515424728394
0.122821316123009
0.544064879417419
0.725286364555359
0.692030251026154
0.65604305267334
0.491610258817673
0.288860678672791
0.28396064043045
0.446545869112015
0.692994236946106
0.724643707275391
0.289824634790421
-0.28725653886795
-0.287577867507935
0.383086204528809
1.36060583591461
1.90973258018494
1.45346570014954
0.446144223213196
-0.222431316971779
-0.206445902585983
0.289422988891602
0.568163454532623
0.327097117900848
0.26540470123291
0.58222097158432
1.22621595859528
2.04958486557007
2.23466205596924
1.57106697559357
0.769708096981049
0.305006742477417
0.209495946764946
0.536754965782166
0.809872448444366
0.469439536333084
-0.200983554124832
-0.561418294906616
-0.225001826882362
0.436424434185028
0.830516934394836
0.729222476482391
0.056068193167448
-0.944184422492981
-1.41788256168365
-1.19007050991058
-0.765694141387939
-0.428715348243713
-0.5776447057724
-0.998647272586823
-0.925628483295441
-0.164273351430893
0.80055433511734
1.19038939476013
0.647608518600464
0.00626441556960344
-0.0298031568527222
0.186843261122704
0.423170208930969
0.390717446804047
-0.308784633874893
-1.2093493938446
-1.64930951595306
-1.58552849292755
-1.1311092376709
-0.63082230091095
-0.497235685586929
-0.705849230289459
-0.937999129295349
-0.738703668117523
-0.209016427397728
-0.0682002604007721
-0.531375408172607
-1.22758400440216
-1.6750146150589
-1.46455359458923
-0.800235450267792
-0.359070390462875
-0.417629987001419
-0.639819085597992
-0.69379997253418
-0.371441006660461
0.132862403988838
0.365574568510056
0.188771158456802
-0.399154394865036
-1.06050038337708
-1.23698246479034
-0.914302170276642
-0.505107879638672
-0.300189465284348
-0.352965414524078
-0.351117849349976
0.10161454975605
0.844012141227722
1.31626439094543
1.14805614948273
0.51715475320816
0.141778886318207
0.454257398843765
1.06355035305023
1.35442054271698
0.921207964420319
-0.111015446484089
-1.07319223880768
-1.43764340877533
-1.13287651538849
-0.423172652721405
0.154872462153435
0.434255570173264
0.569930672645569
0.591217815876007
0.681105554103851
0.755971908569336
0.567681491374969
0.359308928251266
0.267975211143494
0.330872565507889
0.617645919322968
0.753401398658752
0.33842346072197
-0.196083500981331
-0.201144218444824
0.443654030561447
1.4349901676178
1.85960745811462
1.28517723083496
0.387584626674652
-0.0786429867148399
0.0595223233103752
0.464539468288422
0.391440391540527
-0.0299638155847788
-0.0604887083172798
0.450160652399063
1.45836579799652
2.45130848884583
2.73253917694092
2.00042366981506
0.825295567512512
0.126918077468872
0.129970565438271
0.400838851928711
0.573625802993774
0.262432545423508
-0.438274443149567
-0.631223917007446
-0.0375147089362144
0.70536482334137
1.0710209608078
0.912773489952087
0.0948669388890266
-1.05752813816071
-1.72192656993866
-1.55958235263824
-0.88763302564621
-0.305571496486664
-0.226608395576477
-0.45843693614006
-0.473458409309387
-0.00739145837724209
0.69628769159317
0.961934626102448
0.550732135772705
0.0731782019138336
-0.00787343084812164
0.152542918920517
0.294644355773926
0.243394657969475
-0.246449589729309
-1.00852763652802
-1.45499444007874
-1.3192390203476
-0.816060185432434
-0.361881881952286
-0.297699272632599
-0.694763898849487
-1.07865464687347
-0.921933352947235
-0.437149852514267
-0.191665425896645
-0.432249784469604
-0.903297126293182
-1.22621834278107
-1.22429049015045
-0.97197812795639
-0.718782186508179
-0.643353521823883
-0.676930904388428
-0.588007092475891
-0.31280106306076
-0.071815051138401
-0.00200943765230477
-0.142102643847466
-0.568326592445374
-0.96723872423172
-0.97197812795639
-0.77340567111969
-0.720710039138794
-0.75974977016449
-0.691631078720093
-0.381482064723969
0.28227373957634
0.984667599201202
1.23617672920227
0.935908138751984
0.449116379022598
0.337941497564316
0.69138765335083
1.09359335899353
1.15054631233215
0.583104610443115
-0.517960488796234
-1.44270420074463
-1.6773442029953
-1.21987247467041
-0.384373903274536
0.361638456583023
0.800393640995026
0.86353200674057
0.738781571388245
0.695323765277863
0.589852213859558
0.307496935129166
0.15872822701931
0.132300093770027
0.209656611084938
0.537397563457489
0.715084612369537
0.337057888507843
-0.00530291302129626
0.150133058428764
0.864977896213531
1.68095660209656
1.61436402797699
0.80143791437149
0.0648240149021149
-0.304205894470215
-0.141540333628654
0.298741102218628
0.299142748117447
0.269662141799927
0.639977276325226
1.17496621608734
1.81036603450775
2.24952292442322
2.09730005264282
1.39924395084381
0.530730307102203
0.0787208750844002
0.244760245084763
0.562942087650299
0.539245128631592
-0.0427360720932484
-0.600458025932312
-0.405741333961487
0.328462719917297
0.921127676963806
1.00571370124817
0.393448621034622
-0.687935948371887
-1.54046416282654
-1.7745418548584
-1.43250238895416
-0.71741658449173
-0.166843876242638
-0.229339569807053
-0.48703396320343
-0.33079469203949
0.282434374094009
0.848269522190094
0.85389256477356
0.390396118164063
-0.0556689910590649
-0.149091228842735
0.0700453817844391
0.265645682811737
0.16346763074398
-0.280589282512665
-0.887151062488556
-1.30582404136658
-1.31168806552887
-0.885946154594421
-0.343245625495911
-0.260748088359833
-0.656768441200256
-0.891167521476746
-0.66616690158844
-0.264844834804535
-0.0645854696631432
-0.256972640752792
-0.772923707962036
-1.17970812320709
-1.16998827457428
-1.00161945819855
-0.881769061088562
-0.748744785785675
-0.537882030010223
-0.312881380319595
-0.188130974769592
-0.0428967326879501
0.0442598760128021
-0.147645324468613
-0.467594414949417
-0.665524244308472
-0.729546189308167
-0.878877222537994
-1.05367243289948
-1.04965591430664
-0.791077971458435
-0.182427629828453
0.713397681713104
1.31361353397369
1.28453457355499
0.962416589260101
0.707453370094299
0.712594389915466
0.913978397846222
1.07254719734192
0.717815756797791
-0.191263779997826
-1.14854061603546
-1.64408814907074
-1.42246127128601
-0.602948248386383
0.277052372694016
0.77010977268219
0.852205634117126
0.660541415214539
0.539004147052765
0.47217071056366
0.191100686788559
0.0507664978504181
0.128444328904152
0.160174146294594
0.460924685001373
0.866825461387634
0.670823514461517
0.152141287922859
0.064583033323288
0.381800949573517
1.01037275791168
1.47652006149292
1.18267774581909
0.346616983413696
-0.236729815602303
-0.210060700774193
0.143546119332314
0.400919169187546
0.505828440189362
0.693556547164917
1.0169597864151
1.56118655204773
2.08051133155823
2.21682906150818
1.79823637008667
0.878794431686401
0.043376263231039
-0.140897706151009
0.161459401249886
0.5606929063797
0.566958546638489
-0.0294015146791935
-0.373770534992218
0.0431352742016315
0.687933504581451
1.06138145923615
0.903937339782715
0.0673142075538635
-1.11134839057922
-1.89069712162018
-1.77767467498779
-0.943381130695343
-0.0392819419503212
0.221786245703697
-0.311676472425461
-0.837186634540558
-0.50783908367157
0.398589640855789
0.965469062328339
0.749143958091736
0.101775206625462
-0.327340543270111
-0.237292110919952
0.171500489115715
0.425981730222702
0.157764285802841
-0.5776447057724
-1.29232883453369
-1.46881091594696
-1.04090011119843
-0.413051247596741
-0.155035555362701
-0.543585360050201
-1.14564871788025
-1.26252698898315
-0.791077971458435
-0.224680513143539
-0.0226539056748152
-0.337301313877106
-1.00643908977509
-1.49531948566437
-1.42246127128601
-0.94555002450943
-0.548726379871368
-0.494825839996338
-0.619897544384003
-0.730188846588135
-0.58238410949707
-0.157365083694458
0.111735962331295
-0.0444229766726494
-0.363247483968735
-0.592585802078247
-0.842729330062866
-1.07512021064758
-1.19344425201416
-1.14998650550842
-0.780956566333771
-0.0875594690442085
0.719342052936554
1.33000063896179
1.38478469848633
1.06579959392548
0.900322496891022
0.894458532333374
1.03029429912567
1.12363624572754
0.524785995483398
-0.699663937091827
-1.77534520626068
-2.11248469352722
-1.43330574035645
-0.10362520813942
0.940567195415497
1.30590200424194
1.09102272987366
0.624795198440552
0.39328795671463
0.288940995931625
0.128685310482979
0.0831389501690865
-0.0057045565918088
0.0467500649392605
0.422929227352142
0.651785612106323
0.543181240558624
0.427427649497986
0.513058006763458
0.861845076084137
1.2632474899292
1.18307948112488
0.67773175239563
0.0518910996615887
-0.322440505027771
-0.195039227604866
0.0937423408031464
0.24612583220005
0.564066708087921
0.939844250679016
1.32108414173126
1.86161577701569
2.10597562789917
1.87157642841339
1.29634284973145
0.442609757184982
-0.121136859059334
-0.00939967576414347
0.303319841623306
0.509282529354095
0.286852449178696
-0.0805708765983582
0.11181628704071
0.624232888221741
0.954062402248383
0.907712757587433
0.30171325802803
-0.651225745677948
-1.44736325740814
-1.84137535095215
-1.51459836959839
-0.603590846061707
0.143867433071136
0.245965167880058
-0.185399800539017
-0.440362989902496
0.0612092278897762
0.761916220188141
0.812362611293793
0.318180650472641
-0.221708357334137
-0.472896099090576
-0.204919666051865
0.236325725913048
0.32629382610321
0.0306843314319849
-0.523985147476196
-0.994791507720947
-1.00065553188324
-0.62664520740509
-0.233115017414093
-0.307338714599609
-0.901369214057922
-1.32654893398285
-1.14356017112732
-0.575636506080627
-0.0189587865024805
0.0575944371521473
-0.463818967342377
-1.06435608863831
-1.3818953037262
-1.33474242687225
-0.999852180480957
-0.766899049282074
-0.696049153804779
-0.626323878765106
-0.588328421115875
-0.331035673618317
0.106514595448971
0.179453030228615
-0.110372811555862
-0.458115637302399
-0.910205364227295
-1.28815174102783
-1.35257542133331
-1.22935116291046
-0.826422572135925
-0.201063886284828
0.379953384399414
0.93124908208847
1.18685483932495
1.05431258678436
1.00434815883636
0.976956069469452
0.869074642658234
0.891325712203979
0.603588402271271
-0.191022798418999
-1.04676413536072
-1.67067694664001
-1.55572664737701
-0.667130827903748
0.243715971708298
0.801518261432648
0.918476819992065
0.659898817539215
0.51835972070694
0.558042049407959
0.3911994099617
0.226766616106033
0.00923657603561878
-0.337943941354752
-0.20821313560009
0.268698185682297
0.610255718231201
0.743279993534088
0.681185901165009
0.554748594760895
0.781677067279816
1.13745272159576
1.19721734523773
0.805052697658539
0.0720535963773727
-0.378590255975723
-0.394896954298019
-0.220182105898857
0.125472158193588
0.619895160198212
1.09760975837708
1.72417342662811
2.26237535476685
2.37644219398499
2.03986501693726
1.04242396354675
-0.100010417401791
-0.512257158756256
-0.335212767124176
0.0485172979533672
0.36565488576889
0.098642386496067
-0.122261457145214
0.308460861444473
0.867869734764099
1.17030715942383
1.01623678207397
0.156559363007545
-1.11207139492035
-2.10710263252258
-2.33370971679688
-1.6455340385437
-0.479001075029373
0.362040102481842
0.307416588068008
-0.245565965771675
-0.286854892969131
0.364208966493607
0.943539321422577
0.84095960855484
0.118644222617149
-0.631223917007446
-0.863454103469849
-0.549449324607849
-0.018155500292778
0.292475461959839
0.0955095663666725
-0.387185424566269
-0.728823244571686
-0.768103957176208
-0.477233856916428
-0.165638938546181
-0.442853182554245
-1.18621468544006
-1.60898447036743
-1.34566712379456
-0.593308806419373
0.155756071209908
0.26845720410347
-0.341799706220627
-1.09190881252289
-1.40735948085785
-1.17087197303772
-0.752279222011566
-0.543665647506714
-0.555634617805481
-0.713801801204681
-0.736775815486908
-0.355294942855835
0.0902882069349289
0.197446659207344
-0.0327753201127052
-0.473458409309387
-1.01551628112793
-1.33916044235229
-1.30534207820892
-0.953663229942322
-0.493861883878708
-0.0882824286818504
0.421242326498032
0.913576781749725
1.09841299057007
1.17111051082611
1.26541638374329
1.07736694812775
0.928517878055573
0.871163189411163
0.331836521625519
-0.544067323207855
-1.37916421890259
-1.83567202091217
-1.39940702915192
-0.350957185029984
0.54880428314209
1.02435004711151
0.944744288921356
0.643752753734589
0.559407651424408
0.438271999359131
0.258576780557632
0.187084257602692
-0.0544640608131886
-0.216567322611809
-0.0267506688833237
0.256006240844727
0.461406677961349
0.543020606040955
0.578606188297272
0.737817645072937
1.01471054553986
1.16765630245209
0.979928255081177
0.34902685880661
-0.175358712673187
-0.25512507557869
-0.168209463357925
0.0225711353123188
0.461005032062531
1.05840933322906
1.64424633979797
2.05552911758423
2.20831418037415
2.07681632041931
1.57821619510651
0.630257546901703
-0.25094798207283
-0.512980103492737
-0.356419533491135
-0.00803408771753311
0.266689956188202
0.322759389877319
0.493859440088272
0.816620051860809
1.04097807407379
0.986515164375305
0.537879586219788
-0.36806720495224
-1.51250982284546
-2.30856680870056
-2.13899302482605
-1.09367609024048
0.0882799848914146
0.568565130233765
0.156800344586372
-0.120895870029926
0.296090245246887
0.851563036441803
1.10427701473236
0.733640551567078
-0.065629743039608
-0.643112540245056
-0.81975531578064
-0.720308423042297
-0.434418678283691
-0.261712044477463
-0.354009687900543
-0.441326946020126
-0.445504039525986
-0.338988214731216
-0.149171561002731
-0.336257040500641
-0.935187578201294
-1.42655813694
-1.48929476737976
-0.939364671707153
-0.100492388010025
0.219376385211945
-0.185560449957848
-0.956635355949402
-1.56785619258881
-1.58022677898407
-1.17336213588715
-0.780635237693787
-0.621664822101593
-0.732759356498718
-0.79228287935257
-0.416987359523773
0.111253991723061
0.350553095340729
0.195277780294418
-0.254161149263382
-0.742077469825745
-1.0647577047348
-1.21569538116455
-1.16605222225189
-0.915587425231934
-0.590657949447632
-0.0850692838430405
0.59113746881485
1.14315605163574
1.38856017589569
1.44085419178009
1.22557330131531
0.889397799968719
0.776054084300995
0.531292617321014
-0.113184317946434
-1.01704251766205
-1.89374959468842
-2.1058976650238
-1.2511203289032
0.0673142075538635
1.15102827548981
1.59283602237701
1.27119994163513
0.75034886598587
0.361558139324188
0.0881996601819992
0.0159038566052914
-0.0469131655991077
-0.300109148025513
-0.294325470924377
-0.0194407589733601
0.302998512983322
0.633390367031097
0.853571236133575
0.962657570838928
0.988282442092896
0.941450774669647
0.830275893211365
0.490565985441208
-0.0590427927672863
-0.271271139383316
-0.154714241623878
0.0811307355761528
0.447509795427322
0.920966982841492
1.36831736564636
1.76722955703735
2.02685189247131
1.99777281284332
1.63235771656036
0.825857818126678
-0.0954316854476929
-0.628573060035706
-0.529286861419678
-0.0200833883136511
0.485746264457703
0.663834929466248
0.729945421218872
0.84095960855484
0.919360399246216
0.969405174255371
0.707212388515472
0.0428139604628086
-0.93647289276123
-1.98058497905731
-2.42729258537292
-1.83398509025574
-0.566479027271271
0.654838085174561
1.02716147899628
0.488557755947113
0.101453892886639
0.341234982013702
0.694520473480225
0.717815756797791
0.271108031272888
-0.390077233314514
-0.762882590293884
-0.744005382061005
-0.466550141572952
-0.0702084824442863
0.155756071209908
0.107558868825436
-0.110453143715858
-0.429277628660202
-0.623432040214539
-0.683758854866028
-0.85003924369812
-1.09664821624756
-1.24911201000214
-1.07142508029938
-0.403492122888565
0.285888522863388
0.40501594543457
-0.10153666138649
-0.96916663646698
-1.61942720413208
-1.64938986301422
-1.34349822998047
-0.999932527542114
-0.706009924411774
-0.601743280887604
-0.440764635801315
-0.0204850323498249
0.328944683074951
0.418029189109802
0.185236692428589
-0.385016530752182
-0.984991371631622
-1.39972829818726
-1.58576953411102
-1.40462839603424
-0.909482419490814
-0.291353315114975
0.391842037439346
1.05527651309967
1.38341915607452
1.48133981227875
1.56174874305725
1.38590931892395
1.02884840965271
0.625196814537048
-0.024662122130394
-0.863052487373352
-1.69324922561646
-2.12027645111084
-1.61219763755798
-0.442210555076599
0.770832717418671
1.57307517528534
1.58914089202881
1.12974119186401
0.727053582668304
0.372402489185333
0.0261859260499477
-0.178170219063759
-0.442853182554245
-0.602867901325226
-0.296092689037323
0.154551148414612
0.669939875602722
1.12443947792053
1.22557330131531
1.04338788986206
0.803847789764404
0.575312733650208
0.507033348083496
0.214235350489616
-0.338184922933578
-0.45281395316124
-0.189737543463707
0.2168058604002
0.790673911571503
1.36887967586517
1.65983009338379
1.83631217479706
1.89551436901093
1.71316838264465
1.28188371658325
0.467511653900146
-0.458999246358871
-0.923780918121338
-0.685606420040131
0.00562178622931242
0.687933504581451
0.945145905017853
0.898314297199249
0.827223420143127
0.697171330451965
0.559086322784424
0.288459032773972
-0.412167638540268
-1.47515690326691
-2.38070201873779
-2.53180027008057
-1.58416295051575
-0.00988164730370045
1.05375027656555
1.04354858398438
0.369912296533585
-0.0338999181985855
0.219617366790771
0.496670961380005
0.2387355864048
-0.386703431606293
-1.00876867771149
-1.27923536300659
-1.00868833065033
-0.428795665502548
0.0966341719031334
0.351356387138367
0.218733742833138
-0.173832461237907
-0.499484896659851
-0.618451654911041
-0.622468113899231
-0.784731984138489
-1.19272136688232
-1.41948914527893
-1.07503986358643
-0.312158435583115
0.299865692853928
0.202025383710861
-0.619736909866333
-1.50929665565491
-1.85856568813324
-1.62119448184967
-1.12685179710388
-0.743282437324524
-0.61523848772049
-0.555875599384308
-0.294807434082031
0.157442972064018
0.486469209194183
0.462611585855484
0.158567577600479
-0.408392190933228
-1.08492028713226
-1.56199216842651
-1.66947197914124
-1.43949103355408
-0.928439974784851
-0.252233237028122
0.457791864871979
1.10226881504059
1.55339467525482
1.84892380237579
1.78956091403961
1.32783174514771
0.758622765541077
0.111093327403069
-0.695727825164795
-1.53114604949951
-2.15666532516479
-2.13160276412964
-1.17585229873657
0.221946895122528
1.40293896198273
1.86699771881104
1.56118655204773
1.07656359672546
0.644716680049896
0.125391840934753
-0.31697815656662
-0.651948690414429
-0.970451891422272
-0.796700954437256
-0.177607908844948
0.481890469789505
1.09021949768066
1.32694804668427
1.14741349220276
0.863853335380554
0.639816641807556
0.57539302110672
0.552338719367981
0.101453892886639
-0.336176723241806
-0.287658184766769
-0.0314900614321232
0.40405198931694
1.04346823692322
1.54399621486664
1.79928064346313
1.9421854019165
1.93640172481537
1.60520660877228
0.882891178131104
-0.075510174036026
-0.763123571872711
-0.780474603176117
-0.22411821782589
0.627365708351135
1.12829530239105
1.11030161380768
1.03631901741028
0.986515164375305
0.713478028774261
0.393127292394638
-0.0986448302865028
-1.02820825576782
-1.98235213756561
-2.47139310836792
-2.13184380531311
-0.903297126293182
0.51715475320816
1.23802423477173
1.03527474403381
0.398428976535797
0.136798501014709
0.338182479143143
0.292636126279831
-0.235364228487015
-0.878073930740356
-1.31996190547943
-1.29763054847717
-0.786740243434906
-0.103464551270008
0.403811007738113
0.515548169612885
0.234558492898941
-0.280107289552689
-0.726975679397583
-0.886669099330902
-0.942176222801208
-1.1646865606308
-1.4306548833847
-1.34084737300873
-0.749387383460999
0.00883493293076754
0.337539851665497
-0.111497417092323
-1.01101791858673
-1.67895078659058
-1.79831922054291
-1.42993187904358
-0.929323613643646
-0.708660781383514
-0.652109384536743
-0.529608130455017
-0.30428621172905
0.0289171002805233
0.275204807519913
0.188851490616798
-0.218896850943565
-0.788748443126678
-1.32213079929352
-1.59332036972046
-1.45129930973053
-0.999691545963287
-0.456107407808304
0.121616385877132
0.76625394821167
1.30445611476898
1.64175617694855
1.79229211807251
1.5690586566925
1.06250607967377
0.460683703422546
-0.301876366138458
-1.12636983394623
-1.84097373485565
-2.163654088974
-1.59741711616516
-0.311194479465485
1.01141703128815
1.86298131942749
1.87061250209808
1.23384714126587
0.629534602165222
0.196081072092056
-0.223555907607079
-0.509284973144531
-0.706250905990601
-0.771076142787933
-0.476269900798798
0.0691617652773857
0.597644090652466
1.10957872867584
1.35401880741119
1.14106750488281
0.658051252365112
0.259621053934097
0.137441128492355
0.0628961250185966
-0.135676339268684
-0.223555907607079
-0.18363256752491
0.0538993179798126
0.659256160259247
1.33321368694305
1.84563028812408
2.04002571105957
1.8608124256134
1.56552422046661
1.19777953624725
0.442931056022644
-0.474984645843506
-0.982420861721039
-0.792604207992554
-0.0268309973180294
0.771636009216309
1.15769553184509
1.17617118358612
1.0388091802597
0.819913506507874
0.548643589019775
0.20395328104496
-0.372244268655777
-1.23730373382568
-2.0608332157135
-2.41010236740112
-1.85679841041565
-0.374573826789856
0.991254568099976
1.28614115715027
0.798947751522064
0.272955596446991
0.0832192823290825
0.14587564766407
0.0563091784715652
-0.383168995380402
-0.825458645820618
-1.00041449069977
-0.918800532817841
-0.557321548461914
-0.00602587126195431
0.443814694881439
0.544305860996246
0.191020354628563
-0.35537526011467
-0.695004880428314
-0.841845691204071
-0.969086289405823
-1.14966511726379
-1.26405322551727
-1.03359019756317
-0.47434201836586
0.0581567361950874
0.0932603627443314
-0.482696205377579
-1.18002939224243
-1.55267405509949
-1.48415374755859
-1.0766464471817
-0.671468555927277
-0.572583973407745
-0.60142195224762
-0.480366677045822
-0.224760845303535
0.0351827368140221
0.110450699925423
-0.0262686964124441
-0.341719388961792
-0.807786345481873
-1.23417091369629
-1.32968175411224
-1.14894223213196
-0.849717915058136
-0.45562544465065
0.043697576969862
0.685443341732025
1.3577139377594
1.92105889320374
1.9997810125351
1.54897654056549
0.952295184135437
0.264521092176437
-0.583267688751221
-1.41041207313538
-1.97970128059387
-1.99416053295135
-1.15352094173431
0.248696342110634
1.46206092834473
1.97110366821289
1.88394713401794
1.42727863788605
0.778383612632751
0.080166794359684
-0.52430647611618
-0.823852062225342
-0.864096760749817
-0.57852828502655
-0.0145407104864717
0.494100421667099
1.01623678207397
1.414506316185
1.40109145641327
1.06338977813721
0.557158470153809
0.128123015165329
-0.0085963886231184
-0.110854789614677
-0.169173404574394
0.00658573023974895
0.263476818799973
0.672590732574463
1.22782254219055
1.64488899707794
1.78578543663025
1.73935544490814
1.45932972431183
1.16749572753906
0.834774315357208
0.152141287922859
-0.552823126316071
-0.685204803943634
-0.262194007635117
0.42863255739212
1.06001591682434
1.28806900978088
1.18452537059784
0.999046444892883
0.644716680049896
0.0798454806208611
-0.386060804128647
-0.905867636203766
-1.58255636692047
-2.07545304298401
-2.06308245658875
-1.14878153800964
0.442690074443817
1.57090628147125
1.52833211421967
0.701509058475494
-0.0397639125585556
-0.270387530326843
-0.283882737159729
-0.506393134593964
-0.907795548439026
-1.14259624481201
-1.06017899513245
-0.694763898849487
-0.1047498062253
0.501008689403534
0.766735970973969
0.509764552116394
-0.0997694283723831
-0.649619162082672
-0.842167019844055
-0.738623321056366
-0.727618336677551
-0.956715703010559
-1.05367243289948
-0.810437202453613
-0.387024760246277
-0.135676339268684
-0.364211410284042
-0.911892294883728
-1.38052976131439
-1.5251213312149
-1.24718415737152
-0.692835986614227
-0.285328656435013
-0.263880908489227
-0.47739452123642
-0.644076526165009
-0.544388651847839
-0.261712044477463
-0.00923901796340942
-0.0686019062995911
-0.444459766149521
-0.891328155994415
-1.2238085269928
-1.28566157817841
-1.1020302772522
-0.773084342479706
-0.281713873147964
0.422206282615662
1.14444136619568
1.76594424247742
2.04821920394897
1.8235399723053
1.22268152236938
0.412807822227478
-0.459159910678864
-1.26863193511963
-1.8890905380249
-2.08220076560974
-1.51066219806671
-0.265889108181
1.10130488872528
2.03785681724548
2.25843930244446
1.85350251197815
1.15424144268036
0.278337627649307
-0.582062780857086
-1.09078419208527
-1.15560948848724
-0.847549021244049
-0.244280710816383
0.429435849189758
1.02900910377502
1.33449900150299
1.40575051307678
1.30268883705139
0.784568905830383
0.166841432452202
-0.00931934639811516
0.1086031422019
0.0146185969933867
-0.00674882903695107
0.171902135014534
0.398027330636978
0.844333410263062
1.58528506755829
2.01335668563843
1.9002537727356
1.58030474185944
1.11833453178406
0.719422340393066
0.383246868848801
0.007870988920331
-0.311596125364304
-0.205722942948341
0.273999869823456
0.820234835147858
1.3627747297287
1.52584183216095
1.26477372646332
0.89397656917572
0.339708715677261
-0.347985029220581
-0.856626152992249
-1.31136679649353
-1.716383934021
-1.80297827720642
-1.31931936740875
-0.0963956266641617
1.19753861427307
1.6631236076355
1.25007355213165
0.457068920135498
-0.160979881882668
-0.412087291479111
-0.630340278148651
-0.947317242622375
-1.09504163265228
-1.03543782234192
-0.84529983997345
-0.452251642942429
0.136316537857056
0.753481686115265
0.988282442092896
0.559166669845581
-0.172145560383797
-0.73404461145401
-1.01270473003387
-0.969568252563477
-0.826422572135925
-0.831804633140564
-0.82240617275238
-0.657170057296753
-0.437149852514267
-0.367826193571091
-0.588569402694702
-1.02451312541962
-1.42519247531891
-1.54881834983826
-1.23111844062805
-0.679180145263672
-0.294968098402023
-0.204598352313042
-0.317138820886612
-0.397869139909744
-0.370959013700485
-0.27062851190567
-0.150376498699188
-0.153027340769768
-0.419477552175522
-0.900887250900269
-1.19561314582825
-1.14958488941193
-0.929323613643646
-0.573065936565399
-0.00200943765230477
0.548322260379791
1.14604794979095
1.77510178089142
1.96130359172821
1.67035317420959
1.08202600479126
0.231345355510712
-0.801601052284241
-1.64521276950836
-2.08027291297913
-1.78064692020416
-0.714203417301178
0.644395351409912
1.71782743930817
2.1539318561554
2.06332111358643
1.64665615558624
0.955909967422485
-0.0397639125585556
-1.00113749504089
-1.47845041751862
-1.28815174102783
-0.607767939567566
0.28203272819519
0.995993971824646
1.42888522148132
1.49555802345276
1.27119994163513
0.824893891811371
0.209335297346115
-0.174475088715553
-0.136881276965141
-0.021770291030407
0.0623338259756565
0.272553950548172
0.471126437187195
0.797100186347961
1.26678192615509
1.59388029575348
1.65525138378143
1.53275012969971
1.21713876724243
0.812201976776123
0.477151095867157
0.164752885699272
-0.287336885929108
-0.541657447814941
-0.100572720170021
0.701348423957825
1.3173086643219
1.68481230735779
1.47627913951874
0.760309636592865
0.213914036750793
-0.187327682971954
-0.593710422515869
-0.939043402671814
-1.35032618045807
-1.63549292087555
-1.48929476737976
-0.749307036399841
0.565191328525543
1.66103506088257
1.69991409778595
0.885542035102844
-0.0701281502842903
-0.657170057296753
-0.803448557853699
-0.890123248100281
-1.11889922618866
-1.2230052947998
-1.01326704025269
-0.471369862556458
0.279703199863434
0.921850621700287
1.23689961433411
0.971252739429474
0.0939029976725578
-0.736454486846924
-1.07407593727112
-1.01407039165497
-0.718219876289368
-0.567121624946594
-0.753243148326874
-0.904180765151978
-0.726734697818756
-0.426707118749619
-0.381241083145142
-0.747780799865723
-1.29457807540894
-1.59918439388275
-1.43153846263885
-0.861285209655762
-0.268620282411575
-0.141620665788651
-0.403492122888565
-0.619495928287506
-0.65933895111084
-0.486792951822281
-0.0552673451602459
0.203069657087326
-0.0322933457791805
-0.625038623809814
-1.28381407260895
-1.51323270797729
-1.29104363918304
-0.886508405208588
-0.363809764385223
0.144269078969955
0.735729098320007
1.56777346134186
2.09914755821228
2.00749254226685
1.4668003320694
0.484782308340073
-0.626564860343933
-1.48608160018921
-1.99391949176788
-1.84378516674042
-0.974227368831635
0.260103017091751
1.50439417362213
2.20815372467041
2.18140411376953
1.83968603610992
1.31040036678314
0.42678502202034
-0.590497255325317
-1.45483374595642
-1.66465222835541
-1.01583755016327
0.0104415062814951
1.06266677379608
1.61420345306396
1.53210747241974
1.24075543880463
0.922975182533264
0.494180768728256
0.0983210727572441
-0.182748943567276
-0.171422600746155
0.14266249537468
0.459077119827271
0.712273120880127
0.886827290058136
1.09696710109711
1.43587374687195
1.66946959495544
1.49097919464111
1.1182541847229
0.764245748519897
0.478275686502457
0.355613797903061
0.169652938842773
-0.0501263104379177
0.0594419948756695
0.470001846551895
1.02194011211395
1.58271455764771
1.69284522533417
1.27320826053619
0.709059953689575
0.0302826873958111
-0.569049537181854
-0.895023286342621
-1.17737853527069
-1.43796479701996
-1.38767898082733
-0.964748561382294
-0.0800085738301277
1.06901276111603
1.68023359775543
1.43916726112366
0.598608016967773
-0.342442333698273
-0.811079800128937
-0.938320398330688
-1.1393027305603
-1.2942568063736
-1.19874596595764
-0.793086171150208
-0.117522068321705
0.633551001548767
1.23497176170349
1.35650908946991
0.831721842288971
-0.0385589823126793
-0.824815988540649
-1.24854969978333
-1.16364240646362
-0.820397913455963
-0.68697202205658
-0.746816873550415
-0.70761650800705
-0.509365320205688
-0.291272968053818
-0.309186279773712
-0.711793601512909
-1.22734296321869
-1.50865399837494
-1.30389618873596
-0.705768942832947
-0.251108646392822
-0.239139676094055
-0.487756907939911
-0.706170558929443
-0.753162860870361
-0.452010661363602
-0.00803408771753311
0.0515697859227657
-0.26966455578804
-0.786499261856079
-1.15472590923309
-1.17095220088959
-0.987642228603363
-0.750190675258636
-0.401082277297974
0.0657076314091682
0.802241206169128
1.66023170948029
2.08926725387573
1.99929904937744
1.27176225185394
0.0326925478875637
-1.19127535820007
-1.9763275384903
-2.10951232910156
-1.46832895278931
-0.323565095663071
0.882007598876953
1.80393970012665
2.07006859779358
1.86153542995453
1.4326605796814
0.782480359077454
-0.0782413482666016
-1.06909549236298
-1.84900653362274
-1.69573950767517
-0.665604591369629
0.659256160259247
1.78032314777374
2.01705169677734
1.57958173751831
0.94048684835434
0.282354056835175
-0.190299838781357
-0.400439649820328
-0.41931688785553
-0.125635266304016
0.408952057361603
0.890683054924011
1.19577133655548
1.28373122215271
1.34534335136414
1.44711983203888
1.34582531452179
1.05824863910675
0.823608636856079
0.603829383850098
0.440360546112061
0.330551266670227
0.0461877658963203
-0.081615149974823
0.275204807519913
0.891566693782806
1.54222893714905
1.85743868350983
1.57556533813477
0.989005386829376
0.309987127780914
-0.361881881952286
-0.875583708286285
-1.22589707374573
-1.40045130252838
-1.23127913475037
-0.767621994018555
-0.0729396566748619
0.767780244350433
1.29730677604675
1.35442054271698
0.934783518314362
0.0693224221467972
-0.62680584192276
-0.952217280864716
-1.28766977787018
-1.39073145389557
-1.16532921791077
-0.86401641368866
-0.345414519309998
0.356336772441864
0.947555780410767
1.24453091621399
1.06218481063843
0.430399805307388
-0.312238752841949
-0.860562264919281
-1.01519501209259
-0.770513832569122
-0.457312345504761
-0.394334673881531
-0.566157698631287
-0.800556778907776
-0.884500205516815
-0.797423958778381
-0.785695970058441
-0.926753103733063
-1.11592710018158
-1.10500240325928
-0.784009039402008
-0.512337505817413
-0.471369862556458
-0.538765609264374
-0.653394639492035
-0.754126787185669
-0.673958778381348
-0.346539109945297
-0.0432983748614788
0.0786405503749847
-0.175278380513191
-0.726413369178772
-1.13825845718384
-1.19223940372467
-0.984750390052795
-0.657330751419067
-0.238175734877586
0.434737533330917
1.41322112083435
2.16903352737427
2.39274883270264
1.84980738162994
0.606158912181854
-0.827707827091217
-1.8959184885025
-2.2380383014679
-1.73678743839264
-0.57973325252533
0.758301436901093
1.81502509117126
2.26767706871033
2.23329639434814
1.84860253334045
1.18902373313904
0.295608282089233
-0.808107674121857
-1.89206278324127
-2.30181932449341
-1.57950389385223
-0.232392072677612
1.31433653831482
2.30623483657837
2.15939402580261
1.37490427494049
0.495225042104721
-0.170137345790863
-0.465345203876495
-0.597887516021729
-0.551859200000763
-0.0918972194194794
0.388387888669968
0.894619166851044
1.36679112911224
1.48246443271637
1.4541083574295
1.41257846355438
1.08282923698425
0.660862743854523
0.449518024921417
0.251266866922379
0.0669125616550446
-0.0466721802949905
-0.117682725191116
0.124267235398293
0.70311564207077
1.48712348937988
2.04685354232788
1.82104969024658
1.1323117017746
0.483979016542435
-0.219298496842384
-0.740470886230469
-1.02154088020325
-1.42639744281769
-1.54825603961945
-1.09351539611816
-0.380839437246323
0.424535810947418
1.18653357028961
1.5481733083725
1.34815490245819
0.53097128868103
-0.552019834518433
-1.19890666007996
-1.48865211009979
-1.68850994110107
-1.60858285427094
-1.30976021289825
-0.729385554790497
0.269260495901108
1.16837930679321
1.58375883102417
1.43426716327667
0.764888405799866
-0.0547050461173058
-0.767461359500885
-1.13488471508026
-0.954707503318787
-0.626725494861603
-0.546236157417297
-0.601903975009918
-0.692514717578888
-0.748343110084534
-0.650743782520294
-0.653153657913208
-0.970451891422272
-1.32566523551941
-1.43997299671173
-1.15030777454376
-0.624958276748657
-0.303804248571396
-0.266531765460968
-0.482053577899933
-0.859196662902832
-1.03359019756317
-0.809151947498322
-0.408392190933228
-0.0824987664818764
-0.000724178913515061
-0.426144808530807
-1.04941499233246
-1.42856633663177
-1.44792556762695
-1.10909914970398
-0.571780681610107
0.0778372585773468
0.869556665420532
1.57869815826416
1.93921327590942
1.92017531394958
1.17568922042847
-0.106517039239407
-1.33329653739929
-2.12863063812256
-2.07561373710632
-1.16717684268951
0.0694027543067932
1.20436656475067
1.91816711425781
2.06460618972778
1.90595710277557
1.46414947509766
0.681667864322662
-0.310873180627823
-1.38751840591431
-2.11818790435791
-1.88804626464844
-0.794371426105499
0.540691077709198
1.76313281059265
2.22044396400452
1.80707252025604
0.982338070869446
0.271188378334045
-0.0926201790571213
-0.318183094263077
-0.524868726730347
-0.466630458831787
-0.0250637661665678
0.596680164337158
1.34277284145355
1.60119020938873
1.42269992828369
1.3604451417923
1.25907039642334
0.87349271774292
0.541735351085663
0.276731044054031
0.0191973317414522
-0.0105242766439915
-0.00361601100303233
0.189815431833267
0.644234716892242
1.22822415828705
1.8030561208725
1.8416942358017
1.28598046302795
0.729624092578888
0.244278267025948
-0.28139254450798
-0.808348655700684
-1.37386250495911
-1.64368653297424
-1.34237360954285
-0.643112540245056
0.136637851595879
0.73074871301651
1.06355035305023
1.20862400531769
0.987157821655273
0.232469946146011
-0.630340278148651
-1.27304995059967
-1.76835656166077
-1.90210378170013
-1.5942040681839
-0.971656799316406
-0.0477967783808708
0.842325210571289
1.34164822101593
1.44029188156128
1.13311505317688
0.500125110149384
-0.283722072839737
-0.992220938205719
-1.2710417509079
-1.01639986038208
-0.541898429393768
-0.270789176225662
-0.302840322256088
-0.536837756633759
-0.813248693943024
-0.977279841899872
-1.06596267223358
-1.12034523487091
-1.11552548408508
-0.992943942546844
-0.751716911792755
-0.586480855941772
-0.566398680210114
-0.631143569946289
-0.76448917388916
-0.894701957702637
-0.849637567996979
-0.58254474401474
-0.31601420044899
-0.132302537560463
-0.184034198522568
-0.55683958530426
-1.00354731082916
-1.30469954013824
-1.2569842338562
-0.929564595222473
-0.490488082170486
0.188530176877975
1.01607608795166
1.59219336509705
1.92451310157776
1.6658548116684
0.52904337644577
-0.764569520950317
-1.71855282783508
-2.13465523719788
-1.61179602146149
-0.375136107206345
0.890602767467499
1.8571172952652
2.2097601890564
1.94644284248352
1.40856206417084
0.728178203105927
-0.0827397555112839
-1.02989506721497
-1.95496010780334
-2.26776003837585
-1.45121896266937
0.026748226955533
1.49748587608337
2.31009078025818
1.96684622764587
1.04467308521271
0.146116629242897
-0.318665057420731
-0.382927983999252
-0.486310988664627
-0.598289132118225
-0.294968098402023
0.355372816324234
1.21521091461182
