% Type: Spectrum
% Date: 11-DEC-24 11:57:03
% NoOfItems: = 1601
% Unit_Y: = dB
% Unit_X: = Hz
% Min_X: = 0
% Max_X: = 1000
% MinDisplay_X: = 0
% MaxDisplay_X: = 1000
0
0
0
0
0.0130042564123869
0.007126918528229
0.00737683475017548
0.00818690750747919
0.00544644799083471
0.00395556911826134
0.00299899349920452
0.00209412490949035
0.00107722473330796
0.00205965363420546
0.00184420868754387
0.00135299423709512
0.000611863622907549
0.00140470103360713
0.000706659397110343
0.00168908829800785
0.00195624004118145
0.00154258578550071
0.00412792479619384
0.0167874693870544
0.0153310615569353
0.0030334647744894
0.00195624004118145
0.00264566391706467
0.00358500378206372
0.00214583147317171
0.00147364335134625
0.000956575502641499
0.00179250189103186
0.0027663130313158
0.00280940206721425
0.00286110886372626
0.00692009134218097
0.00795422680675983
0.00798869784921408
0.29374623298645
0.564767360687256
0.271055579185486
0.00475702434778214
0.00268013495951891
0.00193038664292544
0.00233542313799262
0.00222339178435504
0.00168047053739429
0.00223200954496861
0.000913486524950713
0.00187867984641343
0.00168047053739429
0.00139608315657824
0.000879015366081148
0.00112031365279108
0.000835926388390362
0.000749748374801129
0.000835926388390362
0.000801455171313137
0.000698041578289121
0.00183559092693031
0.00392971560359001
0.00522238528355956
0.00915210135281086
0.00405898271128535
0.00048259666073136
0.000672188180033118
0.000560156826395541
0.000672188180033118
0.000586010224651545
0.000930722104385495
0.00113754929043353
0.00103413569740951
0.000517067848704755
0.000706659397110343
0.000896250945515931
0.00280078430660069
0.0052568563260138
0.00567051069810987
0.0371168553829193
0.0746042728424072
0.0447436049580574
0.00771292857825756
0.00349882571026683
0.0020510358735919
0.000835926388390362
0.000706659397110343
0.000517067848704755
0.000542921246960759
0.000680805998854339
0.000956575502641499
0.00115478481166065
0.000982428900897503
0.000465361052192748
0.000370565307093784
0.000611863622907549
0.000991046661511064
0.000749748374801129
0.000818690750747919
0.000973811140283942
0.0014908789889887
0.00331785203889012
0.00173217733390629
0.00232680537737906
0.00237851217389107
0.00101690005976707
0.00190453324466944
0.00187006208579987
0.00148226122837514
0.0023612764198333
0.00416239630430937
0.00313687836751342
0.00224062730558217
0.00214583147317171
0.00102551793679595
0.00137022975832224
0.00223200954496861
0.00438645901158452
0.00848853029310703
0.134351462125778
0.239867776632309
0.112893149256706
0.0228457804769278
0.0113237863406539
0.00416239630430937
0.00188729760702699
0.000991046661511064
0.000586010224651545
0.000698041578289121
0.000784219591878355
0.00101690005976707
0.000827308569569141
0.000534303428139538
0.000732512795366347
0.000680805998854339
0.000542921246960759
0.00048259666073136
0.000637717021163553
0.000654952600598335
0.000827308569569141
0.000999664538539946
0.001939004403539
0.00136161199770868
0.00140470103360713
0.00164599937852472
0.000732512795366347
0.000499832269269973
0.000663570419419557
0.000818690750747919
0.00139608315657824
0.00214583147317171
0.00154258578550071
0.000887633126694709
0.000870397547259927
0.000999664538539946
0.00105998909566551
0.00113754929043353
0.00405036471784115
0.00666155759245157
0.0167357623577118
0.031670406460762
0.0210532788187265
0.0123148327693343
0.00662708608433604
0.007126918528229
0.00398142263293266
0.00228371634148061
0.00113754929043353
0.00121510948520154
0.0012495806440711
0.00123234500642866
0.0018097375286743
0.00183559092693031
0.00101690005976707
0.000672188180033118
0.000715277215931565
0.000560156826395541
0.000396418676245958
0.000473978871013969
0.000835926388390362
0.000741130614187568
0.00143917219247669
0.000887633126694709
0.00140470103360713
0.00176664849277586
0.000766983954235911
0.000568774645216763
0.000405036495067179
0.000318858510581777
0.000370565307093784
0.000405036495067179
0.000534303428139538
0.000965193321462721
0.000827308569569141
0.000663570419419557
0.000775601773057133
0.0012237272458151
0.00187006208579987
0.00272322399541736
0.0194676052778959
0.0319634117186069
0.017821604385972
0.0116340266540647
0.00698903389275074
0.0024474544916302
0.00207688915543258
0.00141331879422069
0.00185282644815743
0.00225786305963993
0.00140470103360713
0.000792837352491915
0.00116340268868953
0.00153396790847182
0.00197347556240857
0.00208550691604614
0.00171494169626385
0.00174941285513341
0.00106860685627908
0.00106860685627908
0.00147364335134625
0.00169770605862141
0.00174941285513341
0.00121510948520154
0.00260257488116622
0.00250777904875576
0.000939339923206717
0.00136161199770868
0.00123234500642866
0.00108584249392152
0.00121510948520154
0.00156843918375671
0.00135299423709512
0.00112031365279108
0.00134437636006624
0.00148226122837514
0.00222339178435504
0.00170632393565029
0.00240436545573175
0.00285249087028205
0.0175286009907722
0.0240178015083075
0.0156499203294516
0.00705797597765923
0.00612725410610437
0.00570498174056411
0.00416239630430937
0.00256810360588133
0.00243883673101664
0.00386939104646444
0.00280940206721425
0.00211136043071747
0.00304208253510296
0.00317134940996766
0.00317134940996766
0.00461913924664259
0.00570498174056411
0.00928998552262783
0.00674773566424847
0.00190453324466944
0.00283525534905493
0.00254225032404065
0.00197347556240857
0.00170632393565029
0.00328338076360524
0.0034298833925277
0.00230956962332129
0.00194762228056788
0.00130990520119667
0.00104275345802307
0.00144778995309025
0.00161152810323983
0.00250777904875576
0.0035677682608366
0.00201656459830701
0.00146502559073269
0.00101690005976707
0.0017580307321623
0.00210274267010391
0.0040934537537396
0.00745439482852817
0.0143055440858006
0.0161756053566933
0.0074026882648468
0.00327476300299168
0.00297314021736383
0.00137022975832224
0.00368841737508774
0.0045415791682899
0.00336094107478857
0.00325752748176455
0.00160291034262627
0.00111169589217752
0.00121510948520154
0.00243021897040308
0.0026284281630069
0.00166323489975184
0.00232680537737906
0.00130990520119667
0.00232680537737906
0.00228371634148061
0.00176664849277586
0.00211136043071747
0.0027663130313158
0.004636375233531
0.00366256386041641
0.00200794683769345
0.00130128744058311
0.00157705694437027
0.00182697304990143
0.00138746539596468
0.00131852307822555
0.0018097375286743
0.00203380011953413
0.00170632393565029
0.00192176888231188
0.00193038664292544
0.0024474544916302
0.00299037573859096
0.00401589367538691
0.0279130470007658
0.0556709729135036
0.0547833405435085
0.0222425349056721
0.00790252070873976
0.0149691142141819
0.0109187494963408
0.00625652121379972
0.00489490898326039
0.00290419766679406
0.00242160120978951
0.00238712993450463
0.00235265865921974
0.00183559092693031
0.00252501456998289
0.00268875272013247
0.0028955799061805
0.00257672136649489
0.00234404089860618
0.0020510358735919
0.00310240709222853
0.00413654278963804
0.00441231252625585
0.00281801982782781
0.00431751646101475
0.00246469001285732
0.00322305620647967
0.00302484701387584
0.00333508756011724
0.00373150641098619
0.00314549612812698
0.0018097375286743
0.00228371634148061
0.00297314021736383
0.00210274267010391
0.00136161199770868
0.00343850115314126
0.00498108705505729
0.00750610185787082
0.00772154657170177
0.0783271640539169
0.112677700817585
0.0413395762443542
0.0161669887602329
0.0127543406561017
0.0111772837117314
0.00886771362274885
0.00613587163388729
0.00448125461116433
0.00324029196053743
0.00210274267010391
0.00213721371255815
0.00260257488116622
0.00208550691604614
0.00189591548405588
0.0017580307321623
0.000991046661511064
0.00166323489975184
0.00182697304990143
0.00207688915543258
0.00319720292463899
0.00278354855254292
0.00284387310966849
0.00206827139481902
0.00294728670269251
0.00210274267010391
0.00181835528928787
0.00226648082025349
0.00145640783011913
0.00168047053739429
0.00176664849277586
0.00166323489975184
0.00138746539596468
0.00286972662433982
0.00248192576691508
0.000947957742027938
0.00168908829800785
0.00202518235892057
0.00220615626312792
0.00250777904875576
0.0140814809128642
0.0215875823050737
0.0140987168997526
0.00406760023906827
0.00423995638266206
0.00494661554694176
0.00375735969282687
0.00250777904875576
0.0017580307321623
0.00114616705104709
0.000835926388390362
0.000810072990134358
0.000939339923206717
0.000680805998854339
0.000215444932109676
0.000542921246960759
0.000715277215931565
0.000801455171313137
0.000542921246960759
0.000301622902043164
0.000180973744136281
0.000741130614187568
0.000982428900897503
0.000818690750747919
0.00111169589217752
0.000991046661511064
0.000766983954235911
0.00024129833036568
0.000422272074501961
0.000491214450448751
0.000370565307093784
0.000465361052192748
0.000542921246960759
0.000896250945515931
0.000973811140283942
0.000896250945515931
0.000930722104385495
0.00156843918375671
0.00134437636006624
0.00192176888231188
0.00827308557927608
0.0104447705671191
0.00702350493520498
0.00654090847820044
0.00317996717058122
0.00169770605862141
0.00146502559073269
0.00139608315657824
0.00138746539596468
0.000766983954235911
0.000698041578289121
0.000603245804086328
0.000517067848704755
0.000465361052192748
0.000405036495067179
0.000551539065781981
0.000405036495067179
0.000620481441728771
0.000611863622907549
0.000887633126694709
0.000853161967825145
0.000586010224651545
0.000913486524950713
0.00119787384755909
0.00137022975832224
0.000853161967825145
0.000517067848704755
0.000517067848704755
0.000491214450448751
0.000508450029883534
0.000491214450448751
0.000629099202342331
0.000379183096811175
0.000577392405830324
0.000629099202342331
0.000844544149003923
0.00107722473330796
0.00107722473330796
0.00119787384755909
0.00127543404232711
0.00232680537737906
0.00336955883540213
0.00291281566023827
0.00269737071357667
0.00137884763535112
0.00150811451021582
0.00143055443186313
0.000973811140283942
0.000586010224651545
0.000336094090016559
0.000499832269269973
0.000508450029883534
0.00109446025453508
0.000827308569569141
0.000741130614187568
0.000758366193622351
0.000586010224651545
0.000947957742027938
0.000965193321462721
0.00041365428478457
0.000525685667525977
0.000577392405830324
0.000801455171313137
0.000611863622907549
0.000654952600598335
0.000844544149003923
0.00114616705104709
0.00118925608694553
0.000991046661511064
0.000439507683040574
0.000801455171313137
0.00109446025453508
0.00120649160817266
0.000801455171313137
0.000741130614187568
0.000749748374801129
0.000611863622907549
0.000853161967825145
0.00105137133505195
0.00127543404232711
0.0029817579779774
0.00444678356871009
0.0024474544916302
0.00277493079192936
0.00214583147317171
0.0020510358735919
0.00123234500642866
0.00118063820991665
0.00132714083883911
0.00117202044930309
0.000758366193622351
0.000637717021163553
0.000594628043472767
0.000784219591878355
0.000689423817675561
0.000473978871013969
0.000422272074501961
0.000551539065781981
0.000827308569569141
0.000672188180033118
0.000456743262475356
0.000258533924352378
0.000456743262475356
0.000801455171313137
0.00114616705104709
0.000637717021163553
0.000586010224651545
0.000568774645216763
0.000568774645216763
0.000542921246960759
0.000879015366081148
0.000939339923206717
0.000525685667525977
0.000620481441728771
0.000879015366081148
0.000629099202342331
0.000758366193622351
0.000947957742027938
0.00126681628171355
0.000913486524950713
0.00417963182553649
0.00497246906161308
0.00312826060689986
0.00302484701387584
0.00129266967996955
0.00128405180294067
0.000956575502641499
0.00103413569740951
0.00118063820991665
0.00138746539596468
0.000973811140283942
0.000922104343771935
0.00112031365279108
0.000801455171313137
0.000663570419419557
0.000844544149003923
0.000525685667525977
0.000732512795366347
0.00104275345802307
0.00115478481166065
0.000853161967825145
0.00147364335134625
0.00163738150149584
0.00186144420877099
0.00183559092693031
0.00132714083883911
0.00105137133505195
0.000637717021163553
0.000870397547259927
0.000965193321462721
0.00107722473330796
0.000896250945515931
0.000939339923206717
0.00113754929043353
0.00116340268868953
0.00133575859945267
0.00120649160817266
0.00132714083883911
0.0029817579779774
0.00416239630430937
0.0131593765690923
0.0158998370170593
0.00665293959900737
0.00665293959900737
0.0040934537537396
0.00112031365279108
0.000801455171313137
0.00127543404232711
0.00119787384755909
0.00109446025453508
0.00111169589217752
0.000939339923206717
0.000689423817675561
0.000551539065781981
0.000715277215931565
0.000672188180033118
0.000758366193622351
0.000723894976545125
0.000766983954235911
0.00116340268868953
0.00136161199770868
0.000784219591878355
0.000766983954235911
0.000896250945515931
0.000672188180033118
0.000835926388390362
0.000861779728438705
0.000439507683040574
0.000818690750747919
0.00108584249392152
0.000810072990134358
0.000706659397110343
0.000896250945515931
0.00111169589217752
0.000879015366081148
0.000698041578289121
0.00103413569740951
0.00137884763535112
0.00324890972115099
0.00327476300299168
0.0125388950109482
0.0144348107278347
0.00521376729011536
0.00448987260460854
0.001913151005283
0.00104275345802307
0.000827308569569141
0.000473978871013969
0.000603245804086328
0.000844544149003923
0.000810072990134358
0.000517067848704755
0.000861779728438705
0.000732512795366347
0.000405036495067179
0.000542921246960759
0.000560156826395541
0.000672188180033118
0.000637717021163553
0.000853161967825145
0.000913486524950713
0.000654952600598335
0.000698041578289121
0.000758366193622351
0.000551539065781981
0.000611863622907549
0.000629099202342331
0.000672188180033118
0.000741130614187568
0.000792837352491915
0.000551539065781981
0.000620481441728771
0.000672188180033118
0.000766983954235911
0.000586010224651545
0.000810072990134358
0.00153396790847182
0.00185282644815743
0.00567051069810987
0.00619619619101286
0.00964331533759832
0.0111341942101717
0.00698903389275074
0.00685114925727248
0.0035677682608366
0.00126681628171355
0.000749748374801129
0.000844544149003923
0.000913486524950713
0.000913486524950713
0.000810072990134358
0.000698041578289121
0.000551539065781981
0.000663570419419557
0.00112893152981997
0.00107722473330796
0.000775601773057133
0.00100828229915351
0.00115478481166065
0.0012495806440711
0.00102551793679595
0.000904868764337152
0.000680805998854339
0.000913486524950713
0.00118063820991665
0.0012237272458151
0.00133575859945267
0.000766983954235911
0.000672188180033118
0.000999664538539946
0.000827308569569141
0.00112893152981997
0.00146502559073269
0.00144778995309025
0.00137884763535112
0.00144778995309025
0.00144778995309025
0.00172355945687741
0.00362809281796217
0.0030334647744894
0.00932445656508207
0.0144261932000518
0.0108498074114323
0.00457605067640543
0.00174079509451985
0.00113754929043353
0.00183559092693031
0.00100828229915351
0.000835926388390362
0.000741130614187568
0.000723894976545125
0.00106860685627908
0.00112893152981997
0.000879015366081148
0.00117202044930309
0.00116340268868953
0.000904868764337152
0.00109446025453508
0.00113754929043353
0.000922104343771935
0.000499832269269973
0.000663570419419557
0.000758366193622351
0.000620481441728771
0.000465361052192748
0.000922104343771935
0.000784219591878355
0.000775601773057133
0.00105137133505195
0.000973811140283942
0.000603245804086328
0.000620481441728771
0.00112031365279108
0.00101690005976707
0.000654952600598335
0.000879015366081148
0.00168908829800785
0.00165461713913828
0.00311102485284209
0.00372288841754198
0.00573083525523543
0.0045415791682899
0.00203380011953413
0.00399865815415978
0.00462775724008679
0.00314549612812698
0.00136161199770868
0.00118925608694553
0.00177526625338942
0.00126681628171355
0.00103413569740951
0.000982428900897503
0.000879015366081148
0.000741130614187568
0.000508450029883534
0.000508450029883534
0.000680805998854339
0.000758366193622351
0.00104275345802307
0.00135299423709512
0.00133575859945267
0.000947957742027938
0.000991046661511064
0.00105998909566551
0.00139608315657824
0.000723894976545125
0.00113754929043353
0.00136161199770868
0.00109446025453508
0.00103413569740951
0.000835926388390362
0.000560156826395541
0.000698041578289121
0.000973811140283942
0.00115478481166065
0.00162876374088228
0.0017580307321623
0.00132714083883911
0.00347297242842615
0.00497246906161308
0.023181876167655
0.0252329111099243
0.00840235222131014
0.00417963182553649
0.00336094107478857
0.00290419766679406
0.00107722473330796
0.000620481441728771
0.00137884763535112
0.000930722104385495
0.000741130614187568
0.00130990520119667
0.00127543404232711
0.00143055443186313
0.00141331879422069
0.00126681628171355
0.000827308569569141
0.00117202044930309
0.000904868764337152
0.00177526625338942
0.00200794683769345
0.00203380011953413
0.00183559092693031
0.000801455171313137
0.00126681628171355
0.000939339923206717
0.00103413569740951
0.000947957742027938
0.00100828229915351
0.00111169589217752
0.00120649160817266
0.00114616705104709
0.000775601773057133
0.00136161199770868
0.0012495806440711
0.000887633126694709
0.00138746539596468
0.00141331879422069
0.00385215552523732
0.00397280463948846
0.0158998370170593
0.0159256905317307
0.00457605067640543
0.00421410286799073
0.00415377831086516
0.00227509858086705
0.000913486524950713
0.000766983954235911
0.000646334839984775
0.000603245804086328
0.000818690750747919
0.000499832269269973
0.000939339923206717
0.000982428900897503
0.00121510948520154
0.000991046661511064
0.000913486524950713
0.000801455171313137
0.000689423817675561
0.000792837352491915
0.000887633126694709
0.00110307813156396
0.000939339923206717
0.000827308569569141
0.00136161199770868
0.00164599937852472
0.00107722473330796
0.00124096288345754
0.000689423817675561
0.000654952600598335
0.000646334839984775
0.000818690750747919
0.00100828229915351
0.000766983954235911
0.000973811140283942
0.0012237272458151
0.00130128744058311
0.00115478481166065
0.00187006208579987
0.00338679435662925
0.0126681625843048
0.0124440994113684
0.00440369453281164
0.00297314021736383
0.00206827139481902
0.001939004403539
0.00120649160817266
0.00110307813156396
0.000818690750747919
0.000775601773057133
0.000663570419419557
0.000930722104385495
0.000896250945515931
0.000517067848704755
0.000853161967825145
0.000853161967825145
0.000758366193622351
0.000603245804086328
0.000594628043472767
0.00153396790847182
0.00155120354611427
0.00118925608694553
0.00125819840468466
0.00118063820991665
0.00124096288345754
0.000654952600598335
0.000637717021163553
0.000870397547259927
0.000594628043472767
0.00118925608694553
0.000870397547259927
0.000586010224651545
0.000689423817675561
0.000879015366081148
0.00116340268868953
0.00118063820991665
0.00132714083883911
0.00125819840468466
0.00270598847419024
0.0040072756819427
0.0148053765296936
0.0170718561857939
0.00653229048475623
0.00286110886372626
0.00137022975832224
0.00167185277678072
0.000991046661511064
0.000766983954235911
0.000887633126694709
0.000792837352491915
0.000879015366081148
0.00143055443186313
0.00162014598026872
0.00133575859945267
0.000930722104385495
0.000577392405830324
0.000904868764337152
0.00112031365279108
0.000844544149003923
0.0018097375286743
0.00177526625338942
0.00127543404232711
0.00157705694437027
0.00135299423709512
0.00111169589217752
0.000672188180033118
0.00118063820991665
0.00105137133505195
0.000698041578289121
0.000991046661511064
0.000982428900897503
0.00101690005976707
0.00118925608694553
0.00153396790847182
0.00157705694437027
0.00188729760702699
0.00267151719890535
0.00306793581694365
0.00672188214957714
0.00727342115715146
0.0245607234537601
0.0228974875062704
0.0076612220145762
0.00396418664604425
0.00280078430660069
0.00329199875704944
0.00155120354611427
0.000973811140283942
0.000741130614187568
0.000603245804086328
0.000991046661511064
0.000973811140283942
0.00106860685627908
0.00106860685627908
0.000766983954235911
0.000939339923206717
0.00129266967996955
0.00130128744058311
0.00130990520119667
0.00168908829800785
0.00146502559073269
0.00123234500642866
0.00142193655483425
0.00109446025453508
0.000913486524950713
0.000766983954235911
0.000965193321462721
0.000965193321462721
0.000551539065781981
0.000396418676245958
0.000775601773057133
0.000870397547259927
0.000629099202342331
0.00112893152981997
0.00115478481166065
0.00127543404232711
0.00171494169626385
0.00195624004118145
0.00521376729011536
0.00622204970568419
0.0174424219876528
0.0147019624710083
0.0029817579779774
0.00241298321634531
0.00285249087028205
0.00182697304990143
0.00198209332302213
0.00228371634148061
0.00119787384755909
0.000887633126694709
0.000939339923206717
0.000680805998854339
0.000973811140283942
0.000749748374801129
0.000810072990134358
0.00120649160817266
0.00118063820991665
0.00102551793679595
0.00115478481166065
0.00130128744058311
0.00131852307822555
0.00105998909566551
0.000870397547259927
0.0012237272458151
0.00133575859945267
0.000715277215931565
0.00119787384755909
0.00112893152981997
0.000491214450448751
0.00104275345802307
0.00116340268868953
0.0015167323872447
0.00128405180294067
0.00130128744058311
0.00137022975832224
0.00111169589217752
0.00154258578550071
0.00135299423709512
0.00340403011068702
0.00473117083311081
0.0112203722819686
0.0082041434943676
0.00405036471784115
0.0040934537537396
0.00366256386041641
0.00183559092693031
0.00224062730558217
0.00187867984641343
0.00105998909566551
0.00118925608694553
0.00108584249392152
0.00133575859945267
0.0015167323872447
0.000870397547259927
0.000715277215931565
0.000887633126694709
0.000801455171313137
0.00149949674960226
0.00183559092693031
0.00145640783011913
0.00150811451021582
0.00139608315657824
0.00103413569740951
0.00105137133505195
0.00111169589217752
0.000853161967825145
0.000758366193622351
0.000818690750747919
0.00125819840468466
0.00141331879422069
0.000844544149003923
0.000956575502641499
0.00109446025453508
0.00129266967996955
0.00100828229915351
0.000982428900897503
0.00111169589217752
0.00136161199770868
0.00426580989733338
0.00598936947062612
0.0189677719026804
0.0154775641858578
0.0053516523912549
0.00342126563191414
0.00267151719890535
0.00255948584526777
0.00144778995309025
0.000913486524950713
0.00157705694437027
0.00148226122837514
0.00117202044930309
0.00138746539596468
0.00130990520119667
0.0012237272458151
0.00118063820991665
0.00103413569740951
0.000904868764337152
0.0012495806440711
0.00103413569740951
0.00167185277678072
0.00166323489975184
0.00121510948520154
0.00119787384755909
0.000861779728438705
0.00109446025453508
0.00120649160817266
0.00113754929043353
0.000749748374801129
0.000663570419419557
0.00109446025453508
0.000766983954235911
0.00133575859945267
0.00135299423709512
0.00137884763535112
0.000749748374801129
0.00140470103360713
0.00201656459830701
0.0024474544916302
0.00667017512023449
0.00746301282197237
0.0152793554589152
0.0126595441251993
0.00606692954897881
0.00449849013239145
0.0036108570639044
0.0031627316493541
0.00170632393565029
0.00164599937852472
0.00126681628171355
0.00112031365279108
0.00126681628171355
0.00144778995309025
0.00127543404232711
0.000973811140283942
0.000947957742027938
0.00119787384755909
0.00118925608694553
0.000999664538539946
0.00111169589217752
0.00253363256342709
0.00243021897040308
0.00163738150149584
0.00161152810323983
0.000663570419419557
0.000594628043472767
0.000947957742027938
0.000870397547259927
0.000766983954235911
0.000991046661511064
0.00102551793679595
0.000715277215931565
0.00110307813156396
0.000723894976545125
0.000879015366081148
0.000620481441728771
0.00115478481166065
0.00130990520119667
0.00189591548405588
0.00499832257628441
0.00598936947062612
0.0134092932567
0.0107291582971811
0.00516206072643399
0.00280078430660069
0.00290419766679406
0.00223200954496861
0.00149949674960226
0.0012495806440711
0.000723894976545125
0.000387800886528566
0.000491214450448751
0.000534303428139538
0.000568774645216763
0.000611863622907549
0.000637717021163553
0.000672188180033118
0.000672188180033118
0.000646334839984775
0.000551539065781981
0.000741130614187568
0.000896250945515931
0.000732512795366347
0.000680805998854339
0.000629099202342331
0.000594628043472767
0.000456743262475356
0.000422272074501961
0.000439507683040574
0.000637717021163553
0.00048259666073136
0.000430889864219353
0.000646334839984775
0.000387800886528566
0.000448125472757965
0.000534303428139538
0.000611863622907549
0.00110307813156396
0.000922104343771935
0.00162014598026872
0.00141331879422069
0.00314549612812698
0.00206827139481902
0.00105998909566551
0.000930722104385495
0.000887633126694709
0.000887633126694709
0.000672188180033118
0.000491214450448751
0.000215444932109676
0.000318858510581777
0.000310240720864385
0.000379183096811175
0.00034471190883778
0.000206827142392285
0.000146502556162886
0.000267151714069769
0.000232680526096374
0.000249916134634987
0.000232680526096374
0.000310240720864385
0.000361947488272563
0.000379183096811175
0.000293005112325773
0.000336094090016559
0.000267151714069769
0.000155120360432193
0.000284387322608382
0.00024129833036568
0.000301622902043164
0.000318858510581777
0.000336094090016559
0.000336094090016559
0.000361947488272563
0.000508450029883534
0.000267151714069769
0.000310240720864385
0.000603245804086328
0.000499832269269973
0.000999664538539946
0.00106860685627908
0.00270598847419024
0.00212859595194459
0.00112031365279108
0.000508450029883534
0.000577392405830324
0.000568774645216763
0.000387800886528566
0.000258533924352378
0.000232680526096374
0.000189591548405588
0.000267151714069769
0.000301622902043164
0.00027576953289099
0.000249916134634987
0.000163738150149584
0.000112031368189491
0.000163738150149584
0.000215444932109676
0.000137884766445495
0.000361947488272563
0.00034471190883778
0.000318858510581777
0.000284387322608382
0.000198209338122979
0.000198209338122979
0.000163738150149584
0.00017235595441889
0.000129266962176189
0.000155120360432193
0.000180973744136281
0.000232680526096374
0.000215444932109676
0.000129266962176189
9.47957742027938E-5
0.000137884766445495
0.000180973744136281
0.000310240720864385
0.000327476300299168
0.000603245804086328
0.000870397547259927
0.00202518235892057
0.00143917219247669
0.000594628043472767
0.00048259666073136
0.000551539065781981
0.000542921246960759
0.00027576953289099
0.000224062736378983
0.000198209338122979
0.000155120360432193
0.000163738150149584
0.000258533924352378
0.000215444932109676
0.000232680526096374
0.000155120360432193
7.75601802160963E-5
0.000146502556162886
0.000215444932109676
0.000129266962176189
0.000284387322608382
0.00027576953289099
0.000258533924352378
0.00024129833036568
0.000189591548405588
0.000224062736378983
0.000293005112325773
0.000224062736378983
0.000180973744136281
0.00017235595441889
0.000198209338122979
0.000232680526096374
0.000206827142392285
0.000163738150149584
0.00017235595441889
0.00027576953289099
0.00027576953289099
0.000318858510581777
0.000361947488272563
0.000370565307093784
0.00120649160817266
0.00255086808465421
0.00180111965164542
0.00100828229915351
0.000801455171313137
0.000810072990134358
0.000680805998854339
0.00034471190883778
0.000232680526096374
0.000146502556162886
0.000258533924352378
0.000249916134634987
0.000206827142392285
0.000284387322608382
0.000267151714069769
0.000163738150149584
0.000284387322608382
0.000232680526096374
0.00027576953289099
0.000249916134634987
0.000224062736378983
0.000301622902043164
0.000293005112325773
0.00024129833036568
0.000224062736378983
0.000215444932109676
0.00017235595441889
0.000180973744136281
0.000215444932109676
0.000232680526096374
0.000293005112325773
0.000284387322608382
0.000284387322608382
0.000267151714069769
0.000293005112325773
0.000189591548405588
0.00024129833036568
0.000517067848704755
0.000387800886528566
0.000430889864219353
0.00118063820991665
0.00185282644815743
0.00127543404232711
0.000456743262475356
0.000370565307093784
0.000508450029883534
0.000525685667525977
0.000336094090016559
0.000155120360432193
0.000137884766445495
0.000224062736378983
0.000146502556162886
0.000163738150149584
0.000206827142392285
0.000249916134634987
0.000198209338122979
0.000129266962176189
0.00017235595441889
0.000258533924352378
0.000232680526096374
0.000284387322608382
0.000249916134634987
0.000215444932109676
0.000163738150149584
0.000129266962176189
0.00017235595441889
0.00012064916518284
0.00017235595441889
0.000163738150149584
0.000163738150149584
0.000155120360432193
0.000155120360432193
0.00024129833036568
0.000215444932109676
0.00027576953289099
0.000215444932109676
0.000189591548405588
0.000258533924352378
0.000379183096811175
0.000551539065781981
0.00108584249392152
0.00184420868754387
0.00118063820991665
0.000534303428139538
0.000508450029883534
0.000405036495067179
0.00041365428478457
0.000267151714069769
0.000198209338122979
0.000163738150149584
0.000146502556162886
0.000163738150149584
0.000189591548405588
0.00017235595441889
0.000198209338122979
0.000267151714069769
0.000215444932109676
0.000180973744136281
0.000258533924352378
0.000232680526096374
0.000284387322608382
0.000318858510581777
0.000310240720864385
0.000206827142392285
0.000198209338122979
0.000146502556162886
8.61779772094451E-5
0.000163738150149584
0.000224062736378983
0.000189591548405588
0.000180973744136281
0.00017235595441889
0.000215444932109676
0.000215444932109676
0.000189591548405588
8.61779772094451E-5
0.000232680526096374
0.000215444932109676
0.000215444932109676
0.000387800886528566
0.000689423817675561
0.00132714083883911
0.000930722104385495
0.000542921246960759
0.000232680526096374
0.000232680526096374
0.000215444932109676
0.000215444932109676
0.00017235595441889
0.000137884766445495
0.000103413571196143
0.000155120360432193
0.00017235595441889
0.000155120360432193
8.61779772094451E-5
0.00012064916518284
0.000103413571196143
0.000129266962176189
0.000155120360432193
0.000206827142392285
0.000284387322608382
0.000180973744136281
0.000215444932109676
0.000224062736378983
0.000137884766445495
0.000163738150149584
0.000155120360432193
0.000129266962176189
0.000163738150149584
8.61779772094451E-5
0.000103413571196143
0.000155120360432193
0.000146502556162886
9.47957742027938E-5
0.000137884766445495
0.000137884766445495
0.000163738150149584
0.000232680526096374
0.000215444932109676
0.000112031368189491
0.000499832269269973
0.00104275345802307
0.000766983954235911
0.000473978871013969
0.000379183096811175
0.000224062736378983
0.000198209338122979
0.000215444932109676
0.000163738150149584
0.000163738150149584
0.000206827142392285
0.000103413571196143
0.000163738150149584
0.000180973744136281
0.000137884766445495
0.000146502556162886
0.00012064916518284
0.000180973744136281
0.000163738150149584
0.000137884766445495
0.000224062736378983
0.000198209338122979
0.000189591548405588
0.000146502556162886
0.000146502556162886
0.000137884766445495
0.000198209338122979
0.000180973744136281
0.000163738150149584
0.000129266962176189
9.47957742027938E-5
0.00012064916518284
0.000129266962176189
9.47957742027938E-5
7.75601802160963E-5
0.000103413571196143
0.000112031368189491
0.000146502556162886
0.000249916134634987
0.000293005112325773
0.000396418676245958
0.000827308569569141
0.000577392405830324
0.000336094090016559
0.000301622902043164
0.000215444932109676
0.000163738150149584
0.000137884766445495
0.000163738150149584
0.000215444932109676
0.000163738150149584
0.000146502556162886
0.000215444932109676
0.000215444932109676
0.000163738150149584
0.000146502556162886
0.000137884766445495
0.000163738150149584
0.000198209338122979
0.000137884766445495
0.000180973744136281
0.000180973744136281
0.000129266962176189
0.000103413571196143
0.00017235595441889
0.000137884766445495
0.00012064916518284
9.47957742027938E-5
0.00012064916518284
0.000137884766445495
0.00012064916518284
0.000103413571196143
0.000146502556162886
0.000103413571196143
0.000129266962176189
0.000146502556162886
0.000112031368189491
8.61779772094451E-5
0.000206827142392285
0.00027576953289099
0.000473978871013969
0.000870397547259927
0.000542921246960759
0.000336094090016559
0.000387800886528566
0.000293005112325773
0.00024129833036568
0.000258533924352378
0.000189591548405588
0.000146502556162886
0.000103413571196143
0.000155120360432193
0.000198209338122979
0.000189591548405588
0.000155120360432193
8.61779772094451E-5
0.00012064916518284
0.000146502556162886
0.000155120360432193
0.000137884766445495
0.00017235595441889
0.000180973744136281
0.000189591548405588
0.000206827142392285
0.00017235595441889
6.032458259142E-5
0.00017235595441889
0.000224062736378983
0.000180973744136281
0.00017235595441889
0.000189591548405588
0.000198209338122979
0.000163738150149584
0.000180973744136281
0.00017235595441889
0.000163738150149584
0.000146502556162886
0.000198209338122979
0.000206827142392285
0.000379183096811175
0.000689423817675561
0.000870397547259927
0.000525685667525977
