% Type: Timesignal
% Date: 11-DEC-24 14:01:47
% NoOfItems: = 4096
% Unit_Y: = mm/s
% Unit_X: = Sec
% Min_X: = 0
% Max_X: = 1.60000002384186
% MinDisplay_X: = 0
% MaxDisplay_X: = 1.60000002384186
0.956443011760712
0.929019272327423
1.05628132820129
1.39294254779816
1.68716073036194
1.7800258398056
1.59784924983978
1.31449329853058
1.10093712806702
0.849027872085571
0.689782619476318
0.717072248458862
0.812954664230347
0.903875291347504
1.18756651878357
1.54534864425659
1.55171847343445
1.01149153709412
0.438611000776291
0.301291316747665
0.26944226026535
0.0958481803536415
-0.135878786444664
-0.0131761385127902
0.321741759777069
0.50955057144165
0.540125668048859
0.482327997684479
0.461877554655075
0.429290950298309
0.386445611715317
0.334414303302765
0.289490401744843
0.255093425512314
0.285132110118866
0.500297546386719
0.707081735134125
0.750195264816284
0.585653007030487
0.52852588891983
0.542807638645172
0.403744667768478
0.0135770626366138
-0.307528406381607
-0.464896231889725
-0.585922598838806
-0.785532295703888
-0.925198793411255
-0.896568179130554
-0.798070788383484
-0.705742061138153
-0.658337295055389
-0.712782382965088
-0.935993909835815
-1.19956994056702
-1.35948574542999
-1.4893627166748
-1.76614773273468
-2.0908739566803
-2.20801138877869
-2.07189869880676
-1.84466397762299
-1.70432710647583
-1.5377733707428
-1.25207054615021
-0.975419700145721
-0.902669787406921
-1.03382074832916
-1.17476117610931
-1.22947454452515
-1.21666789054871
-1.11951148509979
-0.959662795066833
-0.81865531206131
-0.748855650424957
-0.678653597831726
-0.595980167388916
-0.457185387611389
-0.321743130683899
-0.219759121537209
-0.25254687666893
-0.464695066213608
-0.665779888629913
-0.72102963924408
-0.636009395122528
-0.563929975032806
-0.523967802524567
-0.362912207841873
-0.134537771344185
0.152036607265472
0.424932658672333
0.543008804321289
0.495872229337692
0.177717000246048
-0.242355182766914
-0.51370906829834
-0.601344227790833
-0.517396867275238
-0.435259848833084
-0.31423345208168
-0.0422761105000973
0.414606869220734
0.83548367023468
1.01283252239227
1.0008305311203
0.99982476234436
1.09657883644104
1.12795853614807
1.07404983043671
0.954297363758087
0.989700078964233
1.27104449272156
1.63170981407166
1.90319788455963
1.86632001399994
1.64612579345703
1.40769374370575
1.16543984413147
0.917017221450806
0.735645294189453
0.814966142177582
0.974211394786835
1.12219214439392
1.41386234760284
1.67569506168365
1.46991670131683
0.820531368255615
0.437806397676468
0.478573173284531
0.386713802814484
0.0758000463247299
-0.068358801305294
0.232765570282936
0.566074252128601
0.642914235591888
0.612272143363953
0.588804423809052
0.594168424606323
0.524435818195343
0.516791999340057
0.508880078792572
0.521150290966034
0.485680520534515
0.528190612792969
0.653508245944977
0.76186203956604
0.771852612495422
0.718145072460175
0.661554336547852
0.593900263309479
0.358820736408234
0.0398609079420567
-0.223446905612946
-0.359626740217209
-0.457386553287506
-0.646335244178772
-0.776279330253601
-0.734037458896637
-0.604361534118652
-0.550586938858032
-0.659141898155212
-0.856606006622314
-1.07089984416962
-1.21331536769867
-1.33172678947449
-1.51625001430511
-1.77828395366669
-1.97239553928375
-1.95871710777283
-1.8302481174469
-1.68595516681671
-1.55601108074188
-1.415003657341
-1.19246256351471
-0.992249429225922
-0.937938392162323
-1.0746545791626
-1.25743460655212
-1.2977991104126
-1.16865956783295
-1.00197172164917
-0.900725305080414
-0.821136176586151
-0.710770845413208
-0.622599303722382
-0.534628868103027
-0.437941879034042
-0.312959492206573
-0.260123610496521
-0.380211263895035
-0.560510396957397
-0.677245557308197
-0.670808672904968
-0.62702465057373
-0.564868688583374
-0.420575737953186
-0.240947127342224
-0.0304081495851278
0.255965083837509
0.507203757762909
0.567214071750641
0.348897248506546
-0.0621230974793434
-0.452424794435501
-0.652101576328278
-0.697628974914551
-0.675234019756317
-0.561247944831848
-0.338505774736404
0.0804935917258263
0.566677689552307
0.86967945098877
0.967975676059723
0.981586992740631
1.0267790555954
1.07793867588043
1.07767057418823
0.992784440517426
0.875915169715881
0.876920938491821
1.19018149375916
1.57109606266022
1.79900121688843
1.68541741371155
1.42398703098297
1.26990473270416
1.00981533527374
0.751402199268341
0.746038138866425
0.873769581317902
0.996673345565796
1.18267178535461
1.49170815944672
1.57136428356171
1.09329330921173
0.446724116802216
0.248321309685707
0.32938551902771
0.190724819898605
-0.0729852989315987
-0.0143830496817827
0.387585461139679
0.641975522041321
0.642176687717438
0.552999377250671
0.534426331520081
0.551926553249359
0.495000571012497
0.422116547822952
0.383294224739075
0.41588082909584
0.437202930450439
0.50163859128952
0.580020785331726
0.676640748977661
0.764342963695526
0.783184170722961
0.67529970407486
0.519205868244171
0.307124704122543
0.0798230841755867
-0.212785854935646
-0.444177567958832
-0.564198195934296
-0.640837073326111
-0.648279666900635
-0.622465193271637
-0.517061591148376
-0.460202664136887
-0.506333529949188
-0.691594362258911
-0.960333287715912
-1.18019235134125
-1.37095129489899
-1.62446975708008
-1.89220297336578
-1.99619841575623
-1.92123579978943
-1.78586065769196
-1.65732455253601
-1.45664203166962
-1.22095906734467
-0.993188142776489
-0.909978270530701
-0.979174554347992
-1.09678137302399
-1.18280732631683
-1.11019146442413
-0.979040443897247
-0.900725305080414
-0.81550395488739
-0.736250102519989
-0.700914442539215
-0.612742841243744
-0.452491849660873
-0.295727491378784
-0.264146625995636
-0.32730832695961
-0.423123687505722
-0.513776123523712
-0.574322819709778
-0.607579946517944
-0.567684829235077
-0.476160734891891
-0.343802779912949
-0.170812159776688
0.111269824206829
0.464894831180573
0.644791662693024
0.541533708572388
0.188780352473259
-0.196291401982307
-0.450279176235199
-0.554475843906403
-0.593164086341858
-0.543278396129608
-0.380546540021896
-0.0592399202287197
0.385775089263916
0.709026157855988
0.844870746135712
0.927946448326111
1.01142454147339
1.06915509700775
1.06915509700775
1.02952814102173
1.06204771995544
1.03495931625366
1.19494211673737
1.54481220245361
1.86404025554657
1.94161784648895
1.63378846645355
1.41734898090363
1.2638031244278
0.985610008239746
0.76186203956604
0.820598423480988
1.0627852678299
1.2461017370224
1.38965713977814
1.54266667366028
1.43384349346161
0.94330108165741
0.496408641338348
0.424664467573166
0.41997092962265
0.229413032531738
0.0235676057636738
0.133195385336876
0.456982851028442
0.619580626487732
0.580825388431549
0.491178691387177
0.521954894065857
0.534359276294708
0.47173398733139
0.447260528802872
0.451551765203476
0.452557533979416
0.491044580936432
0.564599096775055
0.630576968193054
0.7049360871315
0.771919667720795
0.818184614181519
0.733566701412201
0.461609363555908
0.136480867862701
-0.088608093559742
-0.260727047920227
-0.395834058523178
-0.536372184753418
-0.57740718126297
-0.567684829235077
-0.53845077753067
-0.518804907798767
-0.530874013900757
-0.625549495220184
-0.856874167919159
-1.12608242034912
-1.34795296192169
-1.52570414543152
-1.76527607440948
-1.91949248313904
-1.91741394996643
-1.83789193630219
-1.73201894760132
-1.59060919284821
-1.42727386951447
-1.23986732959747
-1.11475086212158
-1.07210671901703
-1.0699610710144
-1.11320877075195
-1.12058424949646
-1.03382074832916
-0.95020866394043
-0.890801787376404
-0.819728136062622
-0.779229581356049
-0.704602241516113
-0.57338410615921
-0.450748533010483
-0.383563816547394
-0.382155746221542
-0.383228540420532
-0.429426431655884
-0.574725151062012
-0.719152212142944
-0.734506785869598
-0.579485714435577
-0.406092822551727
-0.27460652589798
-0.0877364352345467
0.238062560558319
0.551859498023987
0.620988726615906
0.385037541389465
-0.0308104529976845
-0.395297676324844
-0.607915222644806
-0.724985599517822
-0.748386263847351
-0.641440510749817
-0.40481886267662
0.0105597842484713
0.479176610708237
0.768500089645386
0.894756436347961
0.992181003093719
1.07854223251343
1.12440478801727
1.07659769058228
0.919833362102509
0.858079731464386
0.933846950531006
1.23242342472076
1.48527133464813
1.63150870800018
1.62929606437683
1.50491714477539
1.45892035961151
1.27225148677826
1.01859891414642
0.924862146377563
1.04441344738007
1.24315142631531
1.30798947811127
1.47092247009277
1.54662263393402
1.17992269992828
0.5477694272995
0.281176120042801
0.382556676864624
0.297000080347061
0.0648707896471024
0.0559530593454838
0.375717490911484
0.646937310695648
0.699236810207367
0.637617230415344
0.571304202079773
0.52262544631958
0.454971343278885
0.447461664676666
0.445316046476364
0.467778027057648
0.507002651691437
0.530202150344849
0.515451014041901
0.623871862888336
0.848960816860199
0.990638792514801
0.892342567443848
0.661755502223969
0.382556676864624
0.155322089791298
-0.0612514391541481
-0.281848013401031
-0.421648561954498
-0.472607046365738
-0.469790905714035
-0.471936523914337
-0.436533808708191
-0.407232671976089
-0.44276949763298
-0.683682441711426
-0.985879600048065
-1.19293189048767
-1.36873865127563
-1.63533198833466
-1.8748368024826
-1.88938677310944
-1.77714407444
-1.71585977077484
-1.65356969833374
-1.49727475643158
-1.28418779373169
-1.13506722450256
-1.0460239648819
-1.0177286863327
-1.05366778373718
-1.11045968532562
-1.07338070869446
-0.964155197143555
-0.870016098022461
-0.803971230983734
-0.769239008426666
-0.740474283695221
-0.594773292541504
-0.443238854408264
-0.395096510648727
-0.364722579717636
-0.314099341630936
-0.279702395200729
-0.401533365249634
-0.63909375667572
-0.73973673582077
-0.646603405475616
-0.510490655899048
-0.439685195684433
-0.268974274396896
0.0848518833518028
0.503180742263794
0.726459324359894
0.592156946659088
0.249930530786514
-0.122938014566898
-0.413267225027084
-0.661756873130798
-0.816308557987213
-0.758577942848206
-0.547033250331879
-0.257307469844818
0.0844495743513107
0.471532851457596
0.77654618024826
0.924191653728485
1.08216297626495
1.17972159385681
1.13312137126923
1.00706624984741
0.888855934143066
1.00123286247253
1.15102386474609
1.35686933994293
1.46455264091492
1.62178635597229
1.65692090988159
1.50525236129761
1.35821032524109
1.11749863624573
0.830454885959625
0.779362261295319
1.02007400989532
1.22350561618805
1.22377383708954
1.26393711566925
1.27969408035278
0.987018048763275
0.531878411769867
0.327441036701202
0.322948664426804
0.201654076576233
-0.021490415558219
-0.115093089640141
0.135139852762222
0.400190979242325
0.499157696962357
0.460335403680801
0.450210750102997
0.516993165016174
0.567281126976013
0.517127275466919
0.425469070672989
0.381886154413223
0.363581329584122
0.328782051801682
0.328245669603348
0.511495053768158
0.754486501216888
0.859554827213287
0.774199366569519
0.628028988838196
0.45275866985321
0.181270688772202
-0.110064297914505
-0.275813460350037
-0.376054137945175
-0.47166833281517
-0.570433914661407
-0.611938238143921
-0.59323114156723
-0.57640141248703
-0.686833798885345
-0.913800179958344
-1.13466489315033
-1.33212900161743
-1.49720764160156
-1.6735508441925
-1.77573597431183
-1.83252787590027
-1.87389814853668
-1.84600508213043
-1.71653032302856
-1.52878856658936
-1.42123937606812
-1.30631458759308
-1.13506722450256
-0.989433288574219
-0.963551759719849
-0.985074996948242
-0.910648763179779
-0.840983211994171
-0.826097965240479
-0.844067513942719
-0.90823495388031
-0.846280217170715
-0.663299024105072
-0.510155379772186
-0.432175517082214
-0.362241715192795
-0.257106333971024
-0.26461598277092
-0.453296452760696
-0.659879446029663
-0.720292031764984
-0.640166580677032
-0.538920104503632
-0.425537496805191
-0.219960272312164
0.109258309006691
0.476427555084229
0.646937310695648
0.454434931278229
0.0249086190015078
-0.36002904176712
-0.593968689441681
-0.744162082672119
-0.813559472560883
-0.708893477916718
-0.418765395879745
-0.0561555922031403
0.26045748591423
0.594906032085419
0.905082225799561
1.14847600460052
1.21753811836243
1.13325548171997
1.02242076396942
0.965226650238037
0.993454933166504
1.09275686740875
1.22015309333801
1.46629595756531
1.75367498397827
1.91560220718384
1.8145569562912
1.65330016613007
1.44732058048248
1.05983507633209
0.791163206100464
0.953626871109009
1.22672402858734
1.2198178768158
1.13861954212189
1.22819924354553
1.25910949707031
1.01021754741669
0.697962820529938
0.515920341014862
0.377796083688736
0.181471839547157
0.038050539791584
0.177180588245392
0.448065131902695
0.568689227104187
0.473343223333359
0.421244889497757
0.502778470516205
0.60154402256012
0.580020785331726
0.567080020904541
0.553736925125122
0.59235805273056
0.533822894096375
0.518468260765076
0.580892443656921
0.711305916309357
0.887380838394165
0.853721439838409
0.73081761598587
0.487557947635651
0.259183526039124
0.0823710039258003
-0.0993361920118332
-0.180333346128464
-0.257173359394073
-0.375718891620636
-0.47683122754097
-0.524168968200684
-0.501237630844116
-0.566276788711548
-0.750733017921448
-0.953225910663605
-1.15484714508057
-1.35626721382141
-1.61454629898071
-1.75991201400757
-1.76004612445831
-1.76299631595612
-1.80678045749664
-1.75676071643829
-1.578204870224
-1.42103815078735
-1.32616150379181
-1.20084393024445
-1.06030583381653
-0.945246934890747
-0.88825386762619
-0.85244882106781
-0.844067513942719
-0.851174890995026
-0.874106228351593
-0.897976219654083
-0.849096298217773
-0.701853156089783
-0.583508789539337
-0.504053771495819
-0.353726267814636
-0.178522989153862
-0.144058957695961
-0.329051643610001
-0.61837512254715
-0.787543833255768
-0.794584155082703
-0.698232412338257
-0.612139403820038
-0.425001084804535
-0.102956928312778
0.330793589353561
0.663968145847321
0.584379076957703
0.258513003587723
-0.128167971968651
-0.416686803102493
-0.686029195785522
-0.938206613063812
-0.965563237667084
-0.735244333744049
-0.373237997293472
-0.00425840448588133
0.300352603197098
0.62816309928894
0.971060037612915
1.17455863952637
1.14331305027008
1.01370418071747
0.909708678722382
0.902199029922485
1.01175975799561
1.09778571128845
1.2139173746109
1.45248353481293
1.74797570705414
1.83956682682037
1.67153799533844
1.47782862186432
1.18019092082977
0.802427709102631
0.793711125850677
1.04608964920044
1.17509508132935
1.06600368022919
1.10717284679413
1.2682284116745
1.16771948337555
0.860024213790894
0.597990334033966
0.489435374736786
0.308130472898483
0.0698995888233185
0.0403302609920502
0.234844133257866
0.447662830352783
0.469856590032578
0.471935153007507
0.486485153436661
0.489837676286697
0.462883323431015
0.506533265113831
0.614149510860443
0.605835258960724
0.502107918262482
0.358552545309067
0.394022315740585
0.625615179538727
0.831594705581665
0.870417058467865
0.753078460693359
0.616563379764557
0.461944609880447
0.288216441869736
0.0865951925516129
-0.13366611301899
-0.290899842977524
-0.407098591327667
-0.476428925991058
-0.504925429821014
-0.538987159729004
-0.564935743808746
-0.620990097522736
-0.734439730644226
-0.957383096218109
-1.20922517776489
-1.43029117584229
-1.61018800735474
-1.69996881484985
-1.80919420719147
-1.89079487323761
-1.90614950656891
-1.78586065769196
-1.60194075107574
-1.43914186954498
-1.22384226322174
-1.02255630493164
-0.888186812400818
-0.798808336257935
-0.721431910991669
-0.732294142246246
-0.831529021263123
-0.912794411182404
-0.937334954738617
-0.942497849464417
-0.876117706298828
-0.753012776374817
-0.614687323570251
-0.431504994630814
-0.17778542637825
-0.0422090590000153
-0.127095147967339
-0.332270085811615
-0.498019218444824
-0.53442770242691
-0.529398918151855
-0.48957085609436
-0.461543679237366
-0.319999814033508
-0.0127067836001515
0.342996805906296
0.503918290138245
0.344538956880569
0.0682233273983002
-0.16571632027626
-0.373439162969589
-0.598259925842285
-0.764009058475494
-0.708692312240601
-0.451620191335678
-0.100274905562401
0.209767192602158
0.41822761297226
0.702522277832031
0.948866248130798
1.01464295387268
0.952755212783813
0.855799973011017
0.902400195598602
1.01075398921967
1.11099469661713
1.24804615974426
1.47910261154175
1.82454741001129
1.98231756687164
1.86249816417694
1.62849140167236
1.36196517944336
0.98788970708847
0.725051283836365
0.788950502872467
1.01826369762421
1.02644383907318
1.03060102462769
1.22940611839294
1.32776939868927
1.11045825481415
0.782178401947021
0.645126938819885
0.461072951555252
0.12749607861042
-0.107583418488503
0.0194775182753801
0.298609286546707
0.367872565984726
0.360899329185486
0.381483852863312
0.429492115974426
0.445584267377853
0.450344860553741
0.506466209888458
0.549110412597656
0.478573173284531
0.368878334760666
0.350573509931564
0.541265487670898
0.726794600486755
0.770243406295776
0.726057052612305
0.637617230415344
0.50955057144165
0.289758592844009
0.129775807261467
0.0172648467123508
-0.174634054303169
-0.336360156536102
-0.360565453767776
-0.356140106916428
-0.414004802703857
-0.525711119174957
-0.603825092315674
-0.743089258670807
-1.01323628425598
-1.30188918113708
-1.49238002300262
-1.63446033000946
-1.75173187255859
-1.78632998466492
-1.79062128067017
-1.77546775341034
-1.77077424526215
-1.71800541877747
-1.57632744312286
-1.4058176279068
-1.3013528585434
-1.25790393352509
-1.13593888282776
-0.970525026321411
-0.900993525981903
-0.92130982875824
-0.954634010791779
-0.954969227313995
-0.920371115207672
-0.904681265354156
-0.84064793586731
-0.688711225986481
-0.562454879283905
-0.406025767326355
-0.288016647100449
-0.273734867572784
-0.385105967521667
-0.573115944862366
-0.678653597831726
-0.684755206108093
-0.597254157066345
-0.550184607505798
-0.514178454875946
-0.299482315778732
0.055684857070446
0.371828556060791
0.450076639652252
0.206146463751793
-0.124480180442333
-0.38798913359642
-0.635875344276428
-0.853387534618378
-0.930898070335388
-0.769976556301117
-0.449541628360748
-0.0880046412348747
0.201452925801277
0.542338311672211
0.874037742614746
1.00686502456665
1.00713324546814
0.95121306180954
0.949268579483032
0.9671710729599
0.918894648551941
1.02597451210022
1.32119846343994
1.72336804866791
1.932901263237
1.82756471633911
1.682333111763
1.58417093753815
1.22612059116364
0.784256994724274
0.72290563583374
0.996472239494324
1.08652126789093
0.966098308563232
1.1256787776947
1.4267361164093
1.29001986980438
0.845004856586456
0.574924945831299
0.541198432445526
0.351176977157593
0.0721793100237846
0.0676198676228523
0.331195890903473
0.531945466995239
0.536907196044922
0.500498712062836
0.441158920526505
0.34836083650589
0.347757399082184
0.392681300640106
0.474416017532349
0.453160971403122
0.368476033210754
0.409846276044846
0.628230154514313
0.87128871679306
0.899114727973938
0.853252053260803
0.810339689254761
0.744026601314545
0.505393445491791
0.185092568397522
-0.0271226689219475
-0.146740987896919
-0.22633008658886
-0.276148706674576
-0.313562959432602
-0.33622607588768
-0.362711071968079
-0.353189885616302
-0.469723850488663
-0.760857701301575
-1.04293966293335
-1.25978136062622
-1.48842406272888
-1.71264135837555
-1.79430902004242
-1.75944268703461
-1.75897336006165
-1.8039642572403
-1.75481617450714
-1.55668163299561
-1.37054908275604
-1.2813047170639
-1.2308155298233
-1.084712266922
-0.897372782230377
-0.819728136062622
-0.831529021263123
-0.923254311084747
-0.955371558666229
-0.930629849433899
-0.909978270530701
-0.837429523468018
-0.734909117221832
-0.58230185508728
-0.425939798355103
-0.283390164375305
-0.241014167666435
-0.32315120100975
-0.464695066213608
-0.581698417663574
-0.627158761024475
-0.61736935377121
-0.586056709289551
-0.567215502262115
-0.45276004076004
-0.171214461326599
0.172419995069504
0.335554182529449
0.201788172125816
-0.0367109067738056
-0.233370393514633
-0.470260262489319
-0.719085156917572
-0.883694410324097
-0.773127973079681
-0.473009347915649
-0.197163060307503
0.0719111114740372
0.447998076677322
0.77594268321991
0.794716894626617
0.742417395114899
0.762331426143646
0.801153719425201
0.809803247451782
0.701114177703857
0.810205578804016
1.19722175598145
1.68454575538635
1.97594773769379
1.88958656787872
1.70513033866882
1.58571314811707
1.33366978168488
0.850435972213745
0.58947491645813
0.766957938671112
0.970858871936798
0.982123374938965
1.12554466724396
1.435586810112
1.41144859790802
1.01008343696594
0.772925436496735
0.746440410614014
0.537644743919373
0.144258737564087
-0.0234348848462105
0.230485841631889
0.45792156457901
0.505594551563263
0.493525445461273
0.454233795404434
0.421647191047668
0.42412805557251
0.422585904598236
0.435191422700882
0.487557947635651
0.43995201587677
0.403007119894028
0.50063282251358
0.722369253635406
0.865120053291321
0.880943953990936
0.815167307853699
0.742484450340271
0.612942636013031
0.332738041877747
0.0977256000041962
-0.0275920238345861
-0.124815434217453
-0.245975911617279
-0.306522637605667
-0.317921251058578
-0.315105110406876
-0.353592187166214
-0.468986302614212
-0.67114394903183
-0.901596963405609
-1.13359212875366
-1.34084558486938
-1.56915295124054
-1.74777591228485
-1.79048717021942
-1.77466320991516
-1.79645466804504
-1.84037280082703
-1.75836992263794
-1.55406665802002
-1.35385346412659
-1.22256827354431
-1.10757648944855
-0.967977106571198
-0.864316821098328
-0.78271621465683
-0.847218871116638
-0.98815929889679
-1.08994221687317
-1.12145590782166
-1.03945302963257
-0.916012823581696
-0.777888536453247
-0.601009011268616
-0.368879705667496
-0.151300430297852
-0.129710122942925
-0.274874746799469
-0.426811456680298
-0.493191570043564
-0.492789268493652
-0.55440878868103
-0.587867081165314
-0.522895038127899
-0.304846376180649
0.00378767075017095
0.266022682189941
0.384903430938721
0.232966721057892
-0.0259828083217144
-0.238332152366638
-0.446054995059967
-0.645195364952087
-0.740474283695221
-0.574523985385895
-0.232163488864899
0.0687597319483757
0.419300407171249
0.723375022411346
0.752072691917419
0.680999040603638
0.734572470188141
0.846882283687592
0.858079731464386
0.752944350242615
0.742350339889526
1.00827312469482
1.49787676334381
1.85210525989532
1.9184182882309
1.74287974834442
1.58396983146667
1.53455352783203
1.24925303459167
0.868807792663574
0.750664591789246
0.932103633880615
1.0928909778595
1.12319791316986
1.27868831157684
1.37115108966827
1.22799801826477
1.00901067256927
0.914938628673553
0.752743184566498
0.407901793718338
0.150293290615082
0.205207750201225
0.403744667768478
0.467845052480698
0.458592087030411
0.459262579679489
0.420172065496445
0.34936660528183
0.341991037130356
0.427614688873291
0.5206139087677
0.5374436378479
0.502510249614716
0.585921227931976
0.750731647014618
0.845340073108673
0.814832091331482
0.77654618024826
0.748384892940521
0.654916346073151
0.445584267377853
0.234575927257538
0.122467279434204
0.0576963759958744
-0.0532053634524345
-0.170543968677521
-0.182747170329094
-0.164509400725365
-0.19810177385807
-0.338908076286316
-0.570299804210663
-0.807726085186005
-0.967306554317474
-1.16001009941101
-1.43143105506897
-1.65196049213409
-1.74965333938599
-1.72504568099976
-1.69561052322388
-1.74381995201111
-1.75287175178528
-1.63258290290833
-1.44571280479431
-1.31469583511353
-1.24710881710052
-1.12299811840057
-0.954902231693268
-0.835015654563904
-0.851778328418732
-0.996674776077271
-1.13909029960632
-1.18441653251648
-1.11146545410156
-0.958791136741638
-0.828712940216064
-0.716939508914948
-0.533891320228577
-0.29043048620224
-0.170007556676865
-0.257240414619446
-0.396839827299118
-0.483201026916504
-0.516994535923004
-0.593968689441681
-0.687571346759796
-0.685895085334778
-0.517061591148376
-0.215870186686516
0.0641332343220711
0.242286756634712
0.20842619240284
0.0512595139443874
-0.144058957695961
-0.374713122844696
-0.583240568637848
-0.703529417514801
-0.627225816249847
-0.365460127592087
-0.0770753845572472
0.280237406492233
0.615959882736206
0.665309190750122
0.569963157176971
0.592022836208344
0.708757996559143
0.75797313451767
0.670874357223511
0.579953730106354
0.715731263160706
1.15974044799805
1.64170038700104
1.87470138072968
1.80905878543854
1.67462229728699
1.65397071838379
1.53703439235687
1.14076519012451
0.814027428627014
0.858213841915131
1.01403951644897
1.04173135757446
1.10489308834076
1.29739546775818
1.28069984912872
1.10509419441223
0.964489042758942
0.910446286201477
0.698365151882172
0.351311087608337
0.233369022607803
0.366062223911285
0.491849184036255
0.494061857461929
0.440287262201309
0.356406927108765
0.267833054065704
0.22465243935585
0.316109508275986
0.419233351945877
0.489368319511414
0.464023172855377
0.53670608997345
0.699236810207367
0.817849338054657
0.819860875606537
0.789822161197662
0.780233919620514
0.689447402954102
0.50478994846344
0.367872565984726
0.281109064817429
0.142314270138741
-0.0332913249731064
-0.118780873715878
-0.13058178126812
-0.142382696270943
-0.200180336833
-0.294453531503677
-0.480988353490829
-0.737255871295929
-0.93813955783844
-1.04072701931
-1.23007798194885
-1.49405634403229
-1.67013120651245
-1.69333076477051
-1.64545667171478
-1.67978656291962
-1.75515139102936
-1.7715117931366
-1.61488151550293
-1.37685179710388
-1.23061442375183
-1.1392914056778
-1.03455829620361
-0.870887756347656
-0.733769237995148
-0.766020596027374
-0.954768121242523
-1.10402286052704
-1.09054565429688
-0.963082373142242
-0.852649986743927
-0.746777057647705
-0.611804127693176
-0.420508712530136
-0.223648056387901
-0.167727828025818
-0.244098499417305
-0.356944710016251
-0.402337968349457
-0.467511206865311
-0.634802520275116
-0.732629358768463
-0.631718158721924
-0.362845152616501
-0.0591058172285557
0.201922282576561
0.324759036302567
0.230552896857262
-0.0011070251930505
-0.217412352561951
-0.405690521001816
-0.560443341732025
-0.625750660896301
-0.506869912147522
-0.229883760213852
0.114622361958027
0.459128469228745
0.577003479003906
0.477969706058502
0.436666518449783
0.532414793968201
0.664102256298065
0.708690941333771
0.72216808795929
0.792303025722504
1.05266058444977
1.43042385578156
1.79470992088318
1.93451046943665
1.79075396060944
1.61320388317108
1.5185284614563
1.28204083442688
0.906691431999207
0.730683505535126
0.817581117153168
1.03395354747772
1.1345294713974
1.26467478275299
1.32502031326294
1.21317982673645
1.08075487613678
1.05856108665466
0.911116778850555
0.516926109790802
0.253215998411179
0.307057648897171
0.48789319396019
0.470795303583145
0.323015719652176
0.277153074741364
0.280036270618439
0.256970852613449
0.304040372371674
0.394357591867447
0.457988619804382
0.504454731941223
0.541399598121643
0.609254837036133
0.675634980201721
0.776814341545105
0.776479125022888
0.731957495212555
0.642713129520416
0.586658775806427
0.475421786308289
0.326368242502213
0.174632668495178
0.0144487200304866
-0.0556191839277744
-0.134738922119141
-0.116232953965664
-0.106175355613232
-0.191799014806747
-0.442166060209274
-0.712581217288971
-0.890064239501953
-1.03952014446259
-1.19313311576843
-1.40662229061127
-1.61266887187958
-1.70566809177399
-1.70191323757172
-1.66630935668945
-1.67254507541656
-1.7316837310791
-1.69996881484985
-1.55500531196594
-1.39448606967926
-1.32368063926697
-1.24925446510315
-1.13023960590363
-0.975151479244232
-0.889863073825836
-0.940754532814026
-1.06131160259247
-1.15256750583649
-1.08424282073975
-0.940084040164948
-0.819526970386505
-0.684822261333466
-0.553336024284363
-0.410182893276215
-0.292240858078003
-0.278093159198761
-0.37927258014679
-0.47683122754097
-0.514983057975769
-0.623806178569794
-0.76689225435257
-0.773396134376526
-0.559102356433868
-0.246713474392891
0.0116996448487043
0.210437700152397
0.272124290466309
0.192870438098907
-0.0626595020294189
-0.368745625019073
-0.594505071640015
-0.666785657405853
-0.575261533260345
-0.437204301357269
-0.176511466503143
0.18918265402317
0.482864409685135
0.522558391094208
0.417892336845398
0.43485614657402
0.600202977657318
0.698432147502899
0.700443685054779
0.709026157855988
0.833673298358917
1.17871582508087
1.60073244571686
1.86933732032776
1.77814841270447
1.51530992984772
1.45221531391144
1.44195663928986
1.18743240833282
0.884765863418579
0.842121660709381
1.03918349742889
1.21485614776611
1.21606302261353
1.25475120544434
1.2198178768158
1.10288155078888
1.01833069324493
0.938004076480865
0.66698545217514
0.340113610029221
0.270179808139801
0.424597412347794
0.496274530887604
0.391809642314911
0.318724483251572
0.327508091926575
0.32556363940239
0.270112752914429
0.312220573425293
0.379874646663666
0.449204981327057
0.463486760854721
0.477098047733307
0.613948404788971
0.768097758293152
0.817983448505402
0.688307523727417
0.620385229587555
0.619379460811615
0.560710191726685
0.474080771207809
0.362642616033554
0.213790237903595
0.0204162262380123
-0.0941062495112419
-0.0680235549807549
-0.0444217324256897
-0.106845863163471
-0.276282787322998
-0.470595508813858
-0.656728088855743
-0.898378551006317
-1.06218326091766
-1.20030748844147
-1.36800110340118
-1.53442072868347
-1.66818678379059
-1.67234396934509
-1.60851168632507
-1.61850225925446
-1.68246853351593
-1.63861751556396
-1.43143105506897
-1.27245402336121
-1.21210837364197
-1.13721287250519
-0.96402108669281
-0.805513381958008
-0.864115655422211
-1.05748963356018
-1.21713721752167
-1.25274109840393
-1.12977027893066
-0.951013267040253
-0.760656535625458
-0.581765472888947
-0.394493073225021
-0.247987434267998
-0.220027327537537
-0.267767369747162
-0.312557190656662
-0.372366338968277
-0.543077230453491
-0.739267408847809
-0.792036235332489
-0.681268572807312
-0.460739076137543
-0.209098070859909
0.0783479660749435
0.322345197200775
0.335151880979538
0.0964516401290894
-0.247786283493042
-0.494532585144043
-0.582368910312653
-0.585855543613434
-0.502779841423035
-0.292039692401886
0.0715088024735451
0.35627281665802
0.450344860553741
0.415277361869812
0.374912887811661
0.422988206148148
0.502845466136932
0.62025111913681
0.736449897289276
0.869478344917297
1.05668365955353
1.36116063594818
1.72309982776642
1.83634841442108
1.65698790550232
1.39763617515564
1.41325891017914
1.36203229427338
1.07565903663635
0.888721883296967
0.950944840908051
1.21720290184021
1.24938714504242
1.17187666893005
1.15927112102509
1.18495154380798
1.2251148223877
1.1227285861969
0.853855550289154
0.531409084796906
0.372834324836731
0.386378556489944
0.361972123384476
0.302632331848145
0.276080280542374
0.271789044141769
0.264145255088806
0.213186785578728
0.261932581663132
0.36009469628334
0.412595361471176
0.44793102145195
0.428687512874603
0.468247383832932
0.562453508377075
0.648881733417511
0.62742555141449
0.519205868244171
0.426273673772812
0.413332909345627
0.472940921783447
0.510019898414612
0.351713389158249
0.0652730986475945
-0.0506574399769306
-0.00150932895485312
-0.00881784781813622
-0.124815434217453
-0.26736506819725
-0.409311234951019
-0.634266078472137
-0.915878713130951
-1.11890804767609
-1.18736672401428
-1.33219611644745
-1.54669106006622
-1.61756360530853
-1.58531224727631
-1.54736161231995
-1.5988564491272
-1.68555295467377
-1.66356027126312
-1.59161496162415
-1.45100975036621
-1.36324048042297
-1.2984025478363
-1.12950205802917
-0.953628242015839
-0.874776721000671
-0.974145710468292
-1.12433910369873
-1.20211791992188
-1.17268264293671
-1.0327479839325
-0.894958972930908
-0.764746606349945
-0.612139403820038
-0.423123687505722
-0.284798234701157
-0.305382788181305
-0.391743987798691
-0.397309184074402
-0.416083365678787
-0.588001191616058
-0.844603896141052
-0.907028079032898
-0.665578722953796
-0.357682257890701
-0.102219372987747
0.128233641386032
0.331799328327179
0.402135461568832
0.152371868491173
-0.243293896317482
-0.509350776672363
-0.559303522109985
-0.456716030836105
-0.390268862247467
-0.242489278316498
0.0810299962759018
0.387518405914307
0.476561635732651
0.374309450387955
0.369414746761322
0.48273029923439
0.573919177055359
0.639360547065735
0.733901977539063
0.897639572620392
1.12695276737213
1.48889207839966
1.78867542743683
1.75769793987274
1.52704381942749
1.44282829761505
1.47849917411804
1.27815186977386
1.08424150943756
1.0619136095047
1.23423373699188
1.3541202545166
1.27862131595612
1.26521110534668
1.28458881378174
1.23497128486633
1.13204860687256
1.01343607902527
0.7878777384758
0.521753787994385
0.387116104364395
0.4420305788517
0.483601957559586
0.381819099187851
0.277890622615814
0.275208622217178
0.329251408576965
0.323753267526627
0.338437348604202
0.412729442119598
0.503985345363617
0.559972643852234
0.520882129669189
0.520345687866211
0.579149127006531
0.625481069087982
0.529464602470398
0.410315632820129
0.399118185043335
0.513506531715393
0.523564159870148
0.426005482673645
0.277421295642853
0.143118873238564
0.00760955642908812
-0.06648138910532
0.00868236646056175
-0.0162604674696922
-0.202862367033958
-0.466438382863998
-0.693605899810791
-0.926606833934784
-1.15545058250427
-1.33159267902374
-1.52557015419006
-1.62775528430939
-1.65122294425964
-1.63204646110535
-1.54903781414032
-1.49921917915344
-1.50444912910461
-1.4976099729538
-1.45858657360077
-1.37819278240204
-1.37021374702454
-1.30986821651459
-1.14713633060455
-1.02188575267792
-1.0085426568985
-1.12916684150696
-1.24140954017639
-1.23369872570038
-1.1392914056778
-0.977230072021484
-0.82857882976532
-0.706546664237976
-0.568154156208038
-0.441428512334824
-0.368879705667496
-0.403611958026886
-0.462080091238022
-0.46891924738884
-0.50063419342041
-0.668461918830872
-0.819325864315033
-0.774401903152466
-0.54461944103241
-0.287614345550537
-0.0519313998520374
0.189987257122993
0.336023539304733
0.251003324985504
-0.0508585907518864
-0.312892436981201
-0.437539547681808
-0.429158240556717
-0.362509906291962
-0.287815511226654
-0.0917594730854034
0.155791446566582
0.296396613121033
0.2805055975914
0.251874983310699
0.327172845602036
0.436130106449127
0.552060663700104
0.679590940475464
0.853922605514526
1.04401111602783
1.25582408905029
1.54407465457916
1.66691148281097
1.48607587814331
1.22886967658997
1.16161787509918
1.18703007698059
1.07807278633118
1.04957628250122
1.1425085067749
1.36458015441895
1.41392946243286
1.25528764724731
1.22176229953766
1.23523950576782
1.1271538734436
0.980916440486908
0.828309237957001
0.626956224441528
0.424463301897049
0.404616326093674
0.458122730255127
0.437538176774979
0.28768002986908
0.202391624450684
0.273800551891327
0.311013638973236
0.286473125219345
0.269375205039978
0.363849550485611
0.457452207803726
0.499358862638474
0.44477966427803
0.457988619804382
0.58055716753006
0.597051620483398
0.456178247928619
0.393955260515213
0.470258891582489
0.573583900928497
0.608517289161682
0.446187704801559
0.185561925172806
-0.0585694126784801
-0.0896138548851013
0.0145157715305686
-0.00217983522452414
-0.159011259675026
-0.361168891191483
-0.51672637462616
-0.716738402843475
-0.989366233348846
-1.18911004066467
-1.29766499996185
-1.38576948642731
-1.47850060462952
-1.57257258892059
-1.60676836967468
-1.5383768081665
-1.46100032329559
-1.48440098762512
-1.49425745010376
-1.40259921550751
-1.29686045646667
-1.26293277740479
-1.18146622180939
-1.07995164394379
-1.01015198230743
-1.03938603401184
-1.1581996679306
-1.23202240467072
-1.22089207172394
-1.10422396659851
-0.952086091041565
-0.826299130916595
-0.675971567630768
-0.5463627576828
-0.453497618436813
-0.460202664136887
-0.44786536693573
-0.393621414899826
-0.415211707353592
-0.621861755847931
-0.842860579490662
-0.868608057498932
-0.737658143043518
-0.539188325405121
-0.28453004360199
0.0755318403244019
0.349500715732574
0.32348507642746
0.0930991098284721
-0.173091888427734
-0.301024496555328
-0.309070557355881
-0.246311172842979
-0.178053632378578
-0.110801853239536
0.0587021335959435
0.233905419707298
0.289624482393265
0.259518772363663
0.259183526039124
0.351981580257416
0.502577304840088
0.668460547924042
0.843462705612183
0.985274732112885
1.11320734024048
1.41191792488098
1.7204178571701
1.69037914276123
1.37658226490021
1.24301731586456
1.31885159015656
1.26306545734406
1.1917906999588
1.1551810503006
1.31228065490723
1.41667854785919
1.33896684646606
1.25394666194916
1.21505725383759
1.14431881904602
1.06828343868256
0.988090872764587
0.816776514053345
0.552060663700104
0.491513937711716
0.58129471540451
0.595040082931519
0.465095996856689
0.284662753343582
0.21707572042942
0.216472268104553
0.251405626535416
0.287881195545197
0.335151880979538
0.46174344420433
0.554340362548828
0.583976745605469
0.502845466136932
0.501705646514893
0.511897325515747
0.427078276872635
0.294854432344437
0.241482153534889
0.321808785200119
0.404281079769135
0.433917462825775
0.371828556060791
0.2074204236269
0.058299832046032
0.0159908849745989
0.0878021046519279
0.0249086190015078
-0.185831502079964
-0.466170191764832
-0.749995470046997
-0.972871780395508
-1.20593976974487
-1.34191846847534
-1.47320353984833
-1.55916249752045
-1.55239033699036
-1.54226565361023
-1.49881684780121
-1.45194852352142
-1.41493654251099
-1.44430470466614
-1.48158490657806
-1.46797358989716
-1.43478357791901
-1.29759800434113
-1.21358346939087
-1.16182041168213
-1.0926913022995
-1.11347699165344
-1.1782478094101
-1.2125107049942
-1.11045968532562
-0.979040443897247
-0.911185204982758
-0.794181823730469
-0.641641676425934
-0.509686052799225
-0.536573350429535
-0.561650276184082
-0.503249168395996
-0.464560955762863
-0.543211340904236
-0.755694806575775
-0.858148157596588
-0.819795191287994
-0.667590260505676
-0.476361870765686
-0.204806834459305
0.112476736307144
0.236118093132973
0.145264491438866
-0.0902173072099686
-0.267901480197906
-0.33247122168541
-0.346753001213074
-0.286139249801636
-0.175304561853409
-0.0161934159696102
0.120388709008694
0.208627343177795
0.245505183935165
0.231223404407501
0.242286756634712
0.326837599277496
0.49097752571106
0.703393936157227
0.909105241298676
1.05319702625275
1.17147433757782
1.41171669960022
1.61508131027222
1.50062584877014
1.23584294319153
1.17080390453339
1.22518193721771
1.24435842037201
1.23295974731445
1.28941643238068
1.48694753646851
1.48627710342407
1.28445470333099
1.1861584186554
1.1941374540329
1.1309757232666
1.04736363887787
0.975217163562775
0.81074196100235
0.605701148509979
0.546830713748932
0.664102256298065
0.694006860256195
0.557625830173492
0.331933438777924
0.239068329334259
0.29532378911972
0.375784546136856
0.411656647920609
0.44585245847702
0.548641085624695
0.652837753295898
0.622732043266296
0.571572363376617
0.578947961330414
0.559905588626862
0.469320178031921
0.411857783794403
0.448467433452606
0.533554673194885
0.60254979133606
0.5257768034935
0.337431579828262
0.199910759925842
0.152707114815712
0.167860552668571
0.0724475160241127
-0.095983661711216
-0.27353373169899
-0.478373408317566
-0.754890203475952
-1.07398414611816
-1.2735937833786
-1.30483937263489
-1.31778025627136
-1.44604802131653
-1.57076227664948
-1.55433475971222
-1.42097115516663
-1.35479211807251
-1.399045586586
-1.42512822151184
-1.40521419048309
-1.38831746578217
-1.34674608707428
-1.27580654621124
-1.18488585948944
-1.08156085014343
-1.0906126499176
-1.14291214942932
-1.14324736595154
-1.06707787513733
-0.980582594871521
-0.954432845115662
-0.836021423339844
-0.655185878276825
-0.503785610198975
-0.489973157644272
-0.552598416805267
-0.482396423816681
-0.422922521829605
-0.435930341482162
-0.612809896469116
-0.781106948852539
-0.782179772853851
-0.723845720291138
-0.578815221786499
-0.418899476528168
-0.120792396366596
0.164508029818535
0.227669715881348
0.121394470334053
-0.107784576714039
-0.21707709133625
-0.258648484945297
-0.195084497332573
-0.059910424053669
-0.0572284013032913
-0.0305422507226467
0.0784820690751076
0.247382596135139
0.253148943185806
0.191864684224129
0.267497777938843
0.46301743388176
0.641774415969849
0.762063205242157
0.941222488880157
1.0545380115509
1.25602519512177
1.56962096691132
1.62922894954681
1.4164103269577
1.24422430992126
1.28867888450623
1.30678248405457
1.26755785942078
1.24710750579834
1.34245347976685
1.49412202835083
1.35277926921844
1.08766102790833
1.02362775802612
1.1117992401123
1.09631061553955
0.965830087661743
0.830857157707214
0.684485673904419
0.631046295166016
0.613546073436737
0.619245409965515
0.570432543754578
0.381215661764145
0.165178537368774
0.115628115832806
0.26461461186409
0.411455482244492
0.463889092206955
0.487625002861023
0.570432543754578
0.603957831859589
0.514579355716705
0.445517212152481
0.454501986503601
0.400258034467697
0.326368242502213
0.290764361619949
0.375315189361572
0.553133487701416
0.658469974994659
0.561514794826508
0.34246039390564
0.213656142354012
0.224585384130478
0.193473890423775
-0.00124112644698471
-0.269980043172836
-0.515988767147064
-0.731288373470306
-1.02175164222717
-1.28834497928619
-1.37946677207947
-1.34480166435242
-1.34594142436981
-1.40400731563568
-1.41037714481354
-1.36290526390076
-1.34674608707428
-1.41064536571503
-1.47702538967133
-1.53361618518829
-1.56559932231903
-1.51785922050476
-1.42278146743774
-1.303431391716
-1.2045316696167
-1.11501908302307
-1.06265258789063
-1.04240322113037
-1.02349495887756
-1.00874388217926
-0.984672665596008
-0.916012823581696
-0.781911611557007
-0.605702519416809
-0.566612005233765
-0.587397694587708
-0.522492706775665
-0.438679426908493
-0.407836139202118
-0.497080504894257
-0.608317494392395
-0.705876171588898
-0.737255871295929
-0.607579946517944
-0.414876461029053
-0.151635691523552
0.0748613327741623
0.187841638922691
0.147208958864212
-0.0391247309744358
-0.195486798882484
-0.315507411956787
-0.256771057844162
-0.052534855902195
0.0295351110398769
-0.0089519489556551
0.0409337170422077
0.220294147729874
0.31356155872345
0.279030501842499
0.282315969467163
0.44303634762764
0.633124887943268
0.80383574962616
1.03495931625366
1.13459646701813
1.1823365688324
1.34151470661163
1.59670948982239
1.55292534828186
1.25562286376953
1.15021932125092
1.27761554718018
1.46207177639008
1.48741686344147
1.46991670131683
1.59127831459045
1.6693252325058
1.49023306369781
1.19011437892914
1.05722010135651
1.05668365955353
1.073446393013
1.00143396854401
0.760453999042511
0.637483179569244
0.656860768795013
0.722033977508545
0.717139303684235
0.616563379764557
0.436264216899872
0.239202424883842
0.239403575658798
0.3524509370327
0.448668599128723
0.47790265083313
0.524234652519226
0.633929491043091
0.622732043266296
0.564263880252838
0.584177911281586
0.563794493675232
0.491178691387177
0.412260085344315
0.386914968490601
0.428419291973114
0.537912964820862
0.606975138187408
0.495939284563065
0.305783689022064
0.198972046375275
0.234173625707626
0.187640488147736
0.0112302899360657
-0.235918328166008
-0.475892513990402
-0.722303569316864
-1.01732635498047
-1.23041319847107
-1.32891058921814
-1.35579788684845
-1.35847997665405
-1.33916938304901
-1.31851780414581
-1.30309617519379
-1.31094098091125
-1.36163127422333
-1.44658446311951
-1.54662394523621
-1.55500531196594
-1.48708307743073
-1.38315451145172
-1.26655352115631
-1.18146622180939
-1.04910838603973
-0.949873387813568
-0.948733568191528
-0.987086534500122
-1.01162707805634
-0.990707218647003
-0.949873387813568
-0.824488759040833
-0.697427809238434
-0.695215106010437
-0.658136129379272
-0.551391541957855
-0.423190712928772
-0.435997396707535
-0.491381227970123
-0.558700025081635
-0.646536350250244
-0.671345114707947
-0.552062034606934
-0.335019141435623
-0.136348143219948
-0.0668166428804398
-0.0575636550784111
-0.0626595020294189
-0.15230618417263
-0.302968949079514
-0.421648561954498
-0.215601980686188
0.0777445137500763
0.0678210183978081
-0.0778799951076508
-0.0194788966327906
0.153779923915863
0.20674991607666
0.156193748116493
0.205408915877342
0.383294224739075
0.590681791305542
0.846681118011475
1.05286180973053
1.09919381141663
1.15853357315063
1.39823961257935
1.51303029060364
1.34547078609467
1.13245093822479
1.1286289691925
1.31415808200836
1.44872868061066
1.46991670131683
1.44899690151215
1.52362430095673
1.47253167629242
1.25314199924469
1.0867223739624
1.02020812034607
0.971060037612915
1.00324428081512
0.944172739982605
0.804774463176727
0.708489775657654
0.736852169036865
0.797868251800537
0.665108025074005
0.385238707065582
0.112543791532516
0.115829266607761
0.315774232149124
0.488496661186218
0.551725387573242
0.545892000198364
0.614618897438049
0.631046295166016
0.588938474655151
0.579015016555786
0.626620948314667
0.58846914768219
0.519541084766388
0.487423837184906
0.48889896273613
0.510019898414612
0.610126495361328
0.680261433124542
0.568823337554932
0.343063861131668
0.293379336595535
0.367403239011765
0.236855655908585
-0.0956484079360962
-0.420911014080048
-0.63909375667572
-0.880140781402588
-1.13580477237701
-1.30188918113708
-1.31335484981537
-1.21914875507355
-1.15203106403351
-1.17690682411194
-1.20205080509186
-1.19413888454437
-1.2308155298233
-1.32904469966888
-1.43451535701752
-1.46877825260162
-1.49935328960419
-1.56613576412201
-1.48131668567657
-1.29605579376221
-1.07914698123932
-0.931367456912994
-0.852046549320221
-0.823214769363403
-0.879872560501099
-0.959059357643127
-0.986348927021027
-0.892478048801422
-0.760053098201752
-0.738932132720947
-0.726527750492096
-0.638624370098114
-0.499360233545303
-0.429292321205139
-0.424531728029251
-0.377797454595566
-0.417089134454727
-0.495203107595444
-0.52061527967453
-0.417424380779266
-0.33213597536087
-0.334616839885712
-0.288418978452682
-0.188513532280922
-0.146338686347008
-0.204404532909393
-0.272192716598511
-0.173225983977318
0.0695643350481987
0.204872503876686
0.10852075368166
-0.0120362779125571
0.00646969582885504
0.0784150213003159
0.105235271155834
0.114555306732655
0.182879894971848
0.35835137963295
0.619379460811615
0.964287936687469
1.15913701057434
1.0964447259903
1.14425182342529
1.35257804393768
1.42465758323669
1.23088121414185
1.02845537662506
1.08632004261017
1.24147522449493
1.34258759021759
1.37135231494904
1.4252610206604
1.48667931556702
1.24308443069458
0.950542509555817
0.81248527765274
0.839707851409912
0.880273461341858
0.825962483882904
0.729543685913086
0.682474136352539
0.731354057788849
0.750463485717773
0.720290660858154
0.57740581035614
0.348494946956635
0.124344699084759
0.10268734395504
0.25878119468689
0.408505260944366
0.425200879573822
0.412461251020432
0.391206204891205
0.459463745355606
0.567147016525269
0.641170918941498
0.630643963813782
0.559637367725372
0.552999377250671
0.560173809528351
0.579819619655609
0.616496324539185
0.653575301170349
0.525374531745911
0.301559507846832
0.188310995697975
0.260993868112564
0.249997571110725
0.0342957079410553
-0.199845090508461
-0.394895374774933
-0.635607123374939
-0.987891137599945
-1.23852634429932
-1.27795207500458
-1.25998258590698
-1.29806733131409
-1.35961973667145
-1.33360409736633
-1.30852723121643
-1.34272301197052
-1.42700564861298
-1.50498557090759
-1.52349150180817
-1.54139399528503
-1.59744834899902
-1.57478523254395
-1.42150747776031
-1.24040377140045
-1.08303594589233
-0.999289751052856
-0.971798956394196
-1.04106223583221
-1.11501908302307
-1.12407088279724
-1.07807421684265
-0.970390915870667
-0.91413539648056
-0.873234570026398
-0.798741281032562
-0.671546280384064
-0.552330255508423
-0.489101499319077
-0.420911014080048
-0.423593044281006
-0.529197752475739
-0.616296529769897
-0.558297753334045
-0.422654330730438
-0.355268448591232
-0.32140788435936
-0.291302144527435
-0.261330515146255
-0.28251850605011
-0.294386476278305
-0.250133067369461
-0.144327163696289
0.1126778870821
0.250064641237259
0.115225814282894
-0.0280613768845797
0.0186058599501848
0.133731782436371
0.137352526187897
0.123875342309475
0.253484219312668
0.518200099468231
0.792839467525482
1.08062076568604
1.18112969398499
1.21720290184021
1.3358154296875
1.47883439064026
1.39924538135529
1.20761466026306
1.10918426513672
1.20285403728485
1.34889030456543
1.39783728122711
1.3667927980423
1.41044282913208
1.45892035961151
1.17804527282715
0.936394870281219
0.95510196685791
1.07183706760406
1.00599336624146
0.853587329387665
0.792168974876404
0.851776957511902
0.867198586463928
0.729543685913086
0.609858274459839
0.444511443376541
0.243963018059731
0.0501196533441544
0.134335249662399
0.336224675178528
0.48373606801033
0.517931878566742
0.469722479581833
0.432308226823807
0.446925282478333
0.503046631813049
0.560441970825195
0.587262213230133
0.589206695556641
0.574991941452026
0.549244523048401
0.591419398784637
0.689045071601868
0.682474136352539
0.447260528802872
0.204604297876358
0.139498144388199
0.170676678419113
0.0861928910017014
-0.0997385010123253
-0.278227269649506
-0.504724264144897
-0.72076141834259
-0.937804281711578
-1.05695331096649
-1.13922441005707
-1.19621741771698
-1.18488585948944
-1.20292246341705
-1.23926389217377
-1.29391014575958
-1.32870948314667
-1.35613310337067
-1.37537670135498
-1.40132534503937
-1.50002384185791
-1.53904724121094
-1.44396948814392
-1.30745434761047
-1.12889862060547
-0.946587920188904
-0.861165404319763
-0.874039173126221
-0.94303423166275
-0.958187699317932
-0.988561630249023
-0.969720423221588
-0.872564017772675
-0.760053098201752
-0.708021819591522
-0.714726865291595
-0.646335244178772
-0.515988767147064
-0.397443294525146
-0.362912207841873
-0.459532171487808
-0.587800025939941
-0.618173956871033
-0.524034857749939
-0.455375015735626
-0.498287439346313
-0.535835802555084
-0.502042293548584
-0.397040992975235
-0.361235946416855
-0.399253666400909
-0.310813874006271
-0.0325537696480751
0.155187994241714
0.0924286022782326
-0.0447569824755192
-0.0364427044987679
0.0612500570714474
0.107313841581345
0.111068673431873
0.125685706734657
0.213454976677895
0.433246940374374
0.809468030929565
1.08336985111237
1.05373346805573
1.06526613235474
1.29618847370148
1.42700433731079
1.31375575065613
1.06157839298248
0.998617827892303
1.13553524017334
1.22431027889252
1.27989518642426
1.21975076198578
1.36283683776855
1.29357349872589
0.9502072930336
0.816709458827972
0.887917220592499
0.966902911663055
0.880675792694092
0.824889659881592
0.871825098991394
0.946988880634308
0.76977401971817
0.58230048418045
0.457854509353638
0.35318848490715
0.14365528523922
-0.00412430334836245
0.155992597341537
0.386579692363739
0.56158185005188
0.498219013214111
0.387451350688934
0.376857370138168
0.443304538726807
0.486619234085083
0.497079133987427
0.529866874217987
0.570834815502167
0.566342413425446
0.592559218406677
0.678585171699524
0.762264370918274
0.676573693752289
0.425267904996872
0.306387156248093
0.271051466464996
0.198033332824707
0.0146498726680875
-0.166722074151039
-0.348831593990326
-0.621928811073303
-0.890667676925659
-1.06687676906586
-1.11682951450348
-1.14284515380859
-1.17053699493408
-1.21700310707092
-1.26675462722778
-1.29914009571075
-1.31979167461395
-1.37289583683014
-1.42123937606812
-1.45851945877075
-1.52577126026154
-1.5923525094986
-1.58504402637482
-1.43639278411865
-1.20593976974487
-1.04086112976074
-0.989098012447357
-0.943905889987946
-0.938407778739929
-1.016521692276
-1.09135019779205
-1.09141731262207
-0.989030957221985
-0.87645298242569
-0.813693583011627
-0.811413884162903
-0.747380495071411
-0.612541675567627
-0.476093679666519
-0.409110099077225
-0.465298533439636
-0.579217553138733
-0.696086764335632
-0.653576672077179
-0.550184607505798
-0.504254937171936
-0.511965751647949
-0.456246674060822
-0.3062544465065
-0.237527534365654
-0.26461598277092
-0.202661216259003
0.0705030485987663
0.356809228658676
0.322278141975403
0.0924286022782326
0.0251768212765455
0.13265897333622
0.202190473675728
0.171078979969025
0.1578029692173
0.205677106976509
0.334280222654343
0.68220591545105
1.07183706760406
1.21069896221161
1.15149331092834
1.27500057220459
1.49687099456787
1.52355718612671
1.28197383880615
1.0816935300827
1.17248010635376
1.35432136058807
1.49070239067078
1.36377561092377
1.3057097196579
1.36498248577118
1.21773934364319
1.08900213241577
1.15464460849762
1.19567966461182
1.07746934890747
1.04441344738007
1.12225914001465
1.14854300022125
0.970724761486053
0.737723827362061
0.617904365062714
0.433917462825775
0.17436446249485
-0.0126397330313921
0.0670164152979851
0.286271959543228
0.449204981327057
0.529799818992615
0.502510249614716
0.443639785051346
0.396503210067749
0.430967211723328
0.484674781560898
0.503180742263794
0.449070900678635
0.436666518449783
0.479109585285187
0.52651435136795
0.57854562997818
0.590346574783325
0.551591277122498
0.319998443126678
0.127697229385376
0.125484555959702
0.184489116072655
0.0715088024735451
-0.224251508712769
-0.510691821575165
-0.717610061168671
-0.933714210987091
-1.12735641002655
-1.23698425292969
-1.24905335903168
-1.22692656517029
-1.24462795257568
-1.26172590255737
-1.30229151248932
-1.31234908103943
-1.3447345495224
-1.38094186782837
-1.42667043209076
-1.52590537071228
-1.60945045948029
-1.57780253887177
-1.38208174705505
-1.15605413913727
-0.999692022800446
-0.930562853813171
-0.857343554496765
-0.860561966896057
-0.92922180891037
-0.96301531791687
-0.910715818405151
-0.766691088676453
-0.69903701543808
-0.722169458866119
-0.702456593513489
-0.57050096988678
-0.365460127592087
-0.227536991238594
-0.232632845640182
-0.376657605171204
-0.567617774009705
-0.650693535804749
-0.585185050964355
-0.489436745643616
-0.466170191764832
-0.470059126615524
-0.335019141435623
-0.148685455322266
-0.0365768074989319
-0.0369791127741337
0.00794480927288532
0.226395756006241
0.38007578253746
0.210974112153053
-0.110399551689625
-0.145601123571396
0.0348991602659225
0.104028359055519
0.055684857070446
0.044621504843235
0.187171131372452
0.439415603876114
0.802293598651886
1.06674122810364
1.09309220314026
1.05192303657532
1.1693286895752
1.35968542098999
1.30161964893341
0.992851495742798
0.90548449754715
1.08363807201385
1.32180190086365
1.35593068599701
1.22115886211395
1.29048919677734
1.34647643566132
1.09550595283508
0.970121324062347
1.06801521778107
1.08001732826233
0.894890487194061
0.837964534759521
1.03281366825104
1.11602354049683
0.792168974876404
0.48474183678627
0.456178247928619
0.425670206546783
0.159747436642647
-0.0185401886701584
0.19018842279911
0.488630771636963
0.601342856884003
0.532079577445984
0.486283987760544
0.467375725507736
0.495268762111664
0.531006753444672
0.558028161525726
0.561514794826508
0.551323115825653
0.547635316848755
0.591955780982971
0.674897432327271
0.710501313209534
0.707685172557831
0.595710635185242
0.459731936454773
0.357479721307755
0.307258814573288
0.225993454456329
0.0393245033919811
-0.251675218343735
-0.540462255477905
-0.750397801399231
-0.951147377490997
-1.13325691223145
-1.16772091388702
-1.05433833599091
-1.02510416507721
-1.13902318477631
-1.21479046344757
-1.13808453083038
-1.03724038600922
-1.1434485912323
-1.33890116214752
-1.50927674770355
-1.63714230060577
-1.68743026256561
-1.58906710147858
-1.36860454082489
-1.14411902427673
-1.00445258617401
-0.947727799415588
-0.933110773563385
-0.950879156589508
-1.03516185283661
-1.09792125225067
-1.04475009441376
-0.904010772705078
-0.78559935092926
-0.775474727153778
-0.713788151741028
-0.484944343566895
-0.21808286011219
-0.14298614859581
-0.280909299850464
-0.476965337991714
-0.579619824886322
-0.543747782707214
-0.458459347486496
-0.483804494142532
-0.571909010410309
-0.464560955762863
-0.205812588334084
-0.00821439176797867
0.0191422645002604
0.0170636940747499
0.216204062104225
0.41413751244545
0.343868464231491
-0.00399020221084356
-0.22016142308712
-0.116635255515575
0.0579645782709122
0.113482497632504
0.0502537563443184
0.0848518833518028
0.317450493574142
0.754151225090027
1.20057427883148
1.34178292751312
1.25227034091949
1.27305603027344
1.42432224750519
1.52456295490265
1.29028809070587
0.989968299865723
0.99117523431778
1.21854388713837
1.44705247879028
1.44437038898468
1.41480112075806
1.52067399024963
1.41761720180511
1.15692436695099
1.15873467922211
1.20768165588379
0.977362811565399
0.753547787666321
0.974144339561462
1.1976912021637
1.00069642066956
0.586994051933289
0.445919513702393
0.449741393327713
0.231022253632545
-0.0331572256982327
0.0190081633627415
0.316511809825897
0.4816575050354
0.480852901935577
0.433313995599747
0.375717490911484
0.362575590610504
0.386512666940689
0.430229663848877
0.470258891582489
0.448266267776489
0.43311282992363
0.48373606801033
0.589072585105896
0.614417731761932
0.557894051074982
0.500029385089874
0.423524588346481
0.343935519456863
0.238666012883186
0.150494441390038
0.0686926767230034
-0.0981963351368904
-0.394560098648071
-0.72076141834259
-0.933177828788757
-1.06774842739105
-1.16772091388702
-1.18220388889313
-1.11857283115387
-1.10160899162292
-1.15846788883209
-1.15390849113464
-1.05702030658722
-1.04904127120972
-1.22484803199768
-1.40836560726166
-1.5731760263443
-1.68018889427185
-1.69178855419159
-1.56103992462158
-1.31261730194092
-1.09114909172058
-0.930898070335388
-0.871826469898224
-0.887382209300995
-0.940754532814026
-0.96013218164444
-0.914873003959656
-0.863847434520721
-0.817984819412231
-0.795053482055664
-0.740273118019104
-0.545491099357605
-0.319731622934341
-0.24704872071743
-0.262939721345901
-0.322748899459839
-0.4341199696064
-0.535366415977478
-0.57325005531311
-0.557359039783478
-0.59913158416748
-0.600204408168793
-0.443507075309753
-0.181607320904732
0.065943606197834
0.0523993745446205
-0.0195459481328726
0.17436446249485
0.345410615205765
0.226798057556152
-0.139767721295357
-0.252479821443558
-0.0767401307821274
-0.00043651886517182
-0.0733205527067184
-0.115696549415588
0.0218242891132832
0.324088513851166
0.795588552951813
1.17449164390564
1.22102475166321
1.10455787181854
1.13513290882111
1.35948431491852
1.52429473400116
1.23658049106598
0.89126980304718
0.887649059295654
1.25575697422028
1.55413234233856
1.48909318447113
1.42740654945374
1.45402574539185
1.3122136592865
1.18099558353424
1.16235542297363
1.16088032722473
1.01571571826935
0.955504298210144
1.10422253608704
1.2065417766571
0.955437242984772
0.626620948314667
0.502040863037109
0.377125561237335
0.13574330508709
0.0132418088614941
0.210974112153053
0.469320178031921
0.552597045898438
0.537242472171783
0.559302151203156
0.537912964820862
0.496475696563721
0.478439062833786
0.511092722415924
0.511830270290375
0.442432880401611
0.425938427448273
0.497079133987427
0.653240025043488
0.710702419281006
0.680395543575287
0.630509912967682
0.507673144340515
0.349567770957947
0.216271117329597
0.116566829383373
-0.0450251847505569
-0.293783009052277
-0.617972791194916
-0.845944941043854
-0.975486755371094
-1.05769085884094
-1.11508619785309
-1.0782083272934
-1.00498902797699
-1.03127288818359
-1.11200177669525
-1.17409074306488
-1.12467443943024
-1.2007098197937
-1.44852888584137
-1.66899144649506
-1.75977790355682
-1.72196137905121
-1.63821518421173
-1.50035905838013
-1.2809693813324
-1.10227954387665
-1.02845668792725
-1.01524782180786
-1.04763317108154
-1.07901287078857
-1.09772002696991
-1.03429019451141
-0.946990251541138
-0.871223032474518
-0.755627751350403
-0.616162419319153
-0.445183336734772
-0.353525131940842
-0.334147483110428
-0.375718891620636
-0.466974794864655
-0.567617774009705
-0.676642119884491
-0.722974061965942
-0.701987266540527
-0.635473012924194
-0.476495981216431
-0.243025690317154
-0.0218927189707756
0.0996030196547508
0.0947753712534904
0.0541426911950111
0.120992168784142
0.244700580835342
0.0609818547964096
-0.302767813205719
-0.334348648786545
-0.153043746948242
-0.0664143338799477
-0.173494189977646
-0.16155917942524
0.138894692063332
0.587195158004761
1.00029408931732
1.14029586315155
1.09450018405914
1.0852472782135
1.21646535396576
1.40232968330383
1.32354521751404
0.978502631187439
0.773730039596558
0.946854770183563
1.27828598022461
1.45972502231598
1.36156284809113
1.35807621479034
1.35841155052185
1.17750895023346
0.998014390468597
1.05581200122833
1.11019003391266
0.8554647564888
0.779764592647552
1.03509342670441
1.13694322109222
0.765482783317566
0.376723259687424
0.287612974643707
0.200782418251038
-0.0567590445280075
-0.13333086669445
0.162764713168144
0.504655838012695
0.561380684375763
0.452557533979416
0.372499078512192
0.381953209638596
0.373437792062759
0.285802602767944
0.267028421163559
0.315036684274673
0.340448886156082
0.356608062982559
0.484071314334869
0.676171362400055
0.688240468502045
0.59738689661026
0.558095216751099
0.507606089115143
0.311080694198608
0.0623228698968887
-0.0422090590000153
-0.187038421630859
-0.504321992397308
-0.816643834114075
-0.920438170433044
-0.877324640750885
-0.911788642406464
-0.941961407661438
-0.898579657077789
-0.866328299045563
-0.973676383495331
-1.14673399925232
-1.15457892417908
-1.16953122615814
-1.35546267032623
-1.62936449050903
-1.77338922023773
-1.74576437473297
-1.67965245246887
-1.56177747249603
-1.36733067035675
-1.14405202865601
-0.984940886497498
-1.00197172164917
-1.03663694858551
-1.06010460853577
-1.06339013576508
-1.09550738334656
-1.09725069999695
-0.970659077167511
-0.793176114559174
-0.639831304550171
-0.539389491081238
-0.452424794435501
-0.393152058124542
-0.377864509820938
-0.469522714614868
-0.588939905166626
-0.682475507259369
-0.748453319072723
-0.765417158603668
-0.749257922172546
-0.642111003398895
-0.408171385526657
-0.0686270073056221
0.178722754120827
0.227468565106392
0.127630174160004
0.0736544281244278
0.217478021979332
0.251942038536072
-0.0935027897357941
-0.390402972698212
-0.279568284749985
-0.088742196559906
-0.121798157691956
-0.203398764133453
-0.0291341878473759
0.383830636739731
0.854928314685822
1.17931926250458
1.2263218164444
1.16188609600067
1.148677110672
1.2918301820755
1.43122851848602
1.19675242900848
0.810339689254761
0.710233092308044
1.12869608402252
1.61669051647186
1.71552312374115
1.62332856655121
1.57907509803772
1.42961931228638
1.18743240833282
1.00049519538879
1.0551415681839
0.981050550937653
0.830253720283508
0.89931583404541
1.05400168895721
0.978368520736694
0.704600811004639
0.500766932964325
0.324155569076538
0.0723134130239487
-0.0664143338799477
0.0596408434212208
0.323082774877548
0.493123143911362
0.477030992507935
0.406091451644897
0.340180665254593
0.343935519456863
0.362709671258926
0.3134945333004
0.245102882385254
0.155791446566582
0.135810360312462
0.204269051551819
0.368073731660843
0.52161967754364
0.560777246952057
0.575528383255005
0.531811356544495
0.436264216899872
0.224250137805939
-0.048981174826622
-0.279970586299896
-0.431572049856186
-0.588135242462158
-0.783923089504242
-0.946654975414276
-0.971731901168823
-0.881615877151489
-0.860226690769196
-1.01571714878082
-1.14338147640228
-1.10167598724365
-1.05286312103271
-1.112135887146
-1.28271269798279
-1.46341419219971
-1.59402883052826
-1.71351301670074
-1.76507496833801
-1.69594573974609
-1.54762971401215
-1.38979256153107
-1.22451281547546
-1.08799767494202
-1.00887799263
-1.04374432563782
-1.11696362495422
-1.13848686218262
-1.07431936264038
-0.990841329097748
-0.909575998783112
-0.78861665725708
-0.640300631523132
-0.534360647201538
-0.507406294345856
-0.507138133049011
-0.501707017421722
-0.503919661045074
-0.532349169254303
-0.669467687606812
-0.810341060161591
-0.831059694290161
-0.735110223293304
-0.508345007896423
-0.226397141814232
0.0552825517952442
0.164910331368446
0.0959822833538055
0.0858576372265816
0.208292081952095
0.320333689451218
0.0368436314165592
-0.375987082719803
-0.421849727630615
-0.223648056387901
-0.148953661322594
-0.245372459292412
-0.197431266307831
0.0938366651535034
0.522021949291229
0.934919714927673
1.14123451709747
1.10247921943665
1.05688488483429
1.15531516075134
1.3620992898941
1.27600634098053
0.852313339710236
0.643115401268005
0.919028759002686
1.48681342601776
1.76849317550659
1.70553255081177
1.67502450942993
1.6852833032608
1.3600207567215
0.931902468204498
0.897773683071136
1.07606136798859
0.895628094673157
0.8334721326828
1.2006413936615
1.39220499992371
1.0111563205719
0.52651435136795
0.480115324258804
0.457519263029099
0.187908694148064
-0.073991060256958
0.115292862057686
0.53643786907196
0.716938138008118
0.64324951171875
0.475488841533661
0.443706840276718
0.484607726335526
0.472940921783447
0.403275310993195
0.370755761861801
0.290093839168549
0.226194605231285
0.319126784801483
0.660548567771912
0.846010625362396
0.759783506393433
0.695817172527313
0.693537473678589
0.5647332072258
0.198167443275452
-0.0656097307801247
-0.228274554014206
-0.467041850090027
-0.722974061965942
-0.80269730091095
-0.718883991241455
-0.747514605522156
-0.789555370807648
-0.765953540802002
-0.75080007314682
-0.846950709819794
-1.00881087779999
-1.0310046672821
-1.05480766296387
-1.27607476711273
-1.58571445941925
-1.74884867668152
-1.7275265455246
-1.64733397960663
-1.56714153289795
-1.44799256324768
-1.24020266532898
-1.02067887783051
-0.946856141090393
-0.984806776046753
-1.01088953018188
-1.01645469665527
-1.04240322113037
-1.04327487945557
-0.911051094532013
-0.710703790187836
-0.595712006092072
-0.591420769691467
-0.54059636592865
-0.498287439346313
-0.459062814712524
-0.389397203922272
-0.337567061185837
-0.466706573963165
-0.753951489925385
-0.796796798706055
-0.712044835090637
-0.692466020584106
-0.592024207115173
-0.264750093221664
0.235112339258194
0.354462444782257
0.246309787034988
0.295659065246582
0.509751737117767
0.524972200393677
0.0283952504396439
-0.392950892448425
-0.394426017999649
-0.251675218343735
-0.236789986491203
-0.252882122993469
-0.0955813601613045
0.287076562643051
0.810607850551605
1.20560312271118
1.31435918807983
1.19655132293701
1.15772902965546
1.22759568691254
1.30249130725861
1.18602430820465
0.839372575283051
0.73008006811142
1.09818804264069
1.65330016613007
1.94349527359009
1.76668274402618
1.6528308391571
1.58980321884155
1.21311283111572
0.843462705612183
0.852179288864136
0.97293746471405
0.789822161197662
0.889593541622162
1.27064228057861
1.26179158687592
0.774668753147125
0.387116104364395
0.420105010271072
0.312086462974548
0.0100233787670732
-0.168867692351341
0.148415878415108
0.537175416946411
0.591486394405365
0.467241615056992
0.405018627643585
0.436465382575989
0.465632408857346
0.396704345941544
0.347824454307556
0.288752824068069
0.172554105520248
0.146940767765045
0.298341065645218
0.622128546237946
0.7100989818573
0.654178738594055
0.664035201072693
0.636209189891815
0.412863552570343
0.0825721547007561
-0.0937709957361221
-0.28660860657692
-0.572713613510132
-0.827707171440125
-0.854527413845062
-0.736719489097595
-0.706747829914093
-0.749257922172546
-0.771921038627625
-0.763606786727905
-0.84037971496582
-0.965965569019318
-1.07291126251221
-1.18857359886169
-1.39803981781006
-1.65437436103821
-1.79464423656464
-1.77747929096222
-1.67288029193878
-1.57056105136871
-1.4262011051178
-1.1809298992157
-0.987622916698456
-0.953292965888977
-0.98011326789856
-0.99506551027298
-0.98889684677124
-1.02912724018097
-1.00874388217926
-0.83749657869339
-0.646603405475616
-0.583240568637848
-0.598997473716736
-0.584514558315277
-0.502243399620056
-0.390872329473495
-0.306388527154922
-0.365124881267548
-0.610530197620392
-0.754621982574463
-0.729612112045288
-0.671278059482574
-0.568623542785645
-0.327978849411011
0.0505219586193562
0.246108636260033
0.208023875951767
0.230485841631889
0.397777169942856
0.537644743919373
0.299212723970413
-0.165649265050888
-0.361906439065933
-0.348764538764954
-0.295660436153412
-0.278093159198761
-0.175639808177948
0.135542154312134
0.625548124313354
1.14472115039825
1.4004522562027
1.35774099826813
1.26313257217407
1.27567100524902
1.34640944004059
1.18830406665802
0.839037358760834
0.65015572309494
0.934718608856201
1.5341511964798
1.96897447109222
2.01135063171387
1.90896415710449
1.87436604499817
1.57015740871429
1.09859037399292
0.957716941833496
1.04562032222748
0.908032417297363
0.879737079143524
1.30389928817749
1.48057770729065
1.0566166639328
0.598057389259338
0.605634093284607
0.614618897438049
0.253081917762756
-0.0505903884768486
0.123338937759399
0.547903537750244
0.728336751461029
0.618574857711792
0.478304952383041
0.450613051652908
0.466772258281708
0.450814217329025
0.405487984418869
0.39033454656601
0.316981166601181
0.240677535533905
0.32147353887558
0.573449790477753
0.762733697891235
0.758777737617493
0.73497474193573
0.750664591789246
0.630040526390076
0.255495727062225
-0.0542781725525856
-0.214529171586037
-0.365862429141998
-0.586391925811768
-0.749190866947174
-0.75696873664856
-0.725253820419312
-0.674697637557983
-0.660348773002625
-0.753482103347778
-0.900121867656708
-0.993724524974823
-1.02128231525421
-1.15102529525757
-1.44678556919098
-1.71505522727966
-1.82039165496826
-1.84969282150269
-1.84251844882965
-1.74898278713226
-1.57780253887177
-1.36726355552673
-1.15900433063507
-1.06868708133698
-1.05192446708679
-1.04340898990631
-1.04904127120972
-1.10274887084961
-1.12923383712769
-0.989567399024963
-0.747983992099762
-0.631852269172668
-0.648547887802124
-0.627091705799103
-0.561784386634827
-0.491984665393829
-0.421380370855331
-0.395767033100128
-0.527588546276093
-0.718548715114594
-0.769775450229645
-0.755158364772797
-0.706814885139465
-0.524839460849762
-0.182143718004227
0.121059216558933
0.133932933211327
0.121126271784306
0.229547128081322
0.3862444460392
0.323753267526627
-0.0505903884768486
-0.428286582231522
-0.528728425502777
-0.431504994630814
-0.353793323040009
-0.286876797676086
-0.139365419745445
0.231357499957085
0.753346621990204
1.1522308588028
1.2552205324173
1.12427067756653
1.01940357685089
1.09758460521698
1.18240356445313
1.0220855474472
0.717675685882568
0.709562599658966
1.18434810638428
1.75568652153015
2.05292201042175
1.90983581542969
1.77244913578033
1.62634575366974
1.17180955410004
0.803366422653198
0.797734141349792
0.829382061958313
0.680797874927521
0.852246344089508
1.26500999927521
1.28499102592468
0.835014283657074
0.47173398733139
0.518669426441193
0.425603181123734
0.0804935917258263
-0.135275334119797
0.135609209537506
0.531409084796906
0.608986616134644
0.477232158184052
0.38798776268959
0.485278218984604
0.546361327171326
0.480316489934921
0.403275310993195
0.365391701459885
0.27869525551796
0.222171559929848
0.336895197629929
0.642109632492065
0.83548367023468
0.857006907463074
0.878731310367584
0.901796758174896
0.735779345035553
0.350305318832397
0.069363184273243
-0.144796520471573
-0.380546540021896
-0.647340953350067
-0.796930909156799
-0.729276835918427
-0.650760531425476
-0.590951383113861
-0.653308510780334
-0.718347609043121
-0.76172935962677
-0.853521645069122
-0.980649650096893
-1.20312368869781
-1.50076138973236
-1.7664829492569
-1.89709758758545
-1.92653286457062
-1.87403225898743
-1.74294829368591
-1.5651969909668
-1.3485563993454
-1.11636006832123
-1.00928032398224
-0.994126796722412
-1.01283395290375
-1.00995075702667
-1.0487060546875
-1.00599479675293
-0.829718708992004
-0.706010282039642
-0.703060030937195
-0.702590703964233
-0.653576672077179
-0.57224428653717
-0.482128232717514
-0.34903272986412
-0.365996539592743
-0.555347502231598
-0.70493745803833
-0.694745779037476
-0.585788488388062
-0.5127032995224
-0.374109655618668
-0.153513103723526
-0.0253793522715569
0.00144089874811471
0.0909534841775894
0.311281859874725
0.417154788970947
0.211845770478249
-0.19018979370594
-0.440422743558884
-0.46201303601265
-0.447999447584152
-0.398046731948853
-0.273600786924362
0.018270606175065
0.500833988189697
0.982056319713593
1.24811327457428
1.25099635124207
1.13888776302338
1.15739369392395
1.21411859989166
1.14036285877228
0.882486164569855
0.7218998670578
1.0427371263504
1.61407554149628
2.07095861434937
2.09308528900146
1.85579311847687
1.7316153049469
1.39180266857147
0.977832138538361
0.795789659023285
0.76286780834198
0.656592607498169
0.708288609981537
1.16523861885071
1.44369995594025
1.12587988376617
0.616764485836029
0.553938090801239
0.539254009723663
0.216606363654137
-0.152909651398659
-0.0680235549807549
0.329854875802994
0.457318127155304
0.409376919269562
0.361905068159103
0.422719985246658
0.35835137963295
0.262670159339905
0.303369879722595
0.407633602619171
0.421177834272385
0.270582109689713
0.355669379234314
0.602817952632904
0.725721776485443
0.695481956005096
0.743758380413055
0.788682341575623
0.57854562997818
0.23082110285759
0.0797560289502144
-0.0212222132831812
-0.361370056867599
-0.678720653057098
-0.736920595169067
-0.662896692752838
-0.689918100833893
-0.740139067173004
-0.689046442508698
-0.598796308040619
-0.720426142215729
-0.96301531791687
-1.11287343502045
-1.20352590084076
-1.42673742771149
-1.82314074039459
-2.0533926486969
-2.01544189453125
-1.8999137878418
-1.86249947547913
-1.77291989326477
-1.5215470790863
-1.23973321914673
-1.08424282073975
-1.05011415481567
-1.02188575267792
-1.0173933506012
-1.10046911239624
-1.13305568695068
-1.00512313842773
-0.802630245685577
-0.701115608215332
-0.728338122367859
-0.746508836746216
-0.675099909305573
-0.514379560947418
-0.381820499897003
-0.416619777679443
-0.569562256336212
-0.66624927520752
-0.687034964561462
-0.707016050815582
-0.72076141834259
-0.644390761852264
-0.382893294095993
-0.171415627002716
-0.0783493518829346
0.0013067974941805
0.243560716509819
0.456781715154648
0.392748355865479
-0.00613582227379084
-0.481725931167603
-0.661689817905426
-0.569361090660095
-0.469723850488663
-0.408573687076569
-0.271857470273972
0.118108987808228
0.666784286499023
1.02516984939575
1.10576474666595
1.02362775802612
0.989230751991272
1.03971982002258
1.09443318843842
1.02812016010284
0.836087107658386
0.889995813369751
1.31730949878693
1.91204857826233
2.1861515045166
2.00571823120117
1.75253510475159
1.59912323951721
1.22759568691254
0.801086664199829
0.616429269313812
0.631314516067505
0.720357716083527
0.972736299037933
1.37658226490021
1.51725447177887
1.10221099853516
0.597521007061005
0.573315680027008
0.551792442798615
0.188109844923019
-0.190793246030807
0.00868236646056175
0.51069039106369
0.556150734424591
0.422854095697403
0.469253122806549
0.602013349533081
0.515652179718018
0.374108284711838
0.343935519456863
0.433515131473541
0.435392558574677
0.382891923189163
0.473276168107986
0.761057436466217
0.947257041931152
0.987353324890137
0.958454489707947
0.860225319862366
0.688910961151123
0.394893974065781
0.0772751569747925
-0.201454296708107
-0.368879705667496
-0.548039019107819
-0.704266965389252
-0.6632319688797
-0.540529310703278
-0.443238854408264
-0.417692571878433
-0.47267410159111
-0.619850218296051
-0.888790309429169
-1.1647036075592
-1.40280044078827
-1.65913498401642
-1.92237567901611
-2.03026008605957
-1.98781716823578
-1.88087141513824
-1.7390593290329
-1.52932488918304
-1.28552889823914
-1.09309351444244
-1.0008989572525
-0.970726132392883
-1.01276683807373
-1.10878336429596
-1.17181098461151
-1.10368752479553
-0.929624140262604
