% Type: Timesignal
% Date: 11-DEC-24 14:00:09
% NoOfItems: = 4096
% Unit_Y: = mm/s
% Unit_X: = Sec
% Min_X: = 0
% Max_X: = 1.60000002384186
% MinDisplay_X: = 0
% MaxDisplay_X: = 1.60000002384186
-0.84833288192749
-0.959511458873749
-1.0993812084198
-1.20461809635162
-1.31574308872223
-1.39758801460266
-1.46460568904877
-1.38163661956787
-1.23609280586243
-1.08503556251526
-0.936226546764374
-0.874508321285248
-0.846245288848877
-0.886712789535522
-0.933282494544983
-0.910265266895294
-0.87177836894989
-0.858717441558838
-0.874347686767578
-0.869423091411591
-0.80395781993866
-0.630739867687225
-0.471760451793671
-0.419249057769775
-0.441409826278687
-0.530481100082397
-0.658788740634918
-0.754765212535858
-0.751178801059723
-0.623459994792938
-0.437609314918518
-0.294153124094009
-0.257432639598846
-0.280717492103577
-0.284946233034134
-0.224245011806488
-0.112156495451927
0.00892480183392763
0.042273011058569
-0.135120183229446
-0.29977360367775
-0.246994584798813
-0.137582495808601
-0.152356341481209
-0.235164806246758
-0.16622020304203
0.0754606351256371
0.325010150671005
0.64880359172821
0.972008168697357
1.13896334171295
1.11942553520203
1.00187706947327
0.99347311258316
0.925224363803864
0.770313084125519
0.718711674213409
0.820148050785065
1.0749968290329
1.26288163661957
1.36779737472534
1.47239184379578
1.37320375442505
1.04282629489899
0.736429631710052
0.697675049304962
0.800984859466553
0.690823376178741
0.448874920606613
0.523814678192139
0.735144913196564
0.617971181869507
0.345350950956345
0.34893736243248
0.407711565494537
0.160463765263557
-0.0890322104096413
0.095587320625782
0.410816192626953
0.474193871021271
0.347063839435577
0.39363357424736
0.618720591068268
0.693446278572083
0.551649510860443
0.363711178302765
0.358144223690033
0.35675248503685
0.291929572820663
0.334217041730881
0.585532963275909
0.82780259847641
0.811048209667206
0.681884169578552
0.72931033372879
0.774274230003357
0.563800454139709
0.183213353157043
-0.0593239367008209
-0.253792703151703
-0.550554275512695
-0.895491421222687
-1.07475817203522
-1.02288913726807
-0.905822455883026
-0.86192911863327
-0.868513107299805
-0.882430493831635
-0.894474387168884
-0.908498823642731
-1.02090859413147
-1.19525063037872
-1.34657549858093
-1.49474215507507
-1.5839204788208
-1.58916628360748
-1.42911624908447
-1.26296401023865
-1.11265623569489
-0.984562754631042
-0.9086594581604
-0.861500918865204
-0.88569575548172
-0.897150814533234
-0.88007527589798
-0.856683313846588
-0.852508127689362
-0.892279744148254
-0.920060992240906
-0.827563881874084
-0.631542801856995
-0.462125331163406
-0.467049926519394
-0.55713826417923
-0.615591287612915
-0.640000283718109
-0.692404627799988
-0.670725584030151
-0.508695065975189
-0.296187222003937
-0.23468305170536
-0.27311646938324
-0.302557080984116
-0.293189615011215
-0.210113510489464
-0.0854458063840866
0.0100488988682628
-0.0859275609254837
-0.277131080627441
-0.296240746974945
-0.166006088256836
-0.100433766841888
-0.153373375535011
-0.150482848286629
0.00309020397253335
0.209014043211937
0.490520030260086
0.788138091564178
0.973988771438599
1.00990629196167
0.983142137527466
1.01788210868835
0.998665332794189
0.859812617301941
0.770848393440247
0.880635201931
1.11171734333038
1.27626371383667
1.3287216424942
1.38134002685547
1.39846909046173
1.25137305259705
0.937107682228088
0.654852271080017
0.669251441955566
0.785301029682159
0.647090673446655
0.548491299152374
0.715499997138977
0.906650006771088
0.747991740703583
0.457492977380753
0.336572289466858
0.209549337625504
0.0786723345518112
0.0640590786933899
0.313501536846161
0.49453467130661
0.546885430812836
0.560856401920319
0.58740645647049
0.66759204864502
0.709558308124542
0.680974185466766
0.526330530643463
0.401074022054672
0.374149233102798
0.360820651054382
0.383837878704071
0.579966008663177
0.850391626358032
0.926509022712708
0.752595186233521
0.742050111293793
0.860990226268768
0.721227526664734
0.261686027050018
-0.149144634604454
-0.358440756797791
-0.609756708145142
-0.916902840137482
-1.0866414308548
-1.02663612365723
-0.898703157901764
-0.814824104309082
-0.767612040042877
-0.753534078598022
-0.774891912937164
-0.835271954536438
-1.02674317359924
-1.25814652442932
-1.47809481620789
-1.6581643819809
-1.71913325786591
-1.66191136837006
-1.43634259700775
-1.21853542327881
-1.04258751869202
-0.893832087516785
-0.774838387966156
-0.735066771507263
-0.836824297904968
-0.917009890079498
-0.904002487659454
-0.873544812202454
-0.921131551265717
-1.01914215087891
-0.956888556480408
-0.682930052280426
-0.416412055492401
-0.330873638391495
-0.406616359949112
-0.469779878854752
-0.511425018310547
-0.558476507663727
-0.616233646869659
-0.626618146896362
-0.580048441886902
-0.520043075084686
-0.429044753313065
-0.325306683778763
-0.25240096449852
-0.166113138198853
-0.0222822688519955
0.175558790564537
0.201520070433617
-0.0434795245528221
-0.275632292032242
-0.28210923075676
-0.191646203398705
-0.205670654773712
-0.243836417794228
-0.18281401693821
0.00437488639727235
0.314250916242599
0.700190842151642
0.975541055202484
1.05128383636475
1.00385761260986
0.985069155693054
1.02832007408142
0.971901118755341
0.839953601360321
0.848357558250427
1.02666068077087
1.23445808887482
1.32695519924164
1.33846378326416
1.37133026123047
1.32240521907806
1.07852971553802
0.71651703119278
0.547902524471283
0.642273128032684
0.634350895881653
0.507435023784637
0.619202375411987
0.934110045433044
0.91922914981842
0.561231076717377
0.41060209274292
0.401769906282425
0.200503036379814
-0.0435865819454193
0.0203798841685057
0.336358159780502
0.446466147899628
0.402893990278244
0.45123016834259
0.571508526802063
0.673105478286743
0.654852271080017
0.639650225639343
0.531469285488129
0.434101074934006
0.401876956224442
0.468359261751175
0.634511470794678
0.831977844238281
0.912912845611572
0.814902245998383
0.707149565219879
0.759232699871063
0.728186249732971
0.457064777612686
0.0742830038070679
-0.271617650985718
-0.532889902591705
-0.765899121761322
-0.935155987739563
-0.991896152496338
-0.872153043746948
-0.663231611251831
-0.584705412387848
-0.684535920619965
-0.864230871200562
-0.917759239673615
-0.921934485435486
-1.09707951545715
-1.39277052879333
-1.62861669063568
-1.69113790988922
-1.65313279628754
-1.51047945022583
-1.29631233215332
-1.05939543247223
-0.823763370513916
-0.722112894058228
-0.675917863845825
-0.71376246213913
-0.820819318294525
-0.896990239620209
-0.947574615478516
-0.980815768241882
-1.07138586044312
-1.04060697555542
-0.803850769996643
-0.431828230619431
-0.226600259542465
-0.283179819583893
-0.380922704935074
-0.454524278640747
-0.48680192232132
-0.525610029697418
-0.524807095527649
-0.523094177246094
-0.525663554668427
-0.46233943104744
-0.372197568416595
-0.262143135070801
-0.211291134357452
-0.134049624204636
0.0771200135350227
0.259812533855438
0.193919032812119
-0.0989349707961082
-0.254006803035736
-0.16622020304203
-0.0774700716137886
-0.149251684546471
-0.247636929154396
-0.144755303859711
0.191724374890327
0.622199952602386
0.935769438743591
1.06252479553223
1.10775625705719
1.12938177585602
1.14950847625732
1.103795170784
0.969974100589752
0.920888543128967
1.07264161109924
1.23932909965515
1.33150506019592
1.32631278038025
1.34504783153534
1.42689275741577
1.29462397098541
0.930470168590546
0.587941765785217
0.580608367919922
0.733378469944
0.67695951461792
0.650141775608063
0.837812423706055
1.06043720245361
0.87983226776123
0.54190731048584
0.375059217214584
0.314786225557327
0.0561368726193905
-0.100273184478283
0.0833828374743462
0.383570224046707
0.478850841522217
0.446144968271255
0.518997132778168
0.633708536624908
0.721174001693726
0.697032690048218
0.62926572561264
0.513537228107452
0.472159773111343
0.470982164144516
0.556948781013489
0.663630962371826
0.773310661315918
0.765977323055267
0.652604103088379
0.658385157585144
0.701475560665131
0.590029358863831
0.298245936632156
-0.0228710807859898
-0.332051247358322
-0.604671537876129
-0.798765599727631
-0.8969367146492
-0.862785577774048
-0.748877108097076
-0.664141595363617
-0.673294961452484
-0.784527003765106
-0.94885927438736
-0.995375454425812
-1.03022253513336
-1.21639430522919
-1.46797788143158
-1.63322019577026
-1.60838294029236
-1.48446464538574
-1.34213256835938
-1.16950345039368
-0.983278036117554
-0.831953227519989
-0.771198451519012
-0.786507546901703
-0.877934098243713
-0.983117461204529
-0.999176025390625
-0.949555158615112
-0.943506419658661
-0.965667188167572
-0.831846117973328
-0.502646327018738
-0.225154995918274
-0.225101470947266
-0.412397414445877
-0.541400909423828
-0.550928950309753
-0.546860814094543
-0.619552433490753
-0.690852284431458
-0.682341277599335
-0.579031407833099
-0.468066990375519
-0.388309627771378
-0.267388910055161
-0.146575272083282
0.037830151617527
0.21158342063427
0.195953115820885
-0.0304721184074879
-0.291637301445007
-0.356620788574219
-0.27498996257782
-0.248439863324165
-0.298114240169525
-0.254435032606125
-0.0234063658863306
0.360231846570969
0.733646154403687
0.947973906993866
0.997380673885345
0.98581850528717
1.01017391681671
1.0636488199234
1.03549289703369
0.92126327753067
0.916552722454071
0.986996173858643
1.11744487285614
1.21711480617523
1.26641452312469
1.32486760616302
1.25635123252869
1.11326968669891
0.823359787464142
0.649392366409302
0.707042515277863
0.811476469039917
0.770473659038544
0.818863391876221
1.01873850822449
1.00225174427032
0.669572591781616
0.426125347614288
0.387263685464859
0.209977567195892
-0.0122189251706004
0.0851492807269096
0.427195906639099
0.623752295970917
0.586335897445679
0.575523138046265
0.599450349807739
0.672356069087982
0.626482248306274
0.573274970054626
0.515464246273041
0.507060289382935
0.509843766689301
0.588905274868011
0.736161947250366
0.940372884273529
0.943424046039581
0.799700200557709
0.667110323905945
0.702653169631958
0.673908412456512
0.415098488330841
0.0883074551820755
-0.172857716679573
-0.392859548330307
-0.622228860855103
-0.741650760173798
-0.749144732952118
-0.696365714073181
-0.632452785968781
-0.627581655979156
-0.702896177768707
-0.830240309238434
-0.932318985462189
-0.983331561088562
-1.12908947467804
-1.36980676651001
-1.57498121261597
-1.6816633939743
-1.62374567985535
-1.45282936096191
-1.27356266975403
-1.10949802398682
-0.928893148899078
-0.759743332862854
-0.670618534088135
-0.745344221591949
-0.920810401439667
-0.975730538368225
-0.949769258499146
-0.951856851577759
-0.998266041278839
-0.891102135181427
-0.62902694940567
-0.390076071023941
-0.345808058977127
-0.397570043802261
-0.425725996494293
-0.461268872022629
-0.467210531234741
-0.488033086061478
-0.522451877593994
-0.551946043968201
-0.559386491775513
-0.483911395072937
-0.374124586582184
-0.288532644510269
-0.216429859399796
-0.0865163803100586
0.156609728932381
0.262488931417465
0.175344675779343
-0.0465841740369797
-0.200960144400597
-0.161456167697906
-0.140580087900162
-0.21776807308197
-0.290138512849808
-0.21514518558979
0.107202984392643
0.537250339984894
0.853068053722382
0.932664811611176
0.908577024936676
0.948027491569519
1.04598450660706
1.06862699985504
0.978913366794586
0.851194560527802
0.919925034046173
1.13344991207123
1.28445363044739
1.32170939445496
1.26411283016205
1.2778160572052
1.20855033397675
0.899423658847809
0.519853591918945
0.433619320392609
0.676745414733887
0.818756341934204
0.774755954742432
0.866664230823517
1.11755192279816
1.00289404392242
0.53221869468689
0.300440609455109
0.281652122735977
0.108112968504429
-0.122433945536613
-0.00493905926123261
0.359321862459183
0.513858437538147
0.466539293527603
0.48249077796936
0.591046392917633
0.557644665241241
0.481152564287186
0.481259614229202
0.511663734912872
0.482062548398972
0.405784547328949
0.436081618070602
0.658652782440186
0.862542569637299
0.897014856338501
0.728025615215302
0.579377233982086
0.598754525184631
0.54035496711731
0.265807718038559
-0.120453394949436
-0.37283992767334
-0.486855447292328
-0.609703183174133
-0.749519407749176
-0.817286431789398
-0.743363678455353
-0.620622992515564
-0.648939549922943
-0.819534599781036
-0.999925374984741
-1.05141973495483
-1.07202816009521
-1.2941175699234
-1.58734631538391
-1.71929383277893
-1.67438352108002
-1.57894229888916
-1.49067401885986
-1.30375277996063
-1.07497227191925
-0.902931869029999
-0.819855749607086
-0.819641649723053
-0.909462332725525
-1.0304366350174
-1.07668519020081
-1.04654860496521
-0.99558961391449
-0.883501052856445
-0.706000804901123
-0.563026428222656
-0.477595031261444
-0.433166444301605
-0.442855089902878
-0.51945424079895
-0.511050283908844
-0.454684883356094
-0.533639311790466
-0.679611325263977
-0.731587409973145
-0.581172525882721
-0.431507080793381
-0.370912879705429
-0.313262790441513
-0.148609355092049
0.115553423762321
0.279350399971008
0.315535604953766
0.191831424832344
-0.0379125699400902
-0.150857537984848
-0.16771899163723
-0.201013669371605
-0.274454683065414
-0.268298894166946
-0.0839470103383064
0.273087561130524
0.682954728603363
0.930791318416595
0.978913366794586
0.957609057426453
1.02510833740234
1.12033545970917
1.11417973041534
0.978217482566833
0.874907612800598
1.03072893619537
1.26202523708344
1.43197798728943
1.44086360931396
1.38176822662354
1.36710155010223
1.21513426303864
0.835724830627441
0.527454614639282
0.667431473731995
0.879457533359528
0.853817462921143
0.853014528751373
1.1480096578598
1.24195206165314
0.796595573425293
0.379983842372894
0.301618218421936
0.232138320803642
-0.0442289225757122
-0.0848569944500923
0.272284656763077
0.584301829338074
0.594686329364777
0.532753944396973
0.59115344285965
0.661115109920502
0.620647609233856
0.550043642520905
0.545172572135925
0.519371867179871
0.484471321105957
0.439293324947357
0.617114722728729
0.92126327753067
0.988976716995239
0.787549257278442
0.645752429962158
0.74167537689209
0.721869885921478
0.457600057125092
0.06368438154459
-0.222853273153305
-0.351267963647842
-0.520096600055695
-0.705358505249023
-0.782707035541534
-0.726448655128479
-0.61933833360672
-0.569182157516479
-0.67795193195343
-0.810274183750153
-0.913262903690338
-0.94618284702301
-1.09948825836182
-1.39459049701691
-1.64173114299774
-1.71656394004822
-1.66367781162262
-1.54457712173462
-1.39271700382233
-1.22388827800751
-0.996927797794342
-0.793680369853973
-0.703270852565765
-0.794055104255676
-0.97027063369751
-1.07106471061707
-1.05034911632538
-0.98386687040329
-0.894046187400818
-0.738760232925415
-0.567576289176941
-0.429205358028412
-0.371073484420776
-0.417107909917831
-0.456986606121063
-0.442159235477448
-0.428670048713684
-0.556710064411163
-0.699095666408539
-0.68951404094696
-0.582350134849548
-0.524914145469666
-0.445263862609863
-0.28810441493988
-0.11766991764307
-0.00938191823661327
0.128132596611977
0.286469668149948
0.288022011518478
0.00731894932687283
-0.31149634718895
-0.368236482143402
-0.33515590429306
-0.372090518474579
-0.417322039604187
-0.287676185369492
0.0531392805278301
0.5239217877388
0.860883176326752
0.976611614227295
0.960124909877777
0.936090648174286
1.03249526023865
1.07242751121521
1.00674819946289
0.867253065109253
0.865647196769714
1.03442239761353
1.23857975006104
1.41688287258148
1.37780714035034
1.32593810558319
1.26984035968781
1.04047107696533
0.680974185466766
0.521352410316467
0.701368510723114
0.771918952465057
0.728828549385071
0.936947107315063
1.24409317970276
1.05401372909546
0.486344814300537
0.256547302007675
0.327097743749619
0.202804759144783
-0.0274745263159275
0.00303667550906539
0.399735808372498
0.63788378238678
0.596613347530365
0.560909926891327
0.599664509296417
0.670803785324097
0.601538002490997
0.509522616863251
0.506471514701843
0.535376846790314
0.458242386579514
0.42264598608017
0.671660184860229
0.964942455291748
0.922654986381531
0.720959901809692
0.700030267238617
0.816882848739624
0.68648761510849
0.306061089038849
-0.0631779879331589
-0.298328340053558
-0.536743938922882
-0.756638705730438
-0.80770480632782
-0.724896371364594
-0.611737251281738
-0.510033249855042
-0.48155614733696
-0.551946043968201
-0.767183780670166
-0.940722942352295
-0.991307318210602
-1.1662917137146
-1.50994420051575
-1.82683253288269
-1.8723851442337
-1.70029127597809
-1.5129953622818
-1.34855604171753
-1.11179983615875
-0.822103977203369
-0.631275117397308
-0.646423697471619
-0.807116031646729
-0.955122113227844
-0.981886327266693
-0.930766701698303
-0.862946152687073
-0.754925787448883
-0.64637017250061
-0.546004354953766
-0.438144594430923
-0.341258138418198
-0.303360015153885
-0.308338165283203
-0.254006803035736
-0.309462249279022
-0.514957904815674
-0.680200099945068
-0.682448327541351
-0.585347771644592
-0.518276631832123
-0.389380186796188
-0.213806971907616
-0.0549346059560776
0.169831246137619
0.347117394208908
0.476281464099884
0.336732864379883
-0.0362531878054142
-0.20385068655014
-0.227349653840065
-0.231257230043411
-0.323486715555191
-0.323540240526199
-0.103859588503838
0.286737322807312
0.683918237686157
0.884489238262177
0.965317130088806
0.966601848602295
1.08821845054626
1.20244801044464
1.20121693611145
1.09849584102631
0.975059330463409
1.09185838699341
1.26512980461121
1.44552063941956
1.47651362419128
1.40521371364594
1.29098403453827
1.06750285625458
0.816401064395905
0.654852271080017
0.713412404060364
0.874479413032532
0.895783722400665
1.04919624328613
1.33139801025391
1.30029797554016
0.878547549247742
0.401341676712036
0.30632871389389
0.259384304285049
0.0766917839646339
-0.0434259958565235
0.130273744463921
0.532753944396973
0.699013233184814
0.675460755825043
0.620647609233856
0.683168828487396
0.726740956306458
0.669304966926575
0.593401670455933
0.573382019996643
0.536500930786133
0.472052723169327
0.511984944343567
0.777378857135773
0.9328253865242
0.820790410041809
0.715821146965027
0.761480927467346
0.741193652153015
0.458402961492538
0.0864874869585037
-0.170127779245377
-0.31829446554184
-0.550233125686646
-0.730142116546631
-0.7215775847435
-0.610773742198944
-0.493332386016846
-0.471760451793671
-0.578281998634338
-0.749358832836151
-0.918508648872375
-1.04617393016815
-1.2111485004425
-1.45459580421448
-1.71463692188263
-1.83759164810181
-1.77351820468903
-1.58911275863647
-1.38693594932556
-1.19990754127502
-1.00993525981903
-0.819802224636078
-0.74641478061676
-0.873330652713776
-1.09611594676971
-1.20852565765381
-1.16859340667725
-1.02497673034668
-0.86160796880722
-0.695241630077362
-0.610666692256927
-0.51961487531662
-0.40629518032074
-0.378032177686691
-0.386222034692764
-0.398426502943039
-0.410149216651917
-0.619873583316803
-0.799193799495697
-0.821086943149567
-0.753212869167328
-0.667888581752777
-0.556549489498138
-0.292547285556793
-0.0555234178900719
0.111967019736767
0.239364668726921
0.372168689966202
0.396524131298065
0.104205399751663
-0.305875867605209
-0.500665783882141
-0.482466131448746
-0.447940289974213
-0.435039937496185
-0.350304454565048
-0.0527399405837059
0.405838072299957
0.776897072792053
0.932878911495209
0.935715913772583
0.938124716281891
1.06942987442017
1.14019453525543
1.0710357427597
0.894873738288879
0.872873544692993
1.11508965492249
1.33022046089172
1.47929704189301
1.38958346843719
1.28338301181793
1.14292442798615
0.878815233707428
0.70602548122406
0.71009361743927
0.832727253437042
0.907506465911865
0.990743160247803
1.31619596481323
1.48015356063843
1.21443843841553
0.638900816440582
0.230264827609062
0.190653800964355
0.135894224047661
-0.0032261498272419
-0.00215558148920536
0.274158149957657
0.583445370197296
0.632584452629089
0.621825277805328
0.636224389076233
0.620326459407806
0.625732839107513
0.595756888389587
0.585907697677612
0.52424293756485
0.457921206951141
0.479653745889664
0.601323843002319
0.77448832988739
0.805695414543152
0.769670784473419
0.757787466049194
0.766405522823334
0.6905557513237
0.459420025348663
0.102385431528091
-0.194643795490265
-0.421550780534744
-0.576569080352783
-0.677309572696686
-0.65873521566391
-0.511906743049622
-0.379102736711502
-0.383063852787018
-0.47513273358345
-0.670190334320068
-0.856041014194489
-1.0659259557724
-1.28566014766693
-1.55924391746521
-1.81532382965088
-1.87383043766022
-1.73240828514099
-1.49902439117432
-1.27083277702332
-1.07759511470795
-0.833773195743561
-0.657022297382355
-0.64262318611145
-0.776872456073761
-0.977496981620789
-1.06159019470215
-1.02278208732605
-0.891905009746552
-0.745076596736908
-0.665800988674164
-0.584973037242889
-0.478023260831833
-0.369949370622635
-0.338367611169815
-0.306999951601028
-0.277024030685425
-0.409506887197495
-0.664998054504395
-0.777728915214539
-0.725859880447388
-0.676881372928619
-0.642248451709747
-0.45966300368309
-0.126287996768951
0.0823657959699631
0.19948598742485
0.35113200545311
0.517980098724365
0.39855819940567
-0.0569151602685452
-0.447512060403824
-0.56056410074234
-0.531069934368134
-0.526359438896179
-0.497935831546783
-0.302557080984116
0.102331899106503
0.550793051719666
0.811422944068909
0.857510924339294
0.851301610469818
0.945672214031219
1.07028639316559
1.06605768203735
0.906328797340393
0.770527184009552
0.86093670129776
1.14693903923035
1.42956912517548
1.50825595855713
1.39552509784698
1.29944157600403
1.24992775917053
0.978056907653809
0.674176037311554
0.683222353458405
0.853335678577423
0.904455304145813
1.01857793331146
1.33857083320618
1.40473198890686
0.930844843387604
0.307024598121643
0.127811431884766
0.186371520161629
0.0767453163862228
-0.0876940041780472
0.0294261891394854
0.389404833316803
0.625732839107513
0.630336284637451
0.586496472358704
0.592545211315155
0.561980485916138
0.533182203769684
0.483347207307816
0.508505582809448
0.467128098011017
0.412689685821533
0.435171633958817
0.654477596282959
0.795846164226532
0.752862811088562
0.665665030479431
0.720692276954651
0.705329596996307
0.512145519256592
0.223466724157333
-0.0580392554402351
-0.244639337062836
-0.519347190856934
-0.660448133945465
-0.701450884342194
-0.644068419933319
-0.592841744422913
-0.624477028846741
-0.685178279876709
-0.789612233638763
-0.953998029232025
-1.10377049446106
-1.2191778421402
-1.33105218410492
-1.55453336238861
-1.6957414150238
-1.67813050746918
-1.51936519145966
-1.41048836708069
-1.36220574378967
-1.25081312656403
-1.02272856235504
-0.899827241897583
-0.932907819747925
-1.07368755340576
-1.14466619491577
-1.11308443546295
-0.968664824962616
-0.830561459064484
-0.729767441749573
-0.631275117397308
-0.538296282291412
-0.479736179113388
-0.452757865190506
-0.39050430059433
-0.277184635400772
-0.342114597558975
-0.576890289783478
-0.764186203479767
-0.749572932720184
-0.693689286708832
-0.672438502311707
-0.567041039466858
-0.278576374053955
-0.0106130726635456
0.146760493516922
0.294284820556641
0.486291289329529
0.545493721961975
0.222717329859734
-0.343988090753555
-0.678754866123199
-0.696151614189148
-0.62527996301651
-0.603333294391632
-0.505858063697815
-0.1553003937006
0.359375387430191
0.724385738372803
0.850552201271057
0.886362731456757
0.894927263259888
0.995239555835724
1.04159510135651
1.00760459899902
0.816668689250946
0.668234407901764
0.892572045326233
1.22557234764099
1.50830948352814
1.5087376832962
1.33659029006958
1.33139801025391
1.23622453212738
0.894017279148102
0.599396824836731
0.722351610660553
0.922601461410522
1.01301097869873
1.17798554897308
1.37186551094055
1.24623429775238
0.632959187030792
0.140283554792404
0.114268742501736
0.154415056109428
0.0528181083500385
-0.0179464668035507
0.251890301704407
0.642968952655792
0.761320352554321
0.675407230854034
0.593669295310974
0.578627824783325
0.580822467803955
0.480831384658813
0.445020854473114
0.448874920606613
0.47414031624794
0.483454287052155
0.584355354309082
0.752969861030579
0.90049421787262
0.923404395580292
0.887326240539551
0.803286612033844
0.691198110580444
0.431371122598648
0.0829010829329491
-0.20085309445858
-0.349287420511246
-0.46951225399971
-0.534977495670319
-0.536690413951874
-0.502218127250671
-0.485196083784103
-0.455701917409897
-0.54289972782135
-0.749733567237854
-0.976319372653961
-1.15483665466309
-1.31734895706177
-1.56850433349609
-1.7619024515152
-1.78748905658722
-1.7204715013504
-1.61020290851593
-1.48542821407318
-1.33062398433685
-1.16270530223846
-1.04199874401093
-0.970217108726501
-1.00533175468445
-1.1113715171814
-1.17624807357788
-1.10655403137207
-0.905073046684265
-0.778424799442291
-0.748074173927307
-0.775908946990967
-0.762740969657898
-0.640321433544159
-0.527804672718048
-0.480699688196182
-0.495098829269409
-0.569770991802216
-0.685606479644775
-0.830775558948517
-0.896829664707184
-0.876863539218903
-0.805563688278198
-0.61168372631073
-0.350036799907684
-0.0756501033902168
0.172400608658791
0.345029771327972
0.453424841165543
0.31580325961113
-0.137957185506821
-0.641820251941681
-0.847797632217407
-0.807223081588745
-0.772483110427856
-0.670993208885193
-0.419677287340164
0.0218251515179873
0.466004014015198
0.740337193012238
0.85499507188797
0.833797812461853
0.833369553089142
0.89562314748764
0.921637952327728
0.778395891189575
0.627124547958374
0.769135475158691
1.15743064880371
1.50466954708099
1.58191108703613
1.48100996017456
1.33241510391235
1.22514414787292
1.03072893619537
0.655815780162811
0.472909182310104
0.648964166641235
0.942192852497101
1.09405303001404
1.22471582889557
1.23713445663452
0.960927784442902
0.439560979604721
0.204464137554169
0.223627313971519
0.147188723087311
-0.0498494058847427
-0.0367349423468113
0.27892217040062
0.522797644138336
0.569635033607483
0.513376653194427
0.546189606189728
0.554593563079834
0.481152564287186
0.397059410810471
0.439507454633713
0.463488161563873
0.419808983802795
0.455512434244156
0.609031975269318
0.697300314903259
0.768439590930939
0.851676285266876
0.901029527187347
0.761962652206421
0.423181265592575
0.151256874203682
-0.0246910471469164
-0.161081477999687
-0.37728276848793
-0.540276825428009
-0.53337162733078
-0.489746004343033
-0.465283513069153
-0.485945463180542
-0.513726711273193
-0.634112119674683
-0.86754959821701
-1.12138140201569
-1.31836593151093
-1.50512671470642
-1.70425236225128
-1.81944561004639
-1.81136274337769
-1.72330856323242
-1.60158491134644
-1.44089257717133
-1.25204432010651
-1.0498673915863
-0.934246003627777
-0.907588839530945
-0.923326194286346
-1.00629532337189
-1.05495262145996
-1.00875759124756
-0.918401598930359
-0.833987295627594
-0.805242538452148
-0.83741307258606
-0.748448848724365
-0.546432614326477
-0.342007547616959
-0.269797712564468
-0.37540927529335
-0.462981790304184
-0.534442245960236
-0.677898406982422
-0.845121204853058
-0.892707943916321
-0.67950427532196
-0.386864364147186
-0.191378563642502
-0.047440629452467
0.217899769544601
0.498495757579803
0.576486647129059
0.277369856834412
-0.275525242090225
-0.642783761024475
-0.732604444026947
-0.70423436164856
-0.666175663471222
-0.586578905582428
-0.280396312475204
0.235296502709389
0.666735589504242
0.853763937950134
0.842415869235992
0.851301610469818
0.964193046092987
1.02200376987457
0.918800950050354
0.718497574329376
0.691947460174561
0.941871702671051
1.31121778488159
1.52495682239532
1.53325366973877
1.40200197696686
1.33129096031189
1.2584388256073
0.95161384344101
0.613421261310577
0.555931746959686
0.824376821517944
1.11086094379425
1.19677400588989
1.27497911453247
1.17552328109741
0.705383121967316
0.262703061103821
0.212493389844894
0.217525064945221
-0.0359320156276226
-0.214502841234207
-0.0200340747833252
0.34845557808876
0.486880093812943
0.423823624849319
0.400378167629242
0.51626718044281
0.526705265045166
0.435118108987808
0.396524131298065
0.4576535820961
0.488700062036514
0.42794531583786
0.423074215650558
0.554486513137817
0.625411629676819
0.78872686624527
0.876138806343079
0.797559082508087
0.545279622077942
0.318212032318115
0.216347441077232
0.0189346168190241
-0.244746401906013
-0.3765869140625
-0.373000502586365
-0.35212442278862
-0.45966300368309
-0.497989356517792
-0.432952344417572
-0.517901957035065
-0.833987295627594
-1.15879774093628
-1.2901029586792
-1.39705276489258
-1.61849987506866
-1.80991744995117
-1.79733836650848
-1.66030550003052
-1.57466006278992
-1.50432372093201
-1.369753241539
-1.19327008724213
-1.05211555957794
-1.01518094539642
-1.02679669857025
-1.0599308013916
-1.06940531730652
-1.01443159580231
-0.915511071681976
-0.802030801773071
-0.760974526405334
-0.798658549785614
-0.767076730728149
-0.611309051513672
-0.423103094100952
-0.294474303722382
-0.341632843017578
-0.458592444658279
-0.550340175628662
-0.616073071956635
-0.745932996273041
-0.920168042182922
-0.852615177631378
-0.554675996303558
-0.260751396417618
-0.114511743187904
0.0888962671160698
0.43131759762764
0.651426494121552
0.531576335430145
0.0447353161871433
-0.477541506290436
-0.783028244972229
-0.861019134521484
-0.808240115642548
-0.762901544570923
-0.607776165008545
-0.208775296807289
0.300868809223175
0.651105284690857
0.784765779972076
0.832084894180298
0.906917631626129
0.977789282798767
0.937482357025146
0.791456818580627
0.670964360237122
0.735198438167572
0.964032471179962
1.22155773639679
1.37898480892181
1.40221619606018
1.2785120010376
1.21310019493103
1.13746452331543
0.80762243270874
0.553094744682312
0.656136989593506
1.00535643100739
1.13885629177094
1.0958194732666
1.03158533573151
0.830693185329437
0.487683027982712
0.252639710903168
0.191884949803352
0.084828108549118
-0.0938497707247734
-0.117241695523262
0.108380615711212
0.410816192626953
0.575309038162231
0.523172378540039
0.507542073726654
0.524778246879578
0.537732124328613
0.505133271217346
0.527454614639282
0.546082556247711
0.515464246273041
0.479707300662994
0.479867875576019
0.61754298210144
0.907774090766907
1.10288524627686
1.08998489379883
0.959268450737
0.775987088680267
0.609941959381104
0.392188310623169
0.166619539260864
-0.0821805745363235
-0.242712318897247
-0.276328176259995
-0.28435742855072
-0.282698035240173
-0.339652299880981
-0.399068832397461
-0.513137936592102
-0.71140718460083
-0.935102462768555
-1.1783891916275
-1.38559770584106
-1.51021182537079
-1.59789144992828
-1.68492865562439
-1.6702618598938
-1.54345297813416
-1.35867285728455
-1.23748457431793
-1.14348864555359
-1.01014935970306
-0.908766508102417
-0.892868518829346
-0.916688680648804
-0.858449757099152
-0.785276412963867
-0.779655933380127
-0.757334589958191
-0.765203237533569
-0.840089499950409
-0.786882281303406
-0.619017124176025
-0.383224427700043
-0.305501163005829
-0.380922704935074
-0.395482450723648
-0.394840091466904
-0.52555650472641
-0.734263837337494
-0.756103456020355
-0.544987320899963
-0.363311856985092
-0.321452617645264
-0.223227977752686
0.10431244969368
0.444164425134659
0.508291482925415
0.204142957925797
-0.240196481347084
-0.590486466884613
-0.768843173980713
-0.814502954483032
-0.814824104309082
-0.695455729961395
-0.412450939416885
-0.0057419859804213
0.385336667299271
0.660258650779724
0.8331019282341
0.924742579460144
0.977146923542023
0.990154325962067
0.907934665679932
0.789636850357056
0.692696869373322
0.85842090845108
1.16551339626312
1.4485182762146
1.5033313035965
1.41045951843262
1.36999201774597
1.30281388759613
1.02435898780823
0.694195687770844
0.644628345966339
0.89267909526825
1.02093315124512
1.00364351272583
1.01922023296356
0.920942068099976
0.696443855762482
0.48655891418457
0.381857335567474
0.234332993626595
-0.00194146775174886
-0.130249097943306
0.0158299691975117
0.316980868577957
0.48281192779541
0.429979383945465
0.372971624135971
0.460651159286499
0.558661699295044
0.551381826400757
0.475532084703445
0.578146040439606
0.649285316467285
0.620594084262848
0.524831771850586
0.529649317264557
0.747991740703583
0.99004727602005
1.05294322967529
0.946368098258972
0.772079527378082
0.631406843662262
0.503473877906799
0.299637675285339
0.00571309681981802
-0.211344659328461
-0.231096655130386
-0.221996814012527
-0.296990126371384
-0.38183268904686
-0.398480027914047
-0.448636174201965
-0.629883408546448
-0.860965609550476
-1.07390165328979
-1.3075532913208
-1.51695644855499
-1.61464583873749
-1.6287237405777
-1.6240668296814
-1.61068475246429
-1.52257692813873
-1.35615706443787
-1.19616055488586
-1.0987389087677
-1.03632473945618
-0.960849642753601
-0.914172887802124
-0.86273205280304
-0.832916736602783
-0.86037677526474
-0.808989524841309
-0.739670217037201
-0.742774844169617
-0.767023205757141
-0.685552954673767
-0.501308143138885
-0.311121642589569
-0.260376691818237
-0.3329077064991
-0.398212373256683
-0.486480742692947
-0.633469820022583
-0.763276219367981
-0.73437088727951
-0.589630007743835
-0.442694514989853
-0.265783071517944
0.01363530382514
0.385604321956635
0.558715224266052
0.475532084703445
0.1250279545784
-0.304269999265671
-0.647815406322479
-0.80770480632782
-0.810274183750153
-0.76456093788147
-0.589897692203522
-0.283340394496918
0.112877003848553
0.455137729644775
0.70415198802948
0.894499063491821
1.01488447189331
1.01151216030121
0.971098244190216
0.962961912155151
0.93502002954483
0.987424373626709
1.14656436443329
1.33846378326416
1.42223572731018
1.42930150032043
1.36956381797791
1.31544661521912
1.13912391662598
0.815169930458069
0.651158809661865
0.819559276103973
1.11450088024139
1.13767862319946
1.07794094085693
1.06686055660248
0.965745389461517
0.743655920028687
0.58333832025528
0.412582635879517
0.147831067442894
-0.109480068087578
-0.114404685795307
0.13444896042347
0.378324449062347
0.487094223499298
0.504651546478271
0.609139025211334
0.640560209751129
0.61411714553833
0.546350181102753
0.603304445743561
0.684507012367249
0.630122184753418
0.469804525375366
0.453210711479187
0.706614255905151
1.03313767910004
1.18371307849884
1.12552773952484
0.992134869098663
0.859759092330933
0.715232372283936
0.475532084703445
0.165174275636673
-0.106750123202801
-0.272955864667892
-0.315082758665085
-0.334674149751663
-0.336815297603607
-0.264284282922745
-0.250473946332932
-0.357477247714996
-0.575444996356964
-0.843461811542511
-1.12925004959106
-1.41097021102905
-1.56304442882538
-1.5926456451416
-1.6159839630127
-1.69392144680023
-1.66945886611938
-1.47841596603394
-1.28089606761932
-1.16067123413086
-1.06833469867706
-0.961224317550659
-0.872795403003693
-0.838323056697845
-0.805349588394165
-0.833933770656586
-0.832327902317047
-0.742721319198608
-0.702307343482971
-0.773981928825378
-0.82472687959671
-0.722059369087219
-0.486427217721939
-0.334888249635696
-0.354747295379639
-0.447779715061188
-0.469244599342346
-0.529571115970612
-0.625815272331238
-0.65418529510498
-0.588880658149719
-0.481127917766571
-0.388416677713394
-0.199193701148033
0.11897923797369
0.411619126796722
0.480884909629822
0.248143330216408
-0.106214836239815
-0.502646327018738
-0.804064869880676
-0.924664437770844
-0.892119169235229
-0.726127505302429
-0.472563356161118
-0.158993855118752
0.12765084207058
0.41584786772728
0.679850041866302
0.846644639968872
0.830211400985718
0.699709117412567
0.694463312625885
0.752862811088562
0.734663188457489
0.810673534870148
1.01788210868835
1.32995271682739
1.50349187850952
1.43931138515472
1.29703283309937
1.11487555503845
0.914839863777161
0.635367929935455
0.520710051059723
0.632209777832031
0.819612801074982
0.881652235984802
0.923511445522308
0.93550181388855
0.785354614257813
0.593348145484924
0.502135694026947
0.307238698005676
0.0301755871623755
-0.194643795490265
-0.10375253111124
0.192313179373741
0.33196884393692
0.337428748607635
0.362801223993301
0.490680605173111
0.523547053337097
0.474086791276932
0.482383698225021
0.574452579021454
0.646180689334869
0.57927018404007
0.501707494258881
0.631353318691254
0.889681458473206
1.13114821910858
1.19714879989624
1.02542960643768
0.868644833564758
0.752648711204529
0.603786170482635
0.285077929496765
-0.0302044749259949
-0.203261867165565
-0.234843641519547
-0.212361693382263
-0.232916608452797
-0.223281502723694
-0.163115546107292
-0.188327431678772
-0.371983468532562
-0.682983577251434
-0.975623488426208
-1.24647736549377
-1.51031887531281
-1.64740514755249
-1.66003787517548
-1.67572176456451
-1.69879245758057
-1.62326383590698
-1.39662456512451
-1.17383921146393
-1.04617393016815
-0.990022659301758
-0.937511265277863
-0.867817223072052
-0.819534599781036
-0.835807263851166
-0.881681084632874
-0.856897473335266
-0.804493129253387
-0.830775558948517
-0.893403828144073
-0.813592970371246
-0.589255332946777
-0.38370618224144
-0.313958644866943
-0.357798427343369
-0.402280539274216
-0.467478156089783
-0.582510769367218
-0.646316647529602
-0.630472242832184
-0.560189425945282
-0.5074103474617
-0.415555596351624
-0.100915521383286
0.243272244930267
0.461989372968674
0.363604128360748
0.0549592450261116
-0.253364473581314
-0.628438115119934
-0.880449950695038
-0.938581824302673
-0.833559036254883
-0.621640026569366
-0.346557468175888
0.00351843144744635
0.30820220708847
0.612618386745453
0.857296764850616
0.907506465911865
0.796488523483276
0.676263630390167
0.680117726325989
0.75072169303894
0.813082337379456
1.00257289409637
1.263791680336
1.55070400238037
1.60733699798584
1.44230890274048
1.26464807987213
0.958893716335297
0.703295528888702
0.602501511573792
0.641256093978882
0.685470521450043
0.794829130172729
0.86736011505127
1.09143006801605
1.01177978515625
0.779412925243378
0.616525948047638
0.510539650917053
0.308898091316223
-0.101236693561077
-0.205884754657745
0.0370272248983383
0.255102008581161
0.275763988494873
0.197933658957481
0.380465596914291
0.490466505289078
0.463809341192245
0.42264598608017
0.470660984516144
0.595596313476563
0.550739526748657
0.467877507209778
0.523975312709808
0.761427402496338
0.998130083084106
1.06862699985504
0.976879298686981
0.837865948677063
0.78465873003006
0.64725124835968
0.325331300497055
0.0161511395126581
-0.147378191351891
-0.200264275074005
-0.234843641519547
-0.293885499238968
-0.288479119539261
-0.181154623627663
-0.14893051981926
-0.298221290111542
-0.600335717201233
-0.964221954345703
-1.26194703578949
-1.55480098724365
-1.70939111709595
-1.70334243774414
-1.68878269195557
-1.73214066028595
-1.68867564201355
-1.49040639400482
-1.28046786785126
-1.15060794353485
-1.09103071689606
-1.01882088184357
-0.906197130680084
-0.766648530960083
-0.746628880500793
-0.870172500610352
-0.959672033786774
-0.929803133010864
-0.888639807701111
-0.901914834976196
-0.869262516498566
-0.754337012767792
-0.583153069019318
-0.400835275650024
-0.319043844938278
-0.354907900094986
-0.455701917409897
-0.573250353336334
-0.622817635536194
-0.626992881298065
-0.574749112129211
-0.575444996356964
-0.553444802761078
-0.346771568059921
0.00255491980351508
0.311574518680573
0.338124603033066
0.135358944535255
-0.0807353034615517
-0.339117020368576
-0.712745428085327
-1.00490355491638
-0.948324024677277
-0.668530941009521
-0.3991759121418
-0.186239823698997
0.0380977913737297
0.400271117687225
0.784819304943085
0.907292306423187
0.75152462720871
0.623002886772156
0.617489457130432
0.704044938087463
0.746171772480011
0.858902633190155
1.1218878030777
1.4063378572464
1.62457323074341
1.54893755912781
1.41463470458984
1.22691059112549
0.863024353981018
0.727115631103516
0.781232893466949
0.774595379829407
0.78042995929718
0.841345310211182
1.0570113658905
1.14367389678955
0.905900597572327
0.676477789878845
0.676584839820862
0.632798552513123
0.22207498550415
-0.12746562063694
-0.00590257113799453
0.330844730138779
0.436777502298355
0.292411327362061
0.262274831533432
0.430675238370895
0.517712473869324
0.515036046504974
0.535323321819305
0.661650419235229
0.681670010089874
0.581893026828766
0.559143483638763
0.756074547767639
1.02248549461365
1.10395574569702
1.03501117229462
1.0007529258728
0.976022839546204
0.793812096118927
0.523600578308105
0.33266469836235
0.142531752586365
-0.129124999046326
-0.274240553379059
-0.233184263110161
-0.157013311982155
-0.158619165420532
-0.167504876852036
-0.213111102581024
-0.376640439033508
-0.666603922843933
-0.939491808414459
-1.22485184669495
-1.51240646839142
-1.6414635181427
-1.61828577518463
-1.60024666786194
-1.65388214588165
-1.61427116394043
-1.37178730964661
-1.10398459434509
-0.94586169719696
-0.896026730537415
-0.847690582275391
-0.747003614902496
-0.623834669589996
-0.642301976680756
-0.812950611114502
-0.93649423122406
-0.938581824302673
-0.939759433269501
-0.916688680648804
-0.812950611114502
-0.641766726970673
-0.434076428413391
-0.231738984584808
-0.140954777598381
-0.222425043582916
-0.383652657270432
-0.442373335361481
-0.390932530164719
-0.410845100879669
-0.527483522891998
-0.620890617370605
-0.482037901878357
-0.123397462069988
0.251729726791382
0.393740624189377
0.278975695371628
0.11148526519537
-0.0892463251948357
-0.414859712123871
-0.781582951545715
-0.936868906021118
-0.775106012821198
-0.540276825428009
-0.285213887691498
-0.0444965660572052
0.266235947608948
0.658224582672119
0.810459434986115
0.736108422279358
0.618078291416168
0.552345335483551
0.594151079654694
0.663095653057098
0.799325525760651
1.02435898780823
1.32229816913605
1.57805705070496
1.58710336685181
1.39595329761505
1.225625872612
0.884435713291168
0.631246268749237
0.745957672595978
0.836474239826202
0.708594799041748
0.673426628112793
0.88877147436142
1.18087613582611
1.02291369438171
0.644414246082306
0.566905081272125
0.587513506412506
0.369278162717819
-0.0706184357404709
-0.0755430534482002
0.264362424612045
0.421575427055359
0.2567078769207
0.102224841713905
0.258527845144272
0.416276097297668
0.425108283758163
0.412207931280136
0.504758596420288
0.646394789218903
0.575683772563934
0.478529661893845
0.585104763507843
0.826464414596558
1.03121066093445
0.981536269187927
0.8782799243927
0.778502941131592
0.72026401758194
0.656511664390564
0.501814544200897
0.34058690071106
0.109772354364395
-0.0905310064554214
-0.166273728013039
-0.171144813299179
-0.183991640806198
-0.223870307207108
-0.258182018995285
-0.420533746480942
-0.614467203617096
-0.823870420455933
-1.0558625459671
-1.33849263191223
-1.5530880689621
-1.56577432155609
-1.51256716251373
-1.56802260875702
-1.63964354991913
-1.57872819900513
-1.36622035503387
-1.15671014785767
-1.06555128097534
-1.0404999256134
-0.974552929401398
-0.779227733612061
-0.636413872241974
-0.697650372982025
-0.854542195796967
-0.936280071735382
-0.949501633644104
-0.933871328830719
-0.83864426612854
-0.751125276088715
-0.625761687755585
-0.434986412525177
-0.271671205759048
-0.276756405830383
-0.401531159877777
-0.511425018310547
-0.521702468395233
-0.516081988811493
-0.552534818649292
-0.635343313217163
-0.634861528873444
-0.430864721536636
-0.0345938056707382
0.313769161701202
0.350007921457291
0.224269643425941
0.0774411857128143
-0.128964424133301
-0.535512804985046
-0.88414341211319
-0.835967838764191
-0.557834148406982
-0.340562283992767
-0.185865134000778
0.050248745828867
0.47869023680687
0.856922090053558
0.826196789741516
0.657796323299408
0.556306481361389
0.557323515415192
0.604910254478455
0.597362756729126
0.797452032566071
1.10679280757904
1.43588554859161
1.62901604175568
1.53609073162079
1.34028375148773
1.25977694988251
1.03581404685974
0.719246983528137
0.814259946346283
0.974202871322632
0.891554951667786
0.773578345775604
1.02173614501953
1.31442952156067
1.1312552690506
0.65399581193924
0.510218501091003
0.546136081218719
0.291501343250275
-0.0674067288637161
0.0447888448834419
0.523600578308105
0.624019920825958
0.375755101442337
0.227641940116882
0.312859177589417
0.480189055204391
0.495284050703049
0.445449084043503
0.461132913827896
0.585318863391876
0.626375138759613
0.643664836883545
0.767636656761169
0.994383096694946
1.13687574863434
1.09737181663513
0.977200448513031
0.836527764797211
0.66459447145462
0.593936920166016
0.523814678192139
0.34058690071106
0.0851492807269096
-0.047172985970974
-0.0271533560007811
-0.109961830079556
-0.222210928797722
-0.250152766704559
-0.299559503793716
-0.473633944988251
-0.718419432640076
-0.931462526321411
-1.1228266954422
-1.27516853809357
-1.42247879505157
-1.49190509319305
-1.50084435939789
-1.54548704624176
-1.58493757247925
-1.52225577831268
-1.31825888156891
-1.09119141101837
-1.00324416160583
-0.950251042842865
-0.774088978767395
-0.578924357891083
-0.584277212619781
-0.765470921993256
-0.905983030796051
-0.956085622310638
-0.946557581424713
-0.897364914417267
-0.805403113365173
-0.720292925834656
-0.565702795982361
-0.365988284349442
-0.240303531289101
-0.301593571901321
-0.503235161304474
-0.593965828418732
-0.598462224006653
-0.602583885192871
-0.690424025058746
-0.720346450805664
-0.534709870815277
-0.189023301005363
0.177806973457336
0.318800836801529
0.268377065658569
0.133324861526489
-0.0747401267290115
-0.409613937139511
-0.774035453796387
-0.953837394714355
-0.843087136745453
-0.563026428222656
-0.278041064739227
-0.00815076474100351
0.400966972112656
0.665290355682373
0.621289968490601
0.52766877412796
0.462471127510071
0.399468183517456
0.35525369644165
0.402733415365219
0.600039184093475
0.887005090713501
1.235635638237
1.59331262111664
1.63415479660034
1.40949594974518
1.21443843841553
1.0375269651413
0.702546119689941
0.538802683353424
0.689324617385864
0.845520555973053
0.827695548534393
0.900976002216339
1.08206260204315
1.17129456996918
0.841238260269165
0.568457424640656
0.52563464641571
0.40722981095314
0.0426477082073689
-0.127947375178337
0.309968650341034
0.6360102891922
0.414991408586502
0.0632561519742012
0.0686089918017387
0.357769548892975
0.483561336994171
0.418417245149612
0.407390385866165
0.518675982952118
0.593829870223999
0.616579473018646
0.669304966926575
0.824216246604919
0.99427604675293
1.01220798492432
0.892143785953522
0.787602782249451
0.707684814929962
0.659509241580963
0.642915427684784
0.588369965553284
0.360927700996399
0.0628279224038124
-0.0543993227183819
-0.0552557781338692
-0.166541367769241
-0.390290170907974
-0.517099022865295
-0.5338534116745
-0.607347965240479
-0.77987003326416
-0.996767222881317
-1.1522673368454
-1.27714908123016
-1.38404536247253
-1.46594381332397
-1.53280079364777
-1.5960179567337
-1.61507403850555
-1.53997361660004
-1.29219055175781
-1.03702056407928
-0.939384758472443
-0.880557000637054
-0.741597235202789
-0.542043268680573
-0.596106946468353
-0.832863211631775
-1.00822234153748
-1.02085494995117
-0.898435533046722
-0.793198645114899
-0.700112700462341
-0.564257562160492
-0.366362988948822
-0.167611941695213
-0.150482848286629
-0.325146079063416
-0.468655794858932
-0.489371299743652
-0.53165876865387
-0.70546555519104
-0.809364199638367
-0.686623513698578
-0.409506887197495
-0.0965261906385422
0.185889765620232
0.383409649133682
0.401984006166458
0.218809753656387
-0.0612509623169899
-0.371715813875198
-0.633844494819641
-0.779441833496094
-0.675329029560089
-0.418981403112411
-0.114511743187904
0.256868451833725
0.486398339271545
0.530773401260376
0.542442619800568
0.561498701572418
0.551488876342773
0.458670616149902
0.455726563930511
0.605980813503265
0.815865814685822
1.09972703456879
1.38861989974976
1.51987159252167
1.41013836860657
1.19174242019653
1.18917298316956
1.08061742782593
0.816026389598846
0.720371067523956
0.876941740512848
1.04839324951172
1.00000357627869
0.948081016540527
0.954236745834351
0.943102836608887
0.77261483669281
0.60207325220108
0.523118853569031
0.293321311473846
0.060365617275238
0.103455998003483
0.441487997770309
0.565406322479248
0.334056437015533
0.131290778517723
0.202697694301605
0.40942445397377
0.432334631681442
0.474996775388718
0.592063426971436
0.687825798988342
0.668073832988739
0.678244233131409
0.798736691474915
0.845734655857086
0.780644059181213
0.706614255905151
0.740765392780304
0.797719657421112
0.726633906364441
0.656244039535522
0.635260879993439
0.560374617576599
0.330844730138779
0.0473046824336052
-0.0418201424181461
-0.0542922653257847
-0.169271320104599
-0.432149410247803
-0.604564487934113
-0.63545036315918
-0.688282907009125
-0.869851350784302
-1.14744973182678
-1.31568956375122
-1.39030814170837
-1.42868804931641
-1.4801824092865
-1.55330228805542
-1.60297656059265
-1.55126810073853
-1.35626411437988
-1.14429152011871
-1.0605731010437
-1.0505633354187
-0.944684088230133
-0.719329416751862
-0.649260699748993
-0.874080061912537
-1.1602965593338
-1.26815629005432
-1.16645228862762
-1.03220307826996
-0.89351087808609
-0.721524059772491
-0.503021061420441
-0.304965883493423
-0.213004037737846
-0.255666196346283
-0.412665069103241
-0.451312571763992
-0.485731363296509
-0.619124174118042
-0.863963186740875
-0.890192151069641
-0.619873583316803
-0.274882912635803
0.0183458048850298
0.207140550017357
0.350596725940704
0.335394650697708
0.0817234590649605
-0.292279630899429
-0.626778781414032
-0.76782613992691
-0.732122719287872
-0.57871025800705
-0.316474497318268
0.023002777248621
0.291661947965622
0.387798994779587
0.430568188428879
0.481259614229202
0.493517607450485
0.411833256483078
0.331915318965912
0.436188668012619
0.664059162139893
0.942085802555084
1.21722185611725
1.36073160171509
1.34649300575256
1.17514860630035
1.1861754655838
1.28889644145966
1.06616473197937
0.792259752750397
0.78497987985611
1.01317155361176
1.07515752315521
0.90392005443573
0.74103307723999
0.790065109729767
0.914036929607391
0.788780391216278
0.617382407188416
0.497371673583984
0.377896219491959
0.198683068156242
0.17507703602314
0.457707107067108
0.585747122764587
0.333681762218475
0.0226816069334745
0.0946773365139961
0.381536155939102
0.467716932296753
0.488593012094498
0.56754744052887
0.725349247455597
0.757733941078186
0.727490365505219
0.812279403209686
0.846323430538177
0.777914106845856
0.66491562128067
0.721495151519775
0.784016370773315
0.727972090244293
0.659776926040649
0.631246268749237
0.558233499526978
0.334056437015533
0.0615967698395252
0.0217716246843338
0.0372413396835327
-0.152891620993614
-0.499809324741364
-0.685392379760742
-0.64262318611145
-0.640910267829895
-0.793840944766998
-1.06132245063782
-1.19899761676788
-1.22378122806549
-1.28335845470428
-1.37012791633606
-1.47622132301331
-1.51320946216583
-1.46192920207977
-1.30198633670807
-1.11956143379211
-1.03161418437958
-0.953462719917297
-0.759261608123779
-0.596856355667114
-0.650545358657837
-0.899773716926575
-1.08246624469757
-1.03552174568176
-0.89773964881897
-0.810702443122864
-0.7520352602005
-0.604885637760162
-0.408329248428345
-0.295544862747192
-0.318401515483856
-0.397570043802261
-0.374231666326523
-0.334995329380035
-0.450242012739182
-0.719275891780853
-0.834843754768372
-0.652525901794434
-0.420640796422958
-0.202191293239594
0.0354213714599609
0.309486895799637
0.397862315177917
0.176789939403534
-0.129017949104309
-0.367594122886658
-0.502164602279663
-0.605153262615204
-0.591771185398102
-0.379530966281891
-0.0878010615706444
0.156823843717575
0.268055886030197
0.312163323163986
0.352041989564896
0.392616540193558
0.377628594636917
0.326615989208221
0.358358353376389
0.521673560142517
0.765763163566589
1.030193567276
1.27214205265045
1.38792407512665
1.30757784843445
1.14602911472321
1.12354719638824
1.07842266559601
0.943959295749664
0.843218803405762
0.900868952274323
1.02703547477722
1.06841289997101
0.968421816825867
0.781072318553925
0.773203611373901
0.887219190597534
0.857243239879608
0.640185475349426
0.376504480838776
0.276352792978287
0.245466902852058
0.319122016429901
0.516534864902496
0.505079746246338
0.219130918383598
-0.0331485383212566
0.123529158532619
0.410280913114548
0.473123282194138
0.412689685821533
0.492821753025055
0.69665801525116
0.806123614311218
0.775344789028168
0.71619588136673
0.691679835319519
0.715125322341919
0.723154544830322
0.669626116752625
0.609353125095367
0.576219022274017
0.619095325469971
0.594151079654694
0.443254441022873
0.194400787353516
0.0412024408578873
0.0482146665453911
0.0124041493982077
-0.246941059827805
-0.626671671867371
-0.810220658779144
-0.765792071819305
-0.765738546848297
-1.01689386367798
-1.32602059841156
-1.39480459690094
-1.34716427326202
-1.37237620353699
-1.45031356811523
-1.51262068748474
-1.48291230201721
-1.40931081771851
-1.27661383152008
-1.12587773799896
-1.07213521003723
-0.990076184272766
-0.827992081642151
-0.700326800346375
-0.775534272193909
-0.997944831848145
-1.11779499053955
-1.01764333248138
-0.880449950695038
-0.828420341014862
-0.7667555809021
-0.59214586019516
-0.374499291181564
-0.260697871446609
-0.298060715198517
-0.388523727655411
-0.402334064245224
-0.404314637184143
-0.573250353336334
-0.79314512014389
-0.818838715553284
-0.602209210395813
-0.281788051128387
0.027820335701108
0.29696124792099
0.406426876783371
0.32704421877861
0.113786980509758
-0.136779561638832
-0.364810645580292
-0.563133478164673
-0.616554796695709
-0.495098829269409
-0.267335385084152
-0.00975661724805832
0.201573595404625
0.319978475570679
0.343959212303162
0.389565408229828
0.467128098011017
0.450213134288788
0.327151268720627
0.319710820913315
0.616311848163605
0.939784109592438
1.17236506938934
1.23799097537994
1.20180571079254
1.11830139160156
1.01595509052277
1.01804268360138
0.940586984157562
0.92377907037735
0.950650334358215
1.03361940383911
1.152024269104
1.24050676822662
1.08206260204315
0.750882267951965
0.689699292182922
0.820736885070801
0.80639123916626
0.544155538082123
0.307773977518082
0.302099972963333
0.36847522854805
0.466164588928223
0.591688752174377
0.528418123722076
0.254566729068756
0.0723024532198906
0.236313551664352
0.451765447854996
0.450534284114838
0.379127383232117
0.464612275362015
0.725402772426605
0.876781105995178
0.858635008335114
0.786799848079681
0.77700412273407
0.827749073505402
0.782464027404785
0.713305354118347
0.649285316467285
0.645217180252075
0.646020114421844
0.570384442806244
0.417346686124802
0.242362260818481
0.195578411221504
0.157037943601608
0.015027042478323
-0.314922153949738
-0.643479645252228
-0.797748565673828
-0.827349781990051
-0.893885612487793
-1.09290421009064
-1.26098346710205
-1.30257511138916
-1.28951418399811
-1.28796184062958
-1.33512043952942
-1.41921353340149
-1.44319427013397
-1.38870239257813
-1.23084700107574
-1.13476347923279
-1.10130822658539
-0.976586997509003
-0.83521842956543
-0.758405148983002
-0.882858753204346
-1.10548341274261
-1.15264201164246
-1.02877724170685
-0.910318791866302
-0.871243059635162
-0.770288467407227
-0.573571503162384
-0.42808124423027
-0.394037157297134
-0.440018087625504
-0.491512417793274
-0.516135513782501
-0.600710391998291
-0.741811335086823
-0.857218623161316
-0.812950611114502
-0.590486466884613
-0.284196853637695
0.0315137952566147
0.198897182941437
0.216989785432816
0.102546013891697
-0.111032396554947
-0.32798308134079
-0.497614681720734
-0.609328508377075
-0.581279575824738
-0.420694321393967
-0.175159439444542
0.0423800684511662
0.161320224404335
0.196756035089493
0.228444874286652
0.292732506990433
0.318586736917496
0.354450762271881
0.339195162057877
0.367083489894867
0.539552092552185
0.939891159534454
1.34552955627441
1.41426002979279
1.13446700572968
0.938392341136932
0.993312537670135
0.944280445575714
0.787602782249451
0.783909320831299
0.953273236751556
1.06354176998138
0.989726126194
1.00380408763885
0.96253365278244
0.831067860126495
0.6905557513237
0.682687044143677
0.672088444232941
0.475371479988098
0.219559147953987
0.184712141752243
0.304615825414658
0.479171991348267
0.564282178878784
0.363015323877335
0.0581174232065678
0.0107982968911529
0.225126102566719
0.394543558359146
0.397594690322876
0.386674880981445
0.526865839958191
0.722083985805511
0.819131016731262
0.777646481990814
0.675835430622101
0.618934690952301
0.614010095596313
0.554165303707123
0.473926216363907
0.515303671360016
0.629800975322723
0.642112553119659
0.57691490650177
0.476013839244843
0.405891597270966
0.315856784582138
0.152059808373451
-0.107231877744198
-0.497454077005386
-0.875257670879364
-1.04531753063202
-1.00254833698273
-1.00147771835327
-1.13503110408783
-1.19541120529175
-1.15108966827393
-1.08519613742828
-1.11667084693909
-1.26724636554718
-1.36520338058472
-1.42194354534149
-1.37462437152863
-1.25386428833008
-1.18181502819061
-1.05158030986786
-0.907535314559937
-0.786239922046661
-0.781315326690674
-0.906946539878845
-1.01384282112122
-1.00345826148987
-0.905875980854034
-0.834629595279694
-0.776337146759033
-0.64637017250061
-0.449010848999023
-0.31749153137207
-0.302878260612488
-0.386007905006409
-0.468066990375519
-0.526305913925171
-0.616019546985626
-0.753801703453064
-0.851865768432617
-0.712584793567657
-0.403351128101349
-0.0467982850968838
0.217096835374832
0.276566922664642
0.18182161450386
0.0328520089387894
-0.150215193629265
-0.363793611526489
-0.565756380558014
-0.610024333000183
-0.438144594430923
-0.220872715115547
-0.0494747087359428
0.0826869681477547
0.190064981579781
0.239899948239326
0.255797892808914
0.320085525512695
0.413492619991302
0.513537228107452
0.567226231098175
0.629158616065979
0.706828415393829
0.992081344127655
1.29617631435394
1.25736820697784
0.964193046092987
0.877476990222931
0.965691864490509
0.942621111869812
0.935769438743591
1.03811585903168
1.24757254123688
1.24505662918091
1.10502636432648
1.05642247200012
0.998237133026123
0.816989898681641
0.632745027542114
0.658438682556152
0.607158482074738
0.400485217571259
0.283311486244202
0.389404833316803
0.498442232608795
0.587352931499481
0.607533156871796
0.409370929002762
0.146974608302116
0.0949985086917877
0.267306506633759
0.389565408229828
0.423448920249939
0.404446333646774
0.531629860401154
0.697621524333954
0.810780584812164
0.805160105228424
0.701743185520172
0.683811187744141
0.675514280796051
0.614973604679108
0.597416281700134
0.638419091701508
0.620701134204865
0.502296268939972
0.435867518186569
0.421575427055359
0.33159413933754
0.208585828542709
0.0612220726907253
-0.158512100577354
-0.519507765769958
-0.937832415103912
-1.1208461523056
-1.03022253513336
-1.01004230976105
-1.19985401630402
-1.31301319599152
-1.24679851531982
-1.16372239589691
-1.22410237789154
-1.38458061218262
-1.41974878311157
-1.35417652130127
-1.32050716876984
-1.31932950019836
-1.20595633983612
-1.05227613449097
-0.958066165447235
-0.880503475666046
-0.884089887142181
-0.942221760749817
-0.989005625247955
-0.964114904403687
-0.889870941638947
-0.830133259296417
-0.719436466693878
-0.576462030410767
-0.442426860332489
-0.401905834674835
-0.407365739345551
-0.433701723814011
-0.457521885633469
-0.489371299743652
-0.612111985683441
-0.770288467407227
-0.840678334236145
-0.693153977394104
-0.382956773042679
-0.0643556118011475
0.180483400821686
0.235350027680397
0.142424687743187
-0.0478688552975655
-0.255237966775894
-0.414377957582474
-0.528875291347504
-0.460412412881851
-0.30694642663002
-0.173339486122131
-0.0743118971586227
0.00929950084537268
0.0884145125746727
0.115928120911121
0.119889222085476
0.182356894016266
0.285024404525757
0.401074022054672
0.565620422363281
0.651158809661865
0.673747837543488
0.918907999992371
1.26732456684113
1.21106612682343
0.851890444755554
0.759607434272766
0.931968927383423
0.966066539287567
0.948509216308594
1.00792574882507
1.20881795883179
1.11883664131165
0.841291785240173
0.781072318553925
0.863613128662109
0.746867656707764
0.577021956443787
0.610156059265137
0.601216793060303
0.447911411523819
0.257082581520081
0.332985877990723
0.473605036735535
0.499405741691589
0.313287407159805
0.0739618390798569
0.0245015732944012
0.140390604734421
0.300922363996506
0.376825660467148
0.441327393054962
0.482544302940369
0.545440196990967
0.620379984378815
0.736429631710052
0.710200667381287
0.615937113761902
0.624180495738983
0.685684680938721
0.708916008472443
0.690769851207733
0.672623753547668
0.619095325469971
0.574827313423157
0.516053080558777
0.382606714963913
0.26420184969902
0.158162042498589
0.00822893250733614
-0.291744351387024
-0.72955334186554
-1.05811083316803
-1.11565387248993
-1.01079165935516
-1.03616416454315
-1.17715799808502
-1.22196125984192
-1.11950790882111
-1.01882088184357
-1.13808226585388
-1.34695017337799
-1.44094610214233
-1.41503834724426
-1.3912181854248
-1.36220574378967
-1.24781548976898
-1.10532283782959
-0.934513688087463
-0.826332688331604
-0.824512779712677
-0.876970589160919
-0.921720385551453
-0.901593685150146
-0.888372182846069
-0.842819452285767
-0.725217521190643
-0.59589284658432
-0.516617238521576
-0.433166444301605
-0.349180340766907
-0.349501520395279
-0.422246634960175
-0.477916210889816
-0.564204037189484
-0.687319397926331
-0.699791550636292
-0.480110883712769
-0.15829798579216
0.0974608138203621
0.179466366767883
0.113679930567741
-0.0215328708291054
-0.133728444576263
-0.236235380172729
-0.357691377401352
-0.418981403112411
-0.311175167560577
-0.161081477999687
-0.106857180595398
-0.0664432197809219
-0.00702666817232966
0.0544774904847145
0.103670112788677
0.181286320090294
0.280099809169769
0.356217205524445
0.537946224212646
0.705757796764374
0.730166792869568
0.774327754974365
1.01536619663239
1.17316806316376
0.914839863777161
0.747188806533813
0.889413833618164
1.03501117229462
1.09169781208038
1.07162463665009
1.24189853668213
1.33182621002197
1.00000357627869
0.736590206623077
0.788833916187286
0.880367517471313
0.568457424640656
0.411137372255325
0.555075287818909
0.571936786174774
0.384105533361435
0.254780858755112
0.431906402111053
0.587459981441498
0.50470507144928
0.26725298166275
0.0711783617734909
0.0680201798677444
0.144137606024742
0.264148324728012
0.3790203332901
0.35230964422226
0.349312037229538
0.4444320499897
0.652015268802643
0.727490365505219
0.599503874778748
0.574077904224396
0.691144585609436
0.785086929798126
0.738142490386963
0.677494823932648
0.592812836170197
0.478636711835861
0.465843439102173
0.410655617713928
0.254084974527359
0.122405059635639
0.0898062512278557
0.00560603989288211
-0.359083116054535
-0.822318077087402
-1.09509897232056
-1.07513284683228
-1.01030993461609
-1.0866414308548
-1.17865681648254
-1.21039915084839
-1.13984870910645
-1.08284091949463
-1.19086122512817
-1.34539783000946
-1.41755414009094
-1.39994335174561
-1.38131546974182
-1.35588943958282
-1.28646302223206
-1.13829636573792
-0.968450665473938
-0.886552214622498
-0.865408480167389
-0.881413459777832
-0.873758912086487
-0.868245482444763
-0.859627425670624
-0.81113064289093
-0.739295482635498
-0.684321820735931
-0.602048635482788
-0.488621890544891
-0.445210337638855
-0.46983340382576
-0.508427381515503
-0.5074103474617
-0.586418330669403
-0.711942493915558
-0.6312215924263
-0.398480027914047
-0.134156674146652
0.0465552844107151
0.0752465203404427
0.0180781632661819
-0.106321893632412
-0.192020893096924
-0.341525793075562
-0.499755799770355
-0.393020123243332
-0.122433945536613
-0.0928327292203903
-0.206634163856506
-0.12634152173996
0.0697866231203079
0.109344124794006
0.0424335971474648
0.0868086591362953
0.227963104844093
0.371901035308838
0.553683578968048
0.688307523727417
0.713894128799438
0.896479606628418
1.21037030220032
1.2330127954483
1.01477742195129
0.894392013549805
1.00219821929932
1.01392090320587
1.00835394859314
1.06423771381378
1.15796589851379
1.15363013744354
0.9358229637146
0.851890444755554
0.939891159534454
0.924689054489136
0.680492401123047
0.697407364845276
0.73760724067688
0.622199952602386
0.469322770833969
0.476549118757248
0.625572264194489
0.58285653591156
0.373506903648376
0.162765488028526
0.125937938690186
0.26232835650444
0.411190897226334
0.524082362651825
0.515464246273041
0.445984393358231
0.53205806016922
0.710628926753998
0.828444957733154
0.769670784473419
0.69023460149765
0.774916529655457
0.850016891956329
0.772561311721802
0.678618907928467
0.69853150844574
0.681562960147858
0.558394074440002
0.408942699432373
0.324314266443253
0.297817707061768
0.2014130204916
0.00362548837438226
-0.265622496604919
-0.551089584827423
-0.859520316123962
-1.06164371967316
-1.02406668663025
-0.967058956623077
-1.02470910549164
-1.16441822052002
-1.17068111896515
-1.01154100894928
-0.99591076374054
-1.20718741416931
-1.37639081478119
-1.37414264678955
-1.31269192695618
-1.34518373012543
-1.3591011762619
-1.20638453960419
-0.976319372653961
-0.81862461566925
-0.780512392520905
-0.765256762504578
-0.765685021877289
-0.797427356243134
-0.86053740978241
-0.850099325180054
-0.785544037818909
-0.7215775847435
-0.652525901794434
-0.543006777763367
-0.446816205978394
-0.446602076292038
-0.46833461523056
-0.429633557796478
-0.399657666683197
-0.478558540344238
-0.537546873092651
-0.432095885276794
-0.232060164213181
-0.0841611251235008
-0.069173164665699
-0.122541002929211
-0.158619165420532
-0.227296128869057
-0.330391883850098
-0.450563192367554
-0.427920669317245
-0.137850135564804
0.0325308367609978
-0.0565939880907536
-0.0849105268716812
0.0579033084213734
0.130594909191132
0.0481076091527939
0.00410724431276321
0.0824728533625603
0.195257246494293
0.336786389350891
0.529274582862854
0.661971569061279
0.751738727092743
0.993419587612152
1.16615581512451
1.07874381542206
0.896104872226715
0.889467358589172
0.951025068759918
0.974738121032715
1.00867521762848
1.0763885974884
1.12649118900299
0.955253779888153
0.689806342124939
0.681241810321808
0.802858352661133
0.685845255851746
0.548223674297333
0.636599123477936
0.718497574329376
0.616847097873688
0.52766877412796
0.578895449638367
0.63194215297699
0.436188668012619
0.196756035089493
0.0971931740641594
0.123636215925217
0.223359659314156
0.347813248634338
0.498121052980423
0.521138310432434
0.409638583660126
0.45647594332695
0.646715939044952
0.812814652919769
0.700940251350403
0.543727278709412
0.61566948890686
0.774702429771423
0.828230857849121
0.763300895690918
0.7116459608078
0.600146234035492
0.435332238674164
0.363764733076096
0.312698602676392
0.150293365120888
-0.0389831364154816
-0.192877352237701
-0.395161271095276
-0.717402398586273
-1.00881111621857
-1.07368755340576
-0.962187886238098
-0.960903167724609
-1.08102095127106
-1.16977107524872
-1.14975142478943
-1.11870491504669
-1.22629714012146
-1.39239585399628
-1.47921884059906
-1.42354929447174
-1.38324248790741
-1.41867828369141
-1.33217632770538
-1.15489017963409
-0.958762049674988
-0.837520182132721
-0.784848213195801
-0.78441995382309
-0.853418111801147
-0.891048610210419
-0.891209185123444
-0.789505183696747
-0.747860074043274
-0.749465882778168
-0.664141595363617
-0.540490925312042
-0.484981954097748
-0.498417586088181
-0.436645805835724
-0.350893259048462
-0.384830266237259
-0.534656345844269
-0.521863043308258
-0.31749153137207
-0.174731224775314
-0.16584549844265
-0.173928290605545
-0.101343750953674
-0.122433945536613
-0.228152588009834
-0.331944197416306
-0.335637658834457
-0.166916072368622
-0.0226569678634405
-0.0248516332358122
-0.0653726533055305
-0.0139318350702524
0.0478934943675995
0.0486428923904896
0.0604726746678352
0.0997090116143227
0.159232616424561
0.265807718038559
0.552024185657501
0.8571897149086
0.915268063545227
0.890537917613983
1.05337142944336
1.25854587554932
1.1754697561264
0.928810775279999
0.851676285266876
0.927847266197205
1.06193590164185
1.0723739862442
1.07922565937042
1.15791237354279
1.01108396053314
0.777271807193756
0.780751168727875
0.911521077156067
0.805160105228424
0.667056798934937
0.727222740650177
0.775398313999176
0.744137704372406
0.551328301429749
0.507435023784637
0.529809892177582
0.440256834030151
0.235671207308769
0.0461270548403263
0.124492667615414
0.33464527130127
0.526651740074158
0.591635227203369
0.482651352882385
0.368046998977661
0.470500409603119
0.680974185466766
0.818809866905212
0.721869885921478
0.654959321022034
0.758750975131989
0.87640643119812
0.82935494184494
0.723850429058075
0.65929514169693
0.547420740127563
0.394329458475113
0.307773977518082
0.279885679483414
0.221807345747948
0.082954615354538
-0.146093517541885
-0.439268678426743
-0.727465748786926
-0.92883962392807
-0.999604225158691
-1.01009583473206
-1.04644155502319
-1.11709916591644
-1.15745949745178
-1.12903594970703
-1.11415505409241
-1.19760584831238
-1.32457530498505
-1.33758270740509
-1.30824911594391
-1.35508644580841
-1.37617671489716
-1.30541205406189
-1.13979518413544
-0.924825012683868
-0.782974720001221
-0.713923037052155
-0.769217908382416
-0.850099325180054
-0.911014676094055
-0.891530334949493
-0.758351624011993
-0.748984158039093
-0.755246996879578
-0.652686536312103
-0.503074586391449
-0.391253679990768
-0.415395021438599
-0.375569850206375
-0.295973092317581
-0.36978879570961
-0.523629486560822
-0.569128632545471
-0.413307398557663
-0.286552101373672
-0.30319944024086
-0.368825286626816
-0.378995686769485
-0.283875674009323
-0.271082371473312
-0.296454846858978
-0.222478568553925
-0.0529540553689003
0.0306038130074739
-0.0895674973726273
-0.129232063889503
-0.0766136199235916
-0.0303650610148907
-0.0395719483494759
-0.0212117005139589
0.0410418547689915
0.0853098630905151
0.268912345170975
0.579858958721161
0.786585748195648
0.774220645427704
0.812225878238678
1.05074846744537
1.1707592010498
1.02468013763428
0.858849108219147
0.863987863063812
0.992616653442383
1.08779013156891
1.10807740688324
1.10127937793732
1.17043805122375
0.979502201080322
0.705704271793365
0.807087123394012
0.870143592357635
0.725456297397614
0.661275684833527
0.821753919124603
0.977842807769775
0.885934472084045
0.615241229534149
0.489288866519928
0.443575590848923
0.334217041730881
0.127169087529182
0.0116012236103415
0.161373749375343
0.412796765565872
0.634083271026611
0.598433315753937
0.458831191062927
0.451337218284607
0.616686522960663
0.762069702148438
0.779198825359344
0.724171578884125
0.71758759021759
0.780001759529114
0.822342753410339
0.815544605255127
0.784444630146027
0.691037476062775
0.505936205387115
0.39738056063652
0.369599312543869
0.32329723238945
0.174006462097168
-0.0155376875773072
-0.213914021849632
-0.509230315685272
-0.809043049812317
-0.98011988401413
-0.997570157051086
-0.971769452095032
-0.978781640529633
-1.02920544147491
-1.0585925579071
-1.04285514354706
-1.05811083316803
-1.13545942306519
-1.19359123706818
-1.24503207206726
-1.34095501899719
-1.41000664234161
-1.36996734142303
-1.23668158054352
-1.02952659130096
-0.78939813375473
-0.622764110565186
-0.601566851139069
-0.70171856880188
-0.772911369800568
-0.762473285198212
-0.737689673900604
-0.712531268596649
-0.69031697511673
-0.643747270107269
-0.589897692203522
-0.491030663251877
-0.355068475008011
-0.222853273153305
-0.119008131325245
-0.172429502010345
-0.321024388074875
-0.40549224615097
-0.374873995780945
-0.296187222003937
-0.322094976902008
-0.343131631612778
-0.309141099452972
-0.238162398338318
-0.149679914116859
-0.0883898735046387
-0.0252263322472572
0.0253580287098885
0.119086295366287
0.127704367041588
0.00421430077403784
-0.111995905637741
-0.077684186398983
0.0204334128648043
0.0231633633375168
-0.0142530053853989
0.049981102347374
0.219666212797165
0.566369831562042
0.905151188373566
1.02318131923676
1.01847088336945
0.988227307796478
1.18713891506195
1.20801496505737
1.06397008895874
0.920139133930206
0.926562547683716
1.04314744472504
1.10470521450043
1.1306129693985
1.15839421749115
1.07542514801025
0.785140454769135
0.780965268611908
0.984212696552277
0.985069155693054
0.882776319980621
0.924903213977814
1.04801857471466
1.08158087730408
0.792259752750397
0.49415996670723
0.466913998126984
0.436456322669983
0.273944020271301
0.036170769482851
0.111003503203392
0.350650250911713
0.590243458747864
0.671981394290924
0.658545732498169
0.614545404911041
0.572472035884857
0.669090867042542
0.793330311775208
0.835082471370697
0.74884819984436
0.740390717983246
0.765709638595581
0.797344923019409
0.73899894952774
0.657528698444366
0.586121797561646
0.509950816631317
0.46140056848526
0.420986592769623
0.344976246356964
0.250498563051224
0.0812952294945717
-0.232702508568764
-0.611202001571655
-0.87616765499115
-0.9755699634552
-1.02433431148529
-1.05543434619904
-1.093386054039
-1.10799932479858
-1.07309877872467
-1.07020819187164
-1.06822764873505
-1.12271964550018
-1.21623373031616
-1.334317445755
-1.43093621730804
-1.47108256816864
-1.41701889038086
-1.25134837627411
-1.00222706794739
-0.802673161029816
-0.709159016609192
-0.723986387252808
-0.807811856269836
-0.843461811542511
-0.855719804763794
-0.842177152633667
-0.815787613391876
-0.796410322189331
-0.743042469024658
-0.641017317771912
-0.500451683998108
-0.32123851776123
-0.172161847352982
-0.130356162786484
-0.254006803035736
-0.444889158010483
-0.521755993366241
-0.519347190856934
-0.470315188169479
-0.469084024429321
-0.487069576978683
-0.421069025993347
-0.251330405473709
-0.0332020670175552
0.0371878109872341
0.0863804295659065
0.185461536049843
0.189850866794586
0.0145988147705793
-0.178371146321297
-0.173178896307945
-0.0872657746076584
-0.0736160278320313
-0.0917621627449989
-0.0186958648264408
0.131290778517723
0.378003269433975
0.714750587940216
0.946153998374939
0.981108009815216
0.9569131731987
1.06413066387177
1.17193686962128
1.05711841583252
0.899637758731842
0.872445344924927
0.963497161865234
1.12092423439026
1.16454994678497
1.1800731420517
1.22118306159973
1.1092015504837
0.891769111156464
0.961195468902588
1.08051025867462
0.887647390365601
0.737981915473938
0.863024353981018
1.0851137638092
0.990743160247803
0.630657434463501
0.4685198366642
0.478850841522217
0.456261843442917
0.201305955648422
0.0481611378490925
0.286523193120956
0.578146040439606
0.665879130363464
0.549776017665863
0.50315272808075
0.50315272808075
0.559678733348846
0.646073639392853
0.735305488109589
0.775451838970184
0.737393140792847
0.746546506881714
0.851836860179901
0.875978231430054
0.785301029682159
0.707417190074921
0.609888434410095
0.504490971565247
0.402037531137466
0.325598955154419
0.22057618200779
0.11148526519537
-0.0713143050670624
-0.348323881626129
-0.644603729248047
-0.866318464279175
-0.984776854515076
-0.957530856132507
-0.872260093688965
-0.870065450668335
-0.951214551925659
-0.965185463428497
-0.854006886482239
-0.833987295627594
-1.00040709972382
-1.19359123706818
-1.33051693439484
-1.44212365150452
-1.54757463932037
-1.45919930934906
-1.16538178920746
-0.877612948417664
-0.714565396308899
-0.656487047672272
-0.661679267883301
-0.703377902507782
-0.766487956047058
-0.80706250667572
-0.797052681446075
-0.751928210258484
-0.712156593799591
-0.701290309429169
-0.650224208831787
-0.45184788107872
-0.186293363571167
-0.0516693741083145
-0.102360792458057
-0.282055705785751
-0.470743387937546
-0.526091814041138
-0.461108297109604
-0.430811196565628
-0.49172654747963
-0.478130310773849
-0.259145528078079
-0.0237810648977757
0.00571309681981802
-0.152838096022606
-0.0588957108557224
0.194079622626305
0.120263926684856
-0.194483205676079
-0.334727674722672
-0.154979228973389
-0.034754391759634
-0.0835187882184982
-0.155942738056183
-0.12858971953392
0.0962831899523735
0.416704326868057
0.753612220287323
0.891394376754761
0.871695935726166
0.911306977272034
1.10486578941345
1.24018561840057
1.02296721935272
0.793544411659241
0.777592957019806
0.981215059757233
1.1480096578598
1.06937634944916
1.03522527217865
1.12997055053711
1.05181908607483
0.830853760242462
0.889146208763123
0.926776707172394
0.784444630146027
0.739855408668518
0.956056714057922
1.09683644771576
0.854352712631226
0.473658561706543
