% Type: Timesignal
% Date: 10-DEC-24 17:14:58
% NoOfItems: = 4096
% Unit_Y: = mm/s
% Unit_X: = Sec
% Min_X: = 0
% Max_X: = 1.60000002384186
% MinDisplay_X: = 0
% MaxDisplay_X: = 1.60000002384186
-0.615530431270599
-0.584855079650879
-0.732597649097443
-0.821159660816193
-0.768698573112488
-0.610438764095306
-0.544246733188629
-0.493371576070786
-0.311614871025085
-0.109700061380863
0.105152644217014
0.152355134487152
0.150769203901291
0.308027356863022
0.622084617614746
0.779050588607788
0.678594052791596
0.647668242454529
0.720245718955994
1.11218082904816
1.36413609981537
1.01335191726685
0.718117237091064
1.0070081949234
1.41559553146362
1.26263618469238
0.801462411880493
0.716072201728821
0.889648854732513
0.913646578788757
0.543789386749268
0.15736335515976
0.171344637870789
0.438366323709488
0.466913193464279
-0.034994088113308
-0.40243062376976
-0.319628030061722
-0.125058606266975
-0.0661702677607536
-0.109282709658146
-0.0883733853697777
0.111454658210278
0.108032375574112
-0.283527076244354
-0.461944997310638
-0.317165642976761
-0.263702869415283
-0.261031836271286
-0.293877422809601
-0.343083202838898
-0.326263904571533
-0.285405158996582
-0.391746401786804
-0.583978652954102
-0.603009879589081
-0.602425575256348
-0.664611041545868
-0.663150310516357
-0.663859784603119
-0.545832693576813
-0.431394845247269
-0.759391605854034
-1.01936006546021
-0.902543306350708
-1.07991778850555
-1.050452709198
-0.489323258399963
-0.368332982063293
-0.348383545875549
0.0346619263291359
0.0530671402812004
-0.32755771279335
-0.609645783901215
-0.355728954076767
0.367959082126617
0.651841759681702
0.536235332489014
0.564114451408386
0.520209014415741
0.601968228816986
0.173890486359596
0.0430506989359856
0.516703248023987
0.858514368534088
0.898204565048218
0.278770983219147
0.230316460132599
0.527345716953278
0.636817097663879
0.275640845298767
-0.290121257305145
-0.226475089788437
-0.142086565494537
-0.27092307806015
-0.507102429866791
-0.512820184230804
-0.321756511926651
-0.303309559822082
-0.410276830196381
-0.810225069522858
-0.908594906330109
-0.718324184417725
-0.577885329723358
-0.61294287443161
-0.756136298179626
-0.772454738616943
-0.706095814704895
-0.615071356296539
-0.56048172712326
-0.446210831403732
-0.23165026307106
0.0292780883610249
0.14784774184227
0.100728720426559
0.149475410580635
0.472130089998245
0.816695749759674
0.776588201522827
0.624880850315094
0.622668862342834
0.927627861499786
1.31200885772705
1.21176099777222
0.788441002368927
0.811770975589752
1.2888457775116
1.38992846012115
0.987225711345673
0.685772478580475
0.819158136844635
0.979421198368072
0.716698229312897
0.233488321304321
0.0483510680496693
0.372424751520157
0.562194585800171
0.136078417301178
-0.342832773923874
-0.30919423699379
-0.088748998939991
-0.111285999417305
-0.231358110904694
-0.332065105438232
-0.0432576537132263
0.350138157606125
0.0882081612944603
-0.413824319839478
-0.500466585159302
-0.472462236881256
-0.28269237279892
-0.156360000371933
-0.156026110053062
-0.205524042248726
-0.285196483135223
-0.399759560823441
-0.65088015794754
-0.538570761680603
-0.374634981155396
-0.447045534849167
-0.413699120283127
-0.400469064712524
-0.581349313259125
-0.733056724071503
-0.76673698425293
-0.847327649593353
-0.831050932407379
-0.811977922916412
-0.846492946147919
-0.640279412269592
-0.536943078041077
-0.529931604862213
-0.203437283635139
0.253020405769348
0.107155933976173
-0.347465395927429
-0.400009989738464
-0.201392248272896
0.51628589630127
0.621291637420654
0.441997289657593
0.657058656215668
0.524674654006958
0.525342464447022
-0.0857023298740387
0.134993299841881
0.787606298923492
0.876335322856903
0.639655113220215
0.0878742784261704
0.365872323513031
0.578721761703491
0.496753841638565
-0.0445097088813782
-0.37367507815361
-0.188203930854797
-0.181484580039978
-0.456978499889374
-0.632308006286621
-0.38006055355072
-0.217376828193665
-0.260823160409927
-0.615113079547882
-0.87449723482132
-0.833012461662292
-0.623334944248199
-0.502094209194183
-0.701087594032288
-0.795909881591797
-0.772371232509613
-0.623501896858215
-0.510357797145844
-0.464031755924225
-0.28323495388031
-0.0905853509902954
0.0748111680150032
0.108533196151257
0.109993927180767
0.288703978061676
0.648210823535919
0.85058468580246
0.748041391372681
0.691323280334473
0.81778085231781
1.20550072193146
1.42740666866302
1.09198093414307
0.860392451286316
1.1563366651535
1.45374155044556
1.24085032939911
0.81005984544754
0.740904629230499
0.949997901916504
0.979963779449463
0.551051318645477
0.139918059110641
0.213956266641617
0.510776877403259
0.425344944000244
-0.0540670678019524
-0.314995408058167
-0.334068387746811
-0.215916097164154
-0.0945084542036057
-0.266540884971619
-0.326430857181549
0.0337854884564877
0.258112072944641
-0.158071130514145
-0.498254597187042
-0.442663341760635
-0.371922194957733
-0.276557326316834
-0.313952028751373
-0.289745628833771
-0.18778657913208
-0.212243407964706
-0.425635367631912
-0.576800227165222
-0.493413299322128
-0.641281068325043
-0.650754928588867
-0.445793479681015
-0.475175023078918
-0.499005824327469
-0.449507892131805
-0.730969965457916
-1.05854940414429
-0.921240627765656
-1.13116860389709
-0.855048656463623
-0.359276443719864
-0.327808111906052
-0.206317007541656
0.050229150801897
0.242670059204102
-0.292208015918732
-0.545624017715454
-0.225556924939156
0.377975523471832
0.665030121803284
0.501344740390778
0.611483871936798
0.509608268737793
0.638570010662079
0.154191479086876
0.0104137873277068
0.6218341588974
0.869449019432068
0.819408535957336
0.173055782914162
0.161202996969223
0.50443309545517
0.636065900325775
0.287952750921249
-0.284987807273865
-0.229354828596115
-0.142420440912247
-0.315871864557266
-0.565698623657227
-0.514113962650299
-0.28649029135704
-0.291248083114624
-0.46040078997612
-0.794157028198242
-0.820491909980774
-0.648459494113922
-0.52834564447403
-0.567034184932709
-0.758264780044556
-0.878921151161194
-0.800041675567627
-0.597751259803772
-0.47137713432312
-0.3782659471035
-0.262534290552139
-0.0714706405997276
0.0418403781950474
0.030655350536108
0.151603907346725
0.467580944299698
0.8044673204422
0.780177474021912
0.59729391336441
0.645748436450958
0.989270687103271
1.38492023944855
1.2991544008255
0.960640370845795
1.02825140953064
1.45273983478546
1.46363282203674
0.968570053577423
0.630515098571777
0.799000024795532
0.984638094902039
0.698000907897949
0.245090708136559
0.107615023851395
0.416497081518173
0.577928781509399
0.179649949073791
-0.256774842739105
-0.253352552652359
-0.323175519704819
-0.358191341161728
-0.29554682970047
-0.424007713794708
-0.197761297225952
0.282401949167252
0.19463287293911
-0.352473616600037
-0.429349809885025
-0.415034651756287
-0.296798884868622
-0.114541344344616
-0.191751420497894
-0.238244414329529
-0.190791517496109
-0.148805931210518
-0.363366484642029
-0.414575546979904
-0.383148968219757
-0.562485039234161
-0.661313951015472
-0.603176832199097
-0.540866196155548
-0.426637023687363
-0.450926899909973
-0.717364311218262
-0.896491706371307
-1.05512714385986
-1.0329657793045
-0.629344820976257
-0.442037314176559
-0.372715175151825
-0.154899269342422
0.168506652116776
0.0635009333491325
-0.281982898712158
-0.17893873155117
0.0131265735253692
0.353059619665146
0.361531853675842
0.387741565704346
0.508982241153717
0.673210203647614
0.515492916107178
-0.000729506020434201
0.377224296331406
0.80905818939209
0.901084244251251
0.434860587120056
0.123057037591934
0.377725124359131
0.515117347240448
0.425804048776627
-0.0673805922269821
-0.184614717960358
-0.0614541918039322
-0.192335724830627
-0.394041836261749
-0.519622981548309
-0.356605380773544
-0.295463353395462
-0.336363822221756
-0.675587356090546
-0.889521896839142
-0.716195702552795
-0.519122183322906
-0.420209795236588
-0.579554736614227
-0.7308030128479
-0.735268652439117
-0.571165978908539
-0.428682059049606
-0.402597546577454
-0.308902084827423
-0.1280218064785
0.0445948988199234
0.106863789260387
0.185618072748184
0.429894089698791
0.778633236885071
0.920240700244904
0.729218780994415
0.647668242454529
0.894197940826416
1.30887877941132
1.45925056934357
1.15187096595764
0.967443227767944
1.26551592350006
1.54451560974121
1.28508961200714
0.828047692775726
0.75926810503006
0.982384383678436
0.939146757125854
0.479058116674423
0.174349576234818
0.319379329681396
0.594121992588043
0.458607882261276
-0.0483493469655514
-0.269295394420624
-0.314786732196808
-0.326472580432892
-0.166585117578506
-0.302725285291672
-0.354560375213623
0.0247289538383484
0.288912653923035
-0.112704992294312
-0.482812583446503
-0.445083975791931
-0.447504609823227
-0.373758554458618
-0.293501794338226
-0.209614083170891
-0.0761867091059685
-0.0543174780905247
-0.339243561029434
-0.592033565044403
-0.559772253036499
-0.636690199375153
-0.680720806121826
-0.497712045907974
-0.362949132919312
-0.386153906583786
-0.361738830804825
-0.718616366386414
-0.952959358692169
-0.878086447715759
-1.11522579193115
-0.688608765602112
-0.281690746545792
-0.499757051467895
-0.386696457862854
0.0466816574335098
0.500301361083984
0.0617063231766224
-0.220840841531754
-0.0473477020859718
0.144675865769386
0.491536945104599
0.326307356357574
0.661107003688812
0.732474148273468
0.59270304441452
0.382775068283081
-0.0151281431317329
0.512821912765503
0.939146757125854
0.848497927188873
0.203105121850967
0.192921727895737
0.514741718769073
0.467163592576981
0.114751741290092
-0.272133380174637
-0.124056965112686
-0.0364130847156048
-0.200348868966103
-0.60422021150589
-0.627174556255341
-0.392873257398605
-0.259779781103134
-0.481310099363327
-0.873704254627228
-0.735310435295105
-0.585606336593628
-0.548169851303101
-0.633393108844757
-0.730677783489227
-0.784432709217071
-0.744408667087555
-0.515866816043854
-0.42805603146553
-0.445501327514648
-0.277517229318619
0.00519688939675689
0.0811966508626938
0.0134604554623365
0.14471760392189
0.514282643795013
0.85984992980957
0.852963626384735
0.709227621555328
0.808933019638062
1.12996006011963
1.43053674697876
1.3604633808136
1.12169647216797
1.12795674800873
1.42106282711029
1.41163074970245
0.970406413078308
0.741488933563232
0.959889113903046
1.17474186420441
0.871827900409698
0.305147618055344
0.192420914769173
0.453850090503693
0.474842876195908
0.130944982171059
-0.206817820668221
-0.198095172643662
-0.191292345523834
-0.283944427967072
-0.341372042894363
-0.475801050662994
-0.253227353096008
0.176436334848404
0.114292651414871
-0.366538375616074
-0.56123298406601
-0.619411826133728
-0.438948899507523
-0.176893696188927
-0.19830384850502
-0.248344331979752
-0.237743601202965
-0.230940759181976
-0.402973175048828
-0.264287173748016
-0.249512910842896
-0.589863300323486
-0.605889618396759
-0.425468444824219
-0.411987960338593
-0.453931838274002
-0.587526142597198
-0.909805178642273
-0.902251124382019
-0.911391139030457
-0.813229978084564
-0.39604514837265
-0.473505616188049
-0.572710156440735
-0.4129478931427
0.0643773749470711
0.325973480939865
-0.135909751057625
-0.199055090546608
0.0530254058539867
0.0873734578490257
0.100686982274055
0.280440390110016
0.727298974990845
0.81465071439743
0.326724708080292
-0.0899593234062195
0.0666310787200928
0.634438216686249
0.858138799667358
0.408567398786545
0.183155700564384
0.463699579238892
0.513114035129547
0.258195549249649
-0.190248966217041
-0.127479255199432
0.0196372624486685
-0.0745590403676033
-0.403891354799271
-0.605639219284058
-0.397130250930786
-0.273677587509155
-0.259153753519058
-0.61027181148529
-0.800417304039001
-0.634561717510223
-0.547209978103638
-0.528053522109985
-0.644912004470825
-0.688900887966156
-0.697540104389191
-0.658434212207794
-0.555807411670685
-0.476760983467102
-0.370711892843246
-0.137704372406006
0.0661302506923676
0.0791098922491074
0.0841598510742188
0.293044418096542
0.696999251842499
0.957551956176758
0.855133831501007
0.765111029148102
0.966107666492462
1.29869532585144
1.44226431846619
1.25191020965576
1.12849926948547
1.3740690946579
1.5266946554184
1.16334819793701
0.724461019039154
0.761438369750977
1.09227311611176
1.04323434829712
0.514866888523102
0.0883333683013916
0.12748096883297
0.38444447517395
0.269756197929382
-0.148931130766869
-0.266081780195236
-0.194881558418274
-0.354226469993591
-0.355603754520416
-0.426637023687363
-0.477345257997513
-0.182194069027901
0.0460973680019379
-0.145508840680122
-0.431019216775894
-0.41474249958992
-0.413240015506744
-0.428264707326889
-0.450217396020889
-0.460150361061096
-0.326848208904266
-0.077063150703907
-0.0556530021131039
-0.208946317434311
-0.278769284486771
-0.619328379631042
-0.761979222297668
-0.571583330631256
-0.593911647796631
-0.405852913856506
-0.276640772819519
-0.823455095291138
-0.995237112045288
-0.735602557659149
-0.881174862384796
-0.534939825534821
-0.178730055689812
-0.486652225255966
-0.536650955677032
-0.122137144207954
0.339078336954117
0.0996436029672623
-0.0643339231610298
0.0766475200653076
0.231401562690735
0.347800999879837
0.213914528489113
0.50764673948288
0.819366812705994
0.767030894756317
0.111245982348919
-0.14872245490551
0.33924525976181
0.726965129375458
0.653469443321228
0.145510569214821
0.321591287851334
0.515618145465851
0.41678923368454
-0.110242620110512
-0.493997603654861
-0.216500386595726
-0.0909609645605087
-0.263118594884872
-0.614654004573822
-0.551550388336182
-0.401053369045258
-0.372089147567749
-0.522961795330048
-0.788063704967499
-0.635145962238312
-0.539196789264679
-0.493830651044846
-0.584145605564117
-0.715527951717377
-0.714025497436523
-0.644119024276733
-0.510399520397186
-0.508354485034943
-0.493663728237152
-0.311406195163727
-0.0326569192111492
0.111830279231071
0.0396701470017433
0.076730988919735
0.371089220046997
0.812146604061127
1.00058090686798
0.828298091888428
0.744326949119568
1.05254125595093
1.39527058601379
1.30207586288452
1.10266518592834
1.26213526725769
1.51859796047211
1.37085545063019
0.901126027107239
0.711356163024902
0.966858923435211
1.19715368747711
0.861644506454468
0.309154212474823
0.180902004241943
0.412490516901016
0.50038480758667
0.127647906541824
-0.276640772819519
-0.303893864154816
-0.324552774429321
-0.372923851013184
-0.355854153633118
-0.496626913547516
-0.265497505664825
0.107155933976173
-0.0407118089497089
-0.507311105728149
-0.602550804615021
-0.561859011650085
-0.487111300230026
-0.286031186580658
-0.229563504457474
-0.20915499329567
-0.127729654312134
-0.139791131019592
-0.340495616197586
-0.377681642770767
-0.505850374698639
-0.733432352542877
-0.670495688915253
-0.495333135128021
-0.328267216682434
-0.177895352244377
-0.431019216775894
-0.973868727684021
-0.866150200366974
-0.925247251987457
-0.980421125888824
-0.23344486951828
-0.361029326915741
-0.576382875442505
-0.0536497160792351
0.234323024749756
0.273721039295197
-0.137370482087135
-0.267417311668396
0.158281534910202
0.252769976854324
0.173681810498238
0.381689965724945
0.68898606300354
0.644788503646851
0.259990155696869
-0.0868291854858398
0.112372830510139
0.651382684707642
0.839817047119141
0.302685260772705
0.0890846028923988
0.481854379177094
0.503723621368408
0.200934886932373
-0.263160318136215
-0.254896759986877
-0.0746842473745346
-0.122637964785099
-0.509606540203094
-0.627091109752655
-0.349677354097366
-0.308150857686996
-0.378933697938919
-0.695244669914246
-0.789440929889679
-0.636898875236511
-0.529681205749512
-0.490283161401749
-0.640279412269592
-0.752087950706482
-0.762855648994446
-0.599337220191956
-0.476552307605743
-0.473004817962646
-0.382481187582016
-0.147679075598717
0.0604542680084705
0.0488101541996002
0.029403293505311
0.316624820232391
0.752840936183929
1.0507048368454
0.932343900203705
0.724711418151855
0.953420162200928
1.33504664897919
1.40925180912018
1.20182800292969
1.14510989189148
1.3667653799057
1.40833365917206
1.02954518795013
0.663527607917786
0.717073857784271
1.00020527839661
0.923871695995331
0.379770129919052
-0.0153785543516278
0.138206914067268
0.42830815911293
0.161328196525574
-0.241583228111267
-0.319961905479431
-0.268168538808823
-0.479515492916107
-0.59044760465622
-0.51749449968338
-0.436319589614868
-0.0185504276305437
0.196302279829979
-0.28548863530159
-0.626298129558563
-0.543745934963226
-0.394626140594482
-0.133113503456116
-0.0568215884268284
-0.168004110455513
-0.232443228363991
-0.188537821173668
-0.361154526472092
-0.416161477565765
-0.246299311518669
-0.413615643978119
-0.623042762279511
-0.566783785820007
-0.363658636808395
-0.241583228111267
-0.386028677225113
-0.802504062652588
-0.857469260692596
-0.875916242599487
-0.951248228549957
-0.353308320045471
-0.0887072682380676
-0.53798645734787
-0.512736678123474
0.0230178125202656
0.435903966426849
0.165126100182533
-0.109282709658146
0.0908792167901993
0.183197438716888
0.205400556325912
0.310781866312027
0.640322864055634
0.659646272659302
0.489032834768295
0.0435515195131302
-0.0507282540202141
0.466746240854263
0.809767723083496
0.648836851119995
0.0556547231972218
0.187204018235207
0.396172046661377
0.333861440420151
-0.0296519864350557
-0.30931943655014
-0.196676179766655
-0.224847421050072
-0.495625287294388
-0.797161936759949
-0.692615330219269
-0.460359036922455
-0.337365478277206
-0.49466535449028
-0.786978542804718
-0.699626863002777
-0.599378943443298
-0.556976020336151
-0.588736474514008
-0.649461150169373
-0.685729026794434
-0.64583021402359
-0.515073895454407
-0.510566473007202
-0.480642348527908
-0.293000966310501
-0.0324065089225769
0.10565347224474
0.062666229903698
0.186077162623405
0.54917323589325
0.952961087226868
1.07595467567444
0.863021790981293
0.763149499893188
1.10729777812958
1.45382499694824
1.35261714458466
1.19840574264526
1.32628226280212
1.46354925632477
1.28062403202057
0.842696726322174
0.697917401790619
0.960306465625763
1.15354037284851
0.850709915161133
0.288745701313019
0.102272920310497
0.342124998569489
0.418875992298126
0.0390441194176674
-0.328475892543793
-0.359276443719864
-0.350971132516861
-0.420877575874329
-0.414617300033569
-0.445960402488708
-0.291248083114624
0.00548903597518802
-0.180649861693382
-0.599796295166016
-0.551550388336182
-0.393958389759064
-0.327140361070633
-0.308902084827423
-0.302892208099365
-0.279687464237213
-0.225974276661873
-0.228269711136818
-0.326180458068848
-0.24842780828476
-0.309736788272858
-0.540031492710114
-0.648125648498535
-0.607225120067596
-0.412822663784027
-0.26353594660759
-0.5658238530159
-0.853713095188141
-0.739859580993652
-0.969736933708191
-1.01660549640656
-0.440117478370666
-0.406270265579224
-0.526300609111786
0.0394614711403847
0.415245026350021
0.118299230933189
-0.253686428070068
-0.436528265476227
0.0243950728327036
0.424969345331192
0.158949300646782
0.428808957338333
0.637151002883911
0.527721345424652
0.248220846056938
-0.207068234682083
0.344796061515808
0.724043667316437
0.683769166469574
0.272468984127045
-0.00440220208838582
0.428182929754257
0.551760792732239
0.341791123151779
-0.259946703910828
-0.295630306005478
-0.0927973166108131
-0.267584264278412
-0.607600748538971
-0.720703125
-0.433648526668549
-0.312073945999146
-0.380352705717087
-0.701421439647675
-0.802504062652588
-0.605513989925385
-0.42200443148613
-0.436069160699844
-0.652299165725708
-0.770534932613373
-0.763481676578522
-0.600797951221466
-0.505474805831909
-0.437947243452072
-0.292458415031433
-0.132529199123383
0.0222248435020447
0.0312813781201839
0.0157141555100679
0.30811083316803
0.799751281738281
1.06385147571564
0.905675172805786
0.665280520915985
0.897954106330872
1.43420946598053
1.46484303474426
1.14419174194336
1.16121959686279
1.39264118671417
1.33262598514557
0.965272963047028
0.687567114830017
0.817947804927826
1.0852198600769
0.960473418235779
0.450511276721954
0.0950944647192955
0.297217935323715
0.518038809299469
0.194758072495461
-0.241082414984703
-0.26533055305481
-0.167670235037804
-0.389617919921875
-0.529597699642181
-0.544288516044617
-0.377890318632126
0.0621654093265533
0.133365631103516
-0.416954457759857
-0.699626863002777
-0.587484419345856
-0.326597809791565
-0.145300164818764
-0.198470786213875
-0.339953064918518
-0.439241051673889
-0.298843890428543
-0.203186869621277
-0.0957605093717575
-0.045928705483675
-0.371045768260956
-0.587651371955872
-0.616281688213348
-0.643117427825928
-0.357398360967636
-0.374593257904053
-0.736979842185974
-0.721579551696777
-0.71481841802597
-0.894864022731781
-0.515783369541168
-0.167503282427788
-0.47630187869072
-0.439449727535248
0.169758707284927
0.455769896507263
-0.0407118089497089
-0.340579092502594
-0.0566963814198971
0.370630115270615
0.232945770025253
0.0531923472881317
0.452222406864166
0.597419083118439
0.441788613796234
-0.010662479326129
-0.0493092574179173
0.483815938234329
0.676841139793396
0.437990725040436
-0.0688413232564926
0.201602652668953
0.653177320957184
0.530267179012299
-0.0107876844704151
-0.448255836963654
-0.33573779463768
-0.302474856376648
-0.516075491905212
-0.703466475009918
-0.480725824832916
-0.289703905582428
-0.265121877193451
-0.451302528381348
-0.770075798034668
-0.749249994754791
-0.54625004529953
-0.416453629732132
-0.623251438140869
-0.760434985160828
-0.701880514621735
-0.655554473400116
-0.56949657201767
-0.479348570108414
-0.315371036529541
-0.137996509671211
0.0146707752719522
0.140669286251068
0.117005437612534
0.219298362731934
0.595207154750824
1.01406145095825
1.14682102203369
0.924956798553467
0.865525901317596
1.26843738555908
1.60394644737244
1.40169775485992
1.18342280387878
1.36551332473755
1.50908243656158
1.25549948215485
0.794117033481598
0.639362931251526
0.932677805423737
1.09703099727631
0.678802728652954
0.192337438464165
0.111872009932995
0.354436874389648
0.359027743339539
-0.0760615095496178
-0.343750953674316
-0.421461850404739
-0.322466015815735
-0.376137465238571
-0.574963867664337
-0.544622361660004
-0.206943035125732
0.135911479592323
-0.140250220894814
-0.557602047920227
-0.605639219284058
-0.533145189285278
-0.339953064918518
-0.216709062457085
-0.143964648246765
-0.0352027639746666
-0.0238507967442274
-0.178187489509583
-0.415952801704407
-0.304019063711166
-0.352724015712738
-0.569663465023041
-0.485984444618225
-0.443998843431473
-0.439992278814316
-0.379100650548935
-0.659227192401886
-0.822036147117615
-0.701254487037659
-0.876250147819519
-0.774958848953247
-0.37634614109993
-0.320921808481216
-0.362782210111618
-0.0643756538629532
0.338535785675049
0.180651590228081
-0.190207228064537
-0.237660124897957
0.0302797332406044
0.446922034025192
0.241125866770744
0.317960321903229
0.734853029251099
0.625172972679138
0.391414254903793
-0.133906468749046
0.269881397485733
0.820118010044098
0.559732258319855
0.315539687871933
0.126980140805244
0.430520117282867
0.608645856380463
0.330981701612473
-0.281690746545792
-0.392915010452271
-0.156652137637138
-0.313033849000931
-0.679760873317719
-0.687774062156677
-0.376638263463974
-0.22572386264801
-0.242835283279419
-0.570289492607117
-0.748123109340668
-0.650295853614807
-0.41340696811676
-0.376137465238571
-0.630680322647095
-0.706888735294342
-0.656097054481506
-0.541742622852325
-0.514990389347076
-0.424842417240143
-0.18419736623764
-0.0405031330883503
0.0666728094220161
0.0686760991811752
0.03649827465415
0.318252474069595
0.840359568595886
1.13839054107666
0.993903338909149
0.734560906887054
0.925415873527527
1.4121732711792
1.37891030311584
1.07866752147675
1.13964259624481
1.38575494289398
1.23638474941254
0.814066410064697
0.581351041793823
0.744118273258209
1.07173943519592
0.937894701957703
0.399343937635422
0.0663389265537262
0.298094391822815
0.556977689266205
0.161244735121727
-0.261449187994003
-0.316330939531326
-0.260531008243561
-0.221174731850624
-0.325304001569748
-0.559605300426483
-0.450968623161316
0.0912548303604126
0.203355520963669
-0.333776235580444
-0.61194121837616
-0.592200458049774
-0.428139477968216
-0.172386303544044
-0.102730289101601
-0.104274488985538
-0.169965669512749
-0.219087973237038
-0.402514100074768
-0.472963064908981
-0.382230788469315
-0.456394195556641
-0.436778664588928
-0.421420127153397
-0.570999026298523
-0.468831300735474
-0.490283161401749
-0.850833415985107
-0.683099687099457
-0.689819097518921
-0.921240627765656
-0.355395078659058
-0.182820096611977
-0.391829878091812
-0.0778143852949142
0.33912006020546
0.413408696651459
0.00169113441370428
-0.31783339381218
-0.077021412551403
0.338494032621384
0.168590128421783
0.192212238907814
0.519416034221649
0.579598188400269
0.597126960754394
-0.169840455055237
0.0125840166583657
0.61870402097702
0.525759816169739
0.367875605821609
-0.151226565241814
0.167296335101128
0.548964560031891
0.490159690380096
-0.0498100779950619
-0.477220058441162
-0.341956347227097
-0.304978966712952
-0.577426254749298
-0.829715371131897
-0.501468181610107
-0.246591448783874
-0.168045848608017
-0.379100650548935
-0.766152739524841
-0.712272584438324
-0.451093852519989
-0.30652317404747
-0.550089657306671
-0.739984750747681
-0.690904200077057
-0.560899078845978
-0.461277216672897
-0.404600858688354
-0.243586525321007
-0.0950927510857582
0.0778995752334595
0.171428114175797
0.122180603444576
0.262828171253204
0.664988338947296
1.07720673084259
1.15600275993347
0.935933172702789
0.878422081470489
1.24231112003326
1.52068471908569
1.27970588207245
1.07207334041595
1.33275127410889
1.46425879001617
1.0910210609436
0.63836133480072
0.58665144443512
0.909013986587524
0.987309157848358
0.563905775547028
0.0662971958518028
0.0953448787331581
0.440411359071732
0.29133328795433
-0.138413861393929
-0.442872017621994
-0.447755038738251
-0.348174870014191
-0.422380030155182
-0.536191880702972
-0.537569105625153
-0.176518082618713
0.0718897059559822
-0.192085310816765
-0.540699243545532
-0.483897686004639
-0.354560375213623
-0.207109972834587
-0.0662954747676849
-0.112287640571594
-0.152478620409966
-0.147053048014641
-0.0993497371673584
-0.27864408493042
-0.356730610132217
-0.324218899011612
-0.450634747743607
-0.542702555656433
-0.593118667602539
-0.639862060546875
-0.594788074493408
-0.583436071872711
-0.751712322235107
-0.717614710330963
-0.729634404182434
-0.747538805007935
-0.42705437541008
-0.363950788974762
-0.319377601146698
0.130694583058357
0.440286159515381
0.157279893755913
-0.232944056391716
-0.283401876688004
0.120052106678486
0.430603593587875
0.138290375471115
0.399677813053131
0.537111759185791
0.609939634799957
0.364620268344879
-0.352890968322754
0.375346213579178
0.622627139091492
0.402891427278519
0.135368913412094
-0.0423394814133644
0.439868807792664
0.589197278022766
0.313536405563354
-0.372256070375442
-0.522627949714661
-0.314661532640457
-0.419708997011185
-0.805717647075653
-0.768114268779755
-0.366121023893356
-0.27171602845192
-0.345962911844254
-0.681764185428619
-0.87190967798233
-0.729676187038422
-0.475550651550293
-0.49779549241066
-0.775626599788666
-0.819365084171295
-0.66945230960846
-0.524672985076904
-0.561566889286041
-0.497086018323898
-0.312491297721863
-0.222009435296059
-0.0766875371336937
0.0122084002941847
0.0823652371764183
0.386739909648895
0.840234398841858
1.14673757553101
1.0209059715271
0.738567471504211
0.955340027809143
1.41551208496094
1.32849431037903
1.02837657928467
1.13275623321533
1.372274518013
1.23667681217194
0.844992220401764
0.61411315202713
0.746747553348541
1.01765060424805
0.894531846046448
0.335906445980072
0.0213066693395376
0.228939190506935
0.424468517303467
0.0929659754037857
-0.265497505664825
-0.384442746639252
-0.482061356306076
-0.447003781795502
-0.41979244351387
-0.604595839977264
-0.592868268489838
-0.122262351214886
0.157822445034981
-0.281148195266724
-0.578094005584717
-0.559772253036499
-0.516409397125244
-0.335362195968628
-0.216917738318443
-0.135200262069702
-0.0614124573767185
-0.0613289885222912
-0.236533269286156
-0.365453243255615
-0.339577436447144
-0.532143533229828
-0.612024664878845
-0.663484156131744
-0.67450225353241
-0.303184360265732
-0.264579325914383
-0.760518491268158
-0.811185002326965
-0.792863249778748
-1.11806380748749
-0.673458874225617
-0.0973047167062759
-0.268335491418838
-0.141293600201607
0.318544626235962
0.202145203948021
-0.255481034517288
-0.397213727235794
-0.0273982863873243
0.304438143968582
0.160743907094002
0.137747824192047
0.35243359208107
0.55109304189682
0.463490903377533
-0.0212214794009924
-0.00515343528240919
0.627468407154083
0.506227731704712
0.12122069299221
-0.0564042367041111
0.160618707537651
0.624880850315094
0.436738669872284
-0.253728181123734
-0.520040333271027
-0.371630042791367
-0.346422016620636
-0.599128544330597
-0.788731455802918
-0.539530694484711
-0.406395465135574
-0.326848208904266
-0.503763616085052
-0.748665690422058
-0.669034957885742
-0.454891741275787
-0.342624098062515
-0.611565589904785
-0.740694284439087
-0.650754928588867
-0.484106361865997
-0.382898539304733
-0.388073712587357
-0.240665063261986
-0.107195951044559
0.0306970849633217
0.149600610136986
0.0972229614853859
0.264330625534058
0.73923522233963
1.1415206193924
1.15404117107391
0.848915278911591
0.804884672164917
1.23158514499664
1.40808320045471
1.11526918411255
0.973786950111389
1.18651115894318
1.25349617004395
0.935056686401367
0.583229124546051
0.567453265190124
0.877712547779083
0.930090248584747
0.502429842948914
0.0521072335541248
0.0528167299926281
0.380187481641769
0.266250431537628
-0.203103393316269
-0.378641575574875
-0.29700756072998
-0.433606803417206
-0.516367673873901
-0.513070583343506
-0.580973744392395
-0.18912211060524
0.243212625384331
-0.0248941760510206
-0.469540774822235
-0.523629605770111
-0.588986873626709
-0.387405961751938
-0.0509786643087864
-0.0117058586329222
-0.0105372732505202
0.0407135263085365
-0.0122901508584619
-0.326430857181549
-0.412655740976334
-0.450551271438599
-0.611273467540741
-0.537903010845184
-0.630555093288422
-0.594704568386078
-0.343166649341583
-0.587067067623138
-0.840608298778534
-0.660228848457336
-0.882134795188904
-0.678926169872284
-0.0821548402309418
-0.346046388149262
-0.386362582445145
0.0209727883338928
0.412073165178299
0.275974750518799
-0.134156882762909
-0.0809445232152939
0.140001520514488
0.278144955635071
0.0862883478403091
0.299805521965027
0.693618714809418
0.80187976360321
0.447673261165619
-0.178980454802513
0.413575619459152
0.597878158092499
0.413116544485092
0.27522349357605
0.118841789662838
0.462614476680756
0.541034877300262
0.0809045061469078
-0.459482610225678
-0.389033615589142
-0.188370883464813
-0.277809381484985
-0.744826018810272
-0.742614090442657
-0.463781327009201
-0.325930029153824
-0.358191341161728
-0.673208475112915
-0.635104238986969
-0.516951978206634
-0.401303768157959
-0.521709740161896
-0.765067577362061
-0.708892047405243
-0.548295080661774
-0.398006677627563
-0.446461230516434
-0.412321865558624
-0.211867779493332
-0.0734321922063827
0.140836223959923
0.253187328577042
0.27981436252594
0.502179443836212
0.89119303226471
1.22837150096893
1.1556271314621
0.905675172805786
1.11489355564117
1.47623682022095
1.34644043445587
1.07357573509216
1.16397416591644
1.34844362735748
1.24085032939911
0.932135224342346
0.668828010559082
0.777005553245544
1.03960335254669
0.844032287597656
0.292835742235184
0.0430089645087719
0.277602404356003
0.388951867818832
0.0272748004645109
-0.260364055633545
-0.338659256696701
-0.401011615991592
-0.504681825637817
-0.451761603355408
-0.479640692472458
-0.429641962051392
-0.0327403880655766
0.0375416539609432
-0.313242524862289
-0.516743302345276
-0.439241051673889
-0.346881091594696
-0.190708041191101
-0.0642921850085258
-0.0371225848793983
0.0519820265471935
0.104401417076588
-0.134741172194481
-0.227894097566605
-0.19763608276844
-0.551216542720795
-0.669535756111145
-0.531976640224457
-0.515783369541168
-0.282984524965286
-0.149431958794594
-0.639528155326843
-0.737856268882751
-0.590823233127594
-0.909680008888245
-0.608894526958466
-0.12130244076252
-0.229980856180191
-0.0418803952634335
0.415286779403687
0.316082239151001
-0.0701351091265678
-0.295797228813171
-0.0473059676587582
0.418792515993118
0.135076776146889
0.127981796860695
0.573254406452179
0.769785404205322
0.595582723617554
-0.130525916814804
0.293545246124268
0.63882040977478
0.548922836780548
0.505351305007935
0.112247630953789
0.320047080516815
0.582269251346588
0.415787607431412
-0.330187022686005
-0.527469217777252
-0.176392883062363
-0.0761449784040451
-0.470751106739044
-0.723624587059021
-0.412613987922668
-0.250806719064713
-0.156902551651001
-0.36269873380661
-0.581891894340515
-0.502428114414215
-0.30013769865036
-0.251516193151474
-0.560648679733276
-0.664903163909912
-0.537318706512451
-0.40009343624115
-0.356939285993576
-0.272467255592346
-0.0713871642947197
0.0188442934304476
0.133699506521225
0.291875839233398
0.323177218437195
0.462739676237106
0.858222246170044
1.2527449131012
1.27478110790253
1.01113998889923
0.996908247470856
1.37548804283142
1.4860862493515
1.1717369556427
1.04515409469604
1.33479630947113
1.41580426692963
1.12712204456329
0.790986895561218
0.677341997623444
0.916025459766388
0.951792538166046
0.556560337543488
0.141295313835144
0.220800831913948
0.47016853094101
0.254355907440186
-0.0983063578605652
-0.225348249077797
-0.191751420497894
-0.337240278720856
-0.430142790079117
-0.401220291852951
-0.413907796144486
-0.0667128264904022
0.255065411329269
-0.00110512261744589
-0.452638030052185
-0.4973364174366
-0.275013118982315
2.17272172449157E-5
0.139918059110641
0.00210848613642156
-0.0892915576696396
-0.0086174551397562
-0.0205954518169165
-0.00615507969632745
0.0957204923033714
-0.183362662792206
-0.577301025390625
-0.66824197769165
-0.686396777629852
-0.466953217983246
-0.0910027027130127
-0.327808111906052
-0.629469990730286
-0.55718469619751
-0.887685537338257
-0.739275276660919
-0.0844920128583908
-0.12589330971241
-0.160575240850449
0.18557633459568
0.290456861257553
-0.0470138229429722
-0.357523560523987
-0.209906235337257
0.343460530042648
0.539281964302063
0.21746201813221
0.414034724235535
0.599171996116638
0.68898606300354
0.155443534255028
-0.0108711551874876
0.682308435440063
0.632518410682678
0.603262007236481
0.165835604071617
0.166169479489326
0.541368782520294
0.611692547798157
0.131946638226509
-0.472963064908981
-0.407063215970993
-0.268043339252472
-0.379684954881668
-0.778840184211731
-0.609478831291199
-0.373341202735901
-0.324051946401596
-0.368249505758286
-0.686271607875824
-0.695453345775604
-0.489323258399963
-0.300054222345352
-0.537151753902435
-0.860766351222992
-0.791026890277863
-0.56682550907135
-0.427430003881454
-0.399342209100723
-0.263911545276642
-0.0924634337425232
0.0150046572089195
0.176478073000908
0.297092735767364
0.43502750992775
0.738442301750183
1.15274739265442
1.38028764724731
1.16355681419373
0.877420425415039
1.12161302566528
1.52414882183075
1.41755712032318
1.15692090988159
1.21017503738403
1.39581310749054
1.31568157672882
0.962852358818054
0.694912493228912
0.822663843631744
1.0607213973999
0.780553042888641
0.246259286999702
0.0885837823152542
0.331983357667923
0.411029785871506
0.0402544401586056
-0.204772800207138
-0.266958236694336
-0.382773339748383
-0.409650802612305
-0.31929412484169
-0.476093202829361
-0.49420627951622
-0.0448018573224545
0.082281768321991
-0.378683298826218
-0.532435715198517
-0.342874526977539
-0.250013738870621
-0.0486832298338413
0.0353714264929295
-0.0424646846950054
-0.0329908020794392
0.033743754029274
-0.0759780332446098
-0.160450041294098
-0.133447378873825
-0.374426305294037
-0.606348693370819
-0.607642471790314
-0.432396471500397
-0.182277545332909
-0.262116938829422
-0.610814392566681
-0.535023272037506
-0.690653800964355
-0.841025650501251
-0.231900677084923
-0.0270644053816795
-0.244170814752579
-0.129524275660515
0.141879603266716
0.125769823789597
-0.238411352038383
-0.280981242656708
-0.00719845900312066
0.317584723234177
0.208572417497635
0.0768979266285896
0.46937558054924
0.601258754730225
0.426430076360703
0.002233691746369
-0.150141447782516
0.397841453552246
0.787898480892181
0.506269454956055
0.0422577299177647
0.263036847114563
0.295882433652878
0.00924520194530487
-0.305229395627975
-0.448673188686371
-0.202352166175842
-0.109157502651215
-0.472044885158539
-0.84528261423111
-0.589779853820801
-0.248219132423401
-0.101060882210732
-0.414158195257187
-0.567785382270813
-0.424299865961075
-0.460233837366104
-0.451427727937698
-0.591866612434387
-0.582643151283264
-0.539113342761993
-0.397964954376221
-0.239663407206535
-0.352348387241364
-0.343876153230667
-0.121052034199238
0.168089300394058
0.277226805686951
0.223138004541397
0.39262455701828
0.821119666099548
1.19681978225708
1.23467361927032
0.9414421916008
0.765277981758118
1.1140171289444
1.29030656814575
1.02704107761383
1.00525534152985
1.27903807163239
1.33667433261871
0.928796410560608
0.539824545383453
0.544749319553375
0.840276122093201
0.986724853515625
0.586943566799164
0.142630845308304
0.157405093312263
0.431354820728302
0.26658433675766
-0.156067848205566
-0.280647367238998
-0.331313878297806
-0.331188678741455
-0.308526456356049
-0.420209795236588
-0.535064995288849
-0.302266180515289
0.0235186330974102
-0.166793793439865
-0.450008720159531
-0.374927133321762
-0.23624113202095
-0.131444096565247
-0.111661612987518
-0.120843358337879
-0.137412220239639
-0.093715488910675
-0.157194703817368
-0.258277297019958
-0.14592619240284
-0.28323495388031
-0.550089657306671
-0.684310019016266
-0.699251234531403
-0.401345491409302
-0.192210510373116
-0.40522688627243
-0.636022448539734
-0.689610421657562
-0.943527221679688
-0.736729443073273
-0.00444393698126078
-0.034701943397522
-0.276390373706818
-0.0276904329657555
0.0832834094762802
-0.266373932361603
-0.488613754510879
-0.130150303244591
0.354102998971939
0.264789700508118
-0.00360923353582621
0.138081699609756
0.447381138801575
0.622460186481476
0.24175189435482
-0.183905214071274
0.145093217492104
0.702675223350525
0.633728682994842
-0.0590335540473461
0.0328255780041218
0.380145758390427
0.203105121850967
-0.115835130214691
-0.46040078997612
-0.386988610029221
-0.26533055305481
-0.383649796247482
-0.854714751243591
-0.850457787513733
-0.41328176856041
-0.297842264175415
-0.433940678834915
-0.749208211898804
-0.701797068119049
-0.636314570903778
-0.63297575712204
-0.603176832199097
-0.693116128444672
-0.729384005069733
-0.627299785614014
-0.407689243555069
-0.382439464330673
-0.387739837169647
-0.222510248422623
0.0450122505426407
0.225558638572693
0.174307838082314
0.29133328795433
0.726589500904083
1.16355681419373
1.34093129634857
1.12549436092377
0.734769582748413
0.960515141487122
1.43963503837585
1.28321158885956
1.01477086544037
1.14986765384674
1.3571662902832
1.05137264728546
0.600257098674774
0.503347992897034
0.741655886173248
0.971616744995117
0.671415567398071
0.1307363063097
-0.0255619380623102
0.309321135282516
0.389619648456574
-0.0906270816922188
-0.502595067024231
-0.600046694278717
-0.504598319530487
-0.465534210205078
-0.53798645734787
-0.631807148456573
-0.403348803520203
-0.109199240803719
-0.17793707549572
-0.439407974481583
-0.446502953767777
-0.3375324010849
-0.27551394701004
-0.169214427471161
-0.156610399484634
-0.10798891633749
0.0114989019930363
-0.00131379859521985
-0.264245420694351
-0.381646484136581
-0.462487548589706
-0.540490567684174
-0.329686194658279
-0.393415808677673
-0.501927316188812
-0.265622705221176
-0.442120760679245
-0.842277705669403
-0.675545632839203
-0.735560834407806
-0.70517760515213
0.00411177473142743
-0.0751015990972519
-0.460025161504745
-0.350178182125092
-0.0352027639746666
0.0874151960015297
-0.241040676832199
-0.270630925893784
-0.0927555784583092
0.139709383249283
-0.0933816060423851
-0.139999806880951
0.277811080217361
0.684061348438263
0.563196241855621
-0.249262511730194
-0.0508534573018551
0.262076914310455
0.655389249324799
0.257319122552872
-0.239830359816551
0.259405881166458
0.257444322109222
0.0887507200241089
-0.349218249320984
-0.469666004180908
-0.23478040099144
-0.122220613062382
-0.515407741069794
-0.932801306247711
-0.593869864940643
-0.263953298330307
-0.132111847400665
-0.468455672264099
-0.661773025989532
-0.489072859287262
-0.447504609823227
-0.437905520200729
-0.648125648498535
-0.708641648292541
-0.574379563331604
-0.380227506160736
-0.319628030061722
-0.400886416435242
-0.330145299434662
-0.140542358160019
0.127856582403183
0.215542197227478
0.228730514645576
0.45205545425415
0.831636905670166
1.15212142467499
1.11410057544708
0.75521981716156
0.710396230220795
1.18338108062744
1.35428655147552
1.11017751693726
1.03785049915314
1.15700435638428
1.08133852481842
0.780678272247314
0.56348842382431
0.66023051738739
0.927210509777069
0.968737006187439
0.447548061609268
-0.00273279473185539
0.118841789662838
0.401555895805359
0.192879989743233
-0.291623711585999
-0.550673961639404
-0.64436948299408
-0.471669286489487
-0.36182227730751
-0.558812320232391
-0.626882433891296
-0.357690513134003
-0.0869126543402672
-0.272675931453705
-0.506643354892731
-0.383733242750168
-0.226349890232086
-0.124516054987907
-0.15118482708931
-0.176559820771217
-0.160324841737747
-0.0778143852949142
-0.0301945433020592
-0.176559820771217
-0.219087973237038
-0.391746401786804
-0.592492640018463
-0.551926016807556
-0.52988988161087
-0.426303148269653
-0.158029407262802
-0.289495229721069
-0.693199634552002
-0.706847012042999
-0.731929838657379
-0.371212691068649
-0.066003330051899
-0.212869435548782
-0.237201035022736
-0.0991827994585037
0.0769814029335976
-0.310613214969635
-0.42525976896286
-0.0450522676110268
0.296550184488297
0.226727232336998
-0.169464841485023
-0.0445514470338821
0.405061662197113
0.778633236885071
-0.00436046672984958
-0.217502027750015
0.273971438407898
0.505059123039246
0.44049483537674
-0.249179035425186
0.00502994889393449
0.26750248670578
0.275974750518799
-0.130609393119812
-0.594537675380707
-0.418749064207077
-0.266582608222961
-0.388532817363739
-0.924704670906067
-0.788355827331543
-0.361071050167084
-0.302767008543015
-0.366329699754715
-0.683892667293549
-0.688567042350769
-0.639820337295532
-0.484481990337372
-0.465242058038712
-0.744074821472168
-0.737105011940002
-0.528053522109985
-0.315788388252258
-0.353642195463181
-0.383482843637466
-0.273009836673737
-0.101102612912655
0.103566713631153
0.204983204603195
0.367833882570267
0.695997595787048
1.05120575428009
1.17374014854431
0.864899873733521
0.583563029766083
0.98801863193512
1.3649708032608
1.18872308731079
0.976291060447693
1.04390203952789
1.12069475650787
0.882345199584961
0.557061195373535
0.431939095258713
0.736188590526581
0.991566121578217
0.657058656215668
0.150351852178574
0.0294450297951698
0.295882433652878
0.252143949270248
-0.261449187994003
-0.569872140884399
-0.63489556312561
-0.555849134922028
-0.42112797498703
-0.57095730304718
-0.82111793756485
-0.699710309505463
-0.182194069027901
-0.0129996491596103
-0.352056264877319
-0.512820184230804
-0.468080043792725
-0.396128594875336
-0.211492165923119
-0.119966916739941
-0.0480989366769791
0.039127591997385
0.0140864830464125
-0.273761063814163
-0.434065878391266
-0.402514100074768
-0.589487671852112
-0.512778460979462
-0.389701396226883
-0.354810774326324
-0.250472813844681
-0.499715328216553
-0.740360379219055
-0.707013964653015
-0.705010652542114
-0.614111423492432
-0.250180691480637
-0.151936069130898
-0.428890734910965
-0.457395851612091
0.00799314677715302
0.0776491612195969
-0.243503049015999
-0.25034761428833
-0.232735380530357
-0.0153785543516278
-0.184739917516708
-0.20635874569416
0.389828324317932
0.648586452007294
0.442623317241669
-0.313284277915955
-0.289161324501038
0.254522860050201
0.551677346229553
0.159241437911987
-0.175683379173279
0.252310901880264
0.154525369405746
-0.0814870819449425
-0.39550256729126
-0.409442126750946
-0.168546661734581
-0.166334703564644
-0.580389440059662
-0.966690242290497
-0.632641851902008
-0.333066761493683
-0.214163213968277
-0.410652458667755
-0.575506389141083
-0.574922144412994
-0.635020792484283
-0.486234873533249
-0.574963867664337
-0.703842103481293
-0.653217315673828
-0.450175672769546
-0.363825589418411
-0.482103079557419
-0.430267989635468
-0.22605773806572
0.0622071474790573
0.210158362984657
0.290623784065247
0.568788766860962
0.949121475219727
1.22641003131866
1.08905947208405
0.627885758876801
0.727591156959534
1.26071631908417
1.38166487216949
1.17795550823212
1.03292572498322
1.07799971103668
1.02474558353424
0.765611886978149
0.651674807071686
0.814275085926056
1.04365170001984
0.955298244953155
0.402933150529861
0.0328255780041218
0.0955952927470207
0.354729026556015
0.200267121195793
-0.27584782242775
-0.48502454161644
-0.503554940223694
-0.464949905872345
-0.402472347021103
-0.57554817199707
-0.743907868862152
-0.389325767755508
0.096012644469738
-0.0225152708590031
-0.419208168983459
-0.499715328216553
-0.41240531206131
-0.195131972432137
-0.0903766751289368
-0.0432159192860126
0.0485597439110279
0.0459304265677929
-0.114332668483257
-0.237868800759315
-0.234613463282585
-0.385778278112412
-0.450300872325897
-0.641030669212341
-0.52567458152771
-0.29867696762085
-0.191292345523834
-0.284320056438446
-0.690445125102997
-0.641281068325043
-0.544205009937286
-0.30059677362442
-0.0643339231610298
-0.197302207350731
-0.428014278411865
-0.0965534821152687
0.282861053943634
-0.121344178915024
-0.198178648948669
-0.106361247599125
0.259864956140518
0.200767949223518
-0.219714000821114
0.225850790739059
0.732974946498871
0.605640947818756
-0.151769131422043
-0.223804041743278
0.444626599550247
0.626717209815979
0.187537893652916
-0.170257806777954
-0.216709062457085
0.076730988919735
0.359737247228622
-0.175266027450562
-0.549964487552643
-0.403348803520203
-0.253728181123734
-0.559062778949738
-1.06322371959686
-0.727172076702118
-0.382773339748383
-0.182361006736755
-0.29600590467453
-0.583394348621368
-0.508980512619019
-0.406437188386917
-0.207861199975014
-0.474799424409866
-0.742781043052673
-0.568161010742188
-0.365453243255615
-0.200181931257248
-0.286114662885666
-0.296924084424973
-0.234696924686432
-0.0614959299564362
0.265749633312225
0.377516448497772
0.513072311878204
0.808348715305328
1.10295736789703
1.14978420734406
0.766905665397644
0.586275815963745
1.03046333789825
1.29673373699188
1.16109442710876
0.992108702659607
1.02194941043854
1.06067955493927
0.979462921619415
0.802297115325928
0.633812189102173
0.862854838371277
0.966775476932526
0.588863372802734
0.185785010457039
0.198305562138557
0.474634200334549
0.344420433044434
-0.186576262116432
-0.509731769561768
-0.482729107141495
-0.460317313671112
-0.442245990037918
-0.470751106739044
-0.727923274040222
-0.656013548374176
-0.0981394201517105
0.0618732646107674
-0.321714788675308
-0.442371189594269
-0.456435948610306
-0.405018210411072
-0.17468173801899
-0.0889576748013496
-0.110284358263016
-0.0363713502883911
0.113624885678291
0.0279425624758005
-0.101937316358089
-0.263202041387558
-0.61653208732605
-0.734350502490997
-0.529555976390839
-0.293793946504593
0.0599117130041122
0.00674109114333987
-0.611315190792084
-0.699000835418701
-0.548503756523132
-0.683850944042206
-0.182653158903122
0.126729741692543
-0.395878195762634
-0.393374085426331
0.101396478712559
-0.0345767363905907
-0.255856662988663
-0.142462179064751
0.0866639614105225
0.202186942100525
-0.257776468992233
-0.275138318538666
0.348343551158905
0.735312163829804
0.31549796462059
-0.144173324108124
0.123766534030437
0.499424904584885
0.362491756677628
-0.0932563990354538
-0.158989310264587
0.110745161771774
0.422298282384872
0.174391314387321
-0.496960788965225
-0.452471107244492
-0.259237200021744
-0.221341669559479
-0.661814749240875
-0.830508351325989
-0.481101423501968
-0.322632938623428
-0.219380110502243
-0.546416997909546
-0.622750639915466
-0.420042872428894
-0.259738028049469
-0.322132140398026
-0.728215456008911
-0.731929838657379
-0.514614760875702
-0.321714788675308
-0.257859945297241
-0.269963145256042
-0.227601945400238
-0.174055710434914
0.0967221409082413
0.329228818416595
0.470836311578751
0.722916781902313
1.01235032081604
1.18717896938324
1.00917840003967
0.667325556278229
0.844950437545776
1.29289412498474
1.31376171112061
1.09644663333893
0.953712344169617
0.9891037940979
1.05729901790619
0.95008134841919
0.727382481098175
0.691490173339844
0.925916731357574
0.861435830593109
0.373009026050568
0.113457947969437
0.216502115130425
0.366122722625732
0.0903366580605507
-0.341914594173431
-0.500007450580597
-0.585188984870911
-0.504848778247833
-0.323384195566177
-0.441453009843826
-0.530223727226257
-0.304478138685226
-0.170967310667038
-0.339744389057159
-0.42379903793335
-0.283902704715729
-0.208695903420448
-0.13361431658268
-0.154314965009689
-0.27317675948143
-0.248135656118393
-0.103982344269752
0.0979324579238892
0.135619327425957
-0.0722636058926582
-0.369292885065079
-0.663776338100433
-0.752713978290558
-0.655262351036072
-0.281148195266724
0.157405093312263
-0.0448853261768818
-0.466368913650513
-0.57408744096756
-0.733140170574188
-0.430518388748169
0.00315186567604542
-0.0624975748360157
-0.361613601446152
-0.211742579936981
0.173306196928024
-0.227309808135033
-0.331188678741455
0.0416734367609024
0.372341275215149
0.224556997418404
-0.230606883764267
0.0299041159451008
0.489450186491013
0.486194849014282
0.0046960674226284
-0.00344229280017316
0.549381911754608
0.640030741691589
0.117255851626396
-0.205774441361427
-0.143004730343819
0.184366017580032
0.535150229930878
-0.00557078700512648
-0.537485659122467
-0.452888458967209
-0.303059160709381
-0.554847478866577
-0.93346905708313
-0.524213850498199
-0.244671642780304
-0.141126647591591
-0.329477518796921
-0.668200254440308
-0.544538915157318
-0.322507739067078
-0.105651751160622
-0.465116858482361
-0.795158684253693
-0.60017192363739
-0.328976690769196
-0.150266662240028
-0.161910772323608
-0.121177233755589
-0.0700933784246445
0.0658798441290855
0.268462419509888
0.437489897012711
0.702842175960541
1.03355169296265
1.26897990703583
1.14210498332977
0.732056796550751
0.631767153739929
1.14189624786377
1.45374155044556
1.23571693897247
0.988853335380554
0.928712964057922
0.952835917472839
0.97992205619812
0.856260716915131
0.65664130449295
0.832137763500214
0.96806925535202
0.586442768573761
0.242377921938896
0.218088045716286
0.35556373000145
0.246593177318573
-0.193629503250122
-0.488405078649521
-0.539906322956085
-0.443748444318771
-0.26679128408432
-0.297132760286331
-0.558478474617004
-0.564738750457764
-0.173805296421051
-0.0500604882836342
-0.361738830804825
-0.365411520004272
-0.207193449139595
-0.13507504761219
-0.0745173022150993
-0.0178409293293953
0.0017746047815308
-0.0223483294248581
0.0329507850110531
-0.206525683403015
-0.326514333486557
-0.259654551744461
-0.414325147867203
-0.247676566243172
-0.25347775220871
-0.370711892843246
-0.156151324510574
-0.258360773324966
-0.477220058441162
-0.495875686407089
-0.540532350540161
-0.524172127246857
-0.160199627280235
-0.0553608573973179
-0.493079423904419
-0.394626140594482
0.0692603886127472
0.01400301232934
-0.333191961050034
-0.286615490913391
0.108700133860111
0.114668264985085
-0.232443228363991
-0.15711122751236
0.456688076257706
0.662150382995606
0.16274718940258
-0.189455986022949
0.201769590377808
0.527971744537354
0.25978147983551
0.00786794070154429
-0.113372758030891
0.109952189028263
0.474634200334549
0.10006095468998
-0.399383962154388
-0.317416042089462
-0.178563103079796
-0.300721973180771
-0.856718063354492
-0.809974670410156
-0.396754622459412
-0.112955406308174
-0.068006619811058
-0.471544086933136
-0.587985217571258
-0.457395851612091
-0.227101132273674
-0.388908416032791
-0.746119856834412
-0.607266902923584
-0.353934347629547
-0.223428428173065
-0.187202289700508
-0.207777738571167
-0.209113255143166
-0.125350758433342
0.190125480294228
0.349679082632065
0.443416297435761
0.726756453514099
1.06714856624603
1.20086812973022
0.940482258796692
0.601509153842926
0.795452535152435
1.23630118370056
1.26397168636322
1.05254125595093
0.903212785720825
0.931467473506927
1.0093035697937
0.928128659725189
0.719536244869232
0.756680548191071
1.00024712085724
0.815068066120148
0.362157881259918
0.169257879257202
0.309488087892532
0.399302184581757
0.00770100019872189
-0.389743119478226
-0.561399936676025
-0.409024775028229
-0.268878042697906
-0.390828251838684
-0.578177452087402
-0.596916556358337
-0.287366718053818
-0.119382627308369
-0.303309559822082
-0.372715175151825
-0.270004898309708
-0.227810621261597
-0.107905447483063
-0.0632070675492287
-0.129065185785294
-0.178813517093658
-0.129148662090302
-0.16349670290947
-0.338951408863068
-0.214789241552353
-0.177352786064148
-0.244129076600075
-0.422546982765198
-0.504514873027802
-0.320671409368515
-0.259362429380417
-0.192460924386978
-0.336322098970413
-0.446127355098724
-0.484398514032364
-0.424466788768768
-0.0384163744747639
-0.196676179766655
-0.499047547578812
-0.0863700956106186
0.185618072748184
-0.0998088270425796
-0.347423642873764
-0.228478386998177
0.129525989294052
-0.0625810399651527
-0.29007950425148
0.153398513793945
0.545834422111511
0.562987565994263
-0.116628102958202
-0.342540621757507
0.194048583507538
0.555308282375336
0.215124845504761
-0.182778358459473
-0.0203867759555578
0.114918678998947
0.20068447291851
-0.217961117625237
-0.50280374288559
-0.290997684001923
-0.230064317584038
-0.521501064300537
-1.02161371707916
-0.715611398220062
-0.242292732000351
-0.0429237745702267
-0.232401490211487
-0.610939562320709
-0.597459137439728
-0.4577297270298
-0.227226331830025
-0.476844429969788
-0.711938738822937
-0.535607576370239
-0.314995408058167
-0.227935835719109
-0.334068387746811
-0.319628030061722
-0.1676284968853
0.106863789260387
0.288996130228043
0.377432972192764
0.554139733314514
0.818198204040527
1.05658960342407
1.00154089927673
0.689737319946289
0.566034257411957
0.977626621723175
1.26121711730957
1.12457621097565
0.88347202539444
0.809642493724823
0.868196964263916
0.834600150585175
0.70442807674408
0.641992270946503
0.835643529891968
0.906551599502563
0.518790006637573
0.116003796458244
0.0725157335400581
0.234323024749756
0.195676252245903
-0.207026496529579
-0.539113342761993
-0.647958695888519
-0.504598319530487
-0.293793946504593
-0.465993285179138
-0.687899231910706
-0.533604264259338
-0.157528579235077
-0.0554025918245316
-0.290288180112839
-0.359401643276215
-0.270088374614716
-0.0984732955694199
-0.0447601228952408
-0.042882040143013
0.0254801865667105
-0.0309457760304213
-0.145049765706062
-0.414492070674896
-0.319711476564407
-0.161785572767258
-0.211241751909256
-0.0837825164198875
-0.375594884157181
-0.54120010137558
-0.345754235982895
-0.416787505149841
-0.515449464321136
-0.41933336853981
-0.278477132320404
-0.481393575668335
-0.507144212722778
-0.313200801610947
-0.688024461269379
-0.52988988161087
0.183906927704811
-0.0690917298197746
-0.401303768157959
-0.542452156543732
-0.238327890634537
0.0118745183572173
-0.51290363073349
-0.11884006857872
0.48214653134346
0.755136370658874
0.11416744440794
-0.444583147764206
-0.0652103573083878
0.372633427381516
0.484191566705704
-0.115292578935623
-0.0104538034647703
0.230274721980095
0.292167991399765
-0.00686457753181458
-0.383983671665192
-0.151101365685463
-0.071220226585865
-0.302224457263947
-0.942358672618866
-0.984427690505981
-0.416787505149841
-0.0917539373040199
-0.0403361916542053
-0.418498665094376
-0.57600724697113
-0.577342748641968
-0.372548222541809
-0.332065105438232
-0.625588655471802
-0.587609589099884
-0.412989616394043
-0.273927986621857
-0.322257339954376
-0.371546596288681
-0.240164235234261
0.0241446606814861
0.304229468107223
0.364536792039871
0.389703094959259
0.586234092712402
0.898872315883636
1.04348468780518
0.809266865253448
0.478139966726303
0.761480093002319
1.19156110286713
1.14899122714996
0.915983736515045
0.802088439464569
0.861352384090424
0.851836740970612
0.687775790691376
0.503222823143005
0.662609457969666
0.938938081264496
0.731764674186707
0.197637811303139
-0.068006619811058
0.120636396110058
0.217921108007431
-0.105693481862545
-0.450759947299957
-0.582893550395966
-0.45806360244751
-0.410902857780457
-0.53293651342392
-0.781803429126739
-0.763773798942566
-0.181860193610191
0.136829644441605
-0.20815335214138
-0.502261161804199
-0.481560528278351
-0.188329145312309
0.107948906719685
0.0188025590032339
-0.147345200181007
-0.262033462524414
-0.153396800160408
-0.133155226707458
-0.290538609027863
-0.112287640571594
-0.120801620185375
-0.289328277111053
-0.409692525863647
-0.513529658317566
-0.368750333786011
-0.157403379678726
-0.192168772220612
-0.409942954778671
-0.390369147062302
-0.519414305686951
-0.673458874225617
-0.290997684001923
-0.317374318838119
-0.482520431280136
-0.107488095760345
0.12894169986248
-0.048850167542696
-0.469707727432251
-0.396086871623993
-0.181526303291321
-0.340746015310287
-0.285279959440231
0.221844211220741
0.728884935379028
0.384027123451233
-0.272968083620071
-0.288577049970627
0.0471824817359447
0.513573110103607
0.170092582702637
-0.140709295868874
0.036957360804081
0.130778044462204
0.0964717268943787
-0.361488401889801
-0.286198139190674
-0.156318262219429
-0.181317627429962
-0.566032528877258
-1.01113820075989
-0.612442016601562
-0.275430470705032
-0.0475146435201168
-0.268836319446564
-0.593577742576599
-0.548712432384491
-0.440034002065659
-0.227268069982529
-0.461527645587921
-0.583310902118683
-0.393123686313629
-0.273051559925079
-0.235072538256645
-0.333317160606384
-0.315371036529541
-0.0990158542990685
0.241543218493462
0.43648824095726
0.451304227113724
0.502429842948914
0.741071581840515
1.03868520259857
1.0234100818634
0.689862549304962
0.678802728652954
1.06243252754211
1.25963115692139
1.18559300899506
0.918362617492676
0.770912230014801
0.849958658218384
0.861143708229065
0.744911253452301
0.748375236988068
0.922661364078522
0.967025876045227
0.498214572668076
-0.00315014645457268
-0.0627897158265114
0.148181617259979
0.248721674084663
-0.0921712890267372
-0.487695604562759
-0.635646820068359
-0.444290995597839
-0.227768883109093
-0.419208168983459
-0.642825245857239
-0.459315657615662
0.000772960484027863
0.098641961812973
-0.140291944146156
-0.247926980257034
-0.277392029762268
-0.102438144385815
0.0344115160405636
0.0180513244122267
0.105611734092236
0.170259535312653
0.105110913515091
-0.199722841382027
-0.333901464939117
-0.183070510625839
-0.224805682897568
-0.215248331427574
-0.371838718652725
-0.399759560823441
-0.194005131721497
-0.142211765050888
-0.279937863349915
-0.427805602550507
-0.425593644380569
-0.537819564342499
-0.368040829896927
-0.29141503572464
-0.496126085519791
-0.347298443317413
0.105736941099167
0.18444949388504
-0.293251395225525
-0.559271454811096
-0.169464841485023
0.00782620627433062
-0.330771327018738
6.34624011581764E-5
0.562069416046143
0.70764172077179
0.172680169343948
-0.398006677627563
0.00114857708103955
0.518873512744904
0.390621274709702
-0.00757407583296299
0.0317821986973286
0.112498037517071
0.343919605016708
0.221760734915733
-0.272550731897354
-0.158363282680511
-0.0498100779950619
-0.189330786466598
-0.799791276454926
-0.839147567749023
-0.253352552652359
0.0145873054862022
0.0271495953202248
-0.416203230619431
-0.555306613445282
-0.456853300333023
-0.129774689674377
-0.111661612987518
-0.532143533229828
-0.47909814119339
-0.264913201332092
-0.126477599143982
-0.182319283485413
-0.22246852517128
-0.11078517884016
0.0555712506175041
0.313912034034729
0.474801152944565
0.569247841835022
0.743241846561432
1.00947058200836
1.06648075580597
0.730387389659882
0.579973816871643
0.927502632141113
1.21797955036163
1.22912275791168
1.02245020866394
0.729803085327148
0.743742644786835
0.899331390857697
0.861978411674499
0.807263612747192
0.884223282337189
0.999454081058502
0.75117152929306
0.185993686318398
-0.126894950866699
-0.0123318862169981
0.209699273109436
0.0876238718628883
-0.281941145658493
-0.403348803520203
-0.338408857584
-0.27451229095459
-0.357940912246704
-0.579638183116913
-0.668909728527069
-0.319920152425766
0.253688156604767
0.236201107501984
-0.110284358263016
-0.299970746040344
-0.280313491821289
0.00181634002365172
0.11596205830574
0.107615023851395
0.0835338234901428
0.0994349271059036
0.028192974627018
-0.189539462327957
-0.0771883577108383
-0.0283164605498314
-0.0551104471087456
-0.1965092420578
-0.418665617704391
-0.288994401693344
-0.0360792055726051
-0.11917395144701
-0.469373852014542
-0.339452236890793
-0.280981242656708
-0.573503136634827
-0.352056264877319
-0.309402912855148
-0.587943494319916
-0.198095172643662
0.331023454666138
0.0373747125267982
-0.452888458967209
-0.251891821622849
-0.0109963603317738
-0.341622471809387
-0.301431477069855
0.395587772130966
0.767698645591736
0.428349882364273
-0.293710470199585
-0.18978987634182
0.318168997764587
0.397883206605911
0.164625272154808
-0.170758634805679
-0.11850618571043
0.263078570365906
0.287493646144867
-0.293251395225525
-0.281815946102142
0.0132517796009779
-0.108614943921566
-0.609186708927155
-0.876667499542236
-0.463030099868774
-0.163747116923332
0.050813440233469
-0.19058284163475
-0.583936929702759
-0.523546099662781
-0.214914456009865
-0.0460121780633926
-0.371170967817306
-0.471627533435822
-0.273009836673737
-0.193420827388763
-0.153188124299049
-0.126101985573769
-0.0759363025426865
0.0093704080209136
0.280732542276382
0.537153482437134
0.542871236801147
0.58857125043869
0.850083887577057
1.07574605941772
0.915942013263702
0.645581483840942
0.77625435590744
1.02787578105927
1.1780389547348
1.15312302112579
0.810602426528931
0.691949307918549
0.920866727828979
0.985222399234772
0.853380978107452
0.804342150688171
0.973828673362732
0.910808563232422
0.42271563410759
0.0452626645565033
0.0238525159657002
0.239748597145081
0.236075907945633
-0.037331260740757
-0.305897146463394
-0.363241285085678
-0.324010223150253
-0.323342442512512
-0.423840761184692
-0.53898811340332
-0.276265174150467
-0.000729506020434201
0.0468903332948685
-0.101478233933449
-0.205398827791214
-0.184990331530571
0.014169953763485
0.110536485910416
-0.0883733853697777
-0.109950475394726
0.0828243270516396
0.283779233694077
0.204398900270462
0.0186773519963026
-0.114541344344616
-0.375261008739471
-0.44395712018013
-0.319127202033997
-0.143839433789253
0.116337671875954
0.192963466048241
-0.24083200097084
-0.557101190090179
-0.504431426525116
-0.474715948104858
-0.305938869714737
-0.230356469750404
-0.459733009338379
-0.384818375110626
6.34624011581764E-5
0.0821982994675636
-0.187661379575729
-0.299678593873978
0.0600786507129669
-0.0159628465771675
-0.335362195968628
-0.0282747242599726
0.585983633995056
0.865233778953552
0.17919085919857
-0.163955792784691
0.284572184085846
0.29033163189888
0.319754958152771
-0.0508951917290688
-0.137328758835793
0.24880513548851
0.447631537914276
0.0572823956608772
-0.421837478876114
-0.125100344419479
0.0368738919496536
-0.170132607221603
-0.753214836120605
-0.676547288894653
-0.178813517093658
0.00164939928799868
-0.0839494541287422
-0.502928912639618
-0.515908598899841
-0.259195476770401
-0.00068777083652094
-0.1447993516922
-0.469081699848175
-0.364284664392471
-0.171009048819542
-0.0690917298197746
-0.1051926612854
-0.147637337446213
-0.142044827342033
0.0438436679542065
0.416872709989548
0.618662297725677
0.615824341773987
0.622251510620117
0.84148645401001
0.974079132080078
0.72287505865097
0.661858201026916
0.933303833007812
1.13250589370728
1.1722377538681
0.96752667427063
0.697541773319244
0.777923762798309
1.0600118637085
1.02028000354767
0.797664523124695
0.79407525062561
0.912311017513275
0.73777449131012
0.273929715156555
0.0286520607769489
0.119342610239983
0.289580404758453
0.139292031526566
-0.240915462374687
-0.397130250930786
-0.308818608522415
-0.261824786663055
-0.383733242750168
-0.504973948001862
-0.607600748538971
-0.383649796247482
0.0976403132081032
0.17526775598526
-0.0783569440245628
-0.237576648592949
-0.200807958841324
-0.0357453227043152
0.0132935149595141
0.0544026680290699
0.168757066130638
0.258654654026031
0.210826128721237
-0.0401692502200603
-0.0498100779950619
0.0512725301086903
-0.0702603161334991
-0.404141753911972
-0.227184593677521
0.19542583823204
0.179775148630142
-0.0525228641927242
-0.355019450187683
-0.37726429104805
-0.360361546278
-0.398173630237579
-0.245548069477081
-0.395794719457626
-0.644411206245422
-0.270171821117401
0.198597714304924
-0.0368304364383221
-0.462988376617432
-0.122220613062382
0.030488409101963
-0.444499671459198
-0.351221561431885
0.282401949167252
0.787188947200775
0.459943413734436
-0.16875533759594
-0.176017269492149
0.0524411126971245
0.43456843495369
0.200809687376022
-0.0323230363428593
0.158740624785423
0.306650102138519
0.0657128989696503
-0.481977880001068
-0.298718690872192
0.0523159094154835
-0.0128327086567879
-0.422880858182907
-0.759808957576752
-0.484899342060089
-0.172970592975616
0.0615811198949814
-0.225389987230301
-0.59336906671524
-0.418164789676666
-0.194339007139206
-0.135951489210129
-0.339118361473084
-0.349218249320984
-0.230648621916771
-0.18073333799839
-0.0736825987696648
-0.0418803952634335
-0.085869275033474
0.0319908745586872
0.36027979850769
0.54191130399704
0.544540643692017
0.610690891742706
0.843197584152222
1.03872692584991
0.911601543426514
0.705721914768219
0.793491005897522
1.05825901031494
1.21226179599762
1.07833361625671
0.728008508682251
0.724794864654541
1.04936933517456
1.09018635749817
0.811937928199768
0.703217804431915
0.861394107341766
0.842446327209473
0.45785665512085
0.0639182850718498
0.0283181797713041
0.253354281187058
0.21086785197258
-0.137370482087135
-0.404141753911972
-0.424216389656067
-0.237660124897957
-0.383441120386124
-0.6097292304039
-0.581557989120483
-0.421461850404739
-0.0915869921445847
0.0443027541041374
-0.0503108985722065
-0.257901698350906
-0.433773726224899
-0.268001616001129
0.0240611918270588
0.0597447715699673
0.0869978442788124
0.16274718940258
0.137121796607971
-0.0362461432814598
-0.109908737242222
-0.0749346539378166
-0.106611661612988
-0.0781482681632042
-0.322716414928436
-0.220548704266548
0.116170734167099
0.00210848613642156
-0.209363669157028
-0.295254677534103
-0.314452856779098
-0.394250512123108
-0.454557865858078
-0.382689863443375
-0.684184849262238
-0.7585569024086
0.022475253790617
0.144341975450516
-0.36774867773056
-0.384401023387909
-0.262742966413498
-0.249179035425186
-0.327808111906052
-0.048265878111124
0.550967872142792
0.694286465644836
0.0221413727849722
-0.346547216176987
-0.0935902819037437
0.3377845287323
0.641032338142395
0.0781082510948181
0.00302666029892862
0.224348321557045
0.239289522171021
-0.0959691852331161
-0.337323725223541
-0.0355783812701702
-0.00310841132886708
-0.203812897205353
-0.707973897457123
-0.734809577465057
-0.33394318819046
0.0452626645565033
-0.0168810207396746
-0.589946806430817
-0.622375011444092
-0.334610939025879
-0.153897613286972
-0.313451200723648
-0.550006210803986
-0.446669906377792
-0.294127821922302
-0.130985006690025
-0.0531488917768002
-0.159949213266373
-0.127395778894424
0.17067688703537
0.420837551355362
0.460527718067169
0.52738744020462
0.634730339050293
0.817613899707794
0.861853182315826
0.688401818275452
0.697792232036591
0.89624297618866
1.11092877388
1.17908227443695
0.940357089042664
0.69624799489975
0.913896977901459
1.17411577701569
1.02958691120148
0.779968798160553
0.790152192115784
0.890525281429291
0.733392298221588
0.361281454563141
0.155318334698677
0.198430776596069
0.266375660896301
0.0686343610286713
-0.290705531835556
-0.443456292152405
-0.372548222541809
-0.276849448680878
-0.423548609018326
-0.581474542617798
-0.575631618499756
-0.316330939531326
0.0651286095380783
0.00110684195533395
-0.265747904777527
-0.395544320344925
-0.282817602157593
-0.0700516402721405
-0.0612455159425735
0.0319908745586872
0.134367272257805
0.139834582805634
0.04175690934062
-0.079400323331356
0.0438854023814201
-0.0988906472921372
-0.256315737962723
-0.258903324604034
-0.263035118579865
0.0680083334445953
0.309529811143875
0.0196372624486685
-0.420919299125671
-0.453389286994934
-0.433064252138138
-0.455601245164871
-0.419834196567535
-0.530056774616241
-0.755218088626862
-0.324928373098373
0.209114983677864
-0.241040676832199
-0.583561301231384
-0.392622858285904
-0.218044593930244
-0.486860901117325
-0.4060198366642
0.272510707378387
0.646249234676361
0.264664500951767
-0.426762223243713
-0.227101132273674
0.0432593747973442
0.261033535003662
0.112748451530933
-0.169297903776169
-0.0324899777770042
0.245508059859276
0.207654252648354
-0.408064872026443
-0.340412139892578
-0.138664275407791
-0.131986647844315
-0.52888822555542
-0.78785502910614
-0.449007093906403
-0.120926827192307
0.0869561061263084
-0.381813436746597
-0.742321908473969
-0.477387011051178
-0.135951489210129
-0.15677735209465
-0.539530694484711
-0.521709740161896
-0.293501794338226
-0.18532420694828
-0.100685261189938
-0.143755972385406
-0.212326869368553
-0.106611661612988
0.219381839036942
0.412699192762375
0.408358722925186
0.50589382648468
0.676423788070679
0.814483761787415
0.729970037937164
0.592828214168549
0.72187340259552
0.922786593437195
1.01932001113892
0.925415873527527
0.688026189804077
0.724252343177795
1.01068091392517
1.05287516117096
0.824166357517242
0.660105347633362
0.777840256690979
0.730011761188507
0.371089220046997
0.028192974627018
-0.0413795709609985
0.135702803730965
0.00123204744886607
-0.325554400682449
-0.597041785717011
-0.561191260814667
-0.422213107347488
-0.60835200548172
-0.765735387802124
-0.726546049118042
-0.47863906621933
-0.227226331830025
-0.225223034620285
-0.347256720066071
-0.532769560813904
-0.485608845949173
-0.115876868367195
-0.0307788364589214
-0.217460304498672
-0.347465395927429
-0.229480028152466
0.119133934378624
0.145093217492104
-0.0910027027130127
-0.124474316835403
-0.285196483135223
-0.402013272047043
-0.4288489818573
-0.22392925620079
0.114209182560444
0.0569485127925873
-0.271590828895569
-0.515073895454407
-0.534731149673462
-0.732889771461487
-0.623543620109558
-0.401470720767975
-0.765568435192108
-0.633601784706116
-0.0201781000941992
-0.128147006034851
-0.612108170986175
-0.661188721656799
-0.413365244865417
-0.357815712690353
-0.501885533332825
-0.137203544378281
0.421213179826736
0.41399297118187
-0.142670854926109
-0.358900815248489
-0.253769904375076
0.0160063020884991
0.277352005243301
-0.247843503952026
-0.305396318435669
0.16162034869194
0.29771876335144
-0.167252883315086
-0.483522087335587
-0.281231641769409
-0.308902084827423
-0.383107215166092
-0.69645494222641
-0.763356447219849
-0.438823699951172
-0.0628731921315193
-0.12276317179203
-0.765985786914825
-0.829715371131897
-0.411445409059525
-0.192210510373116
-0.441578209400177
-0.641072392463684
-0.42805603146553
-0.297216236591339
-0.262993365526199
-0.181776717305183
-0.210365310311317
-0.2303147315979
0.0271495953202248
0.321048736572266
0.311533123254776
0.291959315538406
0.457564502954483
0.636483252048492
0.664320588111878
0.570875525474548
0.568162739276886
0.727424204349518
0.931843101978302
0.93923020362854
0.679846107959747
0.565032601356506
0.822663843631744
1.0658130645752
0.900499999523163
0.611650824546814
0.607101678848267
0.78038614988327
0.636024117469788
0.162788927555084
-0.0546096228063107
-0.0203033052384853
0.0767727270722389
-0.0410456918179989
-0.37814074754715
-0.604178488254547
-0.570331275463104
-0.41799783706665
-0.629219591617584
-0.820909261703491
-0.649711549282074
-0.277183353900909
-0.046387791633606
-0.178730055689812
-0.382773339748383
-0.495708733797073
-0.372130870819092
-0.150141447782516
-0.169005751609802
-0.190708041191101
-0.0629149228334427
-0.0357453227043152
-0.143672496080399
-0.262617766857147
-0.118255771696568
0.101313009858131
0.100227892398834
-0.279770910739899
-0.481351852416992
-0.2589450776577
0.0674240440130234
0.108533196151257
-0.392163753509521
-0.585731506347656
-0.562067687511444
-0.598961591720581
-0.692364931106567
-0.738398849964142
-0.625588655471802
-0.161910772323608
-0.00248238351196051
-0.501009106636047
-0.68681412935257
-0.547669053077698
-0.282525449991226
-0.513028860092163
-0.381229132413864
0.164583548903465
0.531352281570435
0.137580886483192
-0.518579602241516
-0.369877189397812
-0.0957605093717575
0.370588392019272
-0.0487666986882687
-0.393874913454056
-0.0392093434929848
0.267711162567139
0.283111453056335
-0.39550256729126
-0.28269237279892
-0.0940911024808884
-0.196258828043938
-0.531141936779022
-0.86998987197876
-0.437947243452072
-0.0752685368061066
0.0542774610221386
-0.381729960441589
-0.734767854213715
-0.487278252840042
-0.221216470003128
-0.148513779044151
-0.410276830196381
-0.44575172662735
-0.270589172840118
-0.177978813648224
-0.155650496482849
-0.22113299369812
-0.212452083826065
-0.0173818431794643
0.312451303005218
0.405520737171173
0.292585343122482
0.259864956140518
0.44654643535614
0.674629211425781
0.691365003585815
0.548714160919189
0.496336489915848
0.785853445529938
0.933345556259155
0.754969418048859
0.582394421100616
0.749877691268921
1.00262594223022
0.845868647098541
0.616742491722107
0.58251965045929
0.750378549098968
0.780344367027283
0.428391605615616
0.00119031232316047
-0.166501641273499
0.0111232856288552
0.123140506446362
-0.141377061605453
-0.429767161607742
-0.510649919509888
-0.52070814371109
-0.530682802200317
-0.64941942691803
-0.673792779445648
-0.47404819726944
-0.15777899324894
-0.0365800261497498
-0.276473850011826
-0.418790817260742
-0.390869975090027
-0.192127048969269
-0.11011741310358
-0.285947740077972
-0.277141600847244
-0.13574281334877
0.0611637681722641
-0.0800680816173553
-0.263786345720291
-0.0824052542448044
-0.0551939159631729
-0.163788855075836
-0.367247849702835
-0.218461945652962
0.0493109747767448
0.000439079012721777
-0.224430069327354
-0.472128361463547
-0.466494113206863
-0.548795878887177
-0.69653844833374
-0.528679549694061
-0.452638030052185
-0.417455285787582
-0.0735991299152374
-0.027440020814538
-0.487862527370453
-0.626798927783966
-0.318417698144913
-0.245506346225739
-0.304978966712952
-0.0840329229831696
0.373718529939652
0.447047233581543
-0.136327102780342
-0.382439464330673
-0.296924084424973
0.152605548501015
0.205484017729759
-0.251140594482422
-0.114583075046539
0.0975151062011719
0.253479480743408
-0.0777726471424103
-0.363950788974762
-0.189330786466598
-0.18386347591877
-0.324051946401596
-0.762062668800354
-0.725836515426636
-0.313659876585007
-0.0255202036350966
-0.175599917769432
-0.707222640514374
-0.707222640514374
-0.404934734106064
-0.0983898267149925
-0.157945930957794
-0.420001119375229
-0.383649796247482
-0.232192814350128
-0.105818688869476
-0.120718151330948
-0.170424744486809
-0.099850557744503
0.108199313282967
0.324888378381729
0.38711553812027
0.353226572275162
0.449718296527863
0.689027845859528
0.786855101585388
0.719953596591949
0.633520007133484
0.771621763706207
1.02992081642151
1.02549684047699
0.811854481697082
0.777798533439636
1.0348037481308
1.09527802467346
0.90091735124588
0.753091335296631
0.80400824546814
0.96385395526886
0.774042367935181
0.249556377530098
-0.0329490639269352
0.0400040298700333
0.240708515048027
0.124267362058163
-0.211200013756752
-0.444374471902847
-0.533604264259338
-0.398090153932571
-0.396170347929001
-0.555682182312012
-0.515616416931152
-0.275597393512726
-0.0165888741612434
-0.0155872302129865
-0.1177132204175
-0.154857531189919
-0.218128055334091
-0.263327270746231
-0.31749951839447
-0.210073173046112
0.0569902472198009
0.232403218746185
0.165000900626183
-0.155274882912636
-0.281064718961716
-0.201350525021553
-0.0640835091471672
-0.122387558221817
-0.246466249227524
-0.034994088113308
0.0766475200653076
-0.0850763022899628
-0.407772719860077
-0.547543823719025
-0.544455409049988
-0.642282724380493
-0.666029989719391
-0.4973364174366
-0.520499467849731
-0.308025628328323
0.0983915477991104
-0.257108718156815
-0.620872557163239
-0.443414568901062
-0.191334068775177
-0.251516193151474
-0.268460690975189
0.0707628577947617
0.477806061506271
0.228897452354431
-0.282775849103928
-0.287450194358826
-0.0878725647926331
0.39216548204422
0.126312389969826
-0.088748998939991
0.117506258189678
0.283904433250427
0.290415108203888
-0.299720346927643
-0.243711724877357
0.023560369387269
0.0146707752719522
-0.282441973686218
-0.6851447224617
-0.454683065414429
-0.148638978600502
0.0435097850859165
