% Type: Timesignal
% Date: 10-DEC-24 17:05:58
% NoOfItems: = 4096
% Unit_Y: = mm/s
% Unit_X: = Sec
% Min_X: = 0
% Max_X: = 1.60000002384186
% MinDisplay_X: = 0
% MaxDisplay_X: = 1.60000002384186
0.539812803268433
0.120044060051441
-0.117172434926033
0.0458434633910656
0.13826547563076
-0.155982166528702
-0.640446364879608
-0.677152156829834
-0.551443219184876
-0.614335238933563
-0.697590172290802
-0.570641398429871
-0.0165601819753647
0.273705065250397
-0.0267792008817196
-0.590177774429321
-0.775923490524292
-0.410217851400375
-0.0371485017240047
0.012669219635427
-0.275116384029388
-0.455639868974686
-0.313024461269379
-0.0434978157281876
-0.0407176427543163
-0.105863891541958
-0.119464203715324
-0.277596026659012
-0.588524699211121
-0.773782014846802
-0.548512756824493
-0.155080497264862
-0.0915497466921806
-0.447938054800034
-0.803274393081665
-0.76750785112381
-0.473297744989395
-0.340976476669312
-0.412622332572937
-0.301828622817993
0.0700009241700172
0.1582902520895
-0.143321111798286
-0.449628710746765
-0.322980493307114
0.045016922056675
0.136199131608009
-0.0504858233034611
-0.000292404583888128
0.216786623001099
0.342570722103119
0.239103153347969
-0.0957575812935829
-0.101355500519276
0.110839433968067
0.251426100730896
-0.00130679248832166
-0.158875048160553
0.19935417175293
0.328143864870071
0.207281425595284
-0.321928530931473
-0.705367147922516
-0.647584617137909
-0.573346436023712
-0.635787665843964
-0.66866135597229
-0.534987568855286
-0.457894086837769
-0.429190665483475
-0.582663774490356
-0.688272833824158
-0.58210027217865
-0.455527186393738
-0.493735790252686
-0.653520703315735
-0.690977871417999
-0.568687796592712
-0.375089973211288
-0.264070838689804
-0.185850262641907
-0.0675050020217896
0.185227885842323
0.45002070069313
0.447691380977631
0.420227766036987
0.631408274173737
1.05530977249146
1.25491881370544
1.15776288509369
0.903001308441162
0.881323456764221
1.37435352802277
1.45614326000214
1.1369491815567
1.01330661773682
1.11891567707062
1.02206039428711
0.705721616744995
0.519337236881256
0.63107019662857
0.788938999176025
0.723792731761932
0.318601101636887
-0.124686419963837
-0.0732531994581223
0.140219107270241
0.0340089350938797
-0.422653496265411
-0.713294446468353
-0.602913975715637
-0.561061084270477
-0.647584617137909
-0.710551798343658
-0.493585497140884
0.151414945721626
0.209761038422585
-0.214102849364281
-0.730576574802399
-0.745829999446869
-0.258923768997192
0.0495628863573074
0.0486236363649368
-0.250583231449127
-0.31711956858635
-0.161016538739204
-0.0575865395367146
-0.0144938360899687
0.09629987180233
0.00744699966162443
-0.377231448888779
-0.702060997486115
-0.676400780677795
-0.248441755771637
0.0804077908396721
-0.147265940904617
-0.632143378257751
-0.825327932834625
-0.565607070922852
-0.243933364748955
-0.260877400636673
-0.342366576194763
-0.126114085316658
0.0557619221508503
-0.0174618605524302
-0.411457657814026
-0.384557574987412
-0.00367369782179594
0.0854797288775444
0.000721983378753066
-0.162744760513306
0.0978402346372604
0.394304513931274
0.484660178422928
0.162761062383652
-0.0833970755338669
0.0461064502596855
0.237074375152588
0.291663467884064
-0.0361716821789742
0.106331042945385
0.472111821174622
0.391749739646912
0.0310033429414034
-0.44140088558197
-0.572144210338593
-0.444331347942352
-0.507148265838623
-0.645593404769897
-0.635825216770172
-0.528300106525421
-0.4214888215065
-0.495163440704346
-0.615650177001953
-0.613208174705505
-0.519358456134796
-0.50733608007431
-0.659081041812897
-0.715248048305511
-0.573196172714233
-0.374150723218918
-0.318359375
-0.257345825433731
-0.182694390416145
-0.0874921977519989
0.295758605003357
0.519675314426422
0.450884819030762
0.530608177185059
0.810992538928986
1.11264145374298
1.1952201128006
0.999443292617798
0.747875034809113
1.134770154953
1.49431431293488
1.21828806400299
1.01616191864014
1.04659354686737
1.05925464630127
0.867084443569183
0.586361944675446
0.55514132976532
0.756178021430969
0.816928565502167
0.548040628433228
0.0298762451857328
-0.127090901136398
0.0978026688098908
0.164639562368393
-0.169432207942009
-0.529878079891205
-0.563540697097778
-0.446810960769653
-0.525031507015228
-0.641949117183685
-0.711453497409821
-0.271396964788437
0.232077568769455
0.0811216235160828
-0.320050030946732
-0.614485502243042
-0.405784606933594
-0.189193978905678
-0.056497011333704
-0.176157221198082
-0.349467277526855
-0.174654424190521
0.00338944792747498
-0.0227592196315527
-0.122469797730446
-0.0998902767896652
-0.205086067318916
-0.579658210277557
-0.75236713886261
-0.434375315904617
0.0481352284550667
-0.0227216500788927
-0.454324930906296
-0.809736430644989
-0.797714054584503
-0.27620592713356
-0.0708487182855606
-0.251409769058228
-0.251297056674957
0.00549336383119225
0.164789840579033
-0.19197416305542
-0.403643101453781
-0.0636352971196175
0.207732260227203
0.185490876436234
-0.12998378276825
-0.0249758455902338
0.289409279823303
0.483570635318756
0.342833697795868
-0.118524953722954
-0.106051743030548
0.126430943608284
0.248871326446533
0.00117282243445516
-0.0371860712766647
0.331149458885193
0.350047141313553
0.107044868171215
-0.326512068510056
-0.638605415821075
-0.535964369773865
-0.432271391153336
-0.543328106403351
-0.612794876098633
-0.505607903003693
-0.394062787294388
-0.357244253158569
-0.476002782583237
-0.557754933834076
-0.427838146686554
-0.334552019834518
-0.457480818033218
-0.600659787654877
-0.538744568824768
-0.367989242076874
-0.257458537817001
-0.185061290860176
-0.0797527953982353
0.00624476233497262
0.24270986020565
0.513063013553619
0.55179762840271
0.614990234375
0.847811043262482
1.1913880109787
1.29233837127686
1.16854548454285
0.877303421497345
0.897591233253479
1.43375158309937
1.4235326051712
1.07394444942474
1.0154105424881
1.09667420387268
0.992042005062103
0.745170056819916
0.596656143665314
0.630055785179138
0.654062986373901
0.567163705825806
0.19965472817421
-0.08974639326334
0.0375780798494816
0.214306995272636
0.0434389859437943
-0.426072359085083
-0.632030665874481
-0.471231400966644
-0.494750171899796
-0.531230568885803
-0.612982749938965
-0.549151420593262
-0.0391397066414356
0.0665444880723953
-0.0920757278800011
-0.408940464258194
-0.341540038585663
-0.120591297745705
-0.0911740511655807
-0.209669589996338
-0.404770195484161
-0.195618435740471
0.112417370080948
0.153856992721558
-0.0493587255477905
-0.144673615694046
-0.1930261105299
-0.448576748371124
-0.726519048213959
-0.571204960346222
-0.144448205828667
0.0800320953130722
-0.208129227161407
-0.646232128143311
-0.771114528179169
-0.510717391967773
-0.165111660957336
-0.166689604520798
-0.319148361682892
-0.139827102422714
0.0669577568769455
-0.0562340207397938
-0.247201949357986
-0.148693606257439
0.173430919647217
0.278551578521729
0.0442655235528946
-0.118412248790264
0.144577220082283
0.506112575531006
0.521628975868225
0.168772250413895
-0.0932779684662819
0.0464821495115757
0.293053567409515
0.198227077722549
0.07567398250103
0.234970465302467
0.353165447711945
0.268482834100723
-0.060704842209816
-0.516841292381287
-0.587284922599793
-0.37892210483551
-0.496854096651077
-0.688310444355011
-0.71445906162262
-0.612043499946594
-0.474537551403046
-0.502113878726959
-0.56958943605423
-0.541524708271027
-0.451244205236435
-0.449628710746765
-0.593709349632263
-0.681773245334625
-0.539533495903015
-0.345409721136093
-0.27376389503479
-0.216695159673691
-0.117773555219173
0.0345349162817001
0.377698600292206
0.571071028709412
0.597670495510101
0.724393844604492
0.984565556049347
1.25195074081421
1.21220171451569
0.90829861164093
0.723717629909515
1.18507623672485
1.48638701438904
1.20701706409454
1.04820907115936
1.0692857503891
1.05917942523956
0.915324211120605
0.730630457401276
0.672547340393066
0.685283541679382
0.710981369018555
0.468467533588409
0.0503894239664078
0.00635747192427516
0.245189473032951
0.252215057611465
-0.141931012272835
-0.533822894096375
-0.559295296669006
-0.458194643259048
-0.479722201824188
-0.472696632146835
-0.583490312099457
-0.183708772063255
0.119743503630161
-0.0810677409172058
-0.372647911310196
-0.488137871026993
-0.165487363934517
-0.0821948423981667
-0.121981389820576
-0.357657521963119
-0.446134686470032
-0.0728774964809418
0.166179925203323
0.107683554291725
-0.223382607102394
-0.199262723326683
-0.23412761092186
-0.560347259044647
-0.551105082035065
-0.329592794179916
0.101672366261482
-0.0201293248683214
-0.45905876159668
-0.603364825248718
-0.556477546691895
-0.154554516077042
-0.0367728024721146
-0.247089236974716
-0.356154710054398
-0.108305938541889
0.148822620511055
-0.129269957542419
-0.241942152380943
0.15907920897007
0.247819378972054
0.0882974788546562
-0.169131636619568
-0.0727272182703018
0.247067973017693
0.466889590024948
0.344824910163879
-0.167478561401367
-0.0353827141225338
0.145028054714203
0.249660298228264
0.114746704697609
-0.0768974795937538
0.262697070837021
0.295908868312836
0.0197699349373579
-0.335153132677078
-0.494825303554535
-0.406085163354874
-0.360400140285492
-0.410105139017105
-0.573421597480774
-0.543741345405579
-0.405258625745773
-0.391207456588745
-0.487273752689362
-0.491481602191925
-0.39943528175354
-0.351608753204346
-0.437831729650497
-0.496328115463257
-0.44425618648529
-0.298898160457611
-0.0843363255262375
-0.0875297710299492
-0.127203613519669
-0.0592396147549152
0.230687484145164
0.590344369411469
0.655002236366272
0.6752148270607
0.823728740215302
1.06721937656403
1.180379986763
1.05790209770203
0.767711997032166
0.881661534309387
1.39340150356293
1.33610737323761
1.06500279903412
1.02153444290161
1.08089482784271
1.03197884559631
0.758544921875
0.636780798435211
0.663568139076233
0.714851081371307
0.707186818122864
0.317624300718308
0.0304773636162281
0.136048853397369
0.292227029800415
-0.0303483437746763
-0.559445559978485
-0.685642957687378
-0.449365705251694
-0.387112349271774
-0.370281010866165
-0.493660658597946
-0.402403295040131
0.040809091180563
-0.0709238648414612
-0.313550442457199
-0.593108236789703
-0.344958901405334
-0.0793395265936851
-0.0598783046007156
-0.15158648788929
-0.464731812477112
-0.224659994244575
0.0368642508983612
0.102048069238663
-0.0330909490585327
-0.104210816323757
-0.158649638295174
-0.395866125822067
-0.473898857831955
-0.33808359503746
0.0355493016541004
0.160957708954811
-0.177359461784363
-0.56432968378067
-0.614335238933563
-0.276581615209579
0.0059442026540637
-0.0708487182855606
-0.306787848472595
-0.242655977606773
0.123500496149063
0.0335956662893295
-0.201066076755524
-0.063109315931797
0.090664379298687
0.216035217046738
-0.0430469773709774
-0.241416171193123
0.0211600214242935
0.398211777210236
0.440553069114685
0.0145852854475379
-0.208767905831337
-0.0664530396461487
0.177638754248619
0.0689489617943764
-0.108493782579899
0.0278098993003368
0.21998006105423
0.192441299557686
-0.221053272485733
-0.588487148284912
-0.571204960346222
-0.367162704467773
-0.387074768543243
-0.603176951408386
-0.614823639392853
-0.416717439889908
-0.456015586853027
-0.495839715003967
-0.576352059841156
-0.56136167049408
-0.429829359054565
-0.460937231779098
-0.56076055765152
-0.498469591140747
-0.362015634775162
-0.168042108416557
-0.0656640753149986
-0.174128443002701
-0.126452207565308
0.0559497699141502
0.416433185338974
0.605259656906128
0.620475471019745
0.704556941986084
0.986293792724609
1.22835683822632
1.20134401321411
0.891016483306885
0.699710428714752
1.19661021232605
1.3849858045578
1.12834572792053
1.05508434772491
1.13920342922211
1.05895400047302
0.813772737979889
0.683029353618622
0.615628957748413
0.687274754047394
0.84176230430603
0.561265230178833
0.114558853209019
0.0683102756738663
0.311725825071335
0.253229439258575
-0.184572875499725
-0.510642230510712
-0.50436806678772
-0.398646295070648
-0.479759782552719
-0.416191458702087
-0.364870935678482
-0.0600285828113556
0.183086395263672
-0.182694390416145
-0.565607070922852
-0.597766935825348
-0.176119655370712
0.133343815803528
0.000571703654713929
-0.350030839443207
-0.502076327800751
-0.15215003490448
0.142172753810883
0.0702263414859772
-0.0952691733837128
-0.125437825918198
-0.243144392967224
-0.464731812477112
-0.437831729650497
-0.0997399911284447
0.19792652130127
0.0255932733416557
-0.419159501791
-0.65017694234848
-0.456616699695587
-0.0807296112179756
-0.015057384967804
-0.206964552402496
-0.265911757946014
0.010640443302691
0.13687539100647
-0.175668805837631
-0.157109260559082
0.00970119517296553
0.172003269195557
0.118916966021061
-0.184760734438896
-0.194190785288811
0.204200685024261
0.495405167341232
0.230462074279785
-0.0994394347071648
-0.0975985080003738
0.199128746986389
0.195033624768257
-0.0307240430265665
-0.070660874247551
0.314355701208115
0.311688244342804
0.050689984112978
-0.321890950202942
-0.510905265808105
-0.345935702323914
-0.279587209224701
-0.366824597120285
-0.56921374797821
-0.495651841163635
-0.362541615962982
-0.345484852790833
-0.466422438621521
-0.505344867706299
-0.367763817310333
-0.351721465587616
-0.473861306905746
-0.540209770202637
-0.378771811723709
-0.136032536625862
-0.0301980637013912
-0.00273444969207048
-0.146514549851418
-0.0448127649724484
0.277837753295898
0.56896710395813
0.682353138923645
0.697681665420532
0.882149994373321
1.07300519943237
1.1605806350708
1.06274855136871
0.730517745018005
0.916188299655914
1.35902500152588
1.32096672058105
1.08078217506409
1.00147199630737
1.06755757331848
0.868098795413971
0.595867156982422
0.592072606086731
0.720223605632782
0.788187563419342
0.671570539474487
0.217538014054298
-0.0707360133528709
0.0413726419210434
0.207056000828743
-0.0477807894349098
-0.525369644165039
-0.633045077323914
-0.428101122379303
-0.455790162086487
-0.547197759151459
-0.460110694169998
-0.281428158283234
0.0970136970281601
-0.00273444969207048
-0.438883692026138
-0.655173778533935
-0.450380086898804
0.0495253130793571
0.184551626443863
-0.120628871023655
-0.527924418449402
-0.39872145652771
0.0210473127663136
0.164000868797302
0.0500888638198376
0.0103398840874434
-0.11112368106842
-0.447712630033493
-0.589313685894012
-0.436554372310638
0.0101896040141582
0.24004240334034
-0.108681634068489
-0.498657435178757
-0.499521553516388
-0.29957440495491
-0.0685193836688995
-0.149407431483269
-0.157635241746902
-0.0406425036489964
0.0993054658174515
-0.0802036300301552
-0.270495295524597
-0.127015754580498
0.102348625659943
0.217650726437569
-0.102257177233696
-0.138399451971054
-0.0299350749701262
0.323485195636749
0.356546729803085
-0.0505233928561211
-0.220189169049263
-0.114054135978222
0.0627123564481735
-0.0136297279968858
-0.092226006090641
0.0335956662893295
0.224713876843452
0.212954491376877
-0.176608055830002
-0.587547898292541
-0.565494358539581
-0.386924505233765
-0.378020435571671
-0.496515959501266
-0.583866059780121
-0.503466367721558
-0.447336941957474
-0.548099458217621
-0.623990714550018
-0.522063493728638
-0.392109155654907
-0.351984471082687
-0.52713543176651
-0.579883635044098
-0.305585592985153
-0.0491708740592003
0.00136067206040025
-0.0161844827234745
-0.0479310676455498
0.120908170938492
0.475042283535004
0.65673041343689
0.73923397064209
0.834962129592895
1.05767667293549
1.1996533870697
1.16813218593597
0.855512917041779
0.813810288906097
1.33798587322235
1.46564841270447
1.18890845775604
1.02067029476166
1.06282377243042
0.976675927639008
0.750730395317078
0.628815948963165
0.717443406581879
0.828537702560425
0.827786266803741
0.398023933172226
-0.0992891564965248
-0.122319519519806
0.092054471373558
0.129812240600586
-0.280000478029251
-0.638379991054535
-0.627372026443481
-0.541374444961548
-0.602951526641846
-0.640108227729797
-0.459284156560898
-0.0117136612534523
0.176924929022789
-0.216131612658501
-0.718216061592102
-0.675423920154572
-0.19156089425087
0.189323008060455
0.0679345801472664
-0.310093998908997
-0.469240188598633
-0.202493742108345
0.138340622186661
0.189848974347115
0.148409351706505
0.0229633785784245
-0.23525470495224
-0.536377668380737
-0.548400044441223
-0.186150819063187
0.165090397000313
0.128459721803665
-0.280864596366882
-0.622863590717316
-0.537730157375336
-0.164923816919327
-0.0612308196723461
-0.292210727930069
-0.31787097454071
-0.0123523501679301
-0.019152507185936
-0.345560014247894
-0.286086827516556
-0.140465795993805
0.104753099381924
-0.00190791126806289
-0.270532876253128
-0.244496911764145
0.0722175464034081
0.395581871271133
0.0804453641176224
-0.19197416305542
-0.141630455851555
0.156712308526039
0.11730145663023
-0.15312685072422
-0.0350070148706436
0.314280569553375
0.382657825946808
0.125717118382454
-0.236419379711151
-0.474424839019775
-0.383505642414093
-0.302579998970032
-0.417656689882278
-0.507974803447723
-0.416078746318817
-0.326775044202805
-0.419986039400101
-0.584805309772491
-0.609075427055359
-0.504405617713928
-0.409691870212555
-0.43974781036377
-0.520598292350769
-0.455940455198288
-0.267564833164215
-0.125437825918198
-0.0898591056466103
-0.190734356641769
-0.0768599063158035
0.313604325056076
0.542893528938293
0.607739269733429
0.665108501911163
0.814110815525055
0.967133164405823
1.02296209335327
0.839057266712189
0.51054584980011
0.834210753440857
1.32547509670258
1.30447351932526
1.1044887304306
1.0088357925415
0.92212438583374
0.664394676685333
0.476507514715195
0.549318015575409
0.789878249168396
0.925205111503601
0.695502579212189
0.0577531270682812
-0.300701528787613
-0.141630455851555
0.112530075013638
-0.0517631992697716
-0.463980406522751
-0.622938752174377
-0.531268119812012
-0.534273743629456
-0.652468740940094
-0.596977949142456
-0.229506507515907
0.184852182865143
0.104865811765194
-0.401539206504822
-0.703150570392609
-0.440611928701401
0.0289745666086674
0.237224653363228
-0.0919254496693611
-0.435314565896988
-0.363180309534073
-0.0636728629469871
0.100169569253922
0.0747723057866097
0.0958866029977798
-0.135506555438042
-0.492270559072495
-0.685192108154297
-0.428251415491104
0.0669577568769455
0.231363743543625
-0.0665657520294189
-0.526384055614471
-0.645217716693878
-0.366599172353745
-0.107855096459389
-0.267076432704926
-0.33744490146637
-0.142682418227196
0.000496563850902021
-0.166539311408997
-0.299123585224152
-0.144748762249947
0.0705269053578377
0.129436537623405
-0.191222757101059
-0.303631961345673
-0.13077275454998
0.237525209784508
0.188684314489365
-0.241566449403763
-0.320989280939102
-0.0943674966692925
0.0932567045092583
-0.0627711862325668
-0.243783086538315
0.0350984632968903
0.209836184978485
0.124139182269573
-0.10898219794035
-0.466084331274033
-0.511882066726685
-0.414049983024597
-0.503090679645538
-0.626320064067841
-0.530178606510162
-0.389667093753815
-0.403755813837051
-0.511205792427063
-0.609601438045502
-0.560722947120666
-0.413148313760757
-0.348941296339035
-0.426335334777832
-0.439033985137939
-0.317495286464691
-0.107629679143429
-0.0492835864424706
-0.165412217378616
-0.165111660957336
0.124214321374893
0.469256520271301
0.649291574954987
0.69963526725769
0.78251451253891
0.960708677768707
1.07849037647247
1.03306829929352
0.556531429290771
0.670180439949036
1.322882771492
1.38787877559662
1.12128257751465
0.962512016296387
0.908787071704865
0.731381893157959
0.565322816371918
0.542780876159668
0.698771178722382
0.850403368473053
0.82376629114151
0.333741784095764
-0.23506686091423
-0.315053224563599
-0.0199039056897163
-0.0185138173401356
-0.38012433052063
-0.602049887180328
-0.56981486082077
-0.559069871902466
-0.627635002136231
-0.712805986404419
-0.728435099124908
-0.117134869098663
0.216824188828468
-0.0677304193377495
-0.6252681016922
-0.754884302616119
-0.295779854059219
0.0464445799589157
0.0942710936069489
-0.257045269012451
-0.37798285484314
-0.177998140454292
0.0498634427785873
0.133531659841537
0.148371785879135
-0.000104554957943037
-0.360888540744782
-0.674897968769074
-0.617603838443756
-0.180289909243584
0.213255047798157
0.131277471780777
-0.388014018535614
-0.715210497379303
-0.504518330097198
-0.125700816512108
-0.105488188564777
-0.361827790737152
-0.378433704376221
-0.0847871601581574
-0.155005350708961
-0.169319495558739
-0.221767112612724
-0.187879040837288
0.143637970089912
-0.165487363934517
-0.3762546479702
-0.267564833164215
0.223436489701271
0.34463706612587
-0.0479310676455498
-0.33909797668457
-0.261891782283783
0.0675588771700859
0.0347227640450001
-0.134154036641121
-0.15354011952877
0.0828874036669731
0.209873750805855
0.0214605815708637
-0.329480081796646
-0.541750133037567
-0.44079977273941
-0.437005192041397
-0.667083442211151
-0.639657378196716
-0.46315386891365
-0.459284156560898
-0.441213041543961
-0.550203382968903
-0.583753347396851
-0.453122705221176
-0.319749474525452
-0.362203478813171
-0.501362502574921
-0.430129915475845
-0.23581825196743
-0.124911844730377
-0.140428215265274
-0.165186807513237
-0.0441740751266479
0.274381309747696
0.550858378410339
0.675139665603638
0.673674464225769
0.774699985980988
0.961798191070557
1.0022234916687
0.708050966262817
0.495067030191422
0.978291392326355
1.31450462341309
1.15701150894165
0.989186704158783
0.894886195659638
0.774249136447906
0.644445061683655
0.63430118560791
0.609993457794189
0.688477039337158
0.831731140613556
0.517233312129974
-0.0273427497595549
-0.266062051057816
-0.0259150918573141
0.15844053030014
-0.103797547519207
-0.466610312461853
-0.596639811992645
-0.510867655277252
-0.495727002620697
-0.496440827846527
-0.72768372297287
-0.571881234645844
0.0143222957849503
0.142811432480812
-0.120553731918335
-0.48344162106514
-0.367500841617584
-0.106277160346508
-0.087341919541359
-0.269255489110947
-0.353900521993637
-0.125888660550117
0.114784270524979
0.0787547156214714
-0.0511620827019215
-0.0401916652917862
-0.189381837844849
-0.500611066818237
-0.626432776451111
-0.360287427902222
0.0879969149827957
0.219040811061859
-0.163045316934586
-0.633909165859222
-0.66914975643158
-0.305923730134964
-0.0582627989351749
-0.255091637372971
-0.428476840257645
-0.176758334040642
-0.0724266618490219
-0.116684027016163
-0.0743051543831825
-0.0679934099316597
0.143637970089912
-0.021481841802597
-0.392973244190216
-0.472471207380295
-0.136821508407593
0.343246966600418
0.235496431589127
-0.188142031431198
-0.332523256540298
-0.0672420114278793
0.017929008230567
-0.0850501507520676
-0.116383470594883
0.0221744105219841
0.135635584592819
0.0652295425534248
-0.189719960093498
-0.450943648815155
-0.442452847957611
-0.414275407791138
-0.644842028617859
-0.833706021308899
-0.738879561424255
-0.537166595458984
-0.404807776212692
-0.413937270641327
-0.448125898838043
-0.433962047100067
-0.377419292926788
-0.309417724609375
-0.383129924535751
-0.450417667627335
-0.217934980988502
-0.00900862738490105
-0.0103235738351941
-0.0826081112027168
-0.103384278714657
0.213743448257446
0.5278280377388
0.712258756160736
0.748626470565796
0.736190795898438
0.872306644916534
1.00335049629211
0.889175534248352
0.52936840057373
0.713085293769836
1.26198184490204
1.26141834259033
1.00969982147217
0.866483330726623
0.781387448310852
0.722966194152832
0.69820761680603
0.636555373668671
0.508592188358307
0.596017420291901
0.576218068599701
0.176135957241058
-0.246337831020355
-0.231497719883919
0.0411096513271332
-0.103985391557217
-0.477918863296509
-0.702173709869385
-0.592619836330414
-0.450868517160416
-0.575300097465515
-0.602763712406158
-0.756349563598633
-0.327225893735886
0.0631256252527237
-0.0153203746303916
-0.239612817764282
-0.416604727506638
-0.182994946837425
-0.145162031054497
-0.129345089197159
-0.298184335231781
-0.229957357048988
0.0521927811205387
0.126806646585464
0.00928792636841536
-0.116270758211613
-0.0989510267972946
-0.264183551073074
-0.560497522354126
-0.592131435871124
-0.218122825026512
0.133869796991348
0.0675213113427162
-0.415026783943176
-0.684215307235718
-0.430355310440063
-0.15030911564827
-0.230220332741737
-0.48039847612381
-0.467925250530243
-0.156921416521072
-0.0954945906996727
-0.0378623269498348
-0.0346313156187534
-0.0436105281114578
-0.00371126760728657
-0.405784606933594
-0.506960391998291
-0.297282665967941
0.325927257537842
0.517684161663055
0.032280720770359
-0.331846982240677
-0.33767032623291
-0.087341919541359
0.026231961324811
0.00744699966162443
0.0335956662893295
0.175046429038048
0.130939334630966
-0.00126922258641571
-0.247164368629456
-0.394851744174957
-0.157710388302803
-0.322379350662231
-0.613809287548065
-0.759993851184845
-0.658254504203796
-0.468826919794083
-0.359536021947861
-0.392597556114197
-0.519922018051147
-0.418257802724838
-0.33736976981163
-0.425283372402191
-0.514887630939484
-0.354576796293259
-0.0525521673262119
0.0409218035638332
-0.122883066534996
-0.229130804538727
0.0102271744981408
0.320892870426178
0.575729668140411
0.680174052715302
0.681789577007294
0.80265200138092
0.974647104740143
1.07432007789612
0.784355461597443
0.607401132583618
1.08904755115509
1.35369002819061
1.16824495792389
0.980019629001617
0.849013268947601
0.834924578666687
0.873847007751465
0.84285181760788
0.624795973300934
0.555554628372192
0.740736782550812
0.540827214717865
0.108096823096275
-0.149294719099998
-0.0369606502354145
0.0435516983270645
-0.238974139094353
-0.477355301380157
-0.540097057819366
-0.342178702354431
-0.371295392513275
-0.496102690696716
-0.569439172744751
-0.593220949172974
-0.0668663084506989
0.00523037416860461
-0.288528859615326
-0.457405656576157
-0.341089189052582
0.00271318946033716
-0.000555394042748958
-0.109245181083679
-0.25366398692131
-0.13066004216671
0.0551232323050499
0.0503142848610878
0.0186052676290274
-0.00386154744774103
-0.058901485055685
-0.352209895849228
-0.526910006999969
-0.326549619436264
-0.012164500541985
0.153331011533737
-0.100265972316265
-0.574811697006226
-0.62894994020462
-0.245999708771706
-0.13024677336216
-0.353149145841599
-0.477693438529968
-0.338008463382721
-0.116759166121483
0.0316796004772186
0.0584669560194015
-0.0935409590601921
-0.00626602256670594
-0.17179910838604
-0.455677449703217
-0.475852489471436
-0.0725393667817116
0.462606638669968
0.300605118274689
-0.205912604928017
-0.393048375844955
-0.11048499494791
0.0970512703061104
0.0183047074824572
0.0386676080524921
0.0859305709600449
0.120983310043812
0.112567648291588
-0.173940598964691
-0.347926914691925
-0.34082618355751
-0.308290630578995
-0.453310549259186
-0.666933119297028
-0.607685387134552
-0.443467229604721
-0.306487292051315
-0.344395339488983
-0.485244989395142
-0.479834914207458
-0.327977269887924
-0.229957357048988
-0.335603982210159
-0.370882123708725
-0.105262771248817
0.113694742321968
0.0208594631403685
-0.143584087491035
-0.0900093838572502
0.231589168310165
0.538084626197815
0.716128468513489
0.699109315872192
0.655302762985229
0.769815921783447
0.930953323841095
0.891542434692383
0.5690798163414
0.76068639755249
1.22302186489105
1.21430563926697
1.03780221939087
0.893345832824707
0.814148426055908
0.832783102989197
0.860509693622589
0.732771933078766
0.519600212574005
0.575541794300079
0.656542599201202
0.305000811815262
-0.13291423022747
-0.17108528316021
0.0562503300607204
-0.0108871227130294
-0.36032497882843
-0.56372857093811
-0.523040354251862
-0.345560014247894
-0.443805366754532
-0.578493535518646
-0.513723015785217
-0.3381587266922
0.00459168571978807
-0.175405815243721
-0.423404902219772
-0.38102599978447
-0.144448205828667
0.185115173459053
0.0663190707564354
-0.124160446226597
-0.165036514401436
0.00128553225658834
0.0919417589902878
0.0143598653376102
0.119781069457531
0.174708306789398
0.0621112398803234
-0.353750258684158
-0.541862845420837
-0.1732267588377
0.270023196935654
0.314468413591385
-0.150684803724289
-0.477693438529968
-0.384144306182861
-0.168079689145088
-0.238786280155182
-0.531531155109406
-0.495351284742355
-0.205724745988846
-0.13099816441536
-0.0301980637013912
-0.15245059132576
-0.125775948166847
-0.0771980360150337
-0.454437643289566
-0.581874847412109
-0.375052392482758
0.250073581933975
0.370597898960114
0.0331448279321194
-0.350368946790695
-0.369942873716354
0.0145852854475379
0.103363014757633
0.0759369730949402
0.125003293156624
0.180757060647011
0.182973682880402
0.0485860668122768
-0.127729579806328
-0.199863836169243
-0.217258721590042
-0.352998852729797
-0.616664588451385
-0.71539831161499
-0.553509533405304
-0.318509668111801
-0.261102825403214
-0.413974851369858
-0.466347306966782
-0.385346561670303
-0.244572043418884
-0.298297047615051
-0.410931676626205
-0.270044445991516
-0.0428591296076775
0.090514101088047
-0.0513123609125614
-0.21391499042511
-0.00326042855158448
0.377811312675476
0.613374710083008
0.659736037254333
0.617958247661591
0.736265957355499
0.917315423488617
1.02979981899261
0.782476961612701
0.599323570728302
1.02183496952057
1.30019056797028
1.18563985824585
0.961535215377808
0.812345027923584
0.7791708111763
0.82245135307312
0.792883813381195
0.611308395862579
0.53522926568985
0.73314768075943
0.585648119449615
0.0859681442379951
-0.205837458372116
-0.0537919774651527
0.123350217938423
-0.140916630625725
-0.413786977529526
-0.519659042358398
-0.352134734392166
-0.326549619436264
-0.575112223625183
-0.5031658411026
-0.472959607839584
-0.167591273784637
0.0258186925202608
-0.266137182712555
-0.392372131347656
-0.409241020679474
-0.0636728629469871
0.00759727926924825
-0.118863083422184
-0.13009649515152
-0.084035761654377
0.0329569764435291
-0.0099478755146265
0.0455053336918354
0.109411776065826
0.123688347637653
-0.15147377550602
-0.514549553394318
-0.41953518986702
0.0423118881881237
0.364323705434799
0.181921720504761
-0.361602365970612
-0.511356055736542
-0.270608007907867
-0.136971786618233
-0.2343530356884
-0.488325715065002
-0.299950122833252
-0.019152507185936
0.0947219356894493
-0.127804726362228
-0.347626358270645
-0.111687228083611
-0.295329004526138
-0.477392882108688
-0.543290495872498
-0.0393651239573956
0.420302897691727
0.20160835981369
-0.220865428447723
-0.447938054800034
-0.194491341710091
0.0363382697105408
0.100056864321232
0.0022999201901257
0.0213478710502386
0.196048021316528
0.167419731616974
-0.0387264378368855
-0.266099631786346
-0.208955764770508
-0.196257129311562
-0.437531173229218
-0.500348091125488
-0.555087447166443
-0.346874952316284
-0.176983758807182
-0.272787064313889
-0.48152557015419
-0.436854928731918
-0.23412761092186
-0.235855832695961
-0.292849391698837
-0.31937375664711
-0.0314754396677017
0.112642787396908
0.0054182237945497
-0.138286739587784
-0.105713613331318
0.231251031160355
0.526738464832306
0.698620915412903
0.620851159095764
0.631633698940277
0.826696753501892
0.994972467422485
0.952593564987183
0.712935030460358
0.8448805809021
1.23170053958893
1.23109936714172
0.984415292739868
0.82530665397644
0.790178775787353
0.832933366298676
0.85881906747818
0.715452194213867
0.520990312099457
0.600863933563232
0.647751212120056
0.270211040973663
-0.161016538739204
-0.21436582505703
0.0193942356854677
0.0244286060333252
-0.250320255756378
-0.431181877851486
-0.417506396770477
-0.283269077539444
-0.458081930875778
-0.691466271877289
-0.456729412078857
-0.0551444925367832
0.269835352897644
0.107420571148396
-0.371821373701096
-0.526722192764282
-0.292248278856277
0.057264719158411
0.182973682880402
0.09645015001297
0.0142847262322903
0.0473086908459663
0.0690616741776466
0.0062823323532939
0.0866068303585053
0.217049598693848
0.112041667103767
-0.297207504510879
-0.527360856533051
-0.223382607102394
0.235233455896378
0.334305346012115
-0.0527400188148022
-0.393649518489838
-0.429829359054565
-0.232399389147758
-0.309718310832977
-0.56410425901413
-0.363217860460281
-0.147791922092438
0.0221744105219841
-0.176307499408722
-0.492195427417755
-0.280075639486313
-0.335265845060348
-0.365472078323364
-0.50436806678772
-0.286575227975845
0.184100776910782
0.296134293079376
-0.0851628631353378
-0.415515214204788
-0.185512125492096
-0.0869286507368088
0.0679721459746361
-0.0404546521604061
0.0273966286331415
0.216673910617828
0.225352555513382
0.223812192678452
0.0550856627523899
-0.0722388103604317
-0.248779878020287
-0.372610360383987
-0.528262555599213
-0.54622095823288
-0.379260241985321
-0.19328910112381
-0.137234777212143
-0.341352164745331
-0.433097928762436
-0.374864548444748
-0.228679969906807
-0.190997332334518
-0.337294608354569
-0.300851792097092
-0.0596904531121254
0.0802950859069824
-0.0608551204204559
-0.202982142567635
0.0125189395621419
0.350347697734833
0.584671318531036
0.61701899766922
0.559236466884613
0.673373878002167
0.888987720012665
0.976187467575073
0.766885459423065
0.586286842823029
0.957815825939178
1.27569496631622
1.091264128685
0.862951755523682
0.873997271060944
0.930427312850952
0.879482507705688
0.777104437351227
0.619235634803772
0.604545831680298
0.709403455257416
0.530382752418518
0.0472711175680161
-0.248141199350357
-0.114016562700272
0.0559873431921005
-0.149257153272629
-0.423968434333801
-0.467211425304413
-0.336205095052719
-0.334476888179779
-0.616927564144135
-0.73114013671875
-0.480511158704758
0.0356244444847107
0.288394898176193
-0.0807296112179756
-0.498544722795486
-0.520748555660248
-0.217897400259972
0.0571144409477711
-0.0197911951690912
-0.0755073949694633
-0.0514626428484917
-0.0257648136466742
-0.033955056220293
0.0369769595563412
0.207769840955734
0.266454070806503
-0.072990208864212
-0.518757343292236
-0.418408095836639
0.0984789282083511
0.449119031429291
0.0934069827198982
-0.263131588697433
-0.464806944131851
-0.363330572843552
-0.241679161787033
-0.52044802904129
-0.534348845481873
-0.212863028049469
0.0608714334666729
0.0353614538908005
-0.300776660442352
-0.320576012134552
-0.282066822052002
-0.376217067241669
-0.496854096651077
-0.496140271425247
-0.0979742035269737
0.181470885872841
0.120983310043812
-0.36062553524971
-0.434675872325897
-0.216544881463051
-0.0252764038741589
-0.0197160560637712
-0.143771946430206
0.0386300384998322
0.229034408926964
0.144577220082283
-0.0176121387630701
-0.0735537558794022
-0.352285027503967
-0.333124369382858
-0.346198707818985
-0.549677431583405
-0.497342497110367
-0.324558407068253
-0.144823908805847
-0.286950916051865
-0.460862100124359
-0.430655896663666
-0.217446565628052
-0.120929427444935
-0.190095663070679
-0.1930261105299
-0.0601037219166756
0.113131195306778
0.0771767795085907
-0.11007172614336
-0.0904226526618004
0.285276591777802
0.602592170238495
0.647863924503326
0.555329203605652
0.588015019893646
0.772520959377289
0.904541671276093
0.905781447887421
0.707938253879547
0.757380247116089
1.16948473453522
1.21039843559265
0.929375350475311
0.800097227096558
0.904654383659363
0.879369795322418
0.748062908649445
0.627238035202026
0.551234066486359
0.639974236488342
0.574903130531311
0.193944096565247
-0.260050863027573
-0.295854985713959
0.0151112638413906
0.0278850384056568
-0.260464131832123
-0.474988400936127
-0.417957246303558
-0.23540498316288
-0.392146706581116
-0.647396802902222
-0.671216130256653
-0.362917304039001
0.196649134159088
0.227794602513313
-0.106728002429008
-0.36145207285881
-0.264709532260895
-0.0198663342744112
0.0103774536401033
0.0845029130578041
0.17974266409874
0.189661130309105
0.0442279540002346
-0.0289582572877407
0.128084018826485
0.289747416973114
0.15934219956398
-0.300889372825623
-0.565118670463562
-0.236907780170441
0.256685882806778
0.309960037469864
-0.187052503228188
-0.463717430830002
-0.346123546361923
-0.353299409151077
-0.562563896179199
-0.725654900074005
-0.498206615447998
-0.15230031311512
0.00894979666918516
-0.242130011320114
-0.420098721981049
-0.387149900197983
-0.387300193309784
-0.406310588121414
-0.500272929668426
-0.27669432759285
0.163099199533463
0.289597123861313
-0.164773538708687
-0.381439298391342
-0.224434569478035
0.00459168571978807
0.121546857059002
0.0947970747947693
0.0297635346651077
0.0660185143351555
0.198414921760559
0.175196707248688
0.0114669818431139
-0.161692798137665
-0.25802206993103
-0.428551971912384
-0.565306484699249
-0.60343998670578
-0.353562414646149
-0.121229991316795
-0.136708796024323
-0.374488860368729
-0.56624573469162
-0.446660667657852
-0.187315478920937
-0.146101281046867
-0.281277865171432
-0.163571298122406
-0.0213691312819719
0.0169897601008415
-0.158198788762093
-0.229243516921997
0.118954531848431
0.416245341300964
0.533989489078522
0.492775291204453
0.428680986166
0.540714502334595
0.761249959468842
0.860321819782257
0.705308318138122
0.606987833976746
0.937189936637878
1.11628568172455
0.927872598171234
0.778607249259949
0.770792722702026
0.847735941410065
0.804643213748932
0.629642486572266
0.457760095596313
0.50577449798584
0.608753621578217
0.359477192163467
-0.147341087460518
-0.413786977529526
-0.223871022462845
0.0245788842439651
-0.0983874797821045
-0.414049983024597
-0.545657396316528
-0.423780590295792
-0.35716912150383
-0.622074663639069
-0.780995428562164
-0.624854803085327
-0.260464131832123
0.155510067939758
0.0463694408535957
-0.223006919026375
-0.338421732187271
-0.207114830613136
-0.0904602259397507
-0.0764466375112534
0.118015289306641
0.178502857685089
0.124251894652843
-0.0834722146391869
-0.04826919734478
0.300717830657959
0.413803309202194
0.0835636630654335
-0.497680634260178
-0.495238572359085
0.104114413261414
0.456107020378113
0.213893726468086
-0.263882994651794
-0.405145913362503
-0.347137957811356
-0.415026783943176
-0.64852386713028
-0.541261732578278
-0.187428191304207
0.0245413146913052
-0.135882258415222
-0.340262651443481
-0.366599172353745
-0.387826174497604
-0.369416922330856
-0.631880402565002
-0.584091424942017
-0.177134037017822
0.136086419224739
-0.0225713700056076
-0.317570418119431
-0.326173931360245
-0.233451351523399
-0.00404939707368612
0.0145101454108953
-0.060704842209816
0.0183047074824572
0.0591056458652019
0.113694742321968
-0.0650629550218582
-0.208279505372047
-0.25558003783226
-0.320763856172562
-0.385647118091583
-0.535551130771637
-0.459735006093979
-0.209218755364418
-0.134755164384842
-0.266174763441086
-0.477693438529968
-0.453310549259186
-0.231046885251999
-0.081481009721756
-0.120929427444935
-0.206476151943207
0.0115796914324164
0.0819857269525528
0.00173637131229043
-0.140691205859184
-0.118299536406994
0.300229430198669
0.453890413045883
0.569042205810547
0.444460362195969
0.454792082309723
0.745846271514893
0.890452921390534
0.846120417118072
0.669353902339935
0.806709587574005
1.13499557971954
1.11812663078308
0.863364994525909
0.732170820236206
0.871855795383453
0.909200310707092
0.756440997123718
0.612660884857178
0.523094177246094
0.611120522022247
0.565397918224335
0.17944210767746
-0.253288269042969
-0.279775083065033
-0.0128031894564629
0.00823596771806478
-0.250883787870407
-0.415177077054977
-0.395753413438797
-0.317194700241089
-0.431407272815704
-0.729975461959839
-0.726819574832916
-0.420699864625931
0.0521176382899284
0.204689100384712
-0.0567224286496639
-0.186526522040367
-0.282630383968353
-0.204597651958466
-0.176232352852821
0.0349106155335903
0.279603540897369
0.234369337558746
0.00977633520960808
-0.176608055830002
0.0485109277069569
0.351850479841232
0.348920047283173
-0.246337831020355
-0.678542256355286
-0.332936525344849
0.263711452484131
0.394417226314545
-0.126076504588127
-0.531606256961823
-0.574736535549164
-0.464543968439102
-0.64611941576004
-0.657089829444885
-0.378057986497879
-0.240739911794662
-0.206776708364487
-0.41882136464119
-0.444707036018372
-0.289054840803146
-0.157034128904343
-0.425057977437973
-0.565494358539581
-0.361639946699142
0.0354365929961205
0.232979252934456
-0.093991793692112
-0.261741518974304
-0.209030896425247
-0.0390269979834557
0.0763502418994904
0.017816299572587
0.0751480013132095
0.138077631592751
0.194282233715057
0.0809337720274925
-0.15128593146801
-0.226839050650597
-0.345221877098084
-0.369529604911804
-0.522401630878449
-0.592356860637665
-0.458683043718338
-0.238222733139992
-0.299611985683441
-0.573759734630585
-0.562376022338867
-0.412133902311325
-0.11127395927906
-0.161016538739204
-0.306975692510605
-0.19351452589035
-0.000705673766788095
0.0882223397493362
-0.0809174627065659
-0.182205975055695
0.0665069222450256
0.423383623361588
0.540150940418243
0.511334836483002
0.483645796775818
0.641664862632751
0.820948541164398
0.814261138439178
0.711657643318176
0.659360349178314
0.955261051654816
1.19059908390045
1.00515389442444
0.788751125335693
0.814674377441406
0.919795036315918
0.806521713733673
0.588578581809998
0.434729754924774
0.462794482707977
0.547401964664459
0.38885685801506
-0.025689672678709
-0.275116384029388
-0.15057210624218
0.0264198109507561
-0.122883066534996
-0.374413698911667
-0.410931676626205
-0.289167553186417
-0.290144354104996
-0.545695006847382
-0.6665198802948
-0.556702971458435
-0.280526459217072
0.0534325875341892
0.0394941456615925
-0.0169358812272549
0.0229633785784245
-0.0433099679648876
-0.200314685702324
-0.271284252405167
0.0433262772858143
0.299928843975067
0.266191065311432
0.0314917527139187
-0.0873043462634087
0.125566840171814
0.34272101521492
0.164226293563843
-0.342141151428223
-0.323018044233322
0.0656803846359253
0.320592314004898
0.163211911916733
-0.390531212091446
-0.409053176641464
-0.398270606994629
-0.518043518066406
-0.659231305122376
-0.651041030883789
-0.298935741186142
-0.141931012272835
-0.236945360898972
-0.391583174467087
-0.4000363945961
-0.242017298936844
-0.2945776283741
-0.560196995735168
-0.508237779140472
-0.272448927164078
0.067258320748806
0.0228130985051394
-0.258886188268662
-0.35979899764061
-0.242994114756584
-0.0593898966908455
-0.0385385863482952
-0.0085953576490283
0.0853294506669044
0.121359013020992
0.104339830577374
-0.138737574219704
-0.281315445899963
-0.244835034012794
-0.243444949388504
-0.267489701509476
-0.51962149143219
-0.478595107793808
-0.249193146824837
-0.170484155416489
-0.288566440343857
-0.4000363945961
-0.301603198051453
-0.133891060948372
-0.087116502225399
-0.211811080574989
-0.199262723326683
0.0287867169827223
0.243348553776741
0.0567763112485409
-0.160302713513374
-0.143884658813477
0.19792652130127
0.524146139621735
0.541465878486633
0.519788026809692
0.549505889415741
0.705195605754852
0.79825633764267
0.786233961582184
0.710943818092346
0.78180068731308
1.12800753116608
1.14622890949249
0.830867052078247
0.769402623176575
0.977126717567444
1.00616824626923
0.799533724784851
0.582341969013214
0.457910388708115
0.498035073280334
0.501040637493134
0.224638730287552
-0.133289933204651
-0.195618435740471
-0.0273051802068949
-0.0640485659241676
-0.360550403594971
-0.490692615509033
-0.371445685625076
-0.250094830989838
-0.420587152242661
-0.673770844936371
-0.611855626106262
-0.415477633476257
-0.156132444739342
-0.0750941261649132
-0.183821484446526
-0.0247504245489836
0.104414977133274
0.0376907885074615
-0.269067645072937
-0.263131588697433
0.0186428371816874
0.146831423044205
0.189247861504555
0.015787523239851
0.0924301669001579
0.207469269633293
0.172078400850296
-0.302880585193634
-0.570791721343994
-0.160715982317925
0.218777820467949
0.192441299557686
-0.29754564166069
-0.545882821083069
-0.459659874439239
-0.413486421108246
-0.545770108699799
-0.685530245304108
-0.499671846628189
-0.243632808327675
-0.189006134867668
-0.298184335231781
-0.373023629188538
-0.185624837875366
-0.0579622387886047
-0.33857199549675
-0.531042695045471
-0.352548003196716
0.0709026008844376
0.176737070083618
-0.0613811016082764
-0.21275033056736
-0.246901392936707
-0.0975233688950539
-0.0366976596415043
-0.106953419744968
0.064027301967144
0.141797050833702
0.155209511518478
-0.0874546319246292
-0.350894927978516
-0.285711109638214
-0.387225061655045
-0.33999964594841
-0.43997323513031
-0.535288095474243
-0.445984423160553
-0.321815818548202
-0.312949299812317
-0.510191440582275
-0.48295322060585
-0.246938958764076
-0.0707360133528709
-0.166201189160347
-0.267376989126205
-0.10920761525631
0.103438153862953
0.0926180183887482
-0.0978239253163338
-0.202831864356995
-0.0278687290847301
0.353954404592514
0.548153340816498
0.496607422828674
0.451786488294601
0.611984670162201
0.815012514591217
0.786309123039246
0.728226006031036
0.765194773674011
0.896839797496796
1.1303368806839
1.00804674625397
0.707825541496277
0.801600039005279
1.03340649604797
0.87895655632019
0.539549827575684
0.367179036140442
0.458924770355225
0.582154154777527
0.426201373338699
0.0565133206546307
-0.166276335716248
-0.062395490705967
0.0403582528233528
-0.122958205640316
-0.399397701025009
-0.379898905754089
-0.215380221605301
-0.276243507862091
-0.644879579544067
-0.817626118659973
-0.412697464227676
-0.125062122941017
0.0550856627523899
-0.052251610904932
-0.177284315228462
0.0264198109507561
-0.0262532215565443
-0.0714122727513313
-0.225711941719055
-0.0351197235286236
0.164263859391212
0.126092821359634
0.086343839764595
0.0492998957633972
0.308870494365692
0.327768176794052
0.0946467965841293
-0.368440091609955
-0.417581558227539
0.125003293156624
0.372513949871063
0.0769889280200005
-0.415214657783508
-0.508951604366302
-0.466159462928772
-0.554298520088196
-0.675048232078552
-0.573985159397125
-0.297169953584671
-0.212261915206909
-0.368177086114883
-0.465370506048202
-0.396617531776428
-0.272373795509338
-0.27699488401413
-0.519959568977356
-0.5903280377388
-0.305322617292404
0.00808568857610226
-0.0516129210591316
-0.203432977199554
-0.259637594223022
-0.139639258384705
-0.0210685729980469
-0.0976736471056938
-0.0403043739497662
0.0248043052852154
0.28377377986908
0.15761399269104
-0.138174027204514
-0.162632048130035
-0.237884610891342
-0.221654400229454
-0.305660754442215
-0.468188226222992
-0.447750210762024
-0.23623152077198
-0.099702425301075
-0.241416171193123
-0.390906900167465
-0.317269861698151
-0.138812720775604
-0.0772731825709343
-0.199225157499313
-0.187841460108757
0.00951334554702044
0.195484474301338
0.0349481850862503
-0.200051695108414
-0.129871070384979
0.184701904654503
0.480264484882355
0.462869614362717
0.392914414405823
0.478047877550125
0.676454663276672
0.794086098670959
0.78180068731308
0.790779888629913
0.863252282142639
0.996813356876373
1.05031299591064
0.811480939388275
0.712258756160736
0.980094790458679
1.00196051597595
0.630919873714447
0.333328515291214
0.303986400365829
0.471848845481873
0.483194947242737
0.203937709331512
-0.136596083641052
-0.125663235783577
-0.0112252524122596
-0.115594498813152
-0.373925298452377
-0.524693429470062
-0.335491269826889
-0.238974139094353
-0.417205840349197
-0.853167235851288
-0.764953076839447
-0.257909387350082
-0.0713371336460114
0.104264691472054
-0.0973730906844139
-0.0810677409172058
-0.0962084233760834
-0.142306715250015
-0.116646461188793
-0.0932403951883316
0.296697854995728
0.231927290558815
0.0387427471578121
-0.153953388333321
0.0936324074864387
0.476808071136475
0.360754579305649
-0.155493766069412
-0.602162599563599
-0.233188360929489
0.30481293797493
0.359251767396927
-0.0793019533157349
-0.460411250591278
-0.514737367630005
-0.496741384267807
-0.636088252067566
-0.617152988910675
-0.337482482194901
-0.117210008203983
-0.21391499042511
-0.472208231687546
-0.451958030462265
-0.293450534343719
-0.148956596851349
-0.373211473226547
-0.557379245758057
-0.361076384782791
0.0246540252119303
0.113206334412098
-0.157334685325623
-0.332485675811768
-0.412622332572937
-0.136070117354393
0.0144725758582354
-0.0105865634977818
0.121884986758232
0.218852967023849
0.115610808134079
-0.0031477187294513
-0.199150010943413
-0.170070886611938
-0.197572082281113
-0.270119607448578
-0.448238611221313
-0.605243325233459
-0.424757421016693
-0.287138760089874
-0.181417003273964
-0.328127562999725
-0.388840556144714
-0.229243516921997
-0.1304721981287
-0.236870214343071
-0.369379341602325
-0.19407807290554
0.0903262495994568
0.107908979058266
-0.0705481618642807
-0.184723168611526
-0.0429342687129974
0.321944832801819
0.464447557926178
0.397084683179855
0.378562718629837
0.608640909194946
0.82113641500473
0.851831018924713
0.823954164981842
0.881135582923889
1.01965594291687
1.0060555934906
0.901460886001587
0.739421844482422
0.828800678253174
1.10922265052795
1.02818429470062
0.570695281028748
0.287793785333633
0.406439602375031
0.545748889446259
0.363459587097168
0.0735324993729591
-0.0205801632255316
0.0436644069850445
0.0924301669001579
-0.175105258822441
-0.475702226161957
-0.50256472826004
-0.314564824104309
-0.295141160488129
-0.707395970821381
-0.905239164829254
-0.397143512964249
0.0441903844475746
0.17857800424099
0.0637267455458641
-0.213276296854019
-0.225561663508415
-0.08967125415802
0.0612847022712231
0.0332199670374393
0.115310251712799
0.208446100354195
0.0684981271624565
-0.0397032536566257
0.109674766659737
0.483720928430557
0.596731245517731
0.187444508075714
-0.447862923145294
-0.489715814590454
0.0663566440343857
0.358425229787827
0.00545579381287098
-0.42118826508522
-0.543065071105957
-0.491782158613205
-0.647885203361511
-0.761872351169586
-0.621698975563049
-0.371032416820526
-0.177660018205643
-0.48081174492836
-0.619219362735748
-0.52225136756897
-0.361602365970612
-0.327263444662094
-0.56635844707489
-0.551856458187103
-0.273050040006638
0.0411096513271332
-0.104699224233627
-0.321440100669861
-0.314639955759048
-0.1716488301754
0.0112791322171688
0.0581663958728313
-0.0861396789550781
0.104490116238594
0.389082282781601
0.238952875137329
0.135898575186729
-0.0427088476717472
-0.0805793330073357
-0.112062931060791
-0.222781494259834
-0.338008463382721
-0.378583967685699
-0.221466541290283
-0.0714874118566513
-0.212449759244919
-0.308290630578995
-0.216469749808311
-0.0573986880481243
-0.0591644756495953
-0.25456565618515
-0.269518494606018
-0.0613435320556164
0.149198323488235
-0.00141950231045485
-0.202343448996544
-0.137685611844063
0.148785054683685
0.429357260465622
0.4278544485569
0.363872855901718
0.435293287038803
0.640763223171234
0.754938185214996
0.734011769294739
0.739046156406403
0.929300248622894
0.9639772772789
0.899770259857178
0.848900616168976
0.716278731822968
0.958905339241028
1.08769500255585
0.69475120306015
0.22061875462532
0.155960902571678
0.422895222902298
0.404298096895218
0.153969705104828
-0.00983516499400139
0.0030888884793967
0.0631256252527237
-0.0687072351574898
-0.349241852760315
-0.508838891983032
-0.389892518520355
-0.258811056613922
-0.50173819065094
-0.877963423728943
-0.741321563720703
-0.146664828062058
0.305000811815262
0.283435672521591
-0.0613435320556164
-0.262943744659424
-0.169244349002838
0.0125940795987844
0.106631599366665
0.18008080124855
0.273329347372055
0.149611592292786
-0.0557456128299236
-0.0681436881422996
0.34343484044075
0.668452262878418
0.40704071521759
-0.210496127605438
-0.469202637672424
-0.131148442625999
0.272390097379684
0.236773818731308
-0.258247494697571
-0.545807719230652
-0.531193017959595
-0.477054744958878
-0.629062652587891
-0.735723674297333
-0.441626310348511
-0.173940598964691
-0.253889381885529
-0.552870869636536
-0.507411241531372
-0.389854937791824
-0.333800613880157
-0.485658258199692
-0.649838805198669
-0.429528772830963
-0.138399451971054
-0.0283947084099054
-0.258998900651932
-0.373173892498016
-0.272298663854599
-0.0531157180666924
-0.0360214039683342
-0.0825705379247665
-0.0639358535408974
0.239366143941879
0.28411191701889
0.219191089272499
0.13912957906723
-0.10988387465477
-0.168643236160278
-0.273388177156448
-0.435314565896988
-0.500085115432739
-0.276957333087921
-0.096321128308773
-0.15169920027256
-0.320538431406021
-0.330795019865036
-0.17224994301796
-0.0471796691417694
-0.0827583894133568
-0.247577637434006
-0.264634400606155
-0.0489830262959003
0.0483230762183666
-0.163608863949776
-0.239237114787102
0.0582415387034416
0.404222965240479
0.518773674964905
0.385325282812119
0.359251767396927
0.551497042179108
0.733598470687866
0.827823877334595
0.746898233890534
0.791381061077118
0.9837766289711
0.998504042625427
0.965517640113831
0.81707888841629
0.910139560699463
1.12361192703247
0.909726321697235
0.449757725000381
0.195033624768257
0.361468404531479
0.497809648513794
0.335995972156525
0.0515165217220783
-0.102031759917736
-0.0190773662179708
0.0150361247360706
-0.207189977169037
-0.454700648784637
-0.450117111206055
-0.251034080982208
-0.323882162570953
-0.731703698635101
-0.869472622871399
-0.553922832012177
0.0761248245835304
0.427591472864151
0.211151123046875
-0.120478592813015
-0.281277865171432
-0.112739190459251
0.0524181984364986
0.116211928427219
0.202472478151321
0.304474830627441
0.11733902990818
-0.0337672084569931
0.177338197827339
0.524409174919128
0.615403532981873
0.109374202787876
-0.415515214204788
-0.35908517241478
0.145253479480743
0.380290925502777
-0.0964338406920433
-0.464431256055832
-0.591755747795105
-0.58687162399292
-0.558093070983887
-0.766568601131439
-0.650214493274689
-0.393762230873108
-0.243520095944405
-0.423029184341431
-0.671216130256653
-0.455677449703217
-0.369755029678345
-0.445683866739273
-0.660395979881287
-0.624403953552246
-0.208129227161407
0.0116172609850764
-0.11127395927906
-0.307313829660416
-0.323694318532944
-0.0962459892034531
0.105542071163654
0.11711360514164
-0.0227592196315527
-0.0461652800440788
0.403095871210098
0.309246212244034
0.267355740070343
0.279302984476089
0.0717291384935379
0.0180417187511921
-0.227289885282516
-0.475589513778687
-0.364720672369003
-0.0841484740376472
0.0201080646365881
-0.13077275454998
-0.244496911764145
-0.178448989987373
-0.0738543123006821
-0.0743427276611328
-0.175518527626991
-0.205086067318916
-0.101806342601776
0.0343094952404499
-0.0666784569621086
-0.236607223749161
-0.0759958028793335
0.268858522176743
0.497396379709244
0.407190978527069
0.259954452514648
0.335995972156525
0.556230902671814
0.728751957416534
0.727098882198334
0.752345860004425
0.890377759933472
0.918630361557007
0.945605576038361
0.893759071826935
0.739158868789673
0.921260237693787
1.03855359554291
0.6158167719841
0.192741870880127
0.272051960229874
0.523545026779175
0.481992721557617
0.20078182220459
-0.0356081314384937
-0.0779870077967644
0.0538458563387394
0.00372757739387453
-0.270382583141327
-0.418783783912659
-0.311897367238998
-0.190997332334518
-0.472809344530106
-0.806768417358398
-0.62943834066391
-0.200878232717514
0.26247164607048
0.338137477636337
0.0998690128326416
-0.087341919541359
-0.141818314790726
-0.0217072609812021
0.00173637131229043
0.214945688843727
0.367855280637741
0.279190272092819
0.0163886416703463
-0.074755996465683
0.312477201223373
0.682991802692413
0.487027078866959
-0.136070117354393
-0.420737415552139
-0.128518551588058
0.289334148168564
0.244062379002571
-0.276356220245361
-0.558694183826447
-0.497718185186386
-0.443354517221451
-0.559220135211945
-0.638680577278137
-0.471193820238113
-0.243858218193054
-0.231234729290009
-0.5499027967453
-0.457518368959427
-0.251860618591309
-0.280526459217072
-0.549264132976532
-0.795309543609619
-0.574924409389496
-0.184159606695175
0.0278850384056568
-0.203320279717445
-0.360174715518951
-0.248554468154907
-0.0572484098374844
-0.0170110203325748
-0.121755972504616
-0.139902248978615
0.155510067939758
0.299027174711227
0.165616378188133
0.167044043540955
0.0940456762909889
-0.0543555244803429
-0.182807102799416
-0.363593578338623
-0.514549553394318
-0.205724745988846
0.000834693142678589
-0.0020957610104233
-0.141855880618095
-0.203245133161545
-0.0667536035180092
-0.0336169265210628
-0.0835097879171372
-0.187428191304207
-0.121380269527435
0.0355868712067604
0.0657555237412453
-0.142419427633286
-0.199037298560143
0.104076847434044
0.416508346796036
0.452838450670242
0.319690644741058
0.306729018688202
0.498448342084885
0.723830282688141
0.796377837657928
0.752045333385468
0.789502561092377
0.963188290596008
0.902362585067749
0.832407414913177
0.758958160877228
0.791493773460388
0.976037204265594
0.856226742267609
0.419288516044617
0.0997187346220017
0.267430871725082
0.456219732761383
0.336597114801407
0.0575652793049812
-0.102445028722286
-0.0627336204051971
-0.0444746352732182
-0.268954932689667
-0.457368105649948
-0.365284204483032
-0.180891022086143
-0.27763357758522
-0.689700484275818
-0.771640539169311
-0.486522346735001
-0.0738167464733124
0.361543536186218
0.275959253311157
0.11647491902113
-0.00743069034069777
-0.0572484098374844
-0.0592020452022552
0.0370145291090012
0.373302906751633
0.504158973693848
0.329759389162064
-0.0568351410329342
-0.0182132590562105
0.437585055828094
0.625660121440887
0.204313397407532
-0.427312165498734
-0.453047573566437
-0.00769367953762412
0.177263051271439
-0.17119799554348
-0.606558263301849
-0.652656555175781
-0.519696593284607
-0.572745323181152
-0.800982654094696
-0.744214475154877
-0.457368105649948
-0.368703067302704
-0.522927641868591
-0.606032311916351
-0.367763817310333
-0.253062844276428
-0.443617522716522
-0.708447873592377
-0.701873183250427
-0.342892527580261
-0.0039366870187223
0.0243910346180201
-0.223946169018745
-0.177058890461922
-0.106990985572338
0.0342343561351299
-0.00292229931801558
-0.0196033455431461
0.188984870910645
0.274644285440445
0.506676137447357
0.248044788837433
0.184514045715332
0.0798818096518516
0.0314917527139187
-0.105488188564777
-0.441062748432159
-0.36133936047554
-0.181642428040504
-0.00645387219265103
-0.13103574514389
-0.208504930138588
-0.154441803693771
-0.0355705618858337
-0.0615313798189163
-0.240927770733833
-0.281503289937973
-0.158762350678444
0.0165764912962914
-0.103233993053436
-0.264408975839615
-0.154667228460312
0.189097583293915
0.379088699817657
0.275884121656418
0.221332579851151
0.332840114831924
0.595604181289673
0.756967008113861
0.705947041511536
0.647901475429535
0.79957127571106
0.905480921268463
0.889175534248352
0.813923001289368
0.682916641235352
0.859119594097137
0.976826190948486
0.614050984382629
0.180869773030281
0.202622756361961
0.498110204935074
0.505436360836029
0.219303801655769
0.0415604896843433
0.0229633785784245
0.0589553639292717
-0.0424082912504673
-0.29957440495491
-0.407024413347244
-0.235592842102051
-0.123296335339546
-0.375052392482758
-0.677152156829834
-0.523115456104279
-0.188517719507217
0.156374171376228
0.343171834945679
0.278964847326279
0.274644285440445
0.102874606847763
-0.0166353210806847
-0.161016538739204
0.0561376214027405
0.417560279369354
0.479024678468704
0.259203046560287
-0.0796025171875954
0.142172753810883
0.597783207893372
0.536431550979614
-0.107178837060928
-0.496703803539276
-0.280038058757782
0.118165567517281
0.059030506759882
-0.415139496326447
-0.635937929153442
-0.539232969284058
-0.454437643289566
-0.614034712314606
-0.723926723003387
-0.530216157436371
-0.340488076210022
-0.422615915536881
-0.626019477844238
-0.386548787355423
-0.0915121808648109
-0.253062844276428
-0.571768522262573
-0.818565368652344
-0.561850070953369
-0.127128466963768
0.143149569630623
-0.00510135479271412
-0.207828670740128
-0.265010088682175
-0.180590465664864
-0.101393073797226
-0.19171117246151
-0.00217090081423521
0.204350978136063
0.46767857670784
0.174896150827408
-0.0139678567647934
-0.0221956707537174
-0.138023748993874
-0.107704818248749
-0.401689469814301
-0.409241020679474
-0.168530523777008
-0.00404939707368612
-0.0649878159165382
-0.227853432297707
-0.177359461784363
-0.0623203478753567
0.0378410667181015
-0.0302356332540512
-0.164510548114777
-0.165111660957336
0.0306276436895132
0.0975772440433502
-0.154629647731781
-0.197384223341942
0.131127193570137
0.476244509220123
0.502092599868774
0.393590688705444
0.377585887908936
0.560063004493713
0.760273158550262
0.814148426055908
0.735815107822418
0.798068463802338
0.939932525157928
0.930540025234222
0.931103587150574
0.678859114646912
0.637983024120331
0.889889359474182
0.755576908588409
0.308043956756592
0.153068020939827
0.364586710929871
0.474553853273392
0.233805790543556
-0.0434602461755276
-0.126001372933388
-0.012202070094645
0.0380289182066917
-0.174954980611801
-0.403342545032501
-0.35656800866127
-0.15327712893486
-0.224547281861305
-0.58533126115799
-0.553772509098053
-0.159513741731644
0.126468524336815
0.347454816102982
0.225690692663193
0.235120743513107
0.206755444407463
0.205215081572533
0.0625245049595833
-0.0510118007659912
0.243874534964561
0.458774507045746
0.491986304521561
0.213480457663536
0.223173499107361
0.479963928461075
0.514753699302673
0.1392422914505
-0.402102738618851
-0.366974860429764
-0.0350821539759636
0.057227149605751
-0.312686324119568
-0.682148933410644
-0.640145778656006
-0.478294551372528
-0.476603895425796
-0.723889112472534
-0.780619740486145
-0.497755765914917
-0.325760662555695
-0.50102436542511
-0.531906843185425
-0.280639171600342
-0.200164407491684
-0.40075021982193
-0.573571860790253
-0.586495935916901
-0.271509677171707
0.123012088239193
0.182297423481941
-0.0108871227130294
-0.129194810986519
0.0244661755859852
0.0421616099774838
-0.0101732946932316
-0.0271924696862698
0.306203037500381
0.447015106678009
0.331525176763535
0.20003043115139
0.103325448930264
0.111215129494667
-0.0318887121975422
-0.056384302675724
-0.451432049274445
-0.488926827907562
-0.151774331927299
-0.104060538113117
-0.175255537033081
-0.223570466041565
-0.106164447963238
-0.0544682368636131
-0.0832092240452766
-0.232512101531029
-0.289054840803146
-0.0823826864361763
0.120682753622532
-0.0255393926054239
-0.338835000991821
-0.231535285711288
0.256723433732986
0.461441963911057
0.344073504209518
0.319690644741058
0.470684170722961
0.668602526187897
0.706848680973053
0.661201238632202
0.659548163414001
0.842288255691528
0.92760956287384
0.892932534217834
0.809752702713013
0.656392276287079
0.836126804351807
0.889588832855225
0.507277250289917
0.191464483737946
0.270060777664185
0.504309237003326
0.5072021484375
0.205177515745163
-0.0797527953982353
-0.123935021460056
0.0346476249396801
-0.014005427248776
-0.278835833072662
-0.378583967685699
-0.200427383184433
-0.0636728629469871
-0.367350548505783
-0.66460382938385
-0.373549610376358
-0.0049510751850903
0.207995250821114
0.276334941387177
0.120231911540031
0.187143951654434
0.176398947834969
0.148146361112595
-0.00818208884447813
0.0180792883038521
0.369733780622482
0.441079050302505
0.225127145648003
0.0468202792108059
0.341744184494019
0.616455495357513
0.410872846841812
-0.191823869943619
-0.566809296607971
-0.254903793334961
0.0766507983207703
-0.0103611443191767
-0.384557574987412
-0.616213738918304
-0.592206537723541
-0.564479947090149
-0.779905915260315
-0.882208824157715
-0.553133845329285
-0.287176340818405
-0.370544016361237
-0.60272616147995
-0.527398467063904
-0.342366576194763
-0.328841388225555
-0.609714150428772
-0.712843596935272
-0.416191458702087
-0.222969338297844
0.00816082861274481
-0.156170025467873
-0.29611799120903
-0.119276352226734
-0.04823162779212
-0.123446613550186
-0.0705481618642807
0.115685947239399
0.26491367816925
0.349558740854263
0.166142359375954
0.0804453641176224
0.0111288521438837
-0.128142848610878
-0.173790320754051
-0.317607969045639
-0.471344113349915
-0.278948545455933
-0.0303483437746763
-0.116533748805523
-0.205311477184296
-0.170747146010399
-0.103384278714657
-0.038200456649065
-0.163007751107216
-0.27507883310318
-0.196294695138931
0.0424997396767139
0.134095206856728
-0.115895062685013
-0.193777516484261
0.11839098483324
0.44836762547493
0.435368448495865
0.259541183710098
0.291625916957855
0.511635363101959
0.695728003978729
0.739384233951569
0.703880667686462
0.752458572387695
0.948460876941681
0.849689543247223
0.712108492851257
0.642228424549103
0.619198083877564
0.810203552246094
0.69798219203949
0.267055183649063
0.0619609579443932
0.28298482298851
0.476094245910645
0.259653896093369
-0.0190397966653109
-0.0493211559951305
0.0024877698160708
0.0362255610525608
-0.19426591694355
-0.401088356971741
-0.312460899353027
-0.111950218677521
-0.138061314821243
-0.627860426902771
-0.756988227367401
-0.139413833618164
0.199692294001579
0.314994394779205
0.210061594843864
0.103776283562183
0.122749097645283
-0.0216696914285421
0.0173278898000717
0.00590663310140371
0.326190233230591
0.475042283535004
0.265139102935791
-0.0335793569684029
-0.00457537593320012
0.521516263484955
0.622729659080505
0.135635584592819
-0.474650263786316
-0.535288095474243
-0.224847838282585
-0.02745546028018
-0.209632024168968
-0.479196220636368
-0.555162608623505
-0.591455161571503
-0.689850807189941
-0.926879465579987
-0.824651658535004
-0.374714255332947
-0.299086004495621
-0.562864422798157
-0.633608639240265
-0.561023533344269
-0.423254609107971
-0.44252797961235
-0.639018654823303
-0.571543097496033
-0.300513654947281
0.0218738503754139
0.0474589690566063
-0.182957381010056
-0.229544088244438
-0.0987256020307541
0.0281104575842619
-0.0714122727513313
-0.0147192552685738
0.211902529001236
0.398211777210236
0.416057497262955
0.209197491407394
0.195634752511978
0.00361486757174134
-0.117247581481934
-0.232249110937119
-0.54084849357605
-0.385121136903763
-0.105225205421448
0.0380664877593517
-0.160603269934654
-0.332635939121246
-0.240965336561203
-0.187540903687477
-0.221541687846184
-0.346687108278275
-0.352059602737427
-0.205386623740196
0.000684413476847112
-0.115068525075912
-0.383693486452103
-0.21545535326004
0.223173499107361
0.368719398975372
0.206417322158813
0.177789032459259
0.390509933233261
0.668226838111878
0.778118848800659
0.77428674697876
0.750166833400726
0.906683146953583
0.956388115882873
0.753548145294189
0.686861515045166
0.617469847202301
0.800811111927032
0.916827023029327
0.611345946788788
0.243573978543282
0.188233479857445
0.42755389213562
0.415531516075134
0.13642455637455
-0.0185138173401356
-0.0034107081592083
0.0973142609000206
-0.0375993400812149
-0.296343415975571
-0.3762546479702
-0.13276395201683
-0.0031477187294513
-0.327714294195175
-0.791853129863739
-0.487085908651352
0.13642455637455
0.297411680221558
0.366314917802811
0.0467451401054859
-0.0748687013983726
-0.113941423594952
0.0183047074824572
0.163362190127373
0.196836993098259
0.393402814865112
0.234970465302467
-0.0988758876919746
-0.115331508219242
0.405350059270859
0.705270767211914
0.347529947757721
-0.333612769842148
-0.675198495388031
-0.449252992868423
-0.0213691312819719
0.0342719256877899
-0.346762239933014
-0.599081873893738
-0.601298451423645
-0.575788497924805
-0.793656468391418
-0.872478187084198
-0.495238572359085
-0.211623221635818
-0.4000363945961
-0.740194499492645
-0.730163335800171
-0.53942084312439
-0.503616690635681
-0.568236947059631
-0.614823639392853
-0.50185090303421
-0.223645597696304
-0.105600900948048
-0.261703938245773
-0.368101954460144
-0.154930219054222
0.0224373992532492
-0.0968095362186432
-0.180365055799484
0.0378786399960518
0.272390097379684
0.466589033603668
0.438073456287384
0.251350939273834
0.0967882797122002
-0.114542543888092
-0.175631240010262
-0.319411337375641
-0.320726275444031
-0.0428591296076775
0.127633184194565
0.0134581876918674
-0.254377812147141
-0.227365031838417
-0.0992140173912048
-0.0498095639050007
-0.0935785248875618
-0.268654376268387
-0.276769489049911
-0.0489078871905804
0.101597227156162
-0.147641643881798
-0.292924553155899
0.0555365011096001
0.321381270885468
0.225277423858643
0.168960109353066
0.292039185762405
0.481880009174347
0.661126136779785
0.734763145446777
0.692421853542328
0.727174043655395
0.862613618373871
0.730893433094025
0.644445061683655
0.567689716815948
0.649216413497925
0.958078801631928
0.828687965869904
0.285990417003632
0.0169146209955215
0.209347769618034
0.439651399850845
0.305000811815262
0.0581663958728313
-0.00540191447362304
0.0937826856970787
0.107420571148396
-0.174954980611801
-0.364457666873932
-0.3168565928936
-0.0769350528717041
-0.139413833618164
-0.620684564113617
-0.716037034988403
-0.171423405408859
0.32423660159111
0.441792905330658
0.256122320890427
-0.0791892483830452
-0.081405870616436
0.0535077266395092
0.160844996571541
0.228696286678314
0.290047973394394
0.327805727720261
0.0358874313533306
-0.179012537002563
0.0715788602828979
0.612698495388031
0.593500256538391
-0.11044742166996
-0.720357596874237
-0.682862758636475
-0.194491341710091
0.0652671158313751
-0.194979757070541
-0.606145024299622
-0.731403112411499
-0.703300833702087
-0.793957054615021
-0.951487720012665
-0.813080132007599
-0.35788294672966
-0.326061218976974
-0.634209752082825
-0.899227976799011
-0.754433512687683
-0.414500802755356
-0.622675776481628
-0.60975170135498
-0.534085869789124
-0.260125994682312
-0.0533035658299923
-0.12938266992569
-0.270420163869858
-0.349880546331406
0.00462925527244806
-0.039928674697876
-0.0989885926246643
-0.104774363338947
0.144163951277733
0.457647413015366
0.466513901948929
0.384611457586288
0.179479688405991
0.0184549875557423
-0.23254968225956
-0.328240275382996
-0.44177657365799
-0.198060482740402
-0.0182508286088705
0.0181544274091721
-0.204071670770645
-0.462966024875641
-0.285598397254944
-0.153427422046661
-0.13261367380619
-0.312047630548477
-0.390568763017654
-0.306562423706055
-0.11191264539957
-0.139113277196884
-0.274515271186829
-0.0749438405036926
0.196123152971268
0.24214631319046
0.107758693397045
0.0953230485320091
0.345613896846771
0.711281955242157
0.831768691539764
0.742352306842804
0.651395499706268
0.787811875343323
0.767373859882355
0.665070950984955
0.681639313697815
0.654363512992859
0.831843852996826
0.939631938934326
0.548040628433228
0.0223622601479292
0.0789049938321114
0.369395643472671
0.401179790496826
0.129023268818855
-0.0593523234128952
-0.0279062986373901
0.082323856651783
0.00985147524625063
-0.239875808358192
-0.373887717723846
-0.249531283974648
-0.195430591702461
-0.497755765914917
-0.745604574680328
-0.479384064674377
0.0225501097738743
0.354630678892136
0.263298183679581
0.013721177354455
-0.0625081956386566
0.0647035613656044
0.142135173082352
0.126618802547455
0.155134364962578
0.286516398191452
0.260593146085739
-0.0209558624774218
-0.0509366616606712
0.437322080135345
0.708276391029358
0.280693054199219
-0.395528018474579
-0.675912320613861
-0.368139535188675
0.00335187814198434
-0.0197536256164312
-0.409729450941086
-0.673883557319641
-0.689963519573212
-0.673958718776703
-0.860643684864044
-0.967830657958984
-0.613057851791382
-0.327601581811905
-0.497079521417618
-0.857337534427643
-0.815822720527649
-0.533184230327606
-0.515864491462708
-0.662199318408966
-0.742223262786865
-0.517968416213989
-0.305172324180603
-0.116571322083473
-0.145049318671226
-0.316368162631989
-0.0862523913383484
0.0430632866919041
-0.0257648136466742
-0.0924514308571816
0.0561751909554005
0.339903265237808
0.573926329612732
0.55585515499115
0.317549139261246
0.205928906798363
-0.0133291678503156
-0.075695239007473
-0.185436993837357
-0.197233945131302
0.028335876762867
0.149311035871506
0.026231961324811
-0.249305859208107
-0.195317879319191
-0.052251610904932
-0.0246001463383436
-0.136746361851692
-0.312010049819946
-0.338910132646561
-0.128518551588058
0.0228506680577993
-0.188592866063118
-0.263582438230515
0.00320159830152988
0.154458105564117
0.110538870096207
0.0986667722463608
0.266867339611053
0.584821581840515
0.756703972816467
0.699034154415131
0.53117173910141
0.572648942470551
0.624307572841644
0.632197260856628
0.689265966415405
0.57039475440979
0.728902280330658
1.02983736991882
0.757455408573151
0.113582037389278
-0.0552947744727135
0.267731428146362
0.614238858222961
0.436232537031174
0.0902511104941368
-0.137234777212143
-0.120553731918335
0.00804811809211969
-0.0834722146391869
-0.252536863088608
-0.286274671554565
-0.116684027016163
-0.282893359661102
-0.592356860637665
-0.526008367538452
-0.0955697298049927
0.225277423858643
0.32626536488533
0.15780183672905
-0.00731798028573394
0.141534060239792
0.177187919616699
0.184288635849953
0.0908522307872772
0.195108771324158
0.353541135787964
0.119292661547661
-0.180815890431404
0.0976899564266205
0.582980692386627
0.525160551071167
-0.0665281787514687
-0.780807554721832
-0.757138550281525
-0.163496151566505
0.0441152453422546
-0.156808704137802
-0.546972393989563
-0.769686877727509
-0.700933933258057
-0.790087342262268
-0.964674770832062
-0.75154060125351
-0.320838987827301
-0.378433704376221
-0.754884302616119
-0.924136817455292
-0.585143387317657
-0.305322617292404
-0.471870094537735
-0.579921185970306
-0.610653400421143
-0.408564776182175
-0.168680801987648
-0.101956620812416
-0.19306369125843
-0.155644044280052
-0.0287704076617956
-0.0285825580358505
-0.129495367407799
-0.120215602219105
0.260968834161758
0.428793698549271
0.494804054498673
0.291250199079514
0.11763958632946
0.0139465965330601
-0.115970201790333
-0.144636049866676
-0.294915735721588
-0.147002965211868
0.00357729755342007
0.0292751248925924
-0.230708748102188
-0.370468854904175
-0.208317071199417
-0.0970349609851837
-0.0911740511655807
-0.222969338297844
-0.27579265832901
-0.183107659220695
-0.0229470692574978
-0.0635977238416672
-0.232249110937119
-0.0846368819475174
0.135109603404999
0.181583598256111
0.113506898283958
0.153819426894188
0.394041508436203
0.708126068115234
0.788638412952423
0.61213493347168
0.561565816402435
0.639260411262512
0.587188482284546
0.689566552639008
0.65744423866272
0.569943904876709
0.80336582660675
0.832106828689575
0.274456441402435
-0.0975233688950539
0.170387759804726
0.573437929153442
0.4920614361763
0.115310251712799
-0.0931276902556419
-0.0747184231877327
0.148634776473045
0.149649158120155
-0.136558517813683
-0.405221045017242
-0.282329827547073
-0.106051743030548
-0.341878145933151
-0.454550355672836
-0.189193978905678
0.0183422770351171
0.27971625328064
0.335131883621216
0.274794578552246
0.256310164928436
0.21870268881321
0.185716286301613
-0.00352341798134148
0.118804253637791
0.397047102451324
0.42661464214325
0.0683478489518166
-0.11044742166996
0.359965592622757
0.646548986434937
0.228921696543694
-0.474950820207596
-0.777576565742493
-0.457443237304687
-0.040003813803196
-0.0233979076147079
-0.479121088981628
-0.844638884067535
-0.795910656452179
-0.716450273990631
-0.869961023330689
-0.883711576461792
-0.491631865501404
-0.304458498954773
-0.58841198682785
-0.888595700263977
-0.737977862358093
-0.338046014308929
-0.278910964727402
-0.432609528303146
-0.588336884975433
-0.504781365394592
-0.156921416521072
0.0515916608273983
-0.0250509846955538
-0.167478561401367
-0.0229846388101578
0.110538870096207
-0.00558976363390684
-0.0803539156913757
0.150964111089706
0.40835565328598
0.59579199552536
0.437735348939896
0.196386143565178
0.172529250383377
0.0479849465191364
0.0472335480153561
-0.156019732356071
-0.21485424041748
-0.050673671066761
0.0541839860379696
-0.0776113048195839
-0.280338615179062
-0.189832672476768
-0.083021380007267
-0.0502228327095509
-0.156320303678513
-0.275867789983749
-0.292060434818268
-0.0803539156913757
0.0528690367937088
-0.166201189160347
-0.227139607071877
0.0207467526197433
0.131089612841606
0.0987043455243111
0.0849161818623543
0.28208315372467
0.649667263031006
0.814974963665009
0.729315519332886
0.539061427116394
0.546387553215027
0.50660103559494
0.604282796382904
0.713273167610168
0.53034520149231
0.700536966323853
0.921598374843597
0.545373201370239
0.0125565091148019
0.0222495496273041
0.430334061384201
0.61010617017746
0.34392324090004
0.0483230762183666
-0.133928626775742
0.0328442677855492
0.211677104234695
0.0473838299512863
-0.264859795570374
-0.294915735721588
-0.0122772101312876
-0.184272319078445
-0.424945265054703
-0.183295503258705
0.00616962229833007
0.24075622856617
0.311199843883514
0.248044788837433
0.299778580665588
0.377886444330215
0.44776651263237
0.188646748661995
-0.0379374697804451
0.0954357609152794
0.433527499437332
0.290949642658234
0.040809091180563
0.17865315079689
0.492850422859192
0.353653848171234
-0.258059650659561
-0.747558176517487
-0.637328028678894
-0.171010136604309
0.0062823323532939
-0.35746967792511
-0.821721196174622
-0.809999406337738
-0.640145778656006
-0.67271888256073
-0.832917034626007
-0.672681331634521
-0.416454464197159
-0.518268942832947
-0.776825189590454
-0.758415877819061
-0.416792571544647
-0.136934220790863
-0.29803404211998
-0.548888444900513
-0.707320809364319
-0.436441659927368
-0.00337313837371767
0.069888211786747
-0.130171626806259
-0.203545689582825
0.0104901632294059
-0.0101732946932316
-0.083171658217907
0.0192439556121826
0.350272566080093
0.573926329612732
0.445512324571609
0.258677095174789
0.0766883715987206
0.0771016404032707
0.151339814066887
0.0197699349373579
-0.236381813883781
-0.232775092124939
-0.081556148827076
-0.0909110605716705
-0.250620812177658
-0.196144416928291
0.0313790403306484
0.0941959545016289
-0.014005427248776
-0.21301332116127
-0.299837410449982
-0.128405839204788
0.133381381630898
0.0443406663835049
-0.27323791384697
-0.15169920027256
0.121584430336952
0.147357404232025
0.142473310232162
0.317248582839966
0.630281209945679
0.797317087650299
0.785181999206543
0.562843203544617
0.462118208408356
0.443521112203598
0.576293230056763
0.838042855262756
0.587789595127106
0.511522650718689
0.843828678131103
0.772070109844208
0.265852928161621
