% Type: Timesignal
% Date: 10-DEC-24 17:06:30
% NoOfItems: = 4096
% Unit_Y: = mm/s
% Unit_X: = Sec
% Min_X: = 0
% Max_X: = 1.60000002384186
% MinDisplay_X: = 0
% MaxDisplay_X: = 1.60000002384186
0.58433610200882
0.774901390075684
0.646586835384369
0.532881617546082
0.632115244865417
0.871929824352264
0.716234087944031
0.30574694275856
0.0464991368353367
0.229346245527267
0.549144923686981
0.398870319128036
-0.133223950862885
-0.41158339381218
-0.105750940740108
0.288840472698212
0.135120257735252
0.0142022734507918
0.349529176950455
0.403188824653625
0.166636124253273
-0.196347549557686
-0.125322014093399
0.217263638973236
0.377140015363693
0.0993318408727646
-0.480679392814636
-0.472409933805466
0.0996534377336502
0.504581689834595
0.132869124412537
-0.452746987342834
-0.72407740354538
-0.717324018478394
-0.641934037208557
-0.686635076999664
-0.592822551727295
-0.607937335968018
-0.787246942520142
-1.01566803455353
-1.32862138748169
-1.31130146980286
-0.91064578294754
-0.647676706314087
-0.708732903003693
-0.768319010734558
-0.510679185390472
-0.246240004897118
-0.336698800325394
-0.556758522987366
-0.445120692253113
-0.0106980120763183
0.352239727973938
0.346634864807129
0.256957083940506
0.330876916646957
0.553785026073456
0.524841904640198
0.266421020030975
0.269499093294144
0.535959720611572
0.869540810585022
0.754043936729431
0.542850911617279
0.627842664718628
0.626142859458923
0.285670518875122
-0.164004743099213
-0.328015834093094
-0.182197570800781
0.091843381524086
0.0509095191955566
-0.293238133192062
-0.450771480798721
-0.276515454053879
-0.0973895937204361
-0.172733634710312
-0.275183141231537
-0.234019562602043
-0.207832917571068
-0.267005562782288
-0.369592905044556
-0.508841514587402
-0.487386852502823
-0.246837243437767
-0.123116828501225
-0.257587552070618
-0.319286972284317
-0.0447865948081017
0.211383119225502
0.131490886211395
0.0198071338236332
0.193833485245705
0.51436722278595
0.810689806938171
0.739618301391602
0.405210256576538
0.540737628936768
0.967212438583374
1.14900290966034
0.87611049413681
0.536051571369171
0.578409671783447
0.811057329177856
0.838760018348694
0.627107620239258
0.565959513187408
0.780644059181213
0.925727248191833
0.660966515541077
0.201092228293419
0.106544658541679
0.396619200706482
0.477154612541199
0.0479692630469799
-0.370695501565933
-0.301553547382355
0.0232068039476871
0.146192163228989
0.137279510498047
0.31521087884903
0.437461167573929
0.284981369972229
-0.10519964247942
-0.361920654773712
-0.104694291949272
0.36446014046669
0.410080045461655
-0.149808824062347
-0.542654454708099
-0.24954779446125
0.319805026054382
0.421014130115509
-0.152105897665024
-0.630356788635254
-0.681765258312225
-0.541092455387115
-0.567416906356812
-0.729085028171539
-0.709192335605621
-0.67381739616394
-0.916480302810669
-1.30946373939514
-1.40892708301544
-1.04704606533051
-0.645609319210052
-0.610510051250458
-0.76262229681015
-0.673357963562012
-0.390542209148407
-0.339225560426712
-0.576513350009918
-0.67808997631073
-0.170620322227478
0.257646203041077
0.324169456958771
0.25847315788269
0.174584001302719
0.482391953468323
0.532146573066711
0.389130741357803
0.329866200685501
0.428824186325073
0.829433917999268
0.809862852096558
0.65370774269104
0.626234710216522
0.810597896575928
0.68770444393158
0.136039093136787
-0.205765560269356
-0.221523478627205
-0.0176351759582758
0.0366217158734798
-0.066930390894413
-0.264340937137604
-0.239808201789856
-0.103224165737629
-0.126332730054855
-0.285060554742813
-0.358199417591095
-0.249042436480522
-0.300313144922256
-0.396238952875137
-0.558182656764984
-0.628059685230255
-0.476039320230484
-0.263376176357269
-0.237097650766373
-0.340603828430176
-0.218950763344765
0.0258714109659195
0.122486352920532
0.0312925055623055
0.0387350246310234
0.309927612543106
0.653294265270233
0.798836886882782
0.479543566703796
0.326834082603455
0.756662607192993
1.12134611606598
1.09024369716644
0.721379578113556
0.491028934717178
0.656234502792358
0.892189979553223
0.77921986579895
0.572850704193115
0.705483794212341
0.928621590137482
0.847626745700836
0.402913182973862
0.171873450279236
0.366619408130646
0.580890476703644
0.346910506486893
-0.21486197412014
-0.441629141569138
-0.173790276050568
0.0746153220534325
0.0433751158416271
0.188871800899506
0.455470234155655
0.534351766109467
0.157723471522331
-0.312441676855087
-0.281982481479645
0.224935859441757
0.515837371349335
0.171184331178665
-0.407770276069641
-0.54058712720871
0.0178775917738676
0.498379588127136
0.208948224782944
-0.450863391160965
-0.797170281410217
-0.675884783267975
-0.491291880607605
-0.669866442680359
-0.782469034194946
-0.646849751472473
-0.745715856552124
-1.10952639579773
-1.42188262939453
-1.32715129852295
-0.866863548755646
-0.60995876789093
-0.70648181438446
-0.828318595886231
-0.530112445354462
-0.268154084682465
-0.415855973958969
-0.634629309177399
-0.509071230888367
0.0725479573011398
0.319713145494461
0.174813702702522
0.196498081088066
0.443341672420502
0.611211895942688
0.583509147167206
0.359682232141495
0.360095709562302
0.632896244525909
0.861225426197052
0.738791346549988
0.596694350242615
0.746417641639709
0.840643644332886
0.448900610208511
-0.133867129683495
-0.327188909053802
-0.268383800983429
-0.0823207870125771
-0.0236075688153505
-0.159180894494057
-0.304264098405838
-0.105107761919498
0.00225748703815043
-0.158721476793289
-0.345657378435135
-0.414018303155899
-0.288965582847595
-0.281660884618759
-0.472318053245544
-0.693939745426178
-0.599851608276367
-0.403681486845016
-0.272013187408447
-0.327510505914688
-0.393987834453583
-0.0431327000260353
0.214690908789635
0.129745110869408
-0.0121681392192841
0.169760137796402
0.531870901584625
0.774901390075684
0.632207155227661
0.285440802574158
0.51436722278595
0.991607367992401
1.16191244125366
0.824747860431671
0.498425513505936
0.544045388698578
0.817075669765472
0.860076904296875
0.630323529243469
0.592881202697754
0.764334857463837
0.909326136112213
0.574274897575378
0.179959148168564
0.137784868478775
0.392208814620972
0.455791831016541
-0.00817122962325811
-0.386085897684097
-0.287081986665726
0.0480611473321915
-0.0650927275419235
-0.156332522630692
0.184001997113228
0.451886802911758
0.4532191157341
-0.0956438183784485
-0.441445380449295
-0.251707047224045
0.258978515863419
0.409804403781891
-0.0812641307711601
-0.463037878274918
-0.237786769866943
0.309422254562378
0.326971888542175
-0.198690563440323
-0.721274971961975
-0.80493438243866
-0.625165343284607
-0.590847074985504
-0.667155861854553
-0.68139773607254
-0.718518495559692
-0.988057136535645
-1.36748790740967
-1.43396520614624
-1.04879176616669
-0.620984673500061
-0.606329381465912
-0.831534504890442
-0.797308087348938
-0.48522761464119
-0.244356408715248
-0.572332680225372
-0.682270646095276
-0.218858882784843
0.236513122916222
0.353985488414764
0.218228399753571
0.328258275985718
0.556954979896545
0.641303539276123
0.45083013176918
0.418946743011475
0.577582716941833
0.935742497444153
1.01600229740143
0.60831755399704
0.64745968580246
0.861730813980103
0.67902147769928
0.187355726957321
-0.148844063282013
-0.203146889805794
-0.0887066498398781
-0.0255371108651161
-0.225336626172066
-0.359531700611114
-0.250742256641388
-0.04910509288311
-0.120819747447968
-0.399133265018463
-0.483573704957962
-0.371017068624496
-0.327326714992523
-0.442961454391479
-0.586252927780151
-0.611061334609985
-0.458995014429092
-0.270083636045456
-0.291813969612122
-0.467356383800507
-0.341292947530746
0.0235283952206373
0.152486145496368
0.0507716946303844
0.100526325404644
0.371489197015762
0.631426095962524
0.704151511192322
0.354582726955414
0.241750448942184
0.70043021440506
1.05528223514557
0.959356427192688
0.610982179641724
0.410585403442383
0.591732680797577
0.785743594169617
0.697168409824371
0.607031166553497
0.69601982831955
0.929632306098938
0.769847810268402
0.325088292360306
0.0438345298171043
0.22319008409977
0.518869459629059
0.303679555654526
-0.165612697601318
-0.389301776885986
-0.0157056339085102
0.1608015447855
-0.24008384346962
-0.0712029486894607
0.368457049131393
0.677321672439575
0.338089734315872
-0.303345263004303
-0.436162114143372
-0.16005377471447
0.239820912480354
0.0756260380148888
-0.347724735736847
-0.450266152620316
-0.0612795874476433
0.232470273971558
-0.136577680706978
-0.755087912082672
-0.904213964939117
-0.68250036239624
-0.711765050888062
-0.819130301475525
-0.852805435657501
-0.826756596565247
-0.877613842487335
-1.24349176883698
-1.50136137008667
-1.24234330654144
-0.753571808338165
-0.60945338010788
-0.853081107139587
-0.884596943855286
-0.527355968952179
-0.233514219522476
-0.31129315495491
-0.487984091043472
-0.320022016763687
0.0138806831091642
0.265685975551605
0.259989202022552
0.232975617051125
0.41044756770134
0.56416779756546
0.547077536582947
0.312592208385468
0.30390927195549
0.635055482387543
0.894900560379028
0.608731031417847
0.365976214408874
0.584106385707855
0.544229209423065
0.239269614219666
-0.119487449526787
-0.412318468093872
-0.362471967935562
-0.170528441667557
-0.224417805671692
-0.450541794300079
-0.43239489197731
-0.189731985330582
-0.0924738571047783
-0.303437143564224
-0.537417113780975
-0.52248615026474
-0.438413232564926
-0.42724946141243
-0.554874897003174
-0.67698734998703
-0.604491710662842
-0.376943528652191
-0.302656143903732
-0.5188108086586
-0.45251727104187
-0.0339903458952904
0.193695649504662
0.0859169289469719
-0.000453060609288514
0.151016011834145
0.380677491426468
0.629175007343292
0.479911118745804
0.231046080589294
0.49920654296875
0.890582025051117
0.988667130470276
0.670338571071625
0.285624563694
0.360325425863266
0.744993448257446
0.831317543983459
0.622697234153748
0.421611368656158
0.645897686481476
0.750919938087463
0.46024814248085
0.0790257081389427
0.0723641961812973
0.394368052482605
0.360279470682144
-0.0146949207410216
-0.396009236574173
-0.149716943502426
0.2364212423563
-0.0816316679120064
-0.209257110953331
0.067632220685482
0.506143689155579
0.571288704872131
0.132409706711769
-0.256439000368118
-0.292043656110764
0.0799445360898972
0.183864176273346
-0.109150610864162
-0.377494812011719
-0.1152608320117
0.271474599838257
0.0237121600657702
-0.596543848514557
-0.903111338615417
-0.769329726696014
-0.603618800640106
-0.703311860561371
-0.882437705993652
-0.920660972595215
-0.915193974971771
-1.05765855312347
-1.35761046409607
-1.36615562438965
-0.958608686923981
-0.611245095729828
-0.6875079870224
-0.966556549072266
-0.778931498527527
-0.350251525640488
-0.198323041200638
-0.415580332279205
-0.516513764858246
-0.121141344308853
0.263342946767807
0.407691091299057
0.267431735992432
0.303357988595962
0.60647988319397
0.665744423866272
0.426021754741669
0.292699545621872
0.589895009994507
0.989861607551575
0.889295697212219
0.53444367647171
0.537200152873993
0.609603941440582
0.546847820281982
0.12799933552742
-0.132488891482353
-0.154311090707779
-0.100100144743919
-0.0834693238139153
-0.393068999052048
-0.525518298149109
-0.268981039524078
0.0237121600657702
-0.0851232185959816
-0.379010885953903
-0.466299712657928
-0.399454861879349
-0.336147487163544
-0.407264918088913
-0.545410931110382
-0.60187304019928
-0.453573912382126
-0.226025745272636
-0.269118875265121
-0.438459187746048
-0.247480422258377
0.100480385124683
0.163190513849258
0.0986886620521545
0.196544021368027
0.446603536605835
0.712099373340607
0.701165318489075
0.338135689496994
0.285716444253922
0.718990564346313
1.11151468753815
0.993904411792755
0.615208804607391
0.432958900928497
0.743615210056305
0.988023936748505
0.841011166572571
0.634044766426086
0.699603259563446
0.953384041786194
0.836738646030426
0.447843939065933
0.127264261245728
0.31148961186409
0.518410086631775
0.293572455644608
-0.144433677196503
-0.278444975614548
0.230173200368881
0.24593111872673
-0.131891652941704
-0.0305906739085913
0.272163718938828
0.562789559364319
0.300693362951279
-0.17769530415535
-0.366974234580994
-0.150635778903961
0.204767554998398
0.0139266243204474
-0.366468876600265
-0.355856388807297
0.0466369614005089
0.184277653694153
-0.354753792285919
-0.830615699291229
-0.894474327564239
-0.584782779216766
-0.547340512275696
-0.800156474113464
-0.891534090042114
-0.931227564811706
-0.94928252696991
-1.19653964042664
-1.34493064880371
-1.06427407264709
-0.701520144939423
-0.657921671867371
-0.922452747821808
-0.870033502578735
-0.501950323581696
-0.110436975955963
-0.145811915397644
-0.437310636043549
-0.302839905023575
0.0251822881400585
0.223603561520576
0.262883543968201
0.344475597143173
0.47210106253624
0.631701767444611
0.469114869832993
0.221719965338707
0.244920402765274
0.701716601848602
1.03447079658508
0.604320645332336
0.381688207387924
0.449819445610046
0.47021746635437
0.156528994441032
-0.195244953036308
-0.223039552569389
-0.224417805671692
-0.152565315365791
-0.282671600580215
-0.486973375082016
-0.483941256999969
-0.217250928282738
-0.0796102359890938
-0.346943736076355
-0.577386200428009
-0.547294557094574
-0.428903341293335
-0.40143033862114
-0.511414229869843
-0.599621891975403
-0.573067724704742
-0.351354122161865
-0.237603008747101
-0.436483681201935
-0.412869781255722
0.0101594226434827
0.28433820605278
0.172286927700043
0.0722723081707954
0.226911351084709
0.506740927696228
0.720047235488892
0.472698301076889
0.239407435059547
0.490983009338379
0.833017349243164
0.903307855129242
0.595683634281158
0.302393198013306
0.408150494098663
0.864027857780457
0.963169574737549
0.665055274963379
0.520247757434845
0.768515527248383
0.847075462341309
0.537475764751434
0.18666660785675
0.178075551986694
0.426297396421433
0.426021754741669
0.0119970813393593
-0.36871999502182
-0.221293777227402
0.339100450277329
0.209499523043633
-0.0544802471995354
0.232516214251518
0.421014130115509
0.379942446947098
-0.185275658965111
-0.386775016784668
-0.207189738750458
0.16204197704792
0.261459350585938
-0.261033177375793
-0.537371218204498
-0.308352887630463
0.192868709564209
-0.00284201791509986
-0.671658158302307
-0.965178310871124
-0.858823776245117
-0.648503661155701
-0.742178320884705
-0.903524816036224
-0.832315504550934
-0.832315504550934
-1.12877595424652
-1.36739599704742
-1.24294054508209
-0.860477685928345
-0.581750690937042
-0.717140197753906
-0.967383503913879
-0.778701841831207
-0.377173244953156
-0.285933434963226
-0.471812695264816
-0.555380284786224
-0.161753609776497
0.210188642144203
0.246206775307655
0.222271263599396
0.348196864128113
0.561135649681091
0.558930456638336
0.36946776509285
0.224200800061226
0.480646163225174
0.834211826324463
0.793783307075501
0.487353622913361
0.44127431511879
0.589665293693543
0.417476624250412
-0.0245723407715559
-0.19722044467926
-0.237878650426865
-0.149671003222466
-0.0862258151173592
-0.295673042535782
-0.412640064954758
-0.263100534677506
0.0198071338236332
-0.0802534222602844
-0.461246162652969
-0.575181007385254
-0.510035991668701
-0.451368749141693
-0.47893363237381
-0.512287139892578
-0.511827707290649
-0.412226587533951
-0.269945800304413
-0.376438170671463
-0.51931619644165
-0.225612282752991
0.223006322979927
0.34176504611969
0.177983671426773
0.204767554998398
0.474903494119644
0.729557156562805
0.725008904933929
0.332806468009949
0.305333465337753
0.706264793872833
0.967947483062744
0.827825963497162
0.469849914312363
0.382836759090424
0.737321257591248
1.01241886615753
0.805819988250732
0.574504613876343
0.726157486438751
0.915068864822388
0.739664256572723
0.355639398097992
0.137417331337929
0.320999503135681
0.51877760887146
0.29063218832016
-0.215137615799904
-0.422609359025955
0.0967591181397438
0.453678518533707
0.0126862041652203
0.120005510747433
0.358855307102203
0.333771228790283
-0.00798746384680271
-0.406300127506256
-0.179992377758026
0.0854115709662437
0.3764508664608
-0.0227346811443567
-0.553404748439789
-0.455595344305038
0.0953349322080612
0.368824601173401
-0.239578485488892
-0.866679728031158
-0.914183259010315
-0.6712446808815
-0.582531690597534
-0.668993532657623
-0.720631778240204
-0.758349716663361
-0.900308907032013
-1.14347720146179
-1.27422666549683
-0.96825635433197
-0.565119862556458
-0.482976466417313
-0.759406387805939
-0.82317316532135
-0.461062401533127
-0.197128564119339
-0.281293362379074
-0.470204740762711
-0.254004120826721
0.0546767227351665
0.29508849978447
0.307814300060272
0.205916091799736
0.428272873163223
0.654810309410095
0.56991046667099
0.272439360618591
0.391289979219437
0.727030336856842
0.956921517848968
0.657566845417023
0.398273080587387
0.574826240539551
0.431580662727356
0.0858250483870506
-0.276010096073151
-0.302426427602768
-0.214035019278526
-0.0919225588440895
-0.229930773377419
-0.505947232246399
-0.415901899337769
-0.128446042537689
-0.0381710194051266
-0.331415504217148
-0.544216454029083
-0.57619172334671
-0.491108119487762
-0.400006145238876
-0.456881701946259
-0.521337628364563
-0.462900042533874
-0.253131240606308
-0.234295219182968
-0.441031903028488
-0.333069413900375
0.0614301189780235
0.293894022703171
0.253970891237259
0.211566895246506
0.381963849067688
0.599818408489227
0.774625718593597
0.511289119720459
0.154048159718514
0.457859188318253
0.872297346591949
0.955864906311035
0.632161200046539
0.365562736988068
0.526771426200867
0.854563891887665
0.835957586765289
0.60514760017395
0.589389681816101
0.843492031097412
0.896967887878418
0.485332190990448
0.104431346058846
0.145135506987572
0.477430254220962
0.455929636955261
-0.0151543356478214
-0.373176336288452
-0.20856799185276
0.225854694843292
0.24464476108551
0.107922904193401
0.301704078912735
0.322377741336823
0.18285346031189
-0.210773184895515
-0.365963518619537
-0.00605792179703713
0.267064213752747
0.198519513010979
-0.391644805669785
-0.699820280075073
-0.285933434963226
0.321688622236252
0.0966212972998619
-0.664721012115479
-0.925163269042969
-0.840952515602112
-0.696512520313263
-0.723617970943451
-0.855515956878662
-0.80787467956543
-0.799834907054901
-1.04010891914368
-1.33689081668854
-1.30294013023376
-0.848762571811676
-0.458168059587479
-0.614001572132111
-0.885331988334656
-0.715807914733887
-0.436208039522171
-0.402395099401474
-0.523313105106354
-0.40469217300415
0.0207719057798386
0.264996826648712
0.298671960830688
0.194522604346275
0.324996411800385
0.619756996631622
0.704381227493286
0.464934170246124
0.258610963821411
0.555163264274597
0.921546578407288
0.767872333526611
0.535592198371887
0.578409671783447
0.682513058185577
0.525944471359253
0.00937841739505529
-0.25262588262558
-0.255658000707626
-0.152427494525909
-0.167771950364113
-0.419025927782059
-0.492072880268097
-0.269991755485535
-0.102810688316822
-0.325259357690811
-0.627324640750885
-0.656221807003021
-0.546191930770874
-0.475901484489441
-0.499837011098862
-0.551658987998962
-0.543802976608276
-0.4669429063797
-0.257679432630539
-0.376346290111542
-0.471491098403931
-0.0811722502112389
0.222822561860085
0.356098800897598
0.291321307420731
0.356052875518799
0.578960955142975
0.786570489406586
0.717979907989502
0.28433820605278
0.347645580768585
0.813767850399017
1.1085284948349
0.995420515537262
0.556725263595581
0.446787297725678
0.760429799556732
0.936201930046082
0.826631486415863
0.627429187297821
0.750184834003448
0.952327370643616
0.706999838352203
0.26862621307373
0.0680916383862495
0.372959315776825
0.562513887882233
0.250019907951355
-0.216515868902206
-0.281660884618759
0.0783825293183327
0.352791011333466
0.158412590622902
0.139025285840034
0.379207372665405
0.289162069559097
0.016958761960268
-0.356407672166824
-0.179624855518341
0.228381469845772
0.403326660394669
0.0164074636995792
-0.615333914756775
-0.513481616973877
0.173802986741066
0.451473325490952
-0.150360122323036
-0.702990233898163
-0.824000120162964
-0.724353015422821
-0.615977048873901
-0.656451523303986
-0.661413192749023
-0.62916225194931
-0.778104603290558
-1.06703054904938
-1.32595682144165
-1.04360044002533
-0.428306102752686
-0.302104860544205
-0.696099042892456
-0.839941799640655
-0.563374102115631
-0.302288621664047
-0.27862873673439
-0.349608331918716
-0.183162346482277
0.0951052308082581
0.353296369314194
0.16525787115097
0.0984130129218102
0.535132765769959
0.7419154047966
0.579879760742188
0.279835939407349
0.403923898935318
0.761991798877716
0.875834822654724
0.65187007188797
0.510370314121246
0.640660345554352
0.537705481052399
0.171138390898705
-0.179624855518341
-0.337204158306122
-0.217848166823387
0.036116361618042
-0.160007834434509
-0.409883558750153
-0.326270073652267
-0.135842621326447
-0.188721269369125
-0.484814137220383
-0.583220779895783
-0.522623956203461
-0.421782404184341
-0.407816201448441
-0.498366862535477
-0.558274567127228
-0.462210923433304
-0.177235901355743
-0.266729921102524
-0.459270656108856
-0.21807786822319
0.11541136354208
0.385087877511978
0.402224063873291
0.398089319467545
0.519328892230988
0.689082682132721
0.80196088552475
0.397492080926895
0.295456051826477
0.667582094669342
1.10797715187073
1.21198868751526
0.819326817989349
0.556449592113495
0.619205713272095
0.967809677124023
0.976033210754394
0.816478431224823
0.717336714267731
0.895084321498871
0.931515872478485
0.510140597820282
0.14628404378891
0.227784231305122
0.561732888221741
0.44380110502243
-0.0370224826037884
-0.282395958900452
-0.0352307632565498
0.21937695145607
0.0688266977667809
-0.0395033210515976
0.231735199689865
0.456526875495911
0.26550218462944
-0.201447054743767
-0.476223081350327
-0.150773599743843
0.343464881181717
0.330739110708237
-0.31074184179306
-0.617860674858093
-0.209027394652367
0.252362936735153
0.151016011834145
-0.409653872251511
-0.821151733398438
-0.868379592895508
-0.740294754505158
-0.685991883277893
-0.662883341312408
-0.629897356033325
-0.70648181438446
-0.977214992046356
-1.26494646072388
-1.23361444473267
-0.843111753463745
-0.476131200790405
-0.613082766532898
-0.912299633026123
-0.775715589523315
-0.396238952875137
-0.193866714835167
-0.415855973958969
-0.330129146575928
0.00524368369951844
0.210234582424164
0.223327904939651
0.125196903944016
0.411504238843918
0.710629224777222
0.730613768100739
0.401167392730713
0.331106632947922
0.603585600852966
0.945344269275665
0.875834822654724
0.47724649310112
0.610384941101074
0.710123896598816
0.456251233816147
-0.0490591526031494
-0.270497113466263
-0.214907914400101
-0.197312325239182
-0.162350848317146
-0.368628114461899
-0.498780339956284
-0.390542209148407
-0.263284295797348
-0.434554159641266
-0.674598395824432
-0.669315159320831
-0.557861089706421
-0.526804625988007
-0.58354240655899
-0.61142885684967
-0.552623748779297
-0.40198165178299
-0.268705397844315
-0.42352819442749
-0.487708449363708
-0.0768996924161911
0.301060914993286
0.43240761756897
0.351274937391281
0.349483221769333
0.496725678443909
0.686050534248352
0.555301070213318
0.271153002977371
0.465163886547089
0.838943779468536
1.16682815551758
1.08027446269989
0.631380200386047
0.492315292358398
0.850612938404083
1.01439428329468
0.815559566020966
0.703232645988464
0.904823899269104
0.987196981906891
0.692803919315338
0.283465325832367
0.116330191493034
0.409896284341812
0.605331361293793
0.227784231305122
-0.313544273376465
-0.326545715332031
0.141414240002632
0.162271678447723
-0.210727229714394
-0.00729834195226431
0.368089526891708
0.410677284002304
0.0577088594436646
-0.354753792285919
-0.347219377756119
0.0136969164013863
0.31075456738472
0.0155345760285854
-0.58855003118515
-0.566819667816162
0.019347719848156
0.254981607198715
-0.189548209309578
-0.611107289791107
-0.718380630016327
-0.742040514945984
-0.723020732402802
-0.611566662788391
-0.527539730072022
-0.527999103069305
-0.707538425922394
-1.09165525436401
-1.16070520877838
-0.958792448043823
-0.570954442024231
-0.454263061285019
-0.798272907733917
-0.896082282066345
-0.473236888647079
-0.0544343069195747
-0.256806552410126
-0.348597645759583
-0.183208286762238
0.0255498196929693
0.24593111872673
0.155426397919655
0.348931938409805
0.644335687160492
0.791624069213867
0.576250374317169
0.286956876516342
0.386925548315048
0.793094217777252
0.915390431880951
0.577582716941833
0.414168834686279
0.555530786514282
0.60013997554779
0.203067719936371
-0.10708324611187
-0.160605072975159
-0.182978585362434
-0.0814019590616226
-0.145352497696877
-0.456054776906967
-0.422425597906113
-0.119349621236324
-0.195934072136879
-0.546927034854889
-0.662056386470795
-0.516008377075195
-0.431154489517212
-0.489224523305893
-0.539989829063416
-0.48720309138298
-0.381629556417465
-0.205581784248352
-0.238292127847672
-0.407908082008362
-0.207695096731186
0.214139610528946
0.493142247200012
0.448349297046661
0.401259273290634
0.517858743667603
0.673830091953278
0.690506875514984
0.409804403781891
0.449865370988846
0.728224813938141
1.0800906419754
1.19090151786804
0.834533452987671
0.522315084934235
0.646494925022125
1.00382781028748
0.981454312801361
0.76539146900177
0.791715979576111
0.951546370983124
0.846983551979065
0.428778231143951
0.069332055747509
0.178994372487068
0.532560050487518
0.429237633943558
-0.150727659463882
-0.40836751461029
-0.00100435840431601
0.251444101333618
-0.204479187726974
-0.256025552749634
0.166957706212997
0.451105803251266
0.309743851423264
-0.245183348655701
-0.47466105222702
-0.344371020793915
0.0969888269901276
0.127769619226456
-0.332104653120041
-0.595211505889893
-0.274356186389923
0.136682271957397
-0.112642168998718
-0.60113799571991
-0.812836349010468
-0.784720122814178
-0.719253540039063
-0.693664133548737
-0.657737910747528
-0.658289194107056
-0.692974984645843
-0.849359810352325
-1.18620276451111
-1.10507011413574
-0.574767589569092
-0.337939202785492
-0.728258073329926
-0.990354239940643
-0.554001986980438
-0.103591695427895
0.0654270276427269
-0.240313559770584
-0.209946230053902
0.0446155369281769
0.239453375339508
0.291459143161774
0.288335114717484
0.578088045120239
0.848959028720856
0.857320427894592
0.411458283662796
0.340616524219513
0.694549739360809
0.885712265968323
0.730430006980896
0.440768957138062
0.534627437591553
0.559114217758179
0.251673817634583
-0.120498158037663
-0.318505972623825
-0.294478565454483
-0.204708904027939
-0.258782029151917
-0.558366477489471
-0.662010431289673
-0.441858857870102
-0.303391218185425
-0.537417113780975
-0.752974569797516
-0.691045463085175
-0.612209856510162
-0.582761406898499
-0.562271475791931
-0.572929918766022
-0.550372660160065
-0.407218962907791
-0.327969908714294
-0.498642534017563
-0.419025927782059
0.0459018982946873
0.388120025396347
0.456297188997269
0.318978071212769
0.283097773790359
0.425746083259583
0.641073822975159
0.550293445587158
0.408655852079391
0.606617748737335
0.924532771110535
1.21649098396301
0.971209347248077
0.493326008319855
0.486388862133026
0.926600158214569
1.15975320339203
0.909647762775421
0.67768919467926
0.806968510150909
0.899540603160858
0.712237179279327
0.328625798225403
0.186207190155983
0.447614252567291
0.529252231121063
0.097907654941082
-0.364814966917038
-0.149073764681816
0.28493544459343
0.0249066390097141
-0.325580954551697
-0.127527207136154
0.274506717920303
0.469436436891556
0.157034352421761
-0.271324068307877
-0.439102351665497
-0.192350640892982
0.0981373637914658
-0.171539142727852
-0.5425626039505
-0.375243693590164
0.105579882860184
0.0421806387603283
-0.523496866226196
-0.820141017436981
-0.824689269065857
-0.659207999706268
-0.645839035511017
-0.69632875919342
-0.707125008106232
-0.685486555099487
-0.732209026813507
-1.06441187858582
-1.19516134262085
-0.861947774887085
-0.394814759492874
-0.553496658802032
-0.954428017139435
-0.759682059288025
-0.17016090452671
0.116422079503536
-0.150819540023804
-0.173560574650764
-0.168920487165451
0.0355650633573532
0.253006100654602
0.241934210062027
0.496863514184952
0.780460298061371
0.833338975906372
0.37516450881958
0.155931755900383
0.41040164232254
0.745866358280182
0.825804531574249
0.582084953784943
0.331152588129044
0.473984658718109
0.424505680799484
0.10346657782793
-0.0899470746517181
-0.15876741707325
-0.150314182043076
-0.2085220515728
-0.384294152259827
-0.62658953666687
-0.513022184371948
-0.281936526298523
-0.362058490514755
-0.61776876449585
-0.651627659797668
-0.534247159957886
-0.51858115196228
-0.514630138874054
-0.5274937748909
-0.55331289768219
-0.454079270362854
-0.298291712999344
-0.411353707313538
-0.454584628343582
-0.171768859028816
0.255762606859207
0.515148222446442
0.413939118385315
0.292377978563309
0.323342531919479
0.552360832691193
0.570048272609711
0.381642282009125
0.505362689495087
0.725560247898102
1.07940149307251
1.16760921478271
0.694963216781616
0.420049339532852
0.770353198051453
1.16949284076691
1.04636967182159
0.692298591136932
0.743615210056305
0.997441947460175
0.909647762775421
0.480600237846375
0.124415896832943
0.254338413476944
0.499849706888199
0.31645131111145
-0.130605280399323
-0.217480629682541
0.173757046461105
0.226038455963135
-0.264295011758804
-0.330450743436813
-0.00141783175058663
0.25406277179718
0.251673817634583
-0.148430585861206
-0.368628114461899
-0.277066737413406
0.0289954319596291
-0.0147868040949106
-0.519959390163422
-0.53888726234436
-0.14617945253849
0.117524676024914
-0.260849386453629
-0.671520352363586
-0.827399790287018
-0.755593240261078
-0.589009404182434
-0.668993532657623
-0.636329174041748
-0.604721426963806
-0.60017317533493
-0.747323751449585
-1.03294193744659
-0.941013097763062
-0.607799470424652
-0.426422506570816
-0.72407740354538
-0.874122262001038
-0.408459395170212
0.189285278320313
0.207156509160995
-0.0712029486894607
-0.083699032664299
-0.0638063699007034
0.335011661052704
0.393311411142349
0.521166563034058
0.648883879184723
0.762864708900452
0.613646745681763
0.106774367392063
0.222317203879356
0.590767920017242
0.959264576435089
0.652513265609741
0.276344388723373
0.355225920677185
0.327798843383789
0.219836354255676
-0.160559132695198
-0.173468694090843
-0.282166242599487
-0.321538090705872
-0.261170983314514
-0.621536016464233
-0.648503661155701
-0.42610090970993
-0.276010096073151
-0.507049798965454
-0.681122124195099
-0.592087507247925
-0.539346694946289
-0.477509438991547
-0.48720309138298
-0.552715659141541
-0.538381934165955
-0.361093729734421
-0.313406467437744
-0.437907874584198
-0.308444768190384
0.0929459780454636
0.478808522224426
0.446465700864792
0.242255806922913
0.224935859441757
0.422300487756729
0.659542322158813
0.534397721290588
0.482759475708008
0.615622222423553
0.878545343875885
1.17891085147858
0.952281475067139
0.555944263935089
0.631885528564453
1.10209667682648
1.25972187519073
0.993169367313385
0.799296319484711
0.927656829357147
1.01467001438141
0.78179258108139
0.425470441579819
0.237386003136635
0.487399578094482
0.549512445926666
0.0582601577043533
-0.351308166980743
-0.237694889307022
0.372867435216904
0.171000555157661
-0.209532752633095
0.00120083277579397
0.0598681084811687
0.100066907703876
-0.274126499891281
-0.400373697280884
-0.362012535333633
-0.0967923551797867
0.0830685570836067
-0.470526337623596
-0.751780092716217
-0.523910343647003
0.062670536339283
-0.0161650478839874
-0.486330211162567
-0.708457291126251
-0.814306437969208
-0.693020939826965
-0.635456264019012
-0.677998065948486
-0.704414427280426
-0.52358877658844
-0.623235821723938
-0.917674779891968
-1.1187607049942
-0.857813060283661
-0.461246162652969
-0.60812109708786
-0.807185530662537
-0.705057621002197
-0.149533182382584
0.0662539750337601
-0.19216687977314
-0.184862181544304
-0.197633907198906
0.128550633788109
0.392530411481857
0.398870319128036
0.409896284341812
0.55718469619751
0.696800827980041
0.40153494477272
0.187677323818207
0.381090968847275
0.807565748691559
0.702038168907166
0.377185940742493
0.342454195022583
0.399283796548843
0.468333840370178
0.181475222110748
-0.154494851827621
-0.364079922437668
-0.334355771541595
-0.241462096571922
-0.335504323244095
-0.510587334632874
-0.431062608957291
-0.2161023914814
-0.450403958559036
-0.737354457378387
-0.670647442340851
-0.479898393154144
-0.381445795297623
-0.416591018438339
-0.52358877658844
-0.593787312507629
-0.392609566450119
-0.200482279062271
-0.33274781703949
-0.405013769865036
-0.140023291110992
0.251673817634583
0.422346413135529
0.352836966514587
0.318518668413162
0.406956017017364
0.617689609527588
0.564075887203217
0.302163511514664
0.403602302074432
0.709021270275116
1.14436280727386
1.18231046199799
0.659588277339935
0.452254325151443
0.794334650039673
1.16728758811951
1.14156031608582
0.872389197349548
0.843492031097412
1.02702820301056
0.941531121730804
0.499344348907471
0.181704923510551
0.335011661052704
0.590216636657715
0.349712938070297
-0.121325105428696
-0.347173452377319
-0.0369765423238277
0.281995177268982
-0.13983952999115
-0.209946230053902
0.0396538563072681
0.0848602801561356
-0.0807128325104713
-0.496483266353607
-0.437861949205399
-0.172641739249229
0.116100490093231
-0.11654718965292
-0.790324985980988
-0.760554909706116
-0.172963336110115
0.193282186985016
-0.152519375085831
-0.659621477127075
-0.901595294475555
-0.898976624011993
-0.641750276088715
-0.488856971263886
-0.470204740762711
-0.471537053585052
-0.51440042257309
-0.803694009780884
-1.13915872573853
-0.940783381462097
-0.422930955886841
-0.274539947509766
-0.679697930812836
-0.746864378452301
-0.324432402849197
0.0833901464939117
-0.0211267285048962
-0.143514841794968
-0.162488684058189
0.00882711913436651
0.357109516859055
0.382836759090424
0.407001972198486
0.523417711257935
0.681410431861878
0.421519488096237
0.12923975288868
0.252592623233795
0.582268714904785
0.716188132762909
0.502789974212646
0.337446570396423
0.301750034093857
0.406129091978073
0.268304616212845
-0.126516491174698
-0.435610800981522
-0.440618425607681
-0.293467849493027
-0.364447444677353
-0.594108939170837
-0.619973957538605
-0.406162321567535
-0.34400349855423
-0.563925385475159
-0.694445133209229
-0.685854077339172
-0.610464096069336
-0.468091428279877
-0.533144593238831
-0.507738947868347
-0.406254202127457
-0.205673679709434
-0.296591877937317
-0.478290438652039
-0.268521636724472
0.109163321554661
0.459834665060043
0.524290561676025
0.398227155208588
0.342683881521225
0.498930871486664
0.692620158195496
0.579558193683624
0.421932965517044
0.612360417842865
1.0104433298111
1.23284614086151
0.983016312122345
0.632207155227661
0.690644681453705
1.10039675235748
1.28935408592224
1.02445554733276
0.751884698867798
0.916401147842407
1.0470587015152
0.772512435913086
0.347875267267227
0.278365820646286
0.543677866458893
0.490064173936844
0.053252536803484
-0.277709931135178
-0.238108366727829
0.0814606100320816
0.161352843046188
-0.142825722694397
-0.00068276806268841
0.158550411462784
0.0170047041028738
-0.267005562782288
-0.505395948886871
-0.206638440489769
0.138841524720192
0.169116958975792
-0.406851440668106
-0.798824191093445
-0.37299257516861
0.157677531242371
0.168381899595261
-0.304172217845917
-0.702622711658478
-0.798640429973602
-0.636926412582397
-0.453619867563248
-0.464737713336945
-0.480633467435837
-0.474798887968063
-0.520556628704071
-0.898838818073273
-1.17062866687775
-0.704827904701233
-0.370465785264969
-0.495564430952072
-0.76138186454773
-0.609269618988037
-0.0557206682860851
0.0129618532955647
-0.197955504059792
-0.325029641389847
-0.264708489179611
0.145365208387375
0.326007127761841
0.326144963502884
0.386374235153198
0.707459270954132
0.67585152387619
0.261918753385544
0.17403270304203
0.427262157201767
0.69726026058197
0.740215539932251
0.461442619562149
0.316635072231293
0.529436051845551
0.33914640545845
0.151383548974991
-0.261308819055557
-0.528872013092041
-0.333161294460297
-0.266683965921402
-0.517708241939545
-0.773188829421997
-0.555058658123016
-0.469653457403183
-0.632148504257202
-0.80727744102478
-0.771489024162292
-0.695685565471649
-0.683786690235138
-0.674828112125397
-0.752790808677673
-0.739008367061615
-0.584047734737396
-0.450082361698151
-0.663572430610657
-0.621398150920868
-0.268383800983429
0.0536660067737103
0.201321944594383
0.0722263678908348
0.0161318145692348
0.0906489044427872
0.386098593473434
0.403740137815475
0.176237896084785
0.335425138473511
0.6057448387146
1.03327631950378
1.006676197052
0.6057448387146
0.412468999624252
0.702819168567657
1.11574125289917
1.06672167778015
0.853507280349731
0.767550766468048
0.934364259243011
0.818637669086456
0.346497029066086
0.0627164840698242
0.281719535589218
0.519237041473389
0.204216256737709
-0.271829426288605
-0.377540767192841
-0.162902146577835
0.00239531137049198
-0.151095196604729
-0.177419662475586
0.088122121989727
0.104201644659042
-0.18651607632637
-0.564844191074371
-0.595073699951172
-0.137266799807549
0.150832250714302
-0.114893302321434
-0.745164513587952
-0.804658770561218
-0.292181491851807
0.00372761441394687
-0.235811293125153
-0.667982816696167
-0.809023201465607
-0.834290981292725
-0.627646207809448
-0.524094104766846
-0.625532925128937
-0.598794937133789
-0.61202609539032
-0.84090656042099
-1.136310338974
-1.14251244068146
-0.726190686225891
-0.522853672504425
-0.831580460071564
-0.920752882957459
-0.389072090387344
0.0233446285128593
-0.24072702229023
-0.292365252971649
-0.424768626689911
-0.114112295210361
0.144032910466194
0.168887257575989
0.222730666399002
0.338824808597565
0.552590548992157
0.245333880186081
0.0662080347537994
0.0977238938212395
0.528149664402008
0.613187372684479
0.373418748378754
0.22567093372345
0.296237051486969
0.493739485740662
0.226176276803017
-0.18274886906147
-0.590157985687256
-0.580739974975586
-0.430970728397369
-0.468872427940369
-0.649054944515228
-0.613680005073547
-0.413283228874207
-0.537600874900818
-0.786971271038055
-0.885377943515778
-0.73253059387207
-0.586850166320801
-0.542700409889221
-0.532685160636902
-0.521383583545685
-0.461843401193619
-0.316943943500519
-0.311568796634674
-0.400741219520569
-0.188353732228279
0.176881074905396
0.471044391393662
0.444076746702194
0.319161862134933
0.296191096305847
0.514275312423706
0.787627160549164
0.593570351600647
0.511289119720459
0.766953527927399
1.14716517925262
1.32780718803406
1.0634138584137
0.702589452266693
0.71609628200531
1.16600120067596
1.32027280330658
1.13241803646088
0.935329020023346
1.04682898521423
1.06116282939911
0.689082682132721
0.286819040775299
0.253419578075409
0.55732250213623
0.563248932361603
0.110679388046265
-0.214586317539215
-0.173974052071571
0.0448452420532703
-0.0809425413608551
-0.309225767850876
0.0705724731087685
0.376956224441528
0.307906180620193
-0.198139265179634
-0.575916111469269
-0.387280374765396
0.0706184133887291
0.25718680024147
-0.157297283411026
-0.538060307502747
-0.374370813369751
0.016269639134407
0.00708134286105633
-0.314968466758728
-0.541276216506958
-0.618641674518585
-0.585104405879974
-0.487111210823059
-0.518351435661316
-0.501996278762817
-0.380802601575851
-0.512746572494507
-0.950706720352173
-1.099005818367
-0.818533062934876
-0.492440432310104
-0.663572430610657
-0.686497271060944
-0.352916121482849
-0.00936570856720209
0.169392615556717
-0.124632894992828
-0.369730710983276
-0.212335184216499
0.263251066207886
0.52392303943634
0.525485038757324
0.536786675453186
0.827412486076355
0.70484060049057
0.331749826669693
0.380401849746704
0.645667970180511
0.933858931064606
0.757857084274292
0.498517394065857
0.337446570396423
0.54225367307663
0.662620365619659
0.352561295032501
-0.179257318377495
-0.402027577161789
-0.281569004058838
-0.35043528676033
-0.475074529647827
-0.54779988527298
-0.277572095394135
-0.292686849832535
-0.586482644081116
-0.781412363052368
-0.780401647090912
-0.574078440666199
-0.442731738090515
-0.468367069959641
-0.572194814682007
-0.501490890979767
-0.295075803995132
-0.289149343967438
-0.372487217187881
-0.250742256641388
-0.018462123349309
0.258840680122375
0.375072628259659
0.294858813285828
0.205824211239815
0.364230453968048
0.692666113376617
0.667352378368378
0.482437878847122
0.515837371349335
0.829066395759582
1.177854180336
1.09162199497223
0.738515734672546
0.572299420833588
0.931469976902008
1.28177380561829
1.17661368846893
0.915803909301758
0.949019610881805
1.06796216964722
0.789418876171112
0.292975217103958
0.0587655119597912
0.321688622236252
0.552406787872314
0.29191854596138
-0.144801199436188
-0.302564263343811
-0.177557483315468
-0.0672060400247574
-0.331691175699234
-0.281982481479645
0.192593052983284
0.314705520868301
0.0251363459974527
-0.573527157306671
-0.740937888622284
-0.321767807006836
0.121016226708889
-0.0276044774800539
-0.561031043529511
-0.686037838459015
-0.307066529989243
0.00680569419637322
-0.16446416079998
-0.532041966915131
-0.766021966934204
-0.813295722007751
-0.750447809696198
-0.672898590564728
-0.598932802677155
-0.504982471466064
-0.500250458717346
-0.835623323917389
-1.26232779026031
-1.14880645275116
-0.646482229232788
-0.602056801319122
-0.854643106460571
-0.700417518615723
-0.19533683359623
0.0490718595683575
-0.00931976735591888
-0.321400284767151
-0.471077620983124
-0.0888904184103012
0.207937508821487
0.295869529247284
0.292286068201065
0.514734745025635
0.574642419815063
0.313602924346924
0.0682294592261314
0.245517656207085
0.72234433889389
0.702497601509094
0.369238078594208
0.202102944254875
0.318013310432434
0.408747732639313
0.281168252229691
-0.173147097229958
-0.557355761528015
-0.525334537029266
-0.420725762844086
-0.534201204776764
-0.65874856710434
-0.558136761188507
-0.455870985984802
-0.546054124832153
-0.701014757156372
-0.722607254981995
-0.642071843147278
-0.518351435661316
-0.433956921100616
-0.496529221534729
-0.52822881937027
-0.396055191755295
-0.252212405204773
-0.286576628684998
-0.401108741760254
-0.135107547044754
0.252041339874268
0.405026495456696
0.360922664403915
0.171092450618744
0.109898388385773
0.398273080587387
0.683523774147034
0.581028342247009
0.530952095985413
0.661701560020447
0.939739406108856
1.0894627571106
0.790062069892883
0.526174187660217
0.700476169586182
1.15768587589264
1.24129939079285
0.9235680103302
0.765115857124329
0.928162157535553
0.935696601867676
0.517812848091126
0.0691942274570465
0.128780335187912
0.472514539957047
0.444306463003159
-0.0208510793745518
-0.355764508247375
-0.337158203125
-0.0502995699644089
-0.146546989679337
-0.390266567468643
-0.0237913355231285
0.324720770120621
0.304874032735825
-0.210865065455437
-0.625395059585571
-0.462532520294189
-0.0779104009270668
0.0108026033267379
-0.329899460077286
-0.606467187404633
-0.327923953533173
0.0481070876121521
-0.098446249961853
-0.44365057349205
-0.667247772216797
-0.723985493183136
-0.598794937133789
-0.533328354358673
-0.518764913082123
-0.439561784267426
-0.373497903347015
-0.565763056278229
-1.02301859855652
-1.15257358551025
-0.728579640388489
-0.354386270046234
-0.610096573829651
-0.703219950199127
-0.199379682540894
0.199713990092278
0.185701832175255
-0.108553372323513
-0.345657378435135
-0.0630713030695915
0.413249999284744
0.621778428554535
0.545148015022278
0.659312605857849
0.896692276000977
0.760429799556732
0.414766073226929
0.324445128440857
0.701349079608917
0.929999828338623
0.81578928232193
0.45455139875412
0.443571388721466
0.628945291042328
0.58373886346817
0.294950693845749
-0.183621764183044
-0.31947073340416
-0.258001029491425
-0.35415655374527
-0.608304858207703
-0.607064425945282
-0.38438606262207
-0.340420037508011
-0.526391208171844
-0.666650533676147
-0.604859232902527
-0.513435661792755
-0.421782404184341
-0.414983063936234
-0.455916941165924
-0.397249668836594
-0.243115976452827
-0.192212820053101
-0.315060347318649
-0.268843203783035
0.0108944857493043
0.350172340869904
0.453173160552978
0.322377741336823
0.234951108694077
0.396435439586639
0.736724019050598
0.724871098995209
0.579282522201538
0.60942018032074
0.864303529262543
1.19843590259552
1.0726021528244
0.7192662358284
0.679618716239929
1.10489904880524
1.37241637706757
1.11647629737854
0.815146148204803
0.864257574081421
0.990091264247894
0.768056094646454
0.288105398416519
0.0977698341012001
0.390463024377823
0.553876876831055
0.201413825154305
-0.23002265393734
-0.242702513933182
-0.0597175769507885
0.00193589658010751
-0.318184375762939
-0.409929513931274
-0.032014861702919
0.21629886329174
0.200724706053734
-0.334309816360474
-0.57655930519104
-0.339914679527283
-0.111447684466839
-0.209670588374138
-0.54963755607605
-0.467126667499542
-0.192901939153671
-0.0505752190947533
-0.323375761508942
-0.626130163669586
-0.74562394618988
-0.75687962770462
-0.660356521606445
-0.665639817714691
-0.621122539043427
-0.469239979982376
-0.540403306484222
-0.894428431987762
-1.27813172340393
-1.11591231822968
-0.653878808021545
-0.644231081008911
-0.763311445713043
-0.592317223548889
-0.169058308005333
0.0989643111824989
-0.00109624140895903
-0.387096583843231
-0.424538910388947
-0.031325738877058
0.289299875497818
0.242761164903641
0.25351145863533
0.689725875854492
0.675484001636505
0.378977656364441
0.0809093117713928
0.192179590463638
0.634963631629944
0.692528307437897
0.373970031738281
0.150510653853416
0.280433177947998
0.246206775307655
0.177570194005966
-0.347495049238205
-0.626497685909271
-0.422104001045227
-0.479530870914459
-0.700187802314758
-0.808931291103363
-0.632194399833679
-0.574491918087006
-0.604307949542999
-0.679835736751556
-0.742408037185669
-0.646252512931824
-0.526712775230408
-0.437632232904434
-0.501490890979767
-0.511827707290649
-0.353329598903656
-0.320619255304337
-0.361415296792984
-0.294065088033676
-0.142182543873787
0.13870370388031
0.335976421833038
0.264353662729263
0.0711237713694572
0.0560549646615982
0.406037211418152
0.689909636974335
0.524428427219391
0.442974150180817
0.641533255577087
0.941623032093048
1.00892734527588
0.750184834003448
0.577950239181519
0.846983551979065
1.28871095180511
1.18740999698639
0.75206845998764
0.619297564029694
0.839908599853516
0.842527270317078
0.432729214429855
0.0872492343187332
0.169989854097366
0.420370936393738
0.352607250213623
-0.075016088783741
-0.382180869579315
-0.390863806009293
-0.107175126671791
-0.0225968565791845
-0.319700449705124
-0.0748323276638985
0.11100098490715
0.00207372102886438
-0.389990895986557
-0.710524678230286
-0.335688084363937
0.0119051989167929
0.077096164226532
-0.30559641122818
-0.631918787956238
-0.432027369737625
0.0143860392272472
-0.0228725057095289
-0.430235654115677
-0.610050618648529
-0.580188632011414
-0.563419997692108
-0.604859232902527
-0.557815134525299
-0.511643946170807
-0.456284463405609
-0.633526742458344
-1.06427407264709
-1.18312466144562
-0.84090656042099
-0.528366684913635
-0.654659807682037
-0.699544608592987
-0.333345055580139
0.0890868902206421
0.0590411610901356
-0.242472797632217
-0.297372877597809
-0.0432705245912075
0.425056964159012
0.49236124753952
0.418211698532105
0.521901607513428
0.771272003650665
0.780506253242493
0.32145893573761
0.213037014007568
0.631242334842682
0.923751771450043
0.619343519210815
0.335654854774475
0.367813885211945
0.43181037902832
0.418992698192596
0.0460397228598595
-0.386177778244019
-0.578075349330902
-0.402808576822281
-0.476590603590012
-0.719758868217468
-0.708824813365936
-0.530112445354462
-0.507830798625946
-0.679514169692993
-0.804153382778168
-0.753250241279602
-0.631137788295746
-0.466115951538086
-0.366285115480423
-0.381813317537308
-0.350710928440094
-0.262687057256699
-0.237970530986786
-0.387510061264038
-0.269302636384964
0.0408023931086063
0.301152795553207
0.402683466672897
0.252316981554031
0.172424748539925
0.391381859779358
0.807198226451874
0.849464416503906
0.565821707248688
0.576434135437012
0.875099778175354
1.1693549156189
1.07489931583405
0.793783307075501
0.810551941394806
1.1575939655304
1.31788372993469
1.03465449810028
0.739296734333038
0.847305178642273
1.04260241985321
0.793140172958374
0.25406277179718
0.0698374137282372
0.371948629617691
0.514596939086914
0.209545463323593
-0.170574381947517
-0.178430378437042
-0.162396788597107
-0.141493424773216
-0.273804903030396
-0.404370605945587
0.0595465190708637
0.160525903105736
-0.077037513256073
-0.594706177711487
-0.722285687923431
-0.254831075668335
-0.0305447336286306
-0.10836961120367
-0.526207387447357
-0.472869336605072
-0.167450353503227
0.00317631661891937
-0.14870622754097
-0.502685368061066
-0.583450496196747
-0.635318458080292
-0.492072880268097
-0.496575146913528
-0.405565083026886
-0.196715086698532
-0.437678158283234
-0.832315504550934
-1.18730533123016
-0.998164296150207
-0.550694227218628
-0.459454447031021
-0.595395267009735
-0.543343603610992
-0.160559132695198
0.0938188657164574
-0.1544029712677
-0.360174894332886
-0.291630178689957
0.18533430993557
0.451151728630066
0.273679792881012
0.331933587789536
0.540875434875488
0.656510174274445
0.451289564371109
0.101123563945293
0.30763053894043
0.704059600830078
0.774258196353912
0.496679753065109
0.226497873663902
0.409253090620041
0.548593640327454
0.222363144159317
-0.283774197101593
-0.58119934797287
-0.470572263002396
-0.323697358369827
-0.462716281414032
-0.597416698932648
-0.465840309858322
-0.371935904026031
-0.520005285739899
-0.704322576522827
-0.710203051567078
-0.536819875240326
-0.400052100419998
-0.391047567129135
-0.447693407535553
-0.417096376419067
-0.322548806667328
-0.223269268870354
-0.271967232227325
-0.324845880270004
-0.176868364214897
0.0815984308719635
0.29816660284996
0.28493544459343
0.196268379688263
0.255257248878479
0.566051363945007
0.792267262935638
0.622559428215027
0.44256067276001
0.675208330154419
1.02675259113312
1.12552678585052
0.928116202354431
0.76833176612854
0.993950366973877
1.29064047336578
1.16397976875305
0.738331973552704
0.627704858779907
0.88626354932785
0.905283331871033
0.473571181297302
0.0612463541328907
0.17531906068325
0.422943651676178
0.305884748697281
-0.129594579339027
-0.342671185731888
-0.260849386453629
-0.293238133192062
-0.329669743776321
-0.512424945831299
-0.261538505554199
0.1645687520504
-0.0127194374799728
-0.487340927124023
-0.859237253665924
-0.49464562535286
-0.0355523563921452
0.0563306137919426
-0.376116573810577
-0.741718947887421
-0.500158607959747
-0.075337678194046
0.0480611473321915
-0.281293362379074
-0.525150775909424
-0.671887874603271
-0.653878808021545
-0.585196256637573
-0.46510523557663
-0.266362369060516
-0.264432817697525
-0.596084415912628
-1.06491720676422
-1.14485549926758
-0.784995794296265
-0.467448264360428
-0.530479967594147
-0.614506959915161
-0.392425805330276
-0.0336228124797344
-0.0838368535041809
-0.314646869897842
-0.473007172346115
-0.147373929619789
0.390692740678787
0.34677267074585
0.283649086952209
0.399283796548843
0.61272794008255
0.573493897914886
0.201781362295151
0.2364212423563
0.588195204734802
0.83094996213913
0.683707535266876
0.415730863809586
0.346129506826401
0.502284586429596
0.434015572071075
-0.0862258151173592
-0.522440195083618
-0.493037670850754
-0.285382151603699
-0.415672212839127
-0.616252720355988
-0.61570143699646
-0.526345252990723
-0.546789169311523
-0.627600252628326
-0.686772882938385
-0.62916225194931
-0.506498515605927
-0.440894067287445
-0.46505931019783
-0.500112652778625
-0.399684578180313
-0.225060984492302
-0.177144005894661
-0.292181491851807
-0.278904408216476
-0.052504763007164
0.2553950548172
0.433418333530426
0.337951928377151
0.264950901269913
0.487583339214325
0.824518203735352
0.857366323471069
0.553233742713928
0.561043739318848
1.02941715717316
1.30217182636261
1.19678199291229
1.02312326431274
1.08261740207672
1.33102309703827
1.34080862998962
0.991561412811279
0.784686923027039
0.890857696533203
1.0872575044632
0.854012608528137
0.358303993940353
0.241566687822342
0.495071798563004
0.579558193683624
0.182394042611122
-0.209532752633095
-0.27862873673439
-0.239348784089088
-0.248445197939873
-0.299669951200485
-0.312487632036209
0.0806796029210091
0.159882724285126
-0.290389776229858
-0.729590356349945
-0.665639817714691
-0.112642168998718
0.052885003387928
-0.174065932631493
-0.617630958557129
-0.648549616336823
-0.200298517942429
0.139071226119995
-0.0211726706475019
-0.42669814825058
-0.537968456745148
-0.463635116815567
-0.420128524303436
-0.415901899337769
-0.25708219408989
-0.180451795458794
-0.34414130449295
-0.760738670825958
-1.03225290775299
-0.876097738742828
-0.530250251293182
-0.343268424272537
-0.485503256320953
-0.457295179367065
-0.124908544123173
0.104201644659042
-0.168093532323837
-0.358337223529816
-0.161294192075729
0.187723264098167
0.36317378282547
0.21937695145607
0.219422891736031
0.506878733634949
0.644014060497284
0.412560880184174
0.114814125001431
0.301612198352814
0.637628197669983
0.680399715900421
0.44697105884552
0.190250039100647
0.505270779132843
0.511335074901581
0.114216886460781
-0.315060347318649
-0.533512115478516
-0.367571473121643
-0.267694681882858
-0.386499345302582
-0.611658573150635
-0.568795144557953
-0.445166647434235
-0.524277865886688
-0.666972100734711
-0.660678148269653
-0.498412817716599
-0.437448471784592
-0.449301362037659
-0.421736478805542
-0.350159645080566
-0.264892250299454
-0.165153279900551
-0.234754636883736
-0.370511710643768
-0.259700864553452
0.0748450309038162
0.361106425523758
0.313143521547318
0.17531906068325
0.280157536268234
0.605193555355072
0.867335617542267
0.828423202037811
0.596970021724701
0.730062484741211
1.15217280387878
1.24005889892578
1.02289354801178
0.970841825008392
1.22393345832825
1.38252341747284
1.05597138404846
0.644932925701141
0.665101230144501
0.935880362987518
0.958897054195404
0.538624346256256
0.161904141306877
0.207707807421684
0.433234542608261
0.275839030742645
-0.151416778564453
-0.363436728715897
-0.316989898681641
-0.329256266355514
-0.494875311851501
-0.483022421598434
-0.126240849494934
0.190755397081375
-0.0422138720750809
-0.608488619327545
-0.856986105442047
-0.496391385793686
9.8237200290896E-5
0.032716691493988
-0.323421686887741
-0.606467187404633
-0.444201856851578
-0.0943574532866478
0.0346921756863594
-0.184954062104225
-0.407173037528992
-0.479393035173416
-0.459500372409821
-0.487892210483551
-0.513757288455963
-0.34597897529602
-0.256439000368118
-0.522440195083618
-1.01093602180481
-1.05940425395966
-0.717324018478394
-0.525012910366058
-0.607477903366089
-0.594798028469086
-0.327097028493881
0.020863788202405
0.0301439687609673
-0.311247199773788
-0.384294152259827
-0.168782666325569
0.199851810932159
0.210923716425896
0.107876963913441
0.33473601937294
0.688807010650635
0.602437019348145
0.210280537605286
0.121613465249538
0.482897311449051
0.495944678783417
0.444444268941879
0.217263638973236
0.182439997792244
0.447614252567291
0.305930703878403
-0.165153279900551
-0.667799055576324
-0.485549211502075
-0.441950738430023
-0.45564129948616
-0.575778245925903
-0.652592420578003
-0.529790878295898
-0.56346595287323
-0.634445548057556
-0.762576341629028
-0.631459355354309
-0.430419415235519
-0.374324858188629
-0.397341549396515
-0.478520154953003
-0.357372462749481
-0.198231145739555
-0.189502269029617
-0.300359070301056
-0.300175309181213
-0.0344497598707676
0.255027532577515
0.333863139152527
0.191995814442635
0.135809376835823
0.448533058166504
0.834487497806549
0.907350659370422
0.685361444950104
0.720230996608734
1.10145342350006
1.2729070186615
1.14445471763611
0.997579753398895
1.07609379291534
1.2551736831665
1.23064088821411
0.950122177600861
0.749036312103271
0.908361375331879
1.08785474300385
0.751700937747955
0.23453763127327
0.178902491927147
0.487583339214325
0.477154612541199
0.0516445823013783
-0.300267189741135
-0.359715461730957
-0.284968674182892
-0.352686434984207
-0.564246952533722
-0.368398398160934
0.159193605184555
0.281581729650497
-0.207143798470497
-0.796802759170532
-0.779253125190735
-0.237740829586983
0.0758557468652725
-0.0714785978198051
-0.402349174022675
-0.504109561443329
-0.20103357732296
0.0208178460597992
-0.0174054689705372
-0.210911005735397
-0.31891942024231
-0.351446002721786
-0.344554781913757
-0.37239533662796
-0.313911825418472
-0.148430585861206
-0.219593942165375
-0.677584588527679
-1.00583648681641
-0.763311445713043
-0.447371810674667
-0.399133265018463
-0.4657943546772
-0.287127912044525
0.000282003136817366
0.251306265592575
-0.0424435772001743
-0.313360512256622
-0.0940358638763428
0.147524461150169
0.405577778816223
0.226865410804749
0.262148469686508
0.621962189674377
0.730797529220581
0.477568089962006
0.229438126087189
0.45009508728981
0.674611091613769
0.647919118404388
0.47095251083374
0.23706442117691
0.483264833688736
0.542575299739838
0.235732108354568
-0.298475474119186
-0.485641092061996
-0.273575186729431
-0.334677368402481
-0.424033552408218
-0.489224523305893
-0.404462486505508
-0.324937760829926
-0.387739777565002
-0.546835124492645
-0.616160869598389
-0.47580960392952
-0.343957543373108
-0.299164593219757
-0.370373904705048
-0.356177985668182
-0.215413272380829
-0.140712410211563
-0.212243303656578
-0.284968674182892
-0.161018550395966
0.165349751710892
0.389957666397095
0.287875711917877
0.181658983230591
0.397951483726501
0.84330826997757
1.07223463058472
0.873675584793091
0.663722991943359
0.934915542602539
1.31668925285339
1.33129870891571
1.15993690490723
1.11362791061401
1.20146811008453
1.23192727565765
0.968269109725952
0.725789904594421
0.853323519229889
1.14077937602997
1.03520584106445
0.440217673778534
0.0833901464939117
0.243404343724251
0.448946535587311
0.250846862792969
-0.172457978129387
-0.374600499868393
-0.364952802658081
-0.316989898681641
-0.528504490852356
-0.69655841588974
-0.180405855178833
0.240510031580925
0.0619814172387123
-0.57729434967041
-0.858502149581909
-0.491521596908569
-0.0714326575398445
0.0349678248167038
-0.305136978626251
-0.590847074985504
-0.479852467775345
-0.105659060180187
0.0448911860585213
-0.152289673686028
-0.335044890642166
-0.378735244274139
-0.455962896347046
-0.572057008743286
-0.571965157985687
-0.269072920084
-0.152840971946716
-0.550602316856384
-0.963432550430298
-0.93963485956192
-0.605594277381897
-0.428949296474457
-0.449071645736694
-0.52381843328476
-0.323054164648056
0.230678543448448
0.0359785370528698
-0.300772547721863
-0.228230938315392
-0.0798399448394775
0.278411746025085
0.198381692171097
0.174446165561676
0.432729214429855
0.671579003334045
0.512024223804474
0.144584208726883
0.0114917252212763
0.307860255241394
0.588562726974487
0.396986722946167
0.0610625892877579
0.0408023931086063
0.411412358283997
0.224200800061226
-0.233881741762161
-0.623557448387146
-0.638901889324188
-0.572654247283936
-0.576972782611847
-0.596635699272156
-0.640326082706451
-0.486284255981445
-0.462716281414032
-0.656313717365265
-0.811228394508362
-0.619147062301636
-0.312992990016937
-0.243575394153595
-0.403313934803009
-0.434783846139908
-0.369133472442627
-0.313084870576858
-0.251661092042923
-0.257265955209732
-0.214126899838448
-0.0434083491563797
0.275241792201996
0.279698103666306
0.127953395247459
0.272025883197784
0.655912935733795
0.949157416820526
0.897657036781311
0.683156251907349
0.647643446922302
1.03208184242249
1.31733250617981
1.20587849617004
1.01558876037598
1.05900347232819
1.24543404579163
1.13907957077026
0.780368387699127
0.687658488750458
0.902894377708435
1.00254142284393
0.639374017715454
0.195395484566689
0.157447829842567
0.38017213344574
0.367308527231216
-0.0341741107404232
-0.397433429956436
-0.39568766951561
-0.326407909393311
-0.471307337284088
-0.801075339317322
-0.768686592578888
-0.138231575489044
0.158228829503059
-0.0384926088154316
-0.541230261325836
-0.713740527629852
-0.427938580513001
-0.174984768033028
-0.1695177257061
-0.447555601596832
-0.46009761095047
-0.150681719183922
0.0729154869914055
-0.0331174544990063
-0.125919252634048
-0.142044723033905
-0.327786147594452
-0.535441637039185
-0.547478318214417
-0.284968674182892
-0.0304987914860249
-0.179027616977692
-0.751045048236847
-1.05899083614349
-0.799972712993622
-0.413834542036057
-0.363942086696625
-0.511368334293366
-0.397984743118286
-0.169839322566986
0.0948755219578743
0.0390106737613678
-0.261216938495636
-0.129686459898949
0.10089385509491
0.0555036664009094
-0.0633469521999359
0.262975424528122
0.612590134143829
0.721195757389069
0.418441385030746
0.00790828932076693
0.138519927859306
0.578823149204254
0.517169654369354
0.25847315788269
0.187998905777931
0.141506120562553
0.389268547296524
0.0701130628585815
-0.356683343648911
-0.445258527994156
-0.365458160638809
-0.488259732723236
-0.679606020450592
-0.671152770519257
-0.632010638713837
-0.50034236907959
-0.502363801002502
-0.684062361717224
-0.702347040176392
-0.484538495540619
-0.330726385116577
-0.336974442005157
-0.477968841791153
-0.505671560764313
-0.391598850488663
-0.32457023859024
-0.298934876918793
-0.280144810676575
-0.15183025598526
0.154369741678238
0.364138573408127
0.227324828505516
0.0960240587592125
0.321872383356094
0.703646123409271
0.855712473392487
0.777887582778931
0.548869252204895
0.73125696182251
1.22857356071472
1.26633739471436
1.06878900527954
0.98595654964447
1.1063232421875
1.14528167247772
0.861363232135773
0.58704662322998
0.710812985897064
0.998682379722595
0.892833173274994
0.399191915988922
0.105442062020302
0.207202449440956
0.355134040117264
0.164982229471207
-0.261768221855164
-0.43423256278038
-0.312120079994202
-0.405978560447693
-0.659024238586426
-0.826526880264282
-0.4960697889328
0.0780149921774864
0.122807942330837
-0.243575394153595
-0.712316393852234
-0.664904773235321
-0.395366072654724
-0.23314668238163
-0.40841343998909
-0.627370536327362
-0.47580960392952
-0.178200662136078
-0.057236734777689
-0.248950555920601
-0.293467849493027
-0.372257500886917
-0.593971073627472
-0.744061946868897
-0.582256019115448
-0.218950763344765
-0.104510523378849
-0.605823993682861
-1.1228494644165
-0.884413182735443
-0.663940012454987
-0.40211945772171
-0.382686227560043
-0.669958293437958
-0.417096376419067
0.0196233689785004
0.160434022545815
-0.142182543873787
-0.177787184715271
0.0830226168036461
-0.0118006076663733
-0.104924000799656
-0.0234238021075726
0.388579428195953
0.724457621574402
0.450186967849731
-0.00564444856718183
-0.130789056420326
0.0297764372080564
0.467415034770966
0.247768774628639
-0.00265825190581381
0.00193589658010751
0.0906029641628265
0.0782447010278702
-0.43740251660347
-0.60995876789093
-0.547983705997467
-0.586115121841431
-0.740983843803406
-0.893831193447113
-0.87724632024765
-0.718564391136169
-0.50792270898819
-0.581337213516235
-0.719529151916504
-0.554507374763489
-0.412318468093872
-0.423941671848297
-0.559239327907562
-0.57619172334671
-0.457846492528915
-0.392655521631241
-0.348367929458618
-0.378551483154297
-0.293330013751984
-0.0273288283497095
0.307722419500351
0.34488907456398
0.142379015684128
0.197784453630447
0.561365365982056
0.84845370054245
0.832557916641235
0.714166760444641
0.683983206748962
1.04416441917419
1.29114580154419
1.07554244995117
0.899219036102295
1.00759494304657
1.1744544506073
1.031898021698
0.649159550666809
0.538578391075134
0.806509137153625
0.943598508834839
0.650629639625549
0.182623758912086
0.0844468027353287
0.258105605840683
0.207202449440956
-0.190375164151192
-0.515089571475983
-0.517570436000824
-0.567416906356812
-0.618503868579864
-0.736711323261261
-0.700739085674286
-0.138461276888847
-0.0496104508638382
-0.398857623338699
-0.725869119167328
-0.608672380447388
-0.298245757818222
-0.216883391141891
-0.333115339279175
-0.667385578155518
-0.595670938491821
-0.196761026978493
0.139071226119995
-0.0120303146541119
-0.345611423254013
-0.451736271381378
-0.523726582527161
-0.624843776226044
-0.653603136539459
-0.367663353681564
-0.19533683359623
-0.452976673841476
-0.917353212833405
-1.09739792346954
-0.782101511955261
-0.418336808681488
-0.41337513923645
-0.614185333251953
-0.59112274646759
-0.184264943003654
0.196452140808105
0.00896494369953871
-0.327097028493881
-0.119303680956364
0.113022409379482
0.00317631661891937
-0.0344957001507282
0.28378689289093
0.671349287033081
0.716877281665802
0.365287095308304
0.0264227073639631
0.0294089037925005
0.34047868847847
0.410723239183426
0.255762606859207
0.0784744098782539
0.247998490929604
0.312592208385468
-0.320435494184494
-0.716588914394379
-0.618595719337463
-0.468780547380447
-0.541597783565521
-0.670142114162445
-0.797399997711182
-0.798548519611359
-0.654797613620758
-0.517248809337616
-0.540173649787903
-0.514997661113739
-0.306285530328751
-0.355351030826569
-0.548489034175873
-0.49404838681221
-0.362058490514755
-0.315244108438492
-0.283544480800629
-0.274034589529037
-0.253820359706879
-0.0859961062669754
0.222960382699966
0.458410501480103
0.277125388383865
0.129974812269211
0.394046455621719
0.824747860431671
0.991837084293366
0.914333760738373
0.741318166255951
0.837060213088989
1.29041075706482
1.30028820037842
1.01797783374786
0.951546370983124
1.18456161022186
1.22035002708435
0.815835237503052
0.580339193344116
0.780965626239777
1.04352128505707
0.93739640712738
0.478946328163147
0.143895089626312
0.216206982731819
0.31778359413147
0.0907867252826691
-0.317633062601089
-0.481644183397293
-0.359531700611114
-0.483619660139084
-0.647538900375366
-0.648917138576508
-0.334907084703445
0.0792554169893265
-0.1468226313591
-0.491613477468491
-0.741259515285492
-0.52064847946167
-0.173974052071571
-0.180589616298676
-0.421460837125778
-0.613909721374512
-0.322089403867722
-0.0249398723244667
-0.0105601875111461
-0.23443304002285
-0.347678810358047
-0.271324068307877
-0.356637388467789
-0.556666612625122
-0.484216898679733
-0.293467849493027
-0.219226405024529
-0.491245955228806
-0.854826867580414
-0.825332403182983
-0.512884378433228
-0.301277905702591
-0.46450799703598
-0.497677743434906
-0.235030278563499
0.124829366803169
0.17338952422142
-0.163729101419449
-0.151233017444611
0.156620875000954
0.308457493782043
0.0650135576725006
0.0417671650648117
0.429145753383636
0.633447527885437
0.474581897258759
0.11793814599514
0.0650135576725006
0.338549166917801
0.523050129413605
0.359911948442459
0.230908259749413
0.0982751920819283
0.35058581829071
0.132777243852615
-0.389209896326065
-0.575410723686218
-0.654659807682037
-0.53263920545578
-0.821886837482452
-0.88615894317627
-0.734552025794983
-0.539530456066132
-0.31000679731369
-0.487478733062744
-0.606329381465912
-0.570724725723267
-0.370833307504654
-0.388750493526459
-0.454217106103897
-0.388107299804687
-0.322502881288528
-0.269853919744492
-0.25960898399353
-0.197128564119339
-0.102856628596783
0.127769619226456
0.457491666078567
0.479451686143875
0.305930703878403
0.348977863788605
0.743798971176147
1.03690564632416
1.01783990859985
0.908912718296051
0.808898091316223
1.20045733451843
1.50941383838654
1.21382629871368
0.953338086605072
1.07820701599121
1.26436197757721
0.993261277675629
0.676770389080048
0.706035077571869
0.950351893901825
1.0584522485733
0.764610469341278
0.268166810274124
0.119500152766705
0.266237258911133
0.203481197357178
-0.179716736078262
-0.479530870914459
-0.372257500886917
-0.406300127506256
-0.599989414215088
-0.654751658439636
-0.517111003398895
-0.0536992400884628
0.0346462354063988
-0.320113897323608
-0.726006925106049
-0.673587679862976
-0.218904823064804
-0.0197484847158194
-0.169150188565254
-0.515916526317596
-0.549913227558136
-0.238062426447868
0.0237581022083759
-0.0531020015478134
-0.269486397504807
-0.343268424272537
-0.370833307504654
-0.551153659820557
-0.614185333251953
-0.422333717346191
-0.295305520296097
-0.427203506231308
-0.79087632894516
-0.88556170463562
-0.769145965576172
-0.495518505573273
-0.395733594894409
-0.618733584880829
-0.44567197561264
-0.0977571234107017
0.0900516659021378
-0.0455216579139233
-0.376070648431778
-0.200757935643196
0.134063601493835
0.0943701639771462
0.0668971538543701
0.301612198352814
0.581625580787659
0.541794300079346
0.202424541115761
-0.0257208775728941
0.14499768614769
0.475179135799408
0.527552425861359
0.322285860776901
0.186988204717636
0.353158533573151
0.391519695520401
-0.0263640582561493
-0.454998105764389
-0.512057423591614
-0.452746987342834
-0.511781811714172
-0.64225560426712
-0.693801939487457
-0.511046707630157
-0.298659235239029
-0.299669951200485
-0.473558485507965
-0.498734414577484
-0.353283673524857
-0.307066529989243
-0.398352265357971
-0.424538910388947
-0.318827539682388
-0.230895549058914
-0.191293984651566
-0.165980234742165
-0.0924738571047783
0.0848602801561356
0.332944303750992
0.504719495773315
0.350034534931183
0.260999917984009
0.555622696876526
0.99978494644165
1.16751730442047
1.06267881393433
0.947962939739227
0.947090089321137
1.31549477577209
1.40953707695007
1.0485748052597
1.00419533252716
1.30309057235718
1.27658236026764
0.821118533611298
0.543815732002258
0.738653540611267
0.965696394443512
0.883139491081238
0.501825213432312
0.128688454627991
0.143986970186234
0.211750656366348
-0.017956767231226
-0.43868887424469
-0.548764705657959
-0.445717930793762
-0.571505725383759
-0.776956021785736
-0.692239940166473
-0.273299545049667
0.0558252595365047
-0.191248044371605
-0.695777416229248
-0.836955606937408
-0.549086272716522
-0.144984975457191
-0.119946859776974
-0.475074529647827
-0.732209026813507
-0.514722049236298
-0.124495066702366
-0.0609120540320873
-0.201309233903885
-0.339960634708405
-0.330450743436813
-0.379700005054474
-0.579683303833008
-0.556712567806244
-0.374784290790558
-0.302426427602768
-0.57605391740799
-0.867093205451965
-0.786282181739807
-0.52322119474411
-0.386912822723389
-0.522807717323303
-0.560985088348389
-0.260757505893707
0.108612023293972
0.209775179624558
-0.239808201789856
-0.337387919425964
0.0723182484507561
0.15069442987442
0.0626245960593224
0.160985320806503
0.470906585454941
0.599450826644897
0.482667595148087
0.0989643111824989
0.125840082764626
0.261275589466095
0.484505265951157
0.386144548654556
-0.0212645530700684
0.310938328504562
0.381963849067688
0.246620237827301
-0.312901109457016
-0.614782571792602
-0.538841307163239
-0.625257253646851
-0.582485735416412
-0.633205115795135
-0.547891795635223
-0.366193234920502
-0.302518337965012
-0.405013769865036
-0.521613240242004
-0.404600292444229
-0.231768444180489
-0.260803461074829
-0.349378645420074
-0.346300572156906
-0.232687264680862
-0.130605280399323
-0.0567313805222511
-0.0499779805541039
-0.0609120540320873
0.192730888724327
0.5061896443367
0.511610746383667
0.348334699869156
0.467460960149765
0.81578928232193
1.04218888282776
1.03424108028412
0.866370856761932
0.743293642997742
1.12901830673218
1.45901608467102
1.16907930374146
0.886539161205292
0.989999413490295
1.16182053089142
0.987886130809784
0.698041260242462
0.717842042446136
0.903583467006683
0.915206670761108
0.615254700183868
0.203297421336174
0.126483261585236
0.306895464658737
0.292286068201065
-0.148384645581245
-0.543802976608276
-0.583726167678833
-0.463405400514603
-0.563052475452423
-0.679973542690277
-0.344508826732636
0.105488002300262
0.200724706053734
-0.276331663131714
-0.724444925785065
-0.703449666500092
-0.250420689582825
0.141552075743675
0.0433291755616665
-0.273529261350632
-0.403130173683167
-0.123116828501225
0.0867898166179657
-0.00357708148658276
-0.119625270366669
-0.176592707633972
-0.181416571140289
-0.414202064275742
-0.60812109708786
-0.271369993686676
-0.141585305333138
-0.200114756822586
-0.510679185390472
-0.78830361366272
-0.600494801998138
-0.390312492847443
-0.328015834093094
-0.373957335948944
-0.145214676856995
0.182577818632126
0.19796821475029
-0.161661729216576
-0.333666652441025
-0.0580177418887615
0.34103000164032
0.389819860458374
0.244920402765274
0.409253090620041
0.568715989589691
0.664825558662415
0.409207165241241
0.317507952451706
0.351872175931931
0.611349701881409
0.688807010650635
0.101674862205982
0.318243026733398
0.507292211055756
0.531089901924133
0.413158118724823
-0.10455646365881
-0.325305312871933
-0.423757910728455
-0.491889119148254
-0.566773772239685
-0.521934866905212
-0.279409766197205
-0.132259175181389
-0.104372702538967
-0.274448066949844
-0.402808576822281
-0.297648519277573
-0.209257110953331
-0.188905030488968
-0.27293199300766
-0.308536648750305
-0.207419455051422
-0.0585230961441994
-0.032336451113224
-0.0675276294350624
0.123818658292294
0.437323361635208
0.577536761760712
0.420508772134781
0.353526085615158
0.633952915668488
1.06401109695435
1.21005916595459
1.04728841781616
0.771134197711945
0.845329701900482
1.41923069953918
1.45171129703522
1.06470024585724
0.965282917022705
1.10035085678101
1.07751798629761
0.752849459648132
0.623845756053925
0.834809064865112
0.993766605854034
0.844089269638062
0.365838408470154
0.0400213859975338
0.187355726957321
0.320586025714874
0.0878924131393433
-0.371614307165146
-0.547845840454102
-0.431338250637054
-0.48407906293869
-0.678227782249451
-0.747829139232636
-0.263605892658234
0.281076371669769
0.223419800400734
-0.315290063619614
-0.779482841491699
-0.578580677509308
-0.145720034837723
0.0574332103133202
-0.137312740087509
-0.321767807006836
-0.279547572135925
-0.0253074038773775
0.094507984817028
-0.00899817701429129
-0.0935764536261559
-0.142825722694397
-0.280190765857697
-0.54757022857666
-0.472731530666351
-0.185275658965111
-0.112274631857872
-0.421414881944656
-0.731428027153015
-0.724674642086029
-0.466805070638657
-0.272564470767975
-0.433635324239731
-0.450909316539764
-0.0694112330675125
0.221765905618668
0.146513745188713
-0.260435909032822
-0.413880497217178
-0.0273288283497095
0.0884896516799927
0.0627164840698242
0.162087917327881
0.386098593473434
0.629312813282013
0.4532191157341
0.0673565715551376
0.0157183427363634
0.258059680461884
0.485332190990448
0.348288744688034
-0.0658277943730354
0.17655947804451
0.327615082263947
0.173527345061302
-0.214999794960022
-0.534430921077728
-0.489270448684692
-0.564936101436615
-0.627738118171692
-0.739651560783386
-0.66292929649353
-0.440250903367996
-0.275642544031143
-0.320527374744415
-0.49037304520607
-0.46064892411232
-0.376621931791306
-0.366193234920502
-0.467034786939621
-0.525518298149109
-0.422517478466034
-0.297648519277573
-0.233514219522476
-0.252534002065659
-0.199379682540894
0.0496690981090069
0.400937706232071
0.407139778137207
0.234032273292542
0.33473601937294
0.719220280647278
1.03943240642548
1.03594088554382
0.828285396099091
0.663355469703674
1.09401094913483
1.36887884140015
1.07384264469147
0.872527062892914
1.00920295715332
1.13508260250092
0.895405888557434
0.616587042808533
0.645254492759705
0.837795257568359
0.84588098526001
0.588700532913208
0.161674439907074
0.0443398877978325
0.250341504812241
0.196589961647987
-0.193499177694321
-0.54132217168808
-0.478428274393082
-0.348092287778854
-0.567692577838898
-0.765011250972748
-0.726512312889099
-0.100973032414913
0.297936886548996
0.0363920107483864
-0.478198558092117
-0.797813475131988
-0.493175476789474
-0.122519582509994
0.0132375014945865
-0.175719827413559
-0.274494022130966
-0.0859501659870148
0.0335436388850212
-0.00752804940566421
-0.0085847033187747
-0.0183702390640974
-0.189548209309578
-0.480449706315994
-0.583772122859955
-0.308812320232391
-0.0266856476664543
-0.156332522630692
-0.615425765514374
-0.858731865882873
-0.69338846206665
-0.398536026477814
-0.336698800325394
-0.436024278402329
-0.30876636505127
0.0110323103144765
0.100526325404644
-0.173974052071571
-0.379194647073746
-0.206592500209808
0.0995615497231484
0.108520142734051
-0.0543883629143238
0.173297628760338
0.541059195995331
0.673967957496643
0.325731486082077
0.0296386126428843
0.202746123075485
0.375623941421509
0.578501522541046
0.158458530902863
0.0741099715232849
0.423357129096985
0.358579635620117
0.192087695002556
-0.217756286263466
-0.314187467098236
-0.33587184548378
-0.506728231906891
-0.707584381103516
-0.655762374401092
-0.445947647094727
-0.312717318534851
-0.260160267353058
-0.410159230232239
-0.441445380449295
-0.341384828090668
-0.318689733743668
-0.391552925109863
-0.437632232904434
-0.39141508936882
-0.286438792943954
-0.176041409373283
-0.172687694430351
-0.197633907198906
-0.106302239000797
0.215563803911209
0.482300072908401
0.397262364625931
0.371581077575684
0.643876254558563
1.05422556400299
1.18410217761993
1.00116324424744
0.679067432880402
0.875145673751831
1.39524924755096
