% Type: Spectrum
% Date: 10-DEC-24 16:37:39
% NoOfItems: = 1601
% Unit_Y: = mm/s
% Unit_X: = Hz
% Min_X: = 0
% Max_X: = 1000
% MinDisplay_X: = 0
% MaxDisplay_X: = 1000
0
0
0
0
0.0641559138894081
0.0683613196015358
0.0468371771275997
0.0337104052305222
0.0319368802011013
0.0298946406692266
0.034610603004694
0.0378217585384846
0.038856316357851
0.0727548226714134
0.0852769836783409
0.0934056341648102
0.158515498042107
0.175256490707397
0.121782034635544
0.0870908126235008
0.0669908672571182
0.0344762466847897
0.0182458087801933
0.0143359918147326
0.0081689627841115
0.0298677701503038
0.049470592290163
0.060353584587574
0.0473880432546139
0.0298140253871679
0.0322190336883068
0.0299886912107468
0.020046204328537
0.0241038147360086
0.027099996805191
0.0293975174427032
0.0471865087747574
0.0607029162347317
0.0702423304319382
0.461183607578278
0.880514740943909
0.422851294279098
0.0220212657004595
0.0197506174445152
0.0121997008100152
0.00407104566693306
0.0038560729008168
0.00717471400275826
0.0158139299601316
0.0185279604047537
0.0129789765924215
0.00709409918636084
0.00419196765869856
0.00497124344110489
0.00757778761908412
0.0123206228017807
0.0141881983727217
0.0162438750267029
0.0157467499375343
0.0252458564937115
0.0377008356153965
0.041180707514286
0.0366662815213203
0.0283898320049047
0.0183936022222042
0.011259195394814
0.00971407908946276
0.00626108003780246
0.00682538328692317
0.0100365383550525
0.0141478907316923
0.0187294967472553
0.0245337598025799
0.0279195792973042
0.036625973880291
0.0396221540868282
0.0433035641908646
0.0493765436112881
0.0542537346482277
0.186045438051224
0.31545901298523
0.163809195160866
0.049349669367075
0.040965735912323
0.0271268673241138
0.0286719836294651
0.02351263910532
0.0155317774042487
0.014712193980813
0.0141613269224763
0.0184607803821564
0.0250846277922392
0.0252324212342501
0.0223840326070786
0.0197371803224087
0.0154108554124832
0.0143225565552711
0.0126027744263411
0.0167275629937649
0.0170500222593546
0.0144031709060073
0.0195087715983391
0.0206373799592257
0.0173859167844057
0.0185279604047537
0.0219272151589394
0.0346777848899364
0.0423496216535568
0.0412075780332088
0.0445665270090103
0.0419062413275242
0.0361557193100452
0.0317890867590904
0.0330251827836037
0.0301096141338348
0.0318562686443329
0.0344762466847897
0.0339522510766983
0.0286988560110331
0.180671110749245
0.281170845031738
0.113639943301678
0.0238485336303711
0.020288048312068
0.0214435271918774
0.0173724815249443
0.0157736223191023
0.0171306375414133
0.0180711429566145
0.0204089712351561
0.0208792239427567
0.0228542853146791
0.0218331646174192
0.0190250836312771
0.0151018323376775
0.0132879996672273
0.0131670776754618
0.015236190520227
0.0151824466884136
0.0166469477117062
0.0178158618509769
0.0172381233423948
0.0185279604047537
0.0191997494548559
0.0193878505378962
0.0226124413311481
0.0233514085412025
0.0229080282151699
0.0259176455438137
0.0239828918129206
0.0231364369392395
0.0236201249063015
0.0239157136529684
0.0221824962645769
0.0218465998768806
0.0198984108865261
0.0172515586018562
0.019172877073288
0.0201402548700571
0.050437968224287
0.0780216529965401
0.0452651903033257
0.031923446804285
0.0275702495127916
0.0122803151607513
0.0144300423562527
0.0195222087204456
0.0240903776139021
0.0250577554106712
0.0230826940387487
0.0192400570958853
0.0143762994557619
0.00957972090691328
0.0117160119116306
0.0154377268627286
0.0154108554124832
0.0172649957239628
0.0183129869401455
0.0170903299003839
0.0147659368813038
0.0130461556836963
0.0114607317373157
0.0123071866109967
0.0150212170556188
0.0148465521633625
0.0137985600158572
0.0141747621819377
0.0140269687399268
0.0141478907316923
0.0161766950041056
0.0169022288173437
0.0156392641365528
0.0151018323376775
0.0166738200932741
0.0151690114289522
0.0143225565552711
0.015222754329443
0.0156661346554756
0.0153705477714539
0.0289406999945641
0.0404954813420773
0.0221959315240383
0.0140000972896814
0.0171037651598454
0.0162841826677322
0.0167678706347942
0.0187429320067167
0.017936784774065
0.0173859167844057
0.0162438750267029
0.0136642018333077
0.0151690114289522
0.0190250836312771
0.0185145232826471
0.02077173627913
0.0226661842316389
0.0196028221398592
0.0190385188907385
0.0191594418138266
0.0182323716580868
0.0220884457230568
0.0249099619686604
0.0236873049288988
0.023996327072382
0.0260116960853338
0.0272074826061726
0.0262804124504328
0.0267237927764654
0.0291422363370657
0.0277314782142639
0.0247084237635136
0.023243922740221
0.0186488814651966
0.0128849260509014
0.0097946934401989
0.00683881901204586
0.00573708396404982
0.00791368260979652
0.0108561217784882
0.0387085229158401
0.0969526842236519
0.117509454488754
0.0452920608222485
0.0129386689513922
0.0130327194929123
0.0162304379045963
0.0168887935578823
0.0139732258394361
0.0154377268627286
0.0207851734012365
0.0210538879036903
0.0197371803224087
0.023028951138258
0.0268984586000442
0.0232304874807596
0.0271403025835752
0.0354436226189137
0.0414225533604622
0.0341403521597385
0.0348524488508701
0.0367468968033791
0.0350271128118038
0.0323668271303177
0.0246278103441
0.037015613168478
0.0456548258662224
0.0381710901856422
0.0329311303794384
0.0271806102246046
0.0226661842316389
0.0277717858552933
0.0273015331476927
0.0306604821234942
0.0313725769519806
0.0303648933768272
0.0297737196087837
0.0265222564339638
0.0241038147360086
0.0266700498759747
0.0657816454768181
0.0803863555192947
0.0468774847686291
0.0422958768904209
0.032501183450222
0.0224512107670307
0.0248562190681696
0.0227467995136976
0.020529892295599
0.0211479384452105
0.0203014835715294
0.018931033089757
0.0203283559530973
0.0212957337498665
0.0200999472290277
0.0200327690690756
0.0199655890464783
0.020046204328537
0.0213897842913866
0.0202477406710386
0.0169425364583731
0.0141881983727217
0.0129386689513922
0.0137582523748279
0.0153033686801791
0.0145644005388021
0.0118100624531507
0.0106008416041732
0.0093110054731369
0.0107889426872134
0.0142688127234578
0.018178628757596
0.0196431297808886
0.0164185389876366
0.0146047081798315
0.0149002950638533
0.0156392641365528
0.0195490792393684
0.0245606303215027
0.0219406504184008
0.0362094640731812
0.0576261207461357
0.042416799813509
0.0239560194313526
0.0210135821253061
0.0246815532445908
0.0244934521615505
0.0207045581191778
0.0219943951815367
0.0216853711754084
0.0259713884443045
0.0281345527619123
0.0276643000543118
0.0304992515593767
0.0267909727990627
0.0201805625110865
0.0183129869401455
0.0179770924150944
0.0208120439201593
0.0271403025835752
0.0301230493932962
0.0291288010776043
0.0304052010178566
0.0267909727990627
0.0234185885637999
0.0203955341130495
0.0195759516209364
0.0237410478293896
0.0262535400688648
0.0267506651580334
0.025984825566411
0.0219540875405073
0.0146987587213516
0.011501039378345
0.0139866610988975
0.0241575576364994
0.0304320733994246
0.0260251332074404
0.0202074330300093
0.0147928092628717
0.0503842271864414
0.0548180378973484
0.0258101597428322
0.023875406011939
0.02351263910532
0.0232304874807596
0.0273149684071541
0.0257161092013121
0.0264282058924437
0.0259310826659203
0.0200865119695663
0.0179502200335264
0.0170500222593546
0.019172877073288
0.0231633074581623
0.0228945929557085
0.0226796194911003
0.0274090189486742
0.0292228516191244
0.0265222564339638
0.0237007401883602
0.0183398593217134
0.0146987587213516
0.0200865119695663
0.0248159114271402
0.0287794694304466
0.0296393614262342
0.0303783304989338
0.0298005901277065
0.0272746607661247
0.0253802146762609
0.026979073882103
0.0283898320049047
0.0320443697273731
0.0336566641926765
0.0301499217748642
0.0252055488526821
0.0292631592601538
0.0313322693109512
0.0452383160591126
0.0550733171403408
0.0501423813402653
0.0684150606393814
0.0863115414977074
0.0573977120220661
0.0540521964430809
0.0503304824233055
0.0356451608240604
0.0361960269510746
0.0416509620845318
0.0433707423508167
0.0487181879580021
0.0528026707470417
0.0519830845296383
0.0527489259839058
0.05148596316576
0.0472133792936802
0.0489734672009945
0.0543880946934223
0.0472671240568161
0.0430214107036591
0.048865981400013
0.0471327640116215
0.0450233444571495
0.0500752031803131
0.0523592866957188
0.0517009347677231
0.0435454063117504
0.0376067869365215
0.041839063167572
0.0428870543837547
0.0489062890410423
0.0518352910876274
0.0486644431948662
0.0599102042615414
0.0828854143619537
0.0734803527593613
0.0617509074509144
0.060622300952673
0.0598430261015892
0.0708335041999817
0.0700542256236076
0.0717337056994438
0.0804400965571404
0.0645321160554886
0.0634572505950928
0.0609985031187534
0.0626779794692993
0.0668565109372139
0.0627451539039612
0.0596146173775196
0.0600176900625229
0.0611597336828709
0.0632557198405266
0.068253830075264
0.0682135224342346
0.0673401951789856
0.0648814514279366
0.0654054433107376
0.0721367746591568
0.0785187780857086
0.0794055387377739
0.0838393494486809
0.0864324644207954
0.080614760518074
0.0753479301929474
0.0754822865128517
0.0804400965571404
0.0821598768234253
0.079741433262825
0.0859890803694725
0.0923979505896568
0.0931906625628471
0.0989546179771423
0.0882866010069847
0.062852643430233
0.0694630518555641
0.0731310248374939
0.0795130282640457
0.123031564056873
0.259579539299011
0.21384409070015
0.0747433230280876
0.102421052753925
0.0968317687511444
0.0931772291660309
0.0985784158110619
0.087023638188839
0.0942386537790298
0.101735830307007
0.102703206241131
0.106478668749332
0.108117833733559
0.110146634280682
0.109367363154888
0.11068406701088
0.11106026917696
0.109958536922932
0.120304100215435
0.125584363937378
0.122722536325455
0.128002807497978
0.125638112425804
0.100755013525486
0.0939699411392212
0.102501668035984
0.101090915501118
0.104543909430504
0.109044902026653
0.124885700643063
0.120465323328972
0.115480646491051
0.120062254369259
0.118785850703716
0.139087334275246
0.172367796301842
0.142809048295021
0.125020056962967
0.12425421923399
0.132906869053841
0.157655596733093
0.126323327422142
0.106156207621098
0.110590018332005
0.112726308405399
0.109703257679939
0.111570827662945
0.121755160391331
0.119148619472981
0.119538255035877
0.118288725614548
0.115843415260315
0.117952831089497
0.113841481506824
0.11212170124054
0.109367363154888
0.106330871582031
0.10659958422184
0.103831812739372
0.101426810026169
0.10395273566246
0.0983231365680695
0.100002609193325
0.105954669415951
0.102313570678234
0.114902906119823
0.12058624625206
0.11370712518692
0.113989271223545
0.10905833542347
0.124079555273056
0.133605539798737
0.123609304428101
0.118745543062687
0.104557350277901
0.117818474769592
0.140874296426773
0.118906773626804
0.112202316522598
0.168793871998787
0.252646654844284
0.211492821574211
0.134210139513016
0.0867280513048172
0.084739550948143
0.116931714117527
0.11775129288435
0.117522887885571
0.125342518091202
0.118866465985775
0.12096244841814
0.121728293597698
0.11797970533371
0.116058386862278
0.102501668035984
0.0965361744165421
0.094829834997654
0.0946551635861397
0.098726212978363
0.100647531449795
0.101574599742889
0.101520858705044
0.0906916111707687
0.0811253190040588
0.0772826820611954
0.0787606239318848
0.0874670147895813
0.0889449566602707
0.0909603238105774
0.0982828289270401
0.0983097031712532
0.0916186794638634
0.0840543285012245
0.081716500222683
0.0912962183356285
0.104893244802952
0.0919545739889145
0.0907722190022469
0.0857203602790833
0.09688550978899
0.1246707290411
0.124993190169334
0.116327099502087
0.0972079709172249
0.0882194191217422
0.0896839201450348
0.0883940905332565
0.0778604224324226
0.0748911127448082
0.0763824880123138
0.0758316218852997
0.0838527902960777
0.0897779762744904
0.0889718234539032
0.0903825834393501
0.0925994887948036
0.0956762880086899
0.0940236821770668
0.0914843156933784
0.0945342481136322
0.0939027592539787
0.0881388038396835
0.0852904170751572
0.0880984961986542
0.0968048945069313
0.102071724832058
0.0986455976963043
0.0956225469708443
0.0882731676101685
0.0819852128624916
0.0828451067209244
0.0771886333823204
0.0770945847034454
0.079741433262825
0.0946282967925072
0.12342119961977
0.117764733731747
0.105135083198547
0.0959987491369247
0.0721502155065537
0.114056453108788
0.116246484220028
0.0993980020284653
0.102810695767403
0.0966839715838432
0.0910275056958199
0.0873192250728607
0.0886896774172783
0.0837049931287766
0.0865130722522736
0.0907587856054306
0.0918067768216133
0.0947357788681984
0.0925726220011711
0.0911618620157242
0.0937549695372582
0.0919411331415176
0.0924785658717155
0.0934862494468689
0.0897779762744904
0.089388333261013
0.0927741527557373
0.0952463448047638
0.0941580459475517
0.0890121310949326
0.0892942845821381
0.0893480256199837
0.0794727206230164
0.0723786205053329
0.0689793676137924
0.0699736103415489
0.077027402818203
0.0783172398805618
0.080090768635273
0.0778604224324226
0.0659563094377518
0.0634841248393059
0.0711022168397903
0.0700273588299751
0.073775939643383
0.106613025069237
0.0836243778467178
0.0609985031187534
0.0671520978212357
0.0785725191235542
0.0888374671339989
0.0806282013654709
0.0680388584733009
0.0741118416190147
0.0686569064855576
0.0620464943349361
0.0585531890392303
0.0538640953600407
0.0529101565480232
0.0537700466811657
0.0565646924078465
0.0579754486680031
0.0538103543221951
0.0492018759250641
0.0483688563108444
0.0441500172019005
0.0404551737010479
0.0434110499918461
0.0479254759848118
0.0469984076917171
0.0431288965046406
0.0402402020990849
0.0400655381381512
0.0394609272480011
0.0374589934945106
0.0401461534202099
0.049833357334137
0.0533938445150852
0.0513381659984589
0.0412613227963448
0.0389772392809391
0.0428467467427254
0.0391115956008434
0.0500348955392838
0.0851694941520691
0.139356046915054
0.0902347937226295
0.0490675196051598
0.0385472923517227
0.0354570597410202
0.0376067869365215
0.0473611727356911
0.0443784259259701
0.0394071824848652
0.0424302369356155
0.0413553714752197
0.0478448607027531
0.0547911673784256
0.053595382720232
0.0529235899448395
0.0492959283292294
0.0449427291750908
0.0425242856144905
0.0373783782124519
0.0358198247849941
0.0392593890428543
0.0388294421136379
0.035752646625042
0.0332804620265961
0.0285376254469156
0.0292900297790766
0.0310232471674681
0.0290481857955456
0.0285241901874542
0.0348121412098408
0.040482047945261
0.0338850729167461
0.0275568123906851
0.0268581509590149
0.029961820691824
0.0310098119080067
0.0359407477080822
0.0385204218327999
0.0291825439780951
0.0313860140740871
0.0792308747768402
0.0602998435497284
0.0182323716580868
0.0163916684687138
0.0266297422349453
0.0328773856163025
0.0246278103441
0.0172784309834242
0.0151690114289522
0.0123340589925647
0.0148734236136079
0.015478034503758
0.0151287037879229
0.0165663342922926
0.0130595918744802
0.00869295839220285
0.0102918175980449
0.0133014358580112
0.0145106576383114
0.0158945433795452
0.0175605826079845
0.0173321738839149
0.015209318138659
0.0129252336919308
0.0130864633247256
0.0158004928380251
0.0173456091433764
0.018447345122695
0.0198177956044674
0.0198446679860353
0.0193341076374054
0.0173724815249443
0.016606641933322
0.015236190520227
0.0137985600158572
0.0164454113692045
0.0149406027048826
0.0185145232826471
0.0197909232228994
0.0303380228579044
0.0711022168397903
0.0475895814597607
0.0207583010196686
0.0153436763212085
0.0151421399787068
0.021913779899478
0.0211479384452105
0.0172246880829334
0.0185413956642151
0.0173456091433764
0.0164991542696953
0.0147390654310584
0.011514475569129
0.0106277130544186
0.011998163536191
0.0146853225305676
0.0162170026451349
0.0172381233423948
0.0170231498777866
0.0149943456053734
0.013623895123601
0.0137313809245825
0.016821613535285
0.0191056989133358
0.0194012857973576
0.0196834374219179
0.0198581032454967
0.0183264221996069
0.0166335124522448
0.0149271665140986
0.0143091203644872
0.0126027744263411
0.0136910742148757
0.016096081584692
0.0146450148895383
0.0105067910626531
0.0135567160323262
0.015827365219593
0.019293799996376
0.0375530421733856
0.0707663223147392
0.0521711856126785
0.0246278103441
0.0187832396477461
0.0167409982532263
0.0141344545409083
0.0145644005388021
0.0150480885058641
0.0134357940405607
0.0125759029760957
0.0124415447935462
0.0137716885656118
0.0154914697632194
0.0162573102861643
0.0150480885058641
0.0138119962066412
0.0143628632649779
0.0132611282169819
0.0125893391668797
0.0138254314661026
0.01287149079144
0.0125759029760957
0.0136373303830624
0.013113334774971
0.0117160119116306
0.0106948921456933
0.00901541765779257
0.00722845690324903
0.00705379154533148
0.00722845690324903
0.00893480237573385
0.0120922140777111
0.0133283073082566
0.0125490315258503
0.0150480885058641
0.0160423368215561
0.0111382734030485
0.010144024156034
0.00901541765779257
0.0307142250239849
0.0885284468531609
0.0718814954161644
0.0176815036684275
0.00924382638186216
0.00884075183421373
0.00768527388572693
0.00650292402133346
0.0083973715081811
0.0109501723200083
0.00799429696053267
0.00740312226116657
0.0104664834216237
0.00889449566602707
0.00917664729058743
0.0104664834216237
0.00964689999818802
0.00888105947524309
0.0097946934401989
0.00810178369283676
0.00734937936067581
0.00720158545300365
0.00638200202956796
0.0069059981033206
0.00634169485419989
0.00478314235806465
0.00558929005637765
0.00601923558861017
0.00599236413836479
0.00713440636172891
0.00791368260979652
0.00671789702028036
0.00579082686454058
0.008289884775877
0.00787337496876717
0.007483737077564
0.00847798585891724
0.00855860020965338
0.00765840243548155
0.00763153098523617
0.0205836351960897
0.062852643430233
0.0476701967418194
0.0134357940405607
0.00855860020965338
0.00819583423435688
0.00845111440867186
0.00928413309156895
0.0083973715081811
0.0107083274051547
0.012253443710506
0.011769755743444
0.0133014358580112
0.0128849260509014
0.0102783823385835
0.00811521895229816
0.00639543775469065
0.00616702949628234
0.00763153098523617
0.0102112032473087
0.01287149079144
0.0126027744263411
0.0109501723200083
0.011501039378345
0.011259195394814
0.0095528494566679
0.0114607317373157
0.0136507665738463
0.013113334774971
0.0125759029760957
0.0129117975011468
0.0129386689513922
0.0130864633247256
0.0146584510803223
0.0121997008100152
0.0139060467481613
0.0189444683492184
0.0172649957239628
0.0146987587213516
0.0109098646789789
0.0304320733994246
0.0573036596179009
0.0409388616681099
0.0151958828791976
0.013623895123601
0.0185413956642151
0.0198177956044674
0.0133283073082566
0.0149137312546372
0.0159885939210653
0.0162438750267029
0.0151824466884136
0.0136910742148757
0.0109367361292243
0.0103052537888288
0.0150346532464027
0.0201402548700571
0.0222631096839905
0.0231498721987009
0.0248024743050337
0.0229214634746313
0.0196968726813793
0.0202611777931452
0.0223168525844812
0.023270795121789
0.0235663820058107
0.0245740674436092
0.027704605832696
0.0286585483700037
0.0249637048691511
0.0234454609453678
0.026226669549942
0.0249771401286125
0.025111498311162
0.0237813554704189
0.0202611777931452
0.0250980630517006
0.0247890390455723
0.0321115478873253
0.040697019547224
0.0536088161170483
0.0850620120763779
0.0640752986073494
0.0332267172634602
0.0333476401865482
0.0343821942806244
0.037015613168478
0.0357795171439648
0.0350539870560169
0.0354033149778843
0.0343687608838081
0.0333879478275776
0.0337238423526287
0.0336969718337059
0.0350271128118038
0.0362632088363171
0.0335088707506657
0.0326624140143394
0.0322593413293362
0.0309023261070251
0.0335088707506657
0.0347046554088593
0.0352017804980278
0.0374186858534813
0.0363303869962692
0.0326489768922329
0.0300424341112375
0.027825528755784
0.029061621055007
0.0304992515593767
0.0279464516788721
0.027852401137352
0.0290750581771135
0.0296527966856956
0.0318831391632557
0.0344762466847897
0.0355376750230789
0.0364110022783279
0.0343284532427788
0.0336969718337059
0.0362632088363171
0.0333207696676254
0.0264147706329823
0.0284570101648569
0.027462761849165
0.0280539374798536
0.0269656386226416
0.0275299418717623
0.0275030694901943
0.0249233972281218
0.0229349005967379
0.02188690751791
0.0226258765906096
0.0252458564937115
0.0270596891641617
0.0260923113673925
0.0254205223172903
0.0240903776139021
0.0230558216571808
0.0230692569166422
0.0231767445802689
0.0228139776736498
0.0215241406112909
0.019804360345006
0.0197909232228994
0.0185951385647058
0.0173456091433764
0.0186354462057352
0.0191863141953945
0.0205030217766762
0.0207448657602072
0.0193744152784348
0.0203283559530973
0.0212822966277599
0.0203014835715294
0.0198312308639288
0.0194012857973576
0.0194550286978483
0.0203283559530973
0.0208657868206501
0.0226258765906096
0.0277583505958319
0.0257026739418507
0.022760234773159
0.0207314305007458
0.0191997494548559
0.0184339098632336
0.0182189363986254
0.0178964771330357
0.0185951385647058
0.019051956012845
0.0198446679860353
0.0210001450031996
0.0207986086606979
0.0210673250257969
0.0214569624513388
0.0198177956044674
0.0184742156416178
0.0185548309236765
0.0178696047514677
0.0178964771330357
0.0174934025853872
0.016606641933322
0.0162304379045963
0.0161229521036148
0.0163916684687138
0.0168350487947464
0.0172918662428856
0.0179502200335264
0.0177486836910248
0.0166738200932741
0.0162170026451349
0.0161766950041056
0.0173187386244535
0.0179905276745558
0.0168887935578823
0.0161766950041056
0.0158004928380251
0.0146315796300769
0.0137716885656118
0.0137716885656118
0.0134626654908061
0.0145375290885568
0.0142688127234578
0.014954037964344
0.0151555752381682
0.0156526993960142
0.0162707455456257
0.0164991542696953
0.0174396596848965
0.0185010880231857
0.0189175978302956
0.0186488814651966
0.0176411978900433
0.0154242916032672
0.0144166070967913
0.0141344545409083
0.0131805138662457
0.0133014358580112
0.0127236964181066
0.0125221600756049
0.0134357940405607
0.0137045094743371
0.0137851247563958
0.0138254314661026
0.013368614949286
0.0135298445820808
0.0135567160323262
0.0139463534578681
0.0148196807131171
0.0139060467481613
0.01287149079144
0.0137179456651211
0.0144031709060073
0.0147525016218424
0.014725630171597
0.0136373303830624
0.0118503700941801
0.0109770437702537
0.0113801173865795
0.014712193980813
0.0200596395879984
0.0182592440396547
0.0139194820076227
0.0130730271339416
0.0125490315258503
0.0124146733433008
0.0132611282169819
0.0135567160323262
0.0135701512917876
0.0128043117001653
0.0113666811957955
0.0108158141374588
0.0105605339631438
0.0105605339631438
0.0104261757805943
0.0100768450647593
0.0106680197641253
0.0108561217784882
0.0100096659734845
0.00999623071402311
0.0104261757805943
0.0104530472308397
0.01064114831388
0.01064114831388
0.0103589966893196
0.010144024156034
0.0104127405211329
0.0103455614298582
0.0107889426872134
0.0105336625128984
0.0095528494566679
0.00863921549171209
0.00812865514308214
0.00706722727045417
0.00498467963188887
0.00628795148804784
0.00666415365412831
0.00747030135244131
0.0108292493969202
0.0130058480426669
0.013113334774971
0.0129655413329601
0.00945879891514778
0.00729563599452376
0.00730907171964645
0.00643574539572001
0.00670446129515767
0.00819583423435688
0.00871982984244823
0.00776588870212436
0.00718814972788095
0.00587144168093801
0.00519965216517448
0.00538775324821472
0.00518621644005179
0.00548180378973484
0.0055221114307642
0.00510560162365437
0.00501155108213425
0.00571021251380444
0.00682538328692317
0.00616702949628234
0.00515934498980641
0.0065566673874855
0.00724189262837172
0.006677589379251
0.00569677632302046
0.00456816982477903
0.0060998504050076
0.00765840243548155
0.00756435189396143
0.00693286955356598
0.0056430334225297
0.0055221114307642
0.00776588870212436
0.0086526507511735
0.00847798585891724
0.00904228910803795
0.0100634098052979
0.0107620703056455
0.0105605339631438
0.00710753491148353
0.00752404425293207
0.00799429696053267
0.00780619634315372
0.00755091616883874
0.00671789702028036
0.00511903734877706
0.00575051968917251
0.0070269200950861
0.00701348436996341
0.00624764384701848
0.0045009907335043
0.00575051968917251
0.00854516495019197
0.00824957713484764
0.00886762421578169
0.00924382638186216
0.00936474837362766
0.0097946934401989
0.0102918175980449
0.0101977670565248
0.0097946934401989
0.00862577930092812
0.00986187253147364
0.0100768450647593
0.00949910655617714
0.010399304330349
0.00996935926377773
0.00932444073259831
0.0113666811957955
0.0106680197641253
0.00920351874083281
0.00819583423435688
0.00939161982387304
0.00994248688220978
0.00819583423435688
0.00976782198995352
0.0162035673856735
0.0268178451806307
0.0208657868206501
0.0127102611586452
0.00579082686454058
0.00741655798628926
0.00761809526011348
0.00807491224259138
0.00742999371141195
0.00631482293829322
0.00639543775469065
0.00724189262837172
0.00787337496876717
0.0106545845046639
0.0113129382953048
0.00857203640043736
0.008048040792346
0.00796742551028728
0.007483737077564
0.00652979593724012
0.00599236413836479
0.00587144168093801
0.00577739113941789
0.00619390094652772
0.0051727807149291
0.00446068355813622
0.00395012320950627
0.00392325175926089
0.00368140754289925
0.00433976156637073
0.0048368857242167
0.00331864110194147
0.00283495243638754
0.0029961820691824
0.00322459056042135
0.00296931038610637
0.00397699512541294
0.00452786264941096
0.00405760947614908
0.00330520514398813
0.00468909181654453
0.00945879891514778
0.00945879891514778
0.00565646914765239
0.0021900343708694
0.00157198787201196
0.00182726792991161
0.00184070377144963
0.00248562172055244
0.00229752063751221
0.00201536901295185
0.00188101106323302
0.00174665322992951
0.00171978154685348
0.00163916684687138
0.00161229528021067
0.00192131847143173
0.00214972696267068
0.00189444690477103
0.00157198787201196
0.00185413949657232
0.00208254810422659
0.00161229528021067
0.00124952883925289
0.00127640040591359
0.00157198787201196
0.00161229528021067
0.00143762992229313
0.00139732251409441
0.00149137305561453
0.00158542371354997
0.00154511630535126
0.00153168046381325
0.00155855203047395
0.00158542371354997
0.00147793733049184
0.00112860661465675
0.000927069748286158
0.00120922143105418
0.00151824473869056
0.00174665322992951
0.0025931082200259
0.00228408491238952
0.00108829932287335
0.00107486348133534
0.000900198181625456
0.00108829932287335
0.00138388678897172
0.00122265727259219
0.00111517088953406
0.00126296456437558
0.00138388678897172
0.00139732251409441
0.00131670781411231
0.00126296456437558
0.00137045094743371
0.00134357938077301
0.0012898362474516
0.00138388678897172
0.00115547829773277
0.00104799191467464
0.00110173504799604
0.00108829932287335
0.00100768450647593
0.000886762398295105
0.000859890773426741
0.000994248781353235
0.00110173504799604
0.000994248781353235
0.000873326614964753
0.000873326614964753
0.00100768450647593
0.00115547829773277
0.00135701522231102
0.00134357938077301
0.00104799191467464
0.00111517088953406
0.00139732251409441
0.00137045094743371
0.00141075835563242
0.00130327197257429
0.00253936508670449
0.00208254810422659
0.000940505531616509
0.000994248781353235
0.0012898362474516
0.00159885943867266
0.00139732251409441
0.00100768450647593
0.00135701522231102
0.00151824473869056
0.00166603841353208
0.00154511630535126
0.00158542371354997
0.00171978154685348
0.00157198787201196
0.00159885943867266
0.00161229528021067
0.00122265727259219
0.00124952883925289
0.00158542371354997
0.00158542371354997
0.00143762992229313
0.00142419408075511
0.00149137305561453
0.00153168046381325
0.00149137305561453
0.001330143539235
0.00122265727259219
0.000994248781353235
0.00134357938077301
0.00142419408075511
0.00120922143105418
0.00122265727259219
0.00103455607313663
0.00162573100533336
0.0021228555124253
0.00162573100533336
0.00143762992229313
0.00154511630535126
0.00145106576383114
0.00106142775621265
0.0012898362474516
0.00110173504799604
0.001330143539235
0.00112860661465675
0.00073896866524592
0.000698661257047206
0.000886762398295105
0.000859890773426741
0.00106142775621265
0.00119578558951616
0.000940505531616509
0.00063148228218779
0.000564303307328373
0.000658353907056153
0.000819583423435688
0.000819583423435688
0.000900198181625456
0.000913633964955807
0.000712097040377557
0.000752404448576271
0.000859890773426741
0.00103455607313663
0.00114204245619476
0.00103455607313663
0.000953941373154521
0.00107486348133534
0.00102112034801394
0.000873326614964753
0.000833019206766039
0.00084645499009639
0.000953941373154521
0.00104799191467464
0.00124952883925289
0.00149137305561453
0.00147793733049184
0.00118234986439347
0.000953941373154521
0.00100768450647593
0.00146450148895383
0.00167947425507009
0.00141075835563242
0.00139732251409441
0.00149137305561453
0.00118234986439347
0.00102112034801394
0.00138388678897172
0.00134357938077301
0.00141075835563242
0.00153168046381325
0.00126296456437558
0.00122265727259219
0.00127640040591359
0.00166603841353208
0.00190788274630904
0.00189444690477103
0.00197506160475314
0.00192131847143173
0.00158542371354997
0.00143762992229313
0.00157198787201196
0.00159885943867266
0.00171978154685348
0.00158542371354997
0.00147793733049184
0.00154511630535126
0.00149137305561453
0.00181383220478892
0.00166603841353208
0.00161229528021067
0.00208254810422659
0.00210941955447197
0.0017869605217129
0.00155855203047395
0.00114204245619476
0.00197506160475314
0.00196162587963045
0.00157198787201196
0.00169290998019278
0.00186757533811033
0.00306336092762649
0.00321115460246801
0.00225721322931349
0.00167947425507009
0.00192131847143173
0.00217659864574671
0.00180039636325091
0.00170634582173079
0.0017869605217129
0.00163916684687138
0.00154511630535126
0.00139732251409441
0.00147793733049184
0.00163916684687138
0.00177352479659021
0.00170634582173079
0.00145106576383114
0.00110173504799604
0.00115547829773277
0.00116891402285546
0.00115547829773277
0.00153168046381325
0.00166603841353208
0.00158542371354997
0.00151824473869056
0.00146450148895383
0.00137045094743371
0.00138388678897172
0.00130327197257429
0.00124952883925289
0.00143762992229313
0.00139732251409441
0.00130327197257429
0.00131670781411231
0.00142419408075511
0.00143762992229313
0.00118234986439347
0.00111517088953406
0.00115547829773277
0.00151824473869056
0.00210941955447197
0.00228408491238952
0.00169290998019278
0.00138388678897172
0.00084645499009639
0.000927069748286158
0.0012898362474516
0.00115547829773277
0.00110173504799604
0.00108829932287335
0.00100768450647593
0.00100768450647593
0.00103455607313663
0.00102112034801394
0.000859890773426741
0.000671789690386504
0.000752404448576271
0.00084645499009639
0.000886762398295105
0.000994248781353235
0.000953941373154521
0.000752404448576271
0.000819583423435688
0.000792711856774986
0.000886762398295105
0.00118234986439347
0.00126296456437558
0.00107486348133534
0.00104799191467464
0.00100768450647593
0.00106142775621265
0.00115547829773277
0.00115547829773277
0.00139732251409441
0.00158542371354997
0.00189444690477103
0.00146450148895383
0.000859890773426741
0.00134357938077301
0.0017869605217129
0.00186757533811033
0.00154511630535126
0.00177352479659021
