% Type: Spectrum
% Date: 10-DEC-24 16:44:26
% NoOfItems: = 1601
% Unit_Y: = mm/s
% Unit_X: = Hz
% Min_X: = 0
% Max_X: = 1000
% MinDisplay_X: = 0
% MaxDisplay_X: = 1000
0
0
0
0
0.0169637426733971
0.0253485199064016
0.0179069433361292
0.0148207349702716
0.0094181364402175
0.00993134919553995
0.00808655936270952
0.00558291608467698
0.0128372395411134
0.0158402230590582
0.0138428574427962
0.0127401454374194
0.0149594405665994
0.0197933446615934
0.0145225170999765
0.00853735394775868
0.0125182149931788
0.00918233674019575
0.00423746788874269
0.00622096378356218
0.0111797023564577
0.0141410753130913
0.0163465011864901
0.0246480535715818
0.0213191099464893
0.0160621535032988
0.0161453764885664
0.0139884985983372
0.00573549279943109
0.00568001018837094
0.00856509432196617
0.00782995298504829
0.00939039513468742
0.00640821689739823
0.00958458334207535
0.243865936994553
0.45450484752655
0.211942747235298
0.00862057693302631
0.00907137151807547
0.00497260969132185
0.00495180394500494
0.00819058902561665
0.00572162214666605
0.00495180394500494
0.0079825296998024
0.00907137151807547
0.00856509432196617
0.010278114117682
0.00955684296786785
0.00448713870719075
0.00210833107121289
0.00151883054058999
0.00154657172970474
0.00136625394225121
0.00129690102767199
0.00330120255239308
0.00748318806290627
0.00502115674316883
0.00527776265516877
0.0036826441064477
0.00208058976568282
0.00135931873228401
0.00101255369372666
0.000686594634316862
0.00125528918579221
0.00272557255811989
0.00312088476493955
0.0031971731223166
0.00310701411217451
0.00268396083265543
0.00500035099685192
0.00856509432196617
0.0137249575927854
0.00837784167379141
0.125182151794434
0.257237195968628
0.148124128580093
0.0202580094337463
0.00844025984406471
0.00896734185516834
0.00721271149814129
0.00537485722452402
0.00389763829298317
0.00315556116402149
0.00296830805018544
0.00294750230386853
0.00245509599335492
0.00443859165534377
0.00366877345368266
0.00238574296236038
0.002767184516415
0.00280186091549695
0.00226784287951887
0.00215687812305987
0.00288508459925652
0.00596435740590095
0.0139607572928071
0.00962619576603174
0.00907137151807547
0.00749012315645814
0.00313475541770458
0.00474374461919069
0.00583952199667692
0.00518066855147481
0.00400860328227282
0.0072335172444582
0.0065053110010922
0.00525695690885186
0.00942507199943066
0.0123656392097473
0.0219918340444565
0.0161869879812002
0.0137596344575286
0.0243429001420736
0.0873154178261757
0.127228066325188
0.0565157532691956
0.015826353803277
0.0167972948402166
0.0186767615377903
0.0171509962528944
0.00951523054391146
0.00300298468209803
0.00203204271383584
0.0037381264846772
0.00418198574334383
0.00308620813302696
0.00323878484778106
0.00395312067121267
0.0052708275616169
0.00371038517914712
0.00257993140257895
0.00320410844869912
0.00459116837009788
0.00339829665608704
0.00273944321088493
0.00285040796734393
0.0022262311540544
0.00308620813302696
0.00348152033984661
0.0038144146092236
0.00235800188966095
0.00128996570128948
0.00178237189538777
0.00256606074981391
0.00284347287379205
0.00236493721604347
0.002767184516415
0.00189333676826209
0.00346071436069906
0.00450100935995579
0.00324572017416358
0.0056869457475841
0.00939733069390058
0.0471877790987492
0.065191812813282
0.0250988490879536
0.0241695176810026
0.0197031851857901
0.00439697969704866
0.00513905705884099
0.00398779707029462
0.00268396083265543
0.00379360886290669
0.00285734329372644
0.00174769549630582
0.00219155452214181
0.00199043098837137
0.00216381344944239
0.00322491419501603
0.00278799026273191
0.00204591336660087
0.00186559557914734
0.00208058976568282
0.00160898943431675
0.00259380205534399
0.00457729771733284
0.00278105516918004
0.00291282567195594
0.00358554976992309
0.000922394799999893
0.00197656033560634
0.00237880763597786
0.00115819496568292
0.00176156603265554
0.0023926782887429
0.002656219759956
0.00264234910719097
0.00264234910719097
0.00359248509630561
0.00236493721604347
0.00284347287379205
0.0058880690485239
0.00352313206531107
0.0255981907248497
0.0376586765050888
0.01688745431602
0.01331577450037
0.00941120088100433
0.00393925001844764
0.00484083918854594
0.00316249649040401
0.001692213001661
0.00323184952139854
0.00396699132397771
0.00305153173394501
0.00195575435645878
0.00140786578413099
0.00159511889796704
0.00306540238671005
0.00209446041844785
0.00259380205534399
0.002878149272874
0.00396699132397771
0.00288508459925652
0.00496567459776998
0.00939733069390058
0.00538872787728906
0.00543033936992288
0.00629725167527795
0.00280879624187946
0.0022817135322839
0.00211526639759541
0.00242735468782485
0.0031416907440871
0.00540259806439281
0.00545808067545295
0.00508357444778085
0.00497954478487372
0.0050072860904038
0.00586726330220699
0.00608225772157311
0.006595469545573
0.0051598628051579
0.065788246691227
0.0947986096143722
0.0523198992013931
0.0264165550470352
0.0113045377656817
0.00434843264520168
0.00520840985700488
0.00297524337656796
0.00373119115829468
0.00470213312655687
0.00342603796161711
0.00335668493062258
0.00409182673320174
0.00290589034557343
0.00267009017989039
0.00353700271807611
0.00321797886863351
0.00253138435073197
0.00470906822010875
0.00520147476345301
0.00527776265516877
0.00643595773726702
0.00719190528616309
0.00408489117398858
0.00711561739444733
0.00914765987545252
0.00543033936992288
0.00638741068542004
0.00469519756734371
0.00363409682177007
0.00629725167527795
0.0101532787084579
0.00916846562176943
0.00636660493910313
0.00808655936270952
0.0100353779271245
0.0121853211894631
0.0104723023250699
0.00800333544611931
0.00797559414058924
0.0496081970632076
0.0668493509292602
0.0345100499689579
0.0297940466552973
0.028275215998292
0.00739302905276418
0.00757334707304835
0.00580484559759498
0.00623483397066593
0.00577016919851303
0.00491019198670983
0.0048963213339448
0.00488245068117976
0.00375893223099411
0.00331507320515811
0.00390457361936569
0.00317636714316905
0.00278105516918004
0.00164366594981402
0.00208058976568282
0.00285734329372644
0.00339136132970452
0.00440391525626183
0.00312088476493955
0.00313475541770458
0.00229558418504894
0.00115819496568292
0.00160205422434956
0.00158124824520201
0.00213607214391232
0.00298217870295048
0.00472987443208694
0.00389070296660066
0.00243429001420736
0.00323184952139854
0.00450794445350766
0.00642902264371514
0.00588113395497203
0.00591581035405397
0.00986893102526665
0.0491088554263115
0.0585547313094139
0.0276926513761282
0.00716416444629431
0.0112074436619878
0.0053817923180759
0.00646369904279709
0.0044108503498137
0.00429295049980283
0.00447326805442572
0.00337055558338761
0.00380054418928921
0.00363409682177007
0.00214300747029483
0.0031416907440871
0.0038698969874531
0.00328733189962804
0.00350926141254604
0.0020181720610708
0.00538872787728906
0.00520840985700488
0.00602677511051297
0.00736528821289539
0.00396005576476455
0.00805188249796629
0.0109785785898566
0.00747625296935439
0.00593661610037088
0.00372425583191216
0.00553436903283
0.00803107675164938
0.00775366462767124
0.00641515199095011
0.00635273428633809
0.00532631017267704
0.00908524263650179
0.0167903602123261
0.0116304969415069
0.0110964793711901
0.0172480903565884
0.061606265604496
0.0678827092051506
0.0321312434971333
0.0168319717049599
0.00591581035405397
0.0100353779271245
0.0128927212208509
0.00809349399060011
0.0079825296998024
0.00688675232231617
0.00416117953136563
0.00339136132970452
0.00574936345219612
0.00513212149962783
0.00520147476345301
0.00507663935422897
0.00289895525202155
0.00308620813302696
0.00451488001272082
0.00371732050552964
0.00310701411217451
0.00418198574334383
0.00450100935995579
0.0040571503341198
0.00877315364778042
0.010056184604764
0.00669949920848012
0.0111034139990807
0.0073860939592123
0.00446633296087384
0.00488938624039292
0.00495873903855681
0.00959845446050167
0.00890492461621761
0.00556904543191195
0.0106179434806108
0.020417520776391
0.012844174169004
0.0109855141490698
0.0158055480569601
0.0336223319172859
0.0364033877849579
0.0203897804021835
0.0569249391555786
0.0346140787005425
0.0143560701981187
0.0145571930333972
0.0116235613822937
0.0183161254972219
0.0135723808780313
0.00976490136235952
0.00923088379204273
0.00708787608891726
0.0061099985614419
0.0103682726621628
0.0100215077400208
0.0068798172287643
0.0061099985614419
0.0115750143304467
0.0113808261230588
0.0104168197140098
0.0123725738376379
0.00819058902561665
0.00510438019409776
0.00982731953263283
0.0154657177627087
0.0125182149931788
0.0123170921579003
0.00578403985127807
0.00804494693875313
0.0122338682413101
0.0113114733248949
0.00608225772157311
0.0128788510337472
0.01274708006531
0.0253554545342922
0.0272626616060734
0.0144947757944465
0.0163395646959543
0.0304875764995813
0.0698454007506371
0.0629378408193588
0.0462861880660057
0.0402802191674709
0.0190790090709925
0.0135446395725012
0.0117622679099441
0.00804494693875313
0.00971635431051254
0.00532631017267704
0.0069699757732451
0.006484504789114
0.00509744510054588
0.00513905705884099
0.00558985117822886
0.00432069133967161
0.00412650313228369
0.0044316565617919
0.00516679789870977
0.00805188249796629
0.00814897660166025
0.00995908956974745
0.00921701267361641
0.00556211033836007
0.00581871625036001
0.00520840985700488
0.00722658215090632
0.00711561739444733
0.00776753528043628
0.00884250644594431
0.00633192854002118
0.00755254086107016
0.00593661610037088
0.00593661610037088
0.00801027100533247
0.0207712221890688
0.026728643104434
0.0144115518778563
0.0207157395780087
0.0617519058287144
0.192572459578514
0.179880857467651
0.0831542387604713
0.0451488010585308
0.0250086896121502
0.00868299510329962
0.0137526988983154
0.0089742774143815
0.00653305184096098
0.00746931741014123
0.00944587774574757
0.00809349399060011
0.00999376643449068
0.00773979397490621
0.0110618025064468
0.0123587036505342
0.00911991856992245
0.00952910166233778
0.0111034139990807
0.0104584312066436
0.0133088398724794
0.0128857865929604
0.0124627333134413
0.0138359218835831
0.022484241053462
0.0220265109091997
0.0095707131549716
0.00879395939409733
0.011242120526731
0.0155836176127195
0.0175116304308176
0.0159373171627522
0.0170400310307741
0.0145988054573536
0.0185103137046099
0.0523268356919289
0.0575352422893047
0.0201331749558449
0.0205492917448282
0.0273805614560843
0.0445315577089787
0.0605035535991192
0.0541508160531521
0.0419030785560608
0.0233996994793415
0.0168943889439106
0.0194604508578777
0.016616977751255
0.0140855927020311
0.0144809056073427
0.0147444466128945
0.0200984980911016
0.0192662626504898
0.018219031393528
0.0197794735431671
0.0152576584368944
0.0126083744689822
0.012920462526381
0.0190720725804567
0.0135793164372444
0.0155974887311459
0.0232124477624893
0.0239683948457241
0.0178029127418995
0.0142520405352116
0.0127678858116269
0.0173590537160635
0.0152992708608508
0.013093844987452
0.0155628118664026
0.0178098492324352
0.0125667629763484
0.0130036864429712
0.010846808552742
0.0249254666268826
0.0710174664855003
0.075691856443882
0.0263055898249149
0.0233927648514509
0.0736251398921013
0.129336401820183
0.147187858819962
0.135044157505035
0.0595464818179607
0.0177335608750582
0.0296067930757999
0.0370969176292419
0.028275215998292
0.0248561128973961
0.018045648932457
0.0204383265227079
0.0203759092837572
0.0188015960156918
0.0177474319934845
0.0175393726676702
0.0144184874370694
0.0186420846730471
0.0139884985983372
0.0135654453188181
0.0163395646959543
0.010673426091671
0.0144254229962826
0.01106873806566
0.0113808261230588
0.0196199622005224
0.0179069433361292
0.0151258883997798
0.0125945033505559
0.00573549279943109
0.00824607070535421
0.0105832666158676
0.013190939091146
0.0142312347888947
0.0174977611750364
0.0157361943274736
0.0496012605726719
0.0579444281756878
0.031479325145483
0.0151050817221403
0.0331715382635593
0.0744365677237511
0.0914141833782196
0.0498925447463989
0.0434704571962357
0.0213121753185987
0.012254673987627
0.0146196112036705
0.0104168197140098
0.0103197256103158
0.0122477384284139
0.0129065923392773
0.0118038794025779
0.0061099985614419
0.00796865858137608
0.00884944200515747
0.00889798905700445
0.0103058544918895
0.0125043448060751
0.0099452193826437
0.00530550396069884
0.00661627575755119
0.0126291802152991
0.00951523054391146
0.00620015757158399
0.00541646871715784
0.00572162214666605
0.00864138267934322
0.00849574152380228
0.00563146313652396
0.00436923885717988
0.00967474281787872
0.00930717214941978
0.00689368741586804
0.00803801231086254
0.013045297935605
0.0470837466418743
0.0461197420954704
0.017234219238162
0.0261322073638439
0.0530272983014584
0.0925168916583061
0.0824884548783302
0.035321481525898
0.0274013672024012
0.0241764541715384
0.021173469722271
0.01220612693578
0.0132880341261625
0.0132325515151024
0.00678272265940905
0.00942507199943066
0.010278114117682
0.00573549279943109
0.00690755806863308
0.0077606001868844
0.005312439519912
0.0100007019937038
0.0150634702295065
0.0145017113536596
0.0103960139676929
0.0090436302125454
0.00933491345494986
0.00570775149390101
0.0114085674285889
0.00898121297359466
0.00520840985700488
0.00535405101254582
0.00702545838430524
0.00733061134815216
0.00668562855571508
0.011387761682272
0.0133851282298565
0.00857896544039249
0.0110964793711901
0.013267227448523
0.0390734784305096
0.0342603772878647
0.0120604857802391
0.0163395646959543
0.0531243942677975
0.115770950913429
0.0687357559800148
0.0318191535770893
0.0225882697850466
0.0221790876239538
0.0265830028802156
0.0188154671341181
0.011859362013638
0.0131493275985122
0.00932104233652353
0.00638741068542004
0.0088217006996274
0.00923088379204273
0.00739996461197734
0.00810736510902643
0.00541646871715784
0.0110132554545999
0.0156252291053534
0.0169013254344463
0.011734526604414
0.00807962380349636
0.0118940388783813
0.0119009735062718
0.0166655238717794
0.0119980676099658
0.0107081020250916
0.00974409561604261
0.00731674069538712
0.00638741068542004
0.0049379332922399
0.0115750143304467
0.0147513821721077
0.00597822805866599
0.0057771042920649
0.00993134919553995
0.0165476240217686
0.0208960566669703
0.0165684297680855
0.0103682726621628
0.0439073815941811
0.0886747390031815
0.0658021196722984
0.0237811412662268
0.00995215494185686
0.0149594405665994
0.0170053541660309
0.0132533572614193
0.00744157610461116
0.00479922723025084
0.0060198400169611
0.0086691239848733
0.010846808552742
0.00864138267934322
0.00983425416052342
0.00912685412913561
0.0077189882285893
0.00825994182378054
0.00916846562176943
0.0118871033191681
0.0112282494083047
0.00802414119243622
0.00699078198522329
0.00716416444629431
0.00707400543615222
0.00715029379352927
0.00547888642176986
0.00753173511475325
0.0082252649590373
0.00662321085110307
0.00617241626605391
0.00757334707304835
0.00641515199095011
0.00466052116826177
0.00570081593468785
0.00735835265368223
0.0165476240217686
0.0211179871112108
0.00908524263650179
0.0106318136677146
0.0327762253582478
0.0715306773781776
0.0627713948488236
0.020861379802227
0.0164505299180746
0.0117969447746873
0.0138705987483263
0.00836397148668766
0.00735835265368223
0.0068798172287643
0.00649837544187903
0.00861364230513573
0.0116998497396708
0.00903669558465481
0.00521534495055676
0.00716416444629431
0.0069699757732451
0.00595048675313592
0.0115264672785997
0.0122338682413101
0.00834316480904818
0.0059088752605021
0.00570775149390101
0.00633886363357305
0.00721964659169316
0.00670643476769328
0.00332200853154063
0.00669256411492825
0.00638741068542004
0.00348845566622913
0.00343990861438215
0.00384909124113619
0.00348152033984661
0.00422359723597765
0.00334974960424006
0.00528469821438193
0.0152299171313643
0.0163395646959543
0.0106526203453541
0.0107150375843048
0.0230668056756258
0.054407425224781
0.044677197933197
0.0105000436306
0.00703932903707027
0.00798946525901556
0.010895355604589
0.00633886363357305
0.00497260969132185
0.00364796747453511
0.00285040796734393
0.00484777428209782
0.00831542443484068
0.00717803509905934
0.00615854607895017
0.00513212149962783
0.00384909124113619
0.00380054418928921
0.00947361905127764
0.0110826082527637
0.00535405101254582
0.00458423281088471
0.00533324526622891
0.00539566297084093
0.00749012315645814
0.00535405101254582
0.00595048675313592
0.00686594657599926
0.0038698969874531
0.00503502739593387
0.00359248509630561
0.0050488980486989
0.00513905705884099
0.00413343822583556
0.00393231492489576
0.00354393804445863
0.00884250644594431
0.0100145721808076
0.00558985117822886
0.0051598628051579
0.0104098841547966
0.0185241848230362
0.0184478964656591
0.0103405313566327
0.00565920444205403
0.00532631017267704
0.00618628691881895
0.00466745672747493
0.00570775149390101
0.00521534495055676
0.00308620813302696
0.00346071436069906
0.00529856886714697
0.00461197411641479
0.00418198574334383
0.00305846706032753
0.00466745672747493
0.00385602656751871
0.00332200853154063
0.00425827363505959
0.0050072860904038
0.00329426722601056
0.0033081378787756
0.00361329107545316
0.00418198574334383
0.00411956803873181
0.002878149272874
0.00326652592048049
0.00292669632472098
0.00266315508633852
0.00342603796161711
0.00479229167103767
0.00303766108117998
0.00214300747029483
0.00187253078911454
0.0031416907440871
0.00839864742010832
0.00710868183523417
0.00620709313079715
0.00792704708874226
0.0615022368729114
0.180740833282471
0.1279077231884
0.0138289872556925
0.00667869346216321
0.00384215591475368
0.00395312067121267
0.00264234910719097
0.00217768410220742
0.00183785439003259
0.00244122534058988
0.00226784287951887
0.00251057837158442
0.0021291368175298
0.00159511889796704
0.00131770689040422
0.0019072073046118
0.00188640144187957
0.00157431291881949
0.00156737770885229
0.00149802467785776
0.000880783016327769
0.00142173643689603
0.00210833107121289
0.00328039657324553
0.00224703690037131
0.00197656033560634
0.00195575435645878
0.0020181720610708
0.00132464221678674
0.0023371959105134
0.00251057837158442
0.00164366594981402
0.00126222451217473
0.00174769549630582
0.00301685533486307
0.00388376764021814
0.00328039657324553
0.00177543668542057
0.00337055558338761
0.0254040025174618
0.067515142261982
0.0460919998586178
0.00384909124113619
0.00225397222675383
0.00326652592048049
0.0045634270645678
0.00267702550627291
0.0022817135322839
0.00234413123689592
0.00134544807951897
0.00173382484354079
0.00211526639759541
0.0020736544393003
0.0019072073046118
0.002767184516415
0.00285040796734393
0.00210833107121289
0.00274637853726745
0.00298217870295048
0.00259380205534399
0.00282960222102702
0.00267009017989039
0.00475761527195573
0.00795478839427233
0.0051598628051579
0.00284347287379205
0.0023926782887429
0.00280186091549695
0.00280186091549695
0.00294056697748601
0.00278799026273191
0.00209446041844785
0.00226784287951887
0.00363409682177007
0.00766350608319044
0.0153616880998015
0.00902282446622849
0.0037381264846772
0.00670643476769328
0.0387267135083675
0.0657327696681023
0.0359733998775482
0.00778140593320131
0.00689368741586804
0.00956377759575844
0.00823220051825047
0.00520840985700488
0.00529856886714697
0.00461197411641479
0.00285734329372644
0.00229558418504894
0.00323878484778106
0.00356474379077554
0.00372425583191216
0.00416117953136563
0.00350232631899416
0.00282960222102702
0.00503502739593387
0.00573549279943109
0.00334974960424006
0.00569388084113598
0.00566613953560591
0.00848187133669853
0.0107427788898349
0.00466052116826177
0.00430682115256786
0.00519453920423985
0.00589500460773706
0.00289201992563903
0.00399473262950778
0.00519453920423985
0.00490325689315796
0.00452875066548586
0.00425133854150772
0.0145641285926104
0.0293155107647181
0.0159442536532879
0.00891879480332136
0.00971635431051254
0.0646855384111404
0.124807648360729
0.0670643448829651
0.0102919843047857
0.0098550608381629
0.0107427788898349
0.00908524263650179
0.00667175790295005
0.00756641151383519
0.00604758132249117
0.00421666214242578
0.00382828526198864
0.00376586755737662
0.00687288166955113
0.00713642314076424
0.00548582198098302
0.00629031658172607
0.00535405101254582
0.010181020013988
0.00705319968983531
0.00598516361787915
0.00623483397066593
0.00492406263947487
0.00997989624738693
0.0155974887311459
0.00756641151383519
0.00289895525202155
0.00349539099261165
0.0040571503341198
0.00214994279667735
0.0033081378787756
0.00514599215239286
0.00490325689315796
0.00350232631899416
0.00372425583191216
0.00591581035405397
0.00739996461197734
0.00506276870146394
0.0045634270645678
0.0116998497396708
0.0335183031857014
0.0447673574090004
0.0240308120846748
0.00923088379204273
0.00724045280367136
0.00470906822010875
0.00522228050976992
0.00359248509630561
0.00380747928284109
0.00444552674889565
0.00518760411068797
0.00430682115256786
0.00482696853578091
0.00629725167527795
0.00450794445350766
0.00283653754740953
0.00377280288375914
0.00180317787453532
0.00484777428209782
0.00520840985700488
0.00343990861438215
0.00318330246955156
0.00186559557914734
0.00262154312804341
0.00348152033984661
0.00299604935571551
0.00319023779593408
0.00310007878579199
0.00292669632472098
0.0026146078016609
0.00189333676826209
0.0020181720610708
0.0024481606669724
0.00226090755313635
0.00221929582767189
0.00377973821014166
0.00470213312655687
0.00406408542767167
0.00339829665608704
0.00527776265516877
0.0143907461315393
0.0191761031746864
0.00911991856992245
0.00809349399060011
0.00515292724594474
0.00338442600332201
0.00147028348874301
0.00164366594981402
0.00229558418504894
0.00219155452214181
0.00239961361512542
0.00329426722601056
0.00370344985276461
0.00270476681180298
0.0026007373817265
0.0023371959105134
0.00296137295663357
0.00266315508633852
0.00502809230238199
0.0046743918210268
0.00109577726107091
0.00225397222675383
0.00320410844869912
0.0055135628208518
0.00687288166955113
0.00342603796161711
0.00235800188966095
0.00278799026273191
0.0026007373817265
0.00267009017989039
0.0028226668946445
0.00314862583763897
0.00251751369796693
0.00226090755313635
0.0020736544393003
0.00276024919003248
0.00411956803873181
0.00285734329372644
0.00244122534058988
0.00566613953560591
0.00803801231086254
0.0134198041632771
0.0141272051259875
0.00586726330220699
0.00391844427213073
0.00226784287951887
0.0026146078016609
0.0025036430452019
0.00216381344944239
0.00180317787453532
0.00238574296236038
0.00358554976992309
0.00289201992563903
0.00162979541346431
0.00237880763597786
0.00275331386364996
0.00252444902434945
0.00312088476493955
0.00436923885717988
0.00324572017416358
0.00223316648043692
0.00238574296236038
0.00289895525202155
0.00401553837582469
0.00396005576476455
0.00342603796161711
0.00285734329372644
0.00319023779593408
0.00257993140257895
0.00135238340590149
0.00198349566198885
0.00269089615903795
0.00282960222102702
0.00251057837158442
0.0025591254234314
0.00315556116402149
0.00341216730885208
0.00384909124113619
0.00378667353652418
0.00558985117822886
0.0142728462815285
0.0146473525092006
0.00529163330793381
0.0062833814881742
0.00412650313228369
0.00415424443781376
0.00335668493062258
0.00329426722601056
0.00242735468782485
0.00167834246531129
0.00247590197250247
0.00355087337084115
0.00368957919999957
0.00284347287379205
0.00286427862010896
0.00296137295663357
0.00347458501346409
0.0045218151062727
0.00468826247379184
0.00288508459925652
0.00121367734391242
0.00253831967711449
0.0031416907440871
0.00329426722601056
0.00312088476493955
0.00361329107545316
0.0031416907440871
0.00316943181678653
0.00289201992563903
0.00210833107121289
0.00211526639759541
0.00236493721604347
0.00367570878006518
0.0027117021381855
0.00269089615903795
0.00436230329796672
0.0046327798627317
0.00314862583763897
0.00235106656327844
0.00624176952987909
0.0119287148118019
0.01742840744555
0.0147999292239547
0.00623483397066593
0.00538872787728906
0.00353700271807611
0.00224703690037131
0.00185866025276482
0.00178237189538777
0.00187253078911454
0.00248283729888499
0.00196962500922382
0.00397392641752958
0.00304459640756249
0.0021291368175298
0.0021707487758249
0.00289201992563903
0.00358554976992309
0.00476455083116889
0.00322491419501603
0.00246203131973743
0.0032526555005461
0.00269089615903795
0.00402247346937656
0.00366877345368266
0.00359942042268813
0.00251751369796693
0.00194881914649159
0.00141480111051351
0.00148415402509272
0.00206671911291778
0.00291976099833846
0.00311394943855703
0.0028226668946445
0.0032526555005461
0.00355780869722366
0.00345377903431654
0.00409182673320174
0.00386296166107058
0.00469519756734371
0.00577016919851303
0.0121020972728729
0.0117414621636271
0.00531937461346388
0.00380747928284109
0.00374506157822907
0.00322491419501603
0.00310007878579199
0.00378667353652418
0.00329426722601056
0.00350926141254604
0.00296830805018544
0.0042998855933547
0.00375893223099411
0.00275331386364996
0.00294056697748601
0.00300992000848055
0.00288508459925652
0.00369651452638209
0.00368957919999957
0.0026146078016609
0.00412650313228369
0.00511131575331092
0.00427214428782463
0.00460503902286291
0.00437617395073175
0.00578403985127807
0.00665095215663314
0.00438310904428363
0.00151883054058999
0.00288508459925652
0.0037381264846772
0.00462584476917982
0.00635273428633809
0.00520147476345301
0.00484083918854594
0.00666482280939817
0.0048963213339448
0.00743464101105928
0.0110964793711901
0.0128233684226871
0.021423140540719
0.0187530498951674
0.00965393707156181
0.00703932903707027
0.00625564018264413
0.00372425583191216
0.00479229167103767
0.00761495856568217
0.00939039513468742
0.00819058902561665
0.00449407380074263
0.00389070296660066
0.00550662772729993
0.00670643476769328
0.00245509599335492
0.00300992000848055
0.00573549279943109
0.00850267708301544
0.00777447083964944
0.00554823968559504
0.00479922723025084
0.00756641151383519
0.00452875066548586
0.00599209871143103
0.00586032820865512
0.0051598628051579
0.00670643476769328
0.00479922723025084
0.0026007373817265
0.00406408542767167
0.00530550396069884
0.00539566297084093
0.0052708275616169
0.00312088476493955
0.00593661610037088
0.00622096378356218
0.00433456199243665
0.00502809230238199
0.00714335823431611
0.0105000436306
0.0102919843047857
0.00632499298080802
0.00210833107121289
0.00301685533486307
0.00246896664611995
0.00226090755313635
0.00203204271383584
0.00256606074981391
0.00282960222102702
0.00157431291881949
0.00122754799667746
0.00110964791383594
0.00151883054058999
0.00193494849372655
0.00183785439003259
0.00165753660257906
0.00153963651973754
0.00183091906365007
0.00134544807951897
0.00124141864944249
0.000658853445202112
0.00109577726107091
0.00110964791383594
0.00144947762601078
0.00117206561844796
0.000589500472415239
0.000970941910054535
0.00107497139833868
0.00047853565774858
0.000755947665311396
0.000624176929704845
0.000513212173245847
0.000853041827213019
0.000624176929704845
0.000901588937267661
0.00100561836734414
0.00117900094483048
0.00187253078911454
0.00271863746456802
0.00397392641752958
0.00322491419501603
0.0021707487758249
0.00135238340590149
0.00082530063809827
0.00104029488284141
0.000936265394557267
0.000818365311715752
0.000880783016327769
0.000811430043540895
0.000547888630535454
0.000464665063191205
0.000298217870295048
0.000423053250415251
0.000644982850644738
0.000853041827213019
0.000700465228874236
0.000540953362360597
0.000644982850644738
0.000450794468633831
0.000409182655857876
0.000527082767803222
0.000644982850644738
0.000672724039759487
0.000859977153595537
0.000693529960699379
0.000457729765912518
0.00066578877158463
0.000880783016327769
0.00063804752426222
0.000776753528043628
0.00063804752426222
0.000513212173245847
0.00063804752426222
0.000596435740590095
0.000922394799999893
0.00114432442933321
0.000950136047322303
0.000464665063191205
0.00149802467785776
0.0032526555005461
0.00379360886290669
0.00182398373726755
0.000894653610885143
0.00111658324021846
0.00131077156402171
0.00092933012638241
0.000520147441420704
0.000527082767803222
0.000582565146032721
0.000749012338928878
0.000693529960699379
0.000596435740590095
0.00082530063809827
0.000686594634316862
0.000707400555256754
0.00109577726107091
0.00127609504852444
0.00141480111051351
0.000651918118819594
0.00103335955645889
0.00108190672472119
0.00092933012638241
0.000901588937267661
0.000908524205442518
0.000901588937267661
0.000423053250415251
0.000735141744371504
0.000679659366142005
0.000547888630535454
0.00111658324021846
0.00130383623763919
0.000915459531825036
0.000693529960699379
0.000783688854426146
0.00138705992139876
0.00153963651973754
0.00157431291881949
0.0017962425481528
0.00425827363505959
0.00590193970128894
0.00450100935995579
0.002989114029333
0.00176156603265554
0.00137318926863372
0.00100561836734414
0.000873847748152912
0.000943200720939785
0.000547888630535454
0.000429988576797768
0.000381441466743127
0.000360635574907064
0.00047853565774858
0.000651918118819594
0.000575629877857864
0.000499341578688473
0.000811430043540895
0.000721271149814129
0.000527082767803222
0.00047853565774858
0.000776753528043628
0.000790624122601002
0.000644982850644738
0.000423053250415251
0.000402247358579189
0.000485470955027267
0.000298217870295048
0.000284347275737673
0.000499341578688473
0.000443859171355143
0.00034676498034969
0.000374506169464439
0.000582565146032721
0.000950136047322303
0.000936265394557267
0.000679659366142005
0.000776753528043628
0.00100561836734414
0.000832235906273127
0.00187253078911454
0.00280879624187946
0.00348152033984661
0.00239961361512542
0.000624176929704845
0.000624176929704845
0.000866912421770394
0.000880783016327769
0.00061030633514747
0.000693529960699379
0.000658853445202112
0.000624176929704845
0.000679659366142005
0.000596435740590095
0.000575629877857864
0.000554823956917971
0.000818365311715752
0.00109577726107091
0.00095707131549716
0.00117206561844796
0.00116513029206544
0.000950136047322303
0.00131077156402171
0.00153270119335502
0.00124141864944249
0.000908524205442518
0.000520147441420704
0.000651918118819594
0.000873847748152912
0.000839171232655644
0.000769818259868771
0.00111658324021846
0.000693529960699379
0.00101948902010918
0.000846106500830501
0.000832235906273127
0.00142867164686322
0.00104029488284141
0.00206671911291778
0.00301685533486307
0.00496567459776998
0.00491019198670983
0.00278799026273191
0.00205978401936591
0.00165060127619654
0.00136625394225121
0.00079755944898352
0.000915459531825036
0.00106803607195616
0.000922394799999893
0.000575629877857864
0.000964006641879678
0.000943200720939785
0.000700465228874236
0.00092933012638241
0.000728206417988986
0.00079755944898352
0.000700465228874236
0.000936265394557267
0.00146334816236049
0.00128996570128948
0.00104029488284141
0.00131077156402171
0.00122754799667746
0.00101255369372666
0.00106803607195616
0.000624176929704845
0.000735141744371504
0.000908524205442518
0.00111658324021846
0.00122754799667746
0.000964006641879678
0.000832235906273127
0.00101255369372666
0.000887718342710286
0.000811430043540895
0.000901588937267661
0.00113045377656817
0.000970941910054535
0.00108190672472119
0.00215687812305987
0.00204591336660087
0.00257299607619643
0.00181011320091784
0.00135931873228401
0.00106803607195616
0.00108190672472119
0.00100561836734414
0.000464665063191205
0.000554823956917971
0.000679659366142005
0.000582565146032721
0.000214994288398884
0.000492406252305955
0.000714335823431611
0.000644982850644738
0.00031902376213111
0.000332894385792315
0.00047853565774858
0.000915459531825036
0.00118593615479767
0.000693529960699379
0.000499341578688473
0.000485470955027267
0.000901588937267661
0.000853041827213019
0.000374506169464439
0.000499341578688473
0.00047853565774858
0.000513212173245847
0.000755947665311396
0.000631112256087363
0.000360635574907064
0.000804494717158377
0.00112351845018566
0.000887718342710286
0.000464665063191205
0.000839171232655644
0.00110964791383594
0.00108190672472119
0.00225397222675383
0.0025036430452019
0.0018517249263823
0.00137318926863372
