% Type: Spectrum
% Date: 10-DEC-24 17:12:18
% NoOfItems: = 1601
% Unit_Y: = mm/s
% Unit_X: = Hz
% Min_X: = 0
% Max_X: = 1000
% MinDisplay_X: = 0
% MaxDisplay_X: = 1000
0
0
0
0
0.00797445420175791
0.00572597235441208
0.00264337635599077
0.00386432628147304
0.00359837687574327
0.00275620352476835
0.00182538037188351
0.00214371387846768
0.00196238467469811
0.00095500034512952
0.0006286078132689
0.00124109745956957
0.00247413595207036
0.0030060347635299
0.00433981185778975
0.00386029668152332
0.00199865060858428
0.00178508507087827
0.00182940997183323
0.00357419950887561
0.00318736396729946
0.00120483164209872
0.00106379785574973
0.00175284873694181
0.00171658291947097
0.000950970803387463
0.00145466299727559
0.00182135088834912
0.00114438857417554
0.000608460104558617
0.00136601319536567
0.0023572794161737
0.002095359377563
0.00302618253044784
0.00476291310042143
0.127647683024406
0.235780313611031
0.109667889773846
0.00305841886438429
0.00316318683326244
0.00171658291947097
0.002095359377563
0.0017488191369921
0.00356614054180682
0.00447681592777371
0.00325183663517237
0.00210341857746243
0.00110812275670469
0.000830084667541087
0.000467426318209618
0.000487573997816071
0.000902616360690445
0.00100335478782654
0.00144257431384176
0.00141033809632063
0.00100335478782654
0.00316318683326244
0.00873200688511133
0.00820010807365179
0.00766820926219225
0.00227668858133256
0.00157151953317225
0.00075755303259939
0.000785759766586125
0.00085023237625137
0.000769641599617898
0.00161584443412721
0.00161987403407693
0.000999325304292142
0.00111215224023908
0.00247413595207036
0.00345331337302923
0.00632234383374453
0.0087481252849102
0.00621757609769702
0.0979822278022766
0.184415802359581
0.0980507284402847
0.00714436965063214
0.00537137314677238
0.00388850341551006
0.00330422050319612
0.000801877933554351
0.0010436502052471
0.00124512705951929
0.000842173292767256
0.00206312304362655
0.00161181495059282
0.00255875615403056
0.00323168886825442
0.00261919922195375
0.00271187862381339
0.00308662559837103
0.00204700487665832
0.00374746974557638
0.00503692170605063
0.00408998038619757
0.0119354892522097
0.00618533976376057
0.00758358929306269
0.00381194218061864
0.00247413595207036
0.00262322882190347
0.00296976906247437
0.00298991659656167
0.00394894648343325
0.00299394619651139
0.00327198416925967
0.00305035966448486
0.00384820811450481
0.00313095049932599
0.00664470717310905
0.00847008731216192
0.00916316825896502
0.0112262908369303
0.162454828619957
0.264075726270676
0.111557736992836
0.0119113121181726
0.0030705074314028
0.00482738576829433
0.00639084633439779
0.00481126736849546
0.00278038065880537
0.00281261699274182
0.00270784902386367
0.00166419893503189
0.00246204738505185
0.0042431028559804
0.00474679470062256
0.00564135238528252
0.0034895793069154
0.00212356611154974
0.00420683715492487
0.0043478705920279
0.00347346113994718
0.00259905145503581
0.00370314484462142
0.004098039586097
0.00447681592777371
0.00371120381169021
0.00139019032940269
0.00107185693923384
0.0011887134751305
0.000971118512097746
0.000882468651980162
0.00143048574682325
0.00126527471002191
0.0013257177779451
0.00158360810019076
0.00175687822047621
0.00550837768241763
0.00510945310816169
0.00233310204930604
0.0046097906306386
0.0339569114148617
0.0498897023499012
0.0238427724689245
0.00641905283555388
0.00188985303975642
0.000777700683102012
0.00147884013131261
0.00142645614687353
0.000789789308328182
0.000741434865631163
0.000878439110238105
0.00103962060529739
0.000967088970355689
0.00106782733928412
0.00110409327317029
0.00155943096615374
0.00103156152181327
0.000390865112422034
0.000987236620858312
0.00119677255861461
0.00105170928873122
0.000632637355010957
0.000346540211467072
0.000302215310512111
0.000705169048160314
0.000556076120119542
0.000664873630739748
0.00111215224023908
0.00108394550625235
0.000737405323889107
0.000608460104558617
0.000592341995798051
0.00149092881474644
0.000878439110238105
0.000805907475296408
0.00172867148648947
0.00215580244548619
0.00199059140868485
0.00197850284166634
0.00173270108643919
0.00498050823807716
0.00961044616997242
0.00725316721946001
0.00218803877942264
0.00121289072558284
0.000894557277206332
0.000938882178161293
0.000882468651980162
0.000878439110238105
0.000697109964676201
0.000435190013376996
0.00072128715692088
0.000809937017038465
0.000491603568661958
0.000290126685285941
0.000697109964676201
0.00074546440737322
0.000902616360690445
0.00111215224023908
0.00061651918804273
0.000495633110404015
0.000584282912313938
0.000656814605463296
0.000568164745345712
0.000411012792028487
0.0004190718755126
0.000697109964676201
0.000709198589902371
0.00051175121916458
0.000370717432815582
0.000475485401693732
0.000580253370571881
0.000451308180345222
0.000636666896753013
0.00105573877226561
0.000672932714223862
0.00052383984439075
0.00103156152181327
0.00220818654634058
0.00231295451521873
0.0193981919437647
0.0335821621119976
0.0367775857448578
0.0137044563889503
0.00193820742424577
0.00151510606519878
0.00156346044968814
0.000950970803387463
0.000822025584056973
0.000386835570679978
0.000531898927874863
0.000592341995798051
0.000479514943435788
0.000527869386132807
0.000580253370571881
0.000749493949115276
0.000588312454055995
0.000552046636585146
0.000507721677422524
0.000298185768770054
0.000386835570679978
0.000572194287087768
0.000620548729784787
0.000519810302648693
0.000406983279390261
0.000354599294951186
0.00053592846961692
0.000471455859951675
0.000261919922195375
0.000265949463937432
0.000398924195906147
0.000443249096861109
0.00072128715692088
0.00074546440737322
0.000801877933554351
0.000906645902432501
0.00139019032940269
0.00149092881474644
0.00138616084586829
0.00420280732214451
0.0271993763744831
0.0332839787006378
0.00894154328852892
0.00579850422218442
0.00386432628147304
0.00187373487278819
0.00224848184734583
0.0017488191369921
0.00140630849637091
0.00165211025159806
0.000725316698662937
0.000439219555119053
0.000439219555119053
0.000475485401693732
0.000592341995798051
0.00115244765765965
0.000918734527658671
0.000439219555119053
0.00085023237625137
0.0015392831992358
0.00150301738176495
0.000991266220808029
0.00220415694639087
0.00105170928873122
0.00145466299727559
0.00155943096615374
0.00139019032940269
0.00180523272138089
0.00128542236052454
0.00116050674114376
0.00136601319536567
0.000950970803387463
0.00086232100147754
0.00106782733928412
0.00196238467469811
0.00195432547479868
0.00239354511722922
0.00191000069025904
0.00168031710200012
0.00165613985154778
0.00611280789598823
0.00994489807635546
0.0103196445852518
0.00399327138438821
0.00197447324171662
0.00315915723331273
0.00332436827011406
0.00129348144400865
0.00161987403407693
0.00149495829828084
0.00147078116424382
0.00128139287699014
0.00135795411188155
0.000898586818948388
0.000894557277206332
0.0013982494128868
0.000918734527658671
0.0010436502052471
0.00100335478782654
0.000592341995798051
0.00115244765765965
0.00194626650772989
0.00249428348615766
0.00136601319536567
0.000898586818948388
0.000668903172481805
0.00112827040720731
0.00113230000715703
0.000902616360690445
0.0011202113237232
0.00121692020911723
0.00157554913312197
0.00178508507087827
0.00182538037188351
0.00162390351761132
0.00232504308223724
0.0043478705920279
0.00381597178056836
0.0021678910125047
0.00294962129555643
0.0184552799910307
0.0209455341100693
0.0100939907133579
0.00287708966061473
0.0020228277426213
0.00260711065493524
0.00190597109030932
0.000854261917993426
0.00166419893503189
0.00275217392481863
0.00194223702419549
0.00112827040720731
0.00157957861665636
0.00109603418968618
0.000882468651980162
0.0013297472614795
0.00110812275670469
0.000713228073436767
0.000830084667541087
0.000934852636419237
0.00112827040720731
0.00136198359541595
0.000858291459735483
0.000946941261645406
0.000910675444174558
0.000725316698662937
0.00115647725760937
0.00121692020911723
0.00105170928873122
0.000705169048160314
0.000596371537540108
0.00100335478782654
0.00113632949069142
0.000817996042314917
0.00126527471002191
0.00135392451193184
0.00346540217287838
0.00254263798706234
0.00182135088834912
0.00333242723718286
0.0135513339191675
0.0151792671531439
0.00415445305407047
0.00653187977150083
0.00357822910882533
0.00385223771445453
0.00360240624286234
0.00206312304362655
0.00271993759088218
0.00313900946639478
0.00249831308610737
0.00295768026262522
0.00266352412290871
0.00315109826624393
0.00237339735031128
0.00272799679078162
0.00158763770014048
0.00141839717980474
0.000975147995632142
0.00133377686142921
0.00147884013131261
0.00130959961097687
0.00205909344367683
0.00164808076806366
0.0017447896534577
0.00169240566901863
0.00227668858133256
0.00275217392481863
0.00215983204543591
0.000914704985916615
0.00156749004963785
0.0027239671908319
0.00234116124920547
0.00210341857746243
0.00157554913312197
0.00323168886825442
0.006286078132689
0.00411818688735366
0.00359837687574327
0.0111416708678007
0.0474679507315159
0.0427896566689014
0.0104163540527225
0.00692677451297641
0.00436801835894585
0.00375149911269546
0.00234116124920547
0.00143854483030736
0.00151510606519878
0.00163599208462983
0.00172061240300536
0.00134989502839744
0.0014627220807597
0.00179314403794706
0.00178508507087827
0.00248622451908886
0.00210744794458151
0.00100738427136093
0.00101141387131065
0.00132168817799538
0.00129348144400865
0.00122900889255106
0.00101141387131065
0.000741434865631163
0.00154734228271991
0.00145869248080999
0.00108797510620207
0.00175687822047621
0.00187373487278819
0.00155137188266963
0.00179314403794706
0.0023048953153193
0.00249831308610737
0.00143854483030736
0.00112424092367291
0.0021477434784174
0.00398924201726913
0.00420280732214451
0.0053955502808094
0.0143814189359546
0.039155013859272
0.0337916985154152
0.0150100262835622
0.012410975061357
0.00582268135622144
0.00603221729397774
0.00552852498367429
0.00294962129555643
0.00303424149751663
0.00269173085689545
0.00259905145503581
0.00270784902386367
0.00124915654305369
0.0014667515642941
0.00227668858133256
0.00202685734257102
0.00251040165312588
0.00200267997570336
0.00208730041049421
0.00245801778510213
0.00293753272853792
0.00337675213813782
0.00287708966061473
0.00267158332280815
0.00482738576829433
0.00343316583894193
0.00233310204930604
0.00203894590958953
0.00296573946252465
0.00327601376920938
0.00243787001818418
0.00278038065880537
0.00414236448705196
0.00294559169560671
0.00404968485236168
0.00507721677422524
0.00680588837713003
0.00612489646300674
0.00413027592003345
0.00695095164701343
0.0165412500500679
0.0204136352986097
0.0171053856611252
0.00971521437168121
0.00528675271198153
0.00365076074376702
0.00297379842959344
0.00359837687574327
0.00300200539641082
0.00306647783145308
0.00400133058428764
0.00374746974557638
0.00254666758701205
0.00311483233235776
0.00241369288414717
0.00255069718696177
0.00315915723331273
0.00321960030123591
0.00369105604477227
0.00341301807202399
0.00260711065493524
0.00164808076806366
0.00240563368424773
0.00257084472104907
0.00301006436347961
0.00219206837937236
0.00267561268992722
0.00296170986257494
0.00252651982009411
0.00373941054567695
0.00320348213426769
0.00275620352476835
0.00351375644095242
0.00321154133416712
0.00300200539641082
0.00521422130987048
0.0105735054239631
0.00805907417088747
0.00453725876286626
0.00967491883784533
0.0212558098137379
0.02387903816998
0.0133700044825673
0.0058670062571764
0.0039287987165153
0.00519407354295254
0.00369508564472198
0.00336063420400023
0.00390059198252857
0.004283397924155
0.00369105604477227
0.00234116124920547
0.00308259599842131
0.0034049591049552
0.00272799679078162
0.00374746974557638
0.00375955831259489
0.00406983261927962
0.00516989640891552
0.00398521218448877
0.00304230069741607
0.00193014834076166
0.00328407296910882
0.00462187919765711
0.00507318740710616
0.00340898847207427
0.00262725842185318
0.00404162611812353
0.00519407354295254
0.00456143636256456
0.00443652039393783
0.00446472736075521
0.00434384122490883
0.00324377743527293
0.00433578202500939
0.00786565709859133
0.0165412500500679
0.0114720929414034
0.00509736454114318
0.0112061435356736
0.0251725185662508
0.0230771601200104
0.0145990131422877
0.00808325223624706
0.00957418046891689
0.0128864599391818
0.00872394815087318
0.0048193265683949
0.00480320863425732
0.00547211151570082
0.00536331394687295
0.00483544496819377
0.00393685791641474
0.00416251178830862
0.00450502289459109
0.0042431028559804
0.00398924201726913
0.00363061320967972
0.00460173143073916
0.00513363070785999
0.00370717421174049
0.00226460001431406
0.00489991717040539
0.00621757609769702
0.00496036047115922
0.00432772282510996
0.00328810233622789
0.00369105604477227
0.00396103505045176
0.00349763827398419
0.00315915723331273
0.00331630930304527
0.00351778604090214
0.00391268078237772
0.00604833569377661
0.00415042322129011
0.00846605747938156
0.00791804119944572
0.00772865256294608
0.0194263998419046
0.0407305620610714
0.0294478591531515
0.0184351336210966
0.00884080491960049
0.00753523455932736
0.00500065600499511
0.00297782802954316
0.00267158332280815
0.00284082372672856
0.00238951551727951
0.00210341857746243
0.00270784902386367
0.00219609774649143
0.00253860838711262
0.00280455802567303
0.00312692089937627
0.0025869628880173
0.00174076005350798
0.00226862938143313
0.0013942199293524
0.0018173212883994
0.00231295451521873
0.00252249045297503
0.00267964228987694
0.00305438926443458
0.00203491630963981
0.00219206837937236
0.00211550714448094
0.00276426249183714
0.00385223771445453
0.00333242723718286
0.00238548615016043
0.00149898789823055
0.00187373487278819
0.00236130878329277
0.00388044444844127
0.00573403155431151
0.00474276533350348
0.00535122537985444
0.0138817559927702
0.0347386412322521
0.0281060226261616
0.0121692027896643
0.00828472897410393
0.00613295566290617
0.00503692170605063
0.00353390420787036
0.00325989560224116
0.00316318683326244
0.00222027511335909
0.00327198416925967
0.00450502289459109
0.00186164618935436
0.000991266220808029
0.00255875615403056
0.00380791281349957
0.00261516962200403
0.00326392520219088
0.00290126679465175
0.00145869248080999
0.00216386141255498
0.00388447404839098
0.00305841886438429
0.00137810176238418
0.00240563368424773
0.00268770125694573
0.00228877714835107
0.00213565467856824
0.00171658291947097
0.00245801778510213
0.00227668858133256
0.00329213193617761
0.00315512763336301
0.00243384041823447
0.00231295451521873
0.00207521161064506
0.00345734297297895
0.0036991152446717
0.00363061320967972
0.00807519257068634
0.0170167367905378
0.0139744356274605
0.0101262275129557
0.0079623656347394
0.00500468537211418
0.00375149911269546
0.00215580244548619
0.00245398818515241
0.00164405116811395
0.00207521161064506
0.00326795480214059
0.00367896747775376
0.00208730041049421
0.000298185768770054
0.00113230000715703
0.00197044364176691
0.00211953651160002
0.00241369288414717
0.00171658291947097
0.0015392831992358
0.000967088970355689
0.00193417794071138
0.00203491630963981
0.00137004267890006
0.00159166718367487
0.00201879814267158
0.00249025411903858
0.00235324981622398
0.00107588642276824
0.00231698388233781
0.00204700487665832
0.00166016933508217
0.00207521161064506
0.00199462100863457
0.00205909344367683
0.00295365089550614
0.00245801778510213
0.00157957861665636
0.00349763827398419
0.0121571142226458
0.0282188504934311
0.0215338468551636
0.00574612012133002
0.0020228277426213
0.00245801778510213
0.002377426950261
0.00175284873694181
0.00233713164925575
0.0016077853506431
0.00086232100147754
0.00180926220491529
0.00263934698887169
0.00137810176238418
0.00126124522648752
0.00130557012744248
0.00168837606906891
0.00194626650772989
0.0022323636803776
0.0013297472614795
0.000946941261645406
0.00093082309467718
0.00162793311756104
0.00161181495059282
0.00207118224352598
0.00175284873694181
0.0012531861430034
0.00171255331952125
0.00120886124204844
0.00111215224023908
0.00136198359541595
0.00150704698171467
0.001813291804865
0.00169643515255302
0.00116453622467816
0.000987236620858312
0.0031430390663445
0.00356614054180682
0.00254263798706234
0.00176896690391004
0.0039287987165153
0.00855470728129149
0.00877633225172758
0.00554867275059223
0.00395700568333268
0.00315109826624393
0.00263934698887169
0.00180926220491529
0.00138213124591857
0.00151913554873317
0.00136601319536567
0.00173673056997359
0.00231295451521873
0.00128139287699014
0.00086232100147754
0.00137810176238418
0.00168031710200012
0.00150704698171467
0.0028609714936465
0.00254263798706234
0.00116453622467816
0.000624578271526843
0.000680991797707975
0.0010476796887815
0.00126124522648752
0.00116856582462788
0.000922764011193067
0.00119677255861461
0.00093082309467718
0.00126527471002191
0.0014667515642941
0.00155943096615374
0.00102753203827888
0.00124915654305369
0.00137004267890006
0.00151107646524906
0.00213565467856824
0.00267964228987694
0.00219609774649143
0.0016077853506431
0.0154170095920563
0.0488944053649902
0.0382846333086491
0.00593147892504931
0.00296976906247437
0.00217595021240413
0.00126124522648752
0.000749493949115276
0.00103559112176299
0.0008381437510252
0.000902616360690445
0.00154734228271991
0.00168837606906891
0.000858291459735483
0.0006286078132689
0.00156749004963785
0.00215983204543591
0.00143048574682325
0.00286500109359622
0.00257084472104907
0.00103559112176299
0.000713228073436767
0.000773671141359955
0.00151107646524906
0.00259905145503581
0.00136601319536567
0.00101947295479476
0.00124512705951929
0.000922764011193067
0.00119677255861461
0.000926793552935123
0.00101544335484505
0.00116856582462788
0.00156749004963785
0.0017447896534577
0.00250637228600681
0.00342107727192342
0.00347749073989689
0.00265949452295899
0.00425922079011798
0.0410126298666
0.117827698588371
0.0835564881563187
0.0095862690359354
0.00307856639847159
0.00195432547479868
0.00200267997570336
0.00171658291947097
0.00145869248080999
0.000914704985916615
0.00103559112176299
0.00112424092367291
0.0013942199293524
0.00107588642276824
0.000987236620858312
0.00137810176238418
0.00176896690391004
0.00163196260109544
0.00388447404839098
0.00271590822376311
0.00110812275670469
0.000765612057875842
0.00119274307508022
0.00195029599126428
0.00228877714835107
0.00163599208462983
0.00115647725760937
0.00114438857417554
0.00100738427136093
0.000922764011193067
0.00130557012744248
0.00149092881474644
0.00147078116424382
0.00157151953317225
0.00126527471002191
0.00168837606906891
0.0026514355558902
0.00186970527283847
0.00168031710200012
0.00247816531918943
0.0180160608142614
0.0413591712713242
0.0279770772904158
0.00412624608725309
0.0022323636803776
0.00214371387846768
0.00226460001431406
0.00267158332280815
0.00185358710587025
0.00116453622467816
0.000878439110238105
0.000834114209283143
0.00194223702419549
0.00199865060858428
0.00128542236052454
0.000854261917993426
0.0018173212883994
0.00303424149751663
0.00505303964018822
0.00365479034371674
0.00159569678362459
0.0012572156265378
0.0011202113237232
0.0029335031285882
0.0061692213639617
0.00373135157860816
0.00128945196047425
0.00236936798319221
0.00179314403794706
0.00101544335484505
0.00130557012744248
0.00115647725760937
0.0011887134751305
0.0013257177779451
0.00130557012744248
0.00163599208462983
0.00326795480214059
0.00299797579646111
0.0021678910125047
0.00299394619651139
0.017605047672987
0.0440831370651722
0.0288273096084595
0.00538749154657126
0.00179717363789678
0.00214371387846768
0.00205103447660804
0.00192208925727755
0.00082605512579903
0.00127333379350603
0.00115647725760937
0.0016077853506431
0.00198253244161606
0.000870380026753992
0.00124512705951929
0.00168031710200012
0.00166016933508217
0.000846202834509313
0.00178105547092855
0.00187776435632259
0.000717257615178823
0.000959029886871576
0.00187373487278819
0.00213565467856824
0.00180926220491529
0.00121692020911723
0.00145869248080999
0.00112424092367291
0.00137407216243446
0.00152316514868289
0.00215580244548619
0.0018173212883994
0.000882468651980162
0.00106379785574973
0.00107991602271795
0.00126930419355631
0.0034251066390425
0.00324377743527293
0.0016762875020504
0.00236936798319221
0.0124029153957963
0.0238911267369986
0.0143169462680817
0.00611280789598823
0.00343316583894193
0.00191403017379344
0.0013982494128868
0.000983207137323916
0.000914704985916615
0.000660844088997692
0.000765612057875842
0.00147884013131261
0.00164808076806366
0.00108797510620207
0.000983207137323916
0.00139019032940269
0.00182135088834912
0.001672258018516
0.00156346044968814
0.00211147754453123
0.00093082309467718
0.000556076120119542
0.00103156152181327
0.00209132977761328
0.00278038065880537
0.00105976825580001
0.00162793311756104
0.00151107646524906
0.00111215224023908
0.000793818850070238
0.00121289072558284
0.00173270108643919
0.00135795411188155
0.000890527735464275
0.00162793311756104
0.00231295451521873
0.00354599277488887
0.00331227970309556
0.00196238467469811
0.00373538117855787
0.0113149406388402
0.0171174742281437
0.00989654380828142
0.00344525440596044
0.0025869628880173
0.00218803877942264
0.00162793311756104
0.000656814605463296
0.000680991797707975
0.000773671141359955
0.00133377686142921
0.0016762875020504
0.0014627220807597
0.00102753203827888
0.00143854483030736
0.00105170928873122
0.00112424092367291
0.00110409327317029
0.00134989502839744
0.000729346240404993
0.000632637355010957
0.00103156152181327
0.00147884013131261
0.00238145655021071
0.00318333436734974
0.00163196260109544
0.00110409327317029
0.00137407216243446
0.00135392451193184
0.00129348144400865
0.00145869248080999
0.00157957861665636
0.00150301738176495
0.0013942199293524
0.00184149853885174
0.00179314403794706
0.00366284931078553
0.00381194218061864
0.00358628807589412
0.00469038123264909
0.00832099467515945
0.0092840539291501
0.00645934836938977
0.00345331337302923
0.00252249045297503
0.00199059140868485
0.00206312304362655
0.00150301738176495
0.00109603418968618
0.000676962255965918
0.000584282912313938
0.000785759766586125
0.000979177537374198
0.00105573877226561
0.000914704985916615
0.000830084667541087
0.000499662652146071
0.000515780760906637
0.00075755303259939
0.00102753203827888
0.0010436502052471
0.00101141387131065
0.00105976825580001
0.0015352537157014
0.00148689921479672
0.00106379785574973
0.00116856582462788
0.00148689921479672
0.00132168817799538
0.000781730224844068
0.000656814605463296
0.000959029886871576
0.000604430621024221
0.000620548729784787
0.00141839717980474
0.00186164618935436
0.001672258018516
0.00131362921092659
0.00130154052749276
0.00261516962200403
0.00569373602047563
0.0101544335484505
0.00674544554203749
0.00157554913312197
0.00178105547092855
0.00145063339732587
0.00156346044968814
0.000975147995632142
0.000680991797707975
0.000709198589902371
0.000922764011193067
0.000604430621024221
0.00053592846961692
0.000793818850070238
0.00075755303259939
0.000636666896753013
0.00072128715692088
0.00110409327317029
0.00164002168457955
0.00170852383598685
0.000910675444174558
0.0008381437510252
0.0011887134751305
0.00105170928873122
0.00103962060529739
0.000805907475296408
0.000737405323889107
0.00115244765765965
0.00137407216243446
0.00129751104395837
0.00144660391379148
0.00176090782042593
0.000987236620858312
0.000882468651980162
0.00134989502839744
0.00169240566901863
0.00172867148648947
0.00141033809632063
0.00253054942004383
0.00394088728353381
0.00919943396002054
0.0118146035820246
0.0104405311867595
0.0063384622335434
0.00587909482419491
0.00357419950887561
0.0021477434784174
0.001672258018516
0.00215983204543591
0.00207924121059477
0.00226057041436434
0.00190194160677493
0.00265546515583992
0.00235324981622398
0.00116453622467816
0.00263934698887169
0.00285291229374707
0.00261919922195375
0.00354599277488887
0.00222833408042789
0.00145063339732587
0.0016077853506431
0.00299394619651139
0.00231295451521873
0.00184552802238613
0.00241772248409688
0.00273605575785041
0.00211953651160002
0.00240966328419745
0.00183343945536762
0.00190597109030932
0.00156749004963785
0.00158763770014048
0.00222430448047817
0.00198253244161606
0.00188985303975642
0.00316721620038152
0.00402550771832466
0.00393685791641474
0.00152316514868289
0.00894960202276707
0.0115688014775515
0.00896169058978558
0.00722093088552356
0.00424713222309947
0.00244592921808362
0.00215177284553647
0.00186164618935436
0.00210744794458151
0.00162390351761132
0.00128139287699014
0.00137407216243446
0.00210744794458151
0.00128139287699014
0.00119677255861461
0.00169240566901863
0.00143048574682325
0.000971118512097746
0.00189388252329081
0.00105573877226561
0.000689050881192088
0.00161584443412721
0.00221221591345966
0.00229683634825051
0.0019583550747484
0.00170449423603714
0.00225251144729555
0.00221221591345966
0.00156346044968814
0.00153122411575168
0.00129348144400865
0.00130959961097687
0.00093082309467718
0.000697109964676201
0.00133377686142921
0.00205103447660804
0.00222430448047817
0.00227668858133256
0.00170449423603714
0.00327198416925967
0.00459367269650102
0.00363867217674851
0.00324780703522265
0.00171658291947097
0.000898586818948388
0.00105976825580001
0.00106782733928412
0.000999325304292142
0.000846202834509313
0.0010476796887815
0.0010436502052471
0.000979177537374198
0.00122900889255106
0.0015352537157014
0.00129348144400865
0.00119677255861461
0.00114841817412525
0.00107588642276824
0.000914704985916615
0.000991266220808029
0.000854261917993426
0.000959029886871576
0.00159166718367487
0.00154331279918551
0.00172061240300536
0.00156749004963785
0.00184149853885174
0.0018858234398067
0.00195029599126428
0.00137407216243446
0.00118065439164639
0.0011202113237232
0.00107185693923384
0.00159972626715899
0.0012572156265378
0.00082605512579903
0.00180523272138089
0.00164002168457955
0.00229683634825051
0.00211550714448094
0.00570582458749414
0.00779715459793806
0.00618533976376057
0.00210341857746243
0.00172464200295508
0.00183343945536762
0.00178911455441266
0.00127736327704042
0.000886498193722218
0.000398924195906147
0.000568164745345712
0.000809937017038465
0.00116856582462788
0.00122094980906695
0.000979177537374198
0.000858291459735483
0.000854261917993426
0.000854261917993426
0.00102350243832916
0.00131765869446099
0.00102753203827888
0.000713228073436767
0.000668903172481805
0.000999325304292142
0.00141839717980474
0.00133377686142921
0.00134586542844772
0.00130959961097687
0.00147481064777821
0.00130557012744248
0.0010436502052471
0.000894557277206332
0.00103962060529739
0.000938882178161293
0.00106782733928412
0.00144257431384176
0.00190194160677493
0.00193417794071138
0.00193014834076166
0.00242981105111539
0.00439622532576323
0.0059596854262054
0.00645531853660941
0.004662174731493
0.00211953651160002
0.00110409327317029
0.00109200458973646
0.00085023237625137
0.00127333379350603
0.000805907475296408
0.000749493949115276
0.000874409568496049
0.00094291171990335
0.000834114209283143
0.000906645902432501
0.00103559112176299
0.000773671141359955
0.00129348144400865
0.00115647725760937
0.000959029886871576
0.000725316698662937
0.000672932714223862
0.00106782733928412
0.000979177537374198
0.00082605512579903
0.00102350243832916
0.00095500034512952
0.00130154052749276
0.000950970803387463
0.000914704985916615
0.00121692020911723
0.000983207137323916
0.000693080422934145
0.00128139287699014
0.00128542236052454
0.000894557277206332
0.00168031710200012
0.00189791200682521
0.00137407216243446
0.00209938897751272
0.00511751230806112
0.00653993897140026
0.00507318740710616
0.00229683634825051
0.0011846839915961
0.000777700683102012
0.00073337578214705
0.0011887134751305
0.00149092881474644
0.000842173292767256
0.000785759766586125
0.00132168817799538
0.00130154052749276
0.000737405323889107
0.00128139287699014
0.00145869248080999
0.00110812275670469
0.00147481064777821
0.00130959961097687
0.000713228073436767
0.000656814605463296
0.0011161818401888
0.00123706797603518
0.00134989502839744
0.000882468651980162
0.00116856582462788
0.00105573877226561
0.000890527735464275
0.000717257615178823
0.00113230000715703
0.00129751104395837
0.000834114209283143
0.00111215224023908
0.00117259530816227
0.000785759766586125
0.000914704985916615
0.00095500034512952
0.00132168817799538
0.00199865060858428
0.00256278575398028
0.00433981185778975
0.00418668938800693
0.00435190042480826
0.00229683634825051
0.00169240566901863
0.00122094980906695
0.000753523490857333
0.00115244765765965
0.00105170928873122
0.000765612057875842
0.000676962255965918
0.000801877933554351
0.000789789308328182
0.000902616360690445
0.00103962060529739
0.00142242666333914
0.000967088970355689
0.0011887134751305
0.00103156152181327
0.000898586818948388
0.000725316698662937
0.000793818850070238
0.000934852636419237
0.00105976825580001
0.00111215224023908
0.00116050674114376
0.000870380026753992
0.00119677255861461
0.00101141387131065
0.00100335478782654
0.00101544335484505
0.000608460104558617
0.000741434865631163
0.000967088970355689
0.000858291459735483
0.000672932714223862
0.00114841817412525
0.00100335478782654
0.00130557012744248
0.00288111926056445
0.00415445305407047
0.00348152010701597
0.00302215293049812
0.00228474754840136
0.00220012734644115
0.00137004267890006
0.00117259530816227
0.00115244765765965
0.00072128715692088
0.000499662652146071
0.000552046636585146
0.00061651918804273
0.00061651918804273
0.000882468651980162
0.000950970803387463
0.00115244765765965
0.000697109964676201
0.00134989502839744
0.00134183594491333
0.000922764011193067
0.000604430621024221
0.000886498193722218
0.000705169048160314
0.00106782733928412
0.00127333379350603
0.00120483164209872
0.00112827040720731
0.00136601319536567
0.00168031710200012
0.00170046475250274
0.000987236620858312
0.0008381437510252
0.00110409327317029
0.00127736327704042
0.00101141387131065
0.00173673056997359
0.00106379785574973
0.0013982494128868
0.00141839717980474
0.0027239671908319
0.00375552871264517
0.00343316583894193
0.00215177284553647
0.00149495829828084
0.00197447324171662
0.00176090782042593
0.00174076005350798
0.00126930419355631
0.000777700683102012
0.000749493949115276
0.000882468651980162
0.000717257615178823
0.00075755303259939
0.000890527735464275
0.00127333379350603
0.00113230000715703
0.000991266220808029
0.0011887134751305
0.00119677255861461
0.000842173292767256
0.000608460104558617
0.000870380026753992
0.000922764011193067
0.00064069643849507
0.000878439110238105
0.00116050674114376
0.00141839717980474
0.00141033809632063
0.00128139287699014
0.00164808076806366
0.00137810176238418
0.00086232100147754
0.00102350243832916
0.000963059428613633
0.00111215224023908
0.000991266220808029
0.0016077853506431
0.00205103447660804
0.00189388252329081
0.00278441025875509
0.00195432547479868
0.0028609714936465
0.00282067619264126
0.00140630849637091
0.00164405116811395
0.00185761670581996
0.00218803877942264
0.00174076005350798
0.000842173292767256
0.00100335478782654
0.000680991797707975
0.000604430621024221
0.000789789308328182
0.000991266220808029
0.00136601319536567
0.000922764011193067
0.00119274307508022
0.00121289072558284
0.0013257177779451
0.000846202834509313
0.00061651918804273
0.00094291171990335
0.00101141387131065
0.000870380026753992
0.000471455859951675
0.00141436757985502
0.00149495829828084
0.00122497929260135
0.00110812275670469
0.00108394550625235
0.00114035909064114
0.00105170928873122
0.000902616360690445
0.00074546440737322
0.000809937017038465
0.00114841817412525
0.00117259530816227
0.00129348144400865
0.00113632949069142
0.0023048953153193
0.00243384041823447
0.00283276475965977
0.00259099248796701
0.00177299638744444
0.00144660391379148
0.00165613985154778
0.00172061240300536
0.00128945196047425
0.000938882178161293
0.000870380026753992
0.000608460104558617
0.000765612057875842
0.000946941261645406
0.00114841817412525
0.00103962060529739
0.000922764011193067
0.00109200458973646
0.000967088970355689
0.000717257615178823
0.000773671141359955
0.000600401079282165
0.000830084667541087
0.000717257615178823
0.00107185693923384
0.000894557277206332
0.000999325304292142
0.00143854483030736
0.0013982494128868
0.000979177537374198
0.000906645902432501
0.00117662490811199
0.00120886124204844
0.00094291171990335
0.000809937017038465
0.000922764011193067
0.00082605512579903
0.00130557012744248
0.00103962060529739
0.00123303837608546
0.00229280674830079
0.00328407296910882
0.00226057041436434
0.00137407216243446
