% Type: Spectrum
% Date: 10-DEC-24 17:06:14
% NoOfItems: = 1601
% Unit_Y: = mm/s
% Unit_X: = Hz
% Min_X: = 0
% Max_X: = 1000
% MinDisplay_X: = 0
% MaxDisplay_X: = 1000
0
0
0
0
0.024190679192543
0.0115208784118295
0.0129411984235048
0.0126426601782441
0.00955776032060385
0.00958037748932838
0.00474495533853769
0.00492136459797621
0.00455045280978084
0.00189526821486652
0.00222094682976604
0.00237021618522704
0.00398051552474499
0.00587126053869724
0.00717849796637893
0.00544154550880194
0.00272755790501833
0.00200835103169084
0.00195407122373581
0.00223451666533947
0.00349652115255594
0.00133890064898878
0.00130723754409701
0.00312108616344631
0.0034105780068785
0.00123486446682364
0.00239283265545964
0.00263709155842662
0.00114892155397683
0.00157411291729659
0.00143389031291008
0.0023114129435271
0.00303514301776886
0.00325678545050323
0.00274112774059176
0.131153464317322
0.243666350841522
0.111942954361439
0.00384481623768806
0.0016329160425812
0.00259638181887567
0.00218928349204361
0.00196764129213989
0.00204453757032752
0.00264161475934088
0.00207167747430503
0.00117606145795435
0.000619693892076611
0.000900139333680272
0.000904662651009858
0.000673973641823977
0.00056089082499966
0.000624217209406197
0.0007418233435601
0.000868476112373173
0.000434238056186587
0.00279993074946105
0.00878879707306623
0.0110911633819342
0.00896068289875984
0.00336082163266838
0.0014836466871202
0.00102226878516376
0.000927279179450125
0.000936325814109296
0.000637787161394954
0.00143841363023967
0.0018997915321961
0.000850382843054831
0.00131176086142659
0.00151983322575688
0.00284516392275691
0.0033291585277766
0.00447808019816875
0.0107112051919103
0.134473577141762
0.296435326337814
0.179751947522163
0.0161346588283777
0.00685734255239367
0.00404836516827345
0.00389457261189818
0.00134342396631837
0.000986082246527076
0.000841336266603321
0.00117153814062476
0.00123034114949405
0.00127557432278991
0.001008698833175
0.00147460005246103
0.0015469731297344
0.00146103010047227
0.00185908167622983
0.00164648599456996
0.00253757857717574
0.00346033461391926
0.00395789882168174
0.0116927642375231
0.0089018801227212
0.00204453757032752
0.00316631910391152
0.00263709155842662
0.0025873351842165
0.00268684793263674
0.00276374421082437
0.0029672933742404
0.00396694568917155
0.00524704344570637
0.00373625662177801
0.00464544259011745
0.005174670368433
0.00601600669324398
0.00561343180015683
0.00591649347916246
0.00686186598613858
0.1463563144207
0.237338244915009
0.096432514488697
0.0109554640948772
0.00513848382979631
0.00913256965577602
0.00700208870694041
0.00494850473478436
0.00286778062582016
0.0021621435880661
0.00219380692578852
0.00169624236878008
0.00152435654308647
0.000963465718086809
0.00131628417875618
0.00127557432278991
0.0011896314099431
0.00116701482329518
0.00151983322575688
0.00247425236739218
0.00222094682976604
0.00224808673374355
0.00493493443354964
0.00430619390681386
0.00304418965242803
0.00399408536031842
0.00247425236739218
0.00194050138816237
0.00175504549406469
0.00147007673513144
0.00149721663910896
0.00123034114949405
0.00204906077124178
0.00189074489753693
0.0018138486193493
0.0023747393861413
0.00534655619412661
0.00403027189895511
0.00191788480151445
0.00374982669018209
0.0468253381550312
0.0775702968239784
0.0370233170688152
0.00735943065956235
0.00230688974261284
0.00151983322575688
0.000999652198515832
0.00120320124551654
0.00111725833266973
0.00132985401432961
0.000900139333680272
0.000515657709911466
0.000787056458648294
0.000601600622758269
0.000493041123263538
0.000606123940087855
0.000877522747032344
0.00109464174602181
0.0007418233435601
0.00116249150596559
0.00128914427477866
0.000737300026230514
0.00104488537181169
0.000547320873010904
0.000778009882196784
0.00232950621284544
0.00153340317774564
0.000619693892076611
0.000728253391571343
0.000872999429702759
0.00079157977597788
0.00109916506335139
0.00131628417875618
0.000940849131438881
0.000637787161394954
0.000954419083427638
0.00116249150596559
0.000977035611867905
0.0013343773316592
0.0015153099084273
0.0132849710062146
0.0198482982814312
0.0137056391686201
0.00640953471884131
0.00203096750192344
0.000949895766098052
0.00113535160198808
0.0012167711975053
0.000868476112373173
0.000922755862120539
0.00113535160198808
0.000886569381691515
0.000773486564867198
0.000800626410637051
0.000687543593812734
0.00042066813330166
0.000818719679955393
0.000904662651009858
0.000624217209406197
0.000515657709911466
0.000556367507670075
0.000565414142329246
0.000664927007164806
0.000692066911142319
0.00103131541982293
0.00210786401294172
0.00158768286928534
0.000773486564867198
0.000913709227461368
0.00097251235274598
0.00103583873715252
0.000999652198515832
0.00158315955195576
0.00180027866736054
0.00109011842869222
0.00079157977597788
0.00150173995643854
0.00133890064898878
0.00171433563809842
0.00161029945593327
0.00977035611867905
0.0219380687922239
0.0245389733463526
0.00879332050681114
0.00150173995643854
0.000936325814109296
0.00153792649507523
0.00139318045694381
0.00118058477528393
0.000891092699021101
0.000759916612878442
0.000909185968339443
0.000764439930208027
0.000574460776988417
0.000606123940087855
0.000343771796906367
0.000642310478724539
0.000619693892076611
0.000619693892076611
0.000687543593812734
0.000705636863131076
0.000524704344570637
0.000569937459658831
0.000732776708900929
0.00113082828465849
0.0019947811961174
0.00107202515937388
0.00115344487130642
0.000719206815119833
0.000533750921022147
0.000628740526735783
0.000737300026230514
0.000583507411647588
0.00061064725741744
0.00114892155397683
0.00164196267724037
0.00180932530201972
0.00185908167622983
0.00112178164999932
0.00599338999018073
0.037679199129343
0.0471283979713917
0.0172700099647045
0.00600695982575417
0.00427000736817718
0.00162839272525162
0.00198121112771332
0.00155149644706398
0.000859429477714002
0.00100417551584542
0.000687543593812734
0.000565414142329246
0.000601600622758269
0.000601600622758269
0.000434238056186587
0.00037091167178005
0.000692066911142319
0.000827766314614564
0.000737300026230514
0.00131628417875618
0.000877522747032344
0.00169624236878008
0.00292206020094454
0.00153340317774564
0.00118510809261352
0.00153340317774564
0.00116701482329518
0.00185455835890025
0.00180027866736054
0.00107202515937388
0.00105845532380044
0.00116249150596559
0.00116701482329518
0.00112178164999932
0.00187717494554818
0.00186812831088901
0.00261899828910828
0.00261447508819401
0.0027366045396775
0.00170076568610966
0.00319798244163394
0.0081871971487999
0.0114846918731928
0.00429262407124042
0.00142936699558049
0.00345581118017435
0.00400313222780824
0.0015153099084273
0.00126200437080115
0.000949895766098052
0.000936325814109296
0.000805149727966636
0.00137961050495505
0.00153340317774564
0.00177766208071262
0.00145650678314269
0.00131628417875618
0.00124391110148281
0.001157968188636
0.00110368838068098
0.000999652198515832
0.00159672950394452
0.00234759948216379
0.0011896314099431
0.00161482277326286
0.001718858955428
0.00184098840691149
0.000967989035416394
0.000895616016350687
0.000814196362625807
0.00112178164999932
0.00215762038715184
0.00275922100991011
0.00120320124551654
0.00146103010047227
0.00251948530785739
0.0050480174832046
0.00357794063165784
0.00214405031874776
0.0054279756732285
0.0238016732037067
0.0291165672242641
0.0172609630972147
0.00656332727521658
0.0035643707960844
0.00238378602080047
0.0022254700306803
0.00124843441881239
0.00142484367825091
0.00232498301193118
0.00232045957818627
0.00097251235274598
0.00088204606436193
0.000922755862120539
0.000669450324494392
0.000710160180460662
0.000583507411647588
0.000425191421527415
0.000465901248389855
0.000502087757922709
0.000389004941098392
0.000352818431565538
0.000533750921022147
0.000284968729829416
0.000398051546653733
0.000366388354450464
0.000588030728977174
0.000551844190340489
0.000275922095170245
0.000425191421527415
0.000737300026230514
0.000597077305428684
0.00056089082499966
0.00109916506335139
0.00116249150596559
0.00152887986041605
0.00290849036537111
0.00288135046139359
0.00245615909807384
0.00251948530785739
0.0116294380277395
0.0116113452240825
0.00629192870110273
0.00733229052275419
0.00503444764763117
0.00194502470549196
0.00162386940792203
0.00161482277326286
0.00259185838513076
0.00341962464153767
0.00307132955640554
0.00254662521183491
0.0019314547535032
0.00174147554207593
0.00211238721385598
0.00173695222474635
0.00113535160198808
0.000714683497790247
0.00130271422676742
0.00128462095744908
0.00135247060097754
0.00123938778415322
0.00140675040893257
0.00124391110148281
0.00111725833266973
0.00155149644706398
0.0018997915321961
0.00172790559008718
0.00158768286928534
0.00129366759210825
0.00168267253320664
0.00134794728364795
0.00201739766635001
0.00203096750192344
0.00215762038715184
0.0044509400613606
0.00828218646347523
0.00607480946928263
0.00437404401600361
0.0112132932990789
0.0442651435732841
0.0424512922763824
0.0106614492833614
0.006445721257478
0.00319798244163394
0.00380862969905138
0.00279088411480188
0.00185455835890025
0.00225713336840272
0.00182289513759315
0.00169171916786581
0.00126200437080115
0.00098155892919749
0.000936325814109296
0.00141127372626215
0.00138413382228464
0.000891092699021101
0.000990605563856661
0.00111725833266973
0.00113535160198808
0.000936325814109296
0.000922755862120539
0.000886569381691515
0.000479471200378612
0.00123486446682364
0.00209881737828255
0.00198121112771332
0.00168719585053623
0.00135699391830713
0.00103131541982293
0.00109464174602181
0.000723730074241757
0.00100417551584542
0.00172790559008718
0.0020762006752193
0.00312108616344631
0.00545963877812028
0.00381315289996564
0.00462734932079911
0.0130497580394149
0.0477888025343418
0.0414425954222679
0.012407448142767
0.010258873924613
0.00559081509709358
0.00591197004541755
0.00498016783967614
0.00269589456729591
0.00274112774059176
0.00295372353866696
0.00299895671196282
0.00210786401294172
0.00185003504157066
0.00175504549406469
0.00192240811884403
0.00198573456145823
0.000854906160384417
0.000474947883049026
0.00107202515937388
0.00227522640489042
0.0017821853980422
0.00235664611682296
0.00289492029696703
0.00166910258121788
0.00464091915637255
0.00293110683560371
0.00178670871537179
0.00320702907629311
0.00215762038715184
0.00269589456729591
0.00419311132282019
0.00353270745836198
0.0016329160425812
0.00138865713961422
0.00196764129213989
0.00441475352272391
0.00755393272265792
0.00385386287234724
0.00506158731877804
0.00595720345154405
0.00978844985365868
0.0106704961508512
0.0123305516317487
0.00898782350122929
0.00339700817130506
0.00286325719207525
0.00424286769703031
0.00251043890602887
0.00245163566432893
0.00216666702181101
0.00157863623462617
0.00119867792818695
0.00083228963194415
0.00131628417875618
0.00179123203270137
0.0021621435880661
0.00189526821486652
0.00182289513759315
0.00158315955195576
0.00178670871537179
0.00173695222474635
0.00221642339602113
0.0025013922713697
0.00194502470549196
0.00130723754409701
0.00149269332177937
0.00169171916786581
0.00147460005246103
0.00142936699558049
0.00166005594655871
0.00223904009908438
0.00103583873715252
0.000940849131438881
0.00108107179403305
0.00180480198469013
0.00579888746142387
0.00735490722581744
0.00247877556830645
0.00576270092278719
0.00960299372673035
0.0139815611764789
0.0170302744954824
0.0131176076829433
0.00569937471300364
0.00321607571095228
0.00369554688222706
0.00465901242569089
0.00286778062582016
0.0021621435880661
0.00241544912569225
0.00251043890602887
0.00254662521183491
0.00169624236878008
0.00172338227275759
0.0019314547535032
0.00175956881139427
0.00195407122373581
0.00327487871982157
0.0027366045396775
0.00115344487130642
0.00163743935991079
0.00212143384851515
0.00237021618522704
0.00269137136638165
0.0030306198168546
0.00284516392275691
0.00213500368408859
0.00314370263367891
0.00223451666533947
0.000999652198515832
0.00259185838513076
0.00410264497622848
0.0045368829742074
0.00303514301776886
0.00410716840997338
0.0137644419446588
0.0184913035482168
0.00803792756050825
0.00637787161394954
0.0115344487130642
0.0259321536868811
0.0317446105182171
0.0241363979876041
0.0106252627447248
0.00771224871277809
0.00860334187746048
0.00427000736817718
0.00252853194251657
0.0027366045396775
0.00459116278216243
0.00361865060403943
0.00291753700003028
0.00302609638310969
0.0034151014406234
0.00336986826732755
0.00237926281988621
0.00211238721385598
0.00199025776237249
0.00147460005246103
0.00244258902966976
0.00204453757032752
0.00224808673374355
0.00251948530785739
0.00161482277326286
0.00175504549406469
0.00280897738412023
0.0028858738951385
0.00284968735650182
0.00177766208071262
0.00165553262922913
0.00223451666533947
0.00194502470549196
0.00128914427477866
0.00229784310795367
0.00332011189311743
0.00467710569500923
0.00682115601375699
0.00454592984169722
0.00450069643557072
0.0184279773384333
0.0442741885781288
0.0341555364429951
0.0149405030533671
0.00837717577815056
0.00427000736817718
0.00297634000889957
0.00262352172285318
0.00127105100546032
0.00209881737828255
0.00215762038715184
0.00136151723563671
0.000913709227461368
0.000886569381691515
0.00149269332177937
0.00219380692578852
0.00198121112771332
0.00150173995643854
0.00143389031291008
0.00167362589854747
0.00117606145795435
0.00128914427477866
0.00137961050495505
0.00104488537181169
0.00187265162821859
0.00164196267724037
0.00142032036092132
0.00272755790501833
0.00336986826732755
0.00218023685738444
0.0023114129435271
0.00223451666533947
0.00426548440009356
0.00360508053563535
0.00221190019510686
0.00303514301776886
0.00676235323771834
0.00981106609106064
0.00612908927723765
0.00521085690706968
0.0173921398818493
0.0396242216229439
0.0234986115247011
0.00737300049513578
0.00790675170719624
0.00494398130103946
0.00518371677026153
0.00365483690984547
0.00232045957818627
0.0036457902751863
0.00346033461391926
0.00285421055741608
0.00241092592477798
0.0012167711975053
0.00146103010047227
0.00289492029696703
0.00354627752676606
0.00224808673374355
0.00193597807083279
0.001718858955428
0.00167814921587706
0.00214857375249267
0.00259638181887567
0.00218023685738444
0.00232950621284544
0.00207167747430503
0.00161482277326286
0.00217571365647018
0.00272755790501833
0.00155601976439357
0.000999652198515832
0.00217571365647018
0.00407550530508161
0.00240187929011881
0.00132985401432961
0.00235212291590869
0.00765344593673944
0.0101819774135947
0.00479923514649272
0.00476304860785604
0.0181882418692112
0.0396061316132545
0.0229512900114059
0.0040709818713367
0.00239283265545964
0.00207167747430503
0.00337439170107245
0.00365031370893121
0.00202192086726427
0.00187265162821859
0.00228427303954959
0.00150173995643854
0.0013660405529663
0.00110368838068098
0.00128914427477866
0.00142032036092132
0.00131628417875618
0.000995128881186247
0.000787056458648294
0.00115344487130642
0.000940849131438881
0.000940849131438881
0.000977035611867905
0.000841336266603321
0.0010403620544821
0.000967989035416394
0.000909185968339443
0.00154244981240481
0.00213500368408859
0.00116249150596559
0.000710160180460662
0.00137056387029588
0.00288135046139359
0.00179123203270137
0.00130723754409701
0.00189074489753693
0.00674878340214491
0.00819171965122223
0.00274112774059176
0.00256019528023899
0.00891092699021101
0.0179213657975197
0.0104579003527761
0.00327487871982157
0.00246972893364727
0.00191336148418486
0.00152435654308647
0.001718858955428
0.00101322215050459
0.00105845532380044
0.00125748105347157
0.000696590228471905
0.000601600622758269
0.000551844190340489
0.00098155892919749
0.0011896314099431
0.000936325814109296
0.000578984094318002
0.000425191421527415
0.00112630496732891
0.00106297864113003
0.000701113545801491
0.000963465718086809
0.000909185968339443
0.00078253319952637
0.000809673045296222
0.00083228963194415
0.000701113545801491
0.000624217209406197
0.000669450324494392
0.00056089082499966
0.00104488537181169
0.00161934609059244
0.00110821169801056
0.000483994517708197
0.0011896314099431
0.00459568621590734
0.00566771114245057
0.00235212291590869
0.0020762006752193
0.0060657630674541
0.0135835092514753
0.00967536680400372
0.00469067553058267
0.00362317380495369
0.0023747393861413
0.00172790559008718
0.001008698833175
0.000850382843054831
0.000868476112373173
0.000660403689835221
0.000814196362625807
0.000497564440593123
0.000465901248389855
0.000746346660889685
0.000773486564867198
0.000660403689835221
0.000533750921022147
0.000316631922032684
0.000958942400757223
0.000859429477714002
0.000750869978219271
0.000945372448768467
0.000913709227461368
0.000904662651009858
0.000845859583932906
0.00102226878516376
0.000673973641823977
0.000800626410637051
0.000904662651009858
0.000918232544790953
0.000900139333680272
0.000877522747032344
0.000678496959153563
0.000696590228471905
0.000958942400757223
0.00231593637727201
0.00272755790501833
0.001718858955428
0.00164196267724037
0.00720111466944218
0.0210424531251192
0.017446419224143
0.00388100277632475
0.00241544912569225
0.000845859583932906
0.000827766314614564
0.000592554046306759
0.000737300026230514
0.00083228963194415
0.0007418233435601
0.000574460776988417
0.000547320873010904
0.000307585287373513
0.000470424565719441
0.000538274238351732
0.000601600622758269
0.000574460776988417
0.000551844190340489
0.000538274238351732
0.000443284690845758
0.000854906160384417
0.000823242997284979
0.000533750921022147
0.000646833796054125
0.000624217209406197
0.000701113545801491
0.000474947883049026
0.000506611075252295
0.000438761373516172
0.000474947883049026
0.000800626410637051
0.000755393295548856
0.00079157977597788
0.000615170574747026
0.00137508718762547
0.0026732780970633
0.00240187929011881
0.00259638181887567
0.00461377948522568
0.0387421771883965
0.125648587942123
0.0966903418302536
0.0116430083289742
0.0053420327603817
0.00264613819308579
0.00198121112771332
0.00161934609059244
0.00108559511136264
0.00113082828465849
0.001008698833175
0.00124391110148281
0.000886569381691515
0.000542797555681318
0.00056089082499966
0.000615170574747026
0.000787056458648294
0.00108107179403305
0.000823242997284979
0.000538274238351732
0.000827766314614564
0.00134342396631837
0.00113535160198808
0.000963465718086809
0.00101322215050459
0.000854906160384417
0.000732776708900929
0.000945372448768467
0.00078253319952637
0.000352818431565538
0.000714683497790247
0.000628740526735783
0.000479471200378612
0.000506611075252295
0.000569937459658831
0.000841336266603321
0.00113535160198808
0.00134794728364795
0.00168719585053623
0.00187717494554818
0.0133347269147635
0.0376565828919411
0.0271263085305691
0.00360055733472109
0.0021621435880661
0.00142032036092132
0.00204906077124178
0.00162839272525162
0.00109464174602181
0.00119867792818695
0.00151983322575688
0.00176409212872386
0.00122581783216447
0.000895616016350687
0.000954419083427638
0.000963465718086809
0.00166005594655871
0.00211238721385598
0.00162386940792203
0.00112178164999932
0.000737300026230514
0.00137508718762547
0.00129819090943784
0.00104940868914127
0.00079157977597788
0.0014519834658131
0.00179123203270137
0.00106750184204429
0.000841336266603321
0.000945372448768467
0.000701113545801491
0.000624217209406197
0.000990605563856661
0.00109916506335139
0.00147007673513144
0.001157968188636
0.00226617977023125
0.00192240811884403
0.00106297864113003
0.00125748105347157
0.00421572802588344
0.0152073791250587
0.0161029938608408
0.00565414130687714
0.00253757857717574
0.00204453757032752
0.00161029945593327
0.000909185968339443
0.00114892155397683
0.00105393200647086
0.000701113545801491
0.00138413382228464
0.00126200437080115
0.000814196362625807
0.000597077305428684
0.000633263844065368
0.000646833796054125
0.00133890064898878
0.00132985401432961
0.000705636863131076
0.000886569381691515
0.00097251235274598
0.00101322215050459
0.00147007673513144
0.00142936699558049
0.00200382783077657
0.0016012528212741
0.00104488537181169
0.000995128881186247
0.00123034114949405
0.000990605563856661
0.000796103093307465
0.00111725833266973
0.00131176086142659
0.000891092699021101
0.00105393200647086
0.00227974983863533
0.00190431484952569
0.00170076568610966
0.00170076568610966
0.00308942282572389
0.00413883151486516
0.00354627752676606
0.00368197681382298
0.00192693143617362
0.00107202515937388
0.00106750184204429
0.00122581783216447
0.000909185968339443
0.000664927007164806
0.000456854613730684
0.000759916612878442
0.000818719679955393
0.000827766314614564
0.000624217209406197
0.000633263844065368
0.000863952795043588
0.00109916506335139
0.00100417551584542
0.000673973641823977
0.000569937459658831
0.000569937459658831
0.000773486564867198
0.000845859583932906
0.000827766314614564
0.000805149727966636
0.000936325814109296
0.000723730074241757
0.000569937459658831
0.000502087757922709
0.000411621498642489
0.000696590228471905
0.000986082246527076
0.000588030728977174
0.000778009882196784
0.00105845532380044
0.00100417551584542
0.00102679210249335
0.000958942400757223
0.00132080737967044
0.00334725179709494
0.00448712659999728
0.00307585299015045
0.0017821853980422
0.00110368838068098
0.00141579704359174
0.00144746014848351
0.000773486564867198
0.000497564440593123
0.000624217209406197
0.000529227661900222
0.00104940868914127
0.000986082246527076
0.000664927007164806
0.00104940868914127
0.000886569381691515
0.000601600622758269
0.00046137793106027
0.000678496959153563
0.000529227661900222
0.000927279179450125
0.000967989035416394
0.000845859583932906
0.000578984094318002
0.000705636863131076
0.000642310478724539
0.000872999429702759
0.00116701482329518
0.000565414142329246
0.000655880430713296
0.000877522747032344
0.00108107179403305
0.001569589599967
0.000949895766098052
0.00061064725741744
0.000796103093307465
0.00141127372626215
0.00138865713961422
0.00118058477528393
0.00306228292174637
0.00377696636132896
0.00481732841581106
0.00558629166334867
0.00318441237322986
0.00175504549406469
0.00131628417875618
0.00132080737967044
0.00109464174602181
0.000818719679955393
0.000551844190340489
0.000389004941098392
0.000253305537626147
0.000692066911142319
0.000692066911142319
0.00037091167178005
0.000402574863983318
0.000502087757922709
0.000863952795043588
0.000746346660889685
0.000493041123263538
0.000615170574747026
0.000502087757922709
0.000470424565719441
0.000312108604703099
0.000569937459658831
0.00107654847670346
0.00124391110148281
0.000683020276483148
0.000515657709911466
0.000569937459658831
0.00037091167178005
0.000316631922032684
0.000542797555681318
0.000637787161394954
0.000768963247537613
0.000764439930208027
0.000872999429702759
0.00123938778415322
0.00111273501534015
0.0017505221767351
0.00193597807083279
0.0061064725741744
0.00778009882196784
0.00474043237045407
0.0012167711975053
0.000927279179450125
0.000863952795043588
0.000723730074241757
0.000429714738857001
0.000664927007164806
0.000809673045296222
0.000569937459658831
0.000664927007164806
0.000637787161394954
0.000456854613730684
0.000524704344570637
0.000895616016350687
0.000918232544790953
0.00111273501534015
0.000886569381691515
0.000818719679955393
0.000692066911142319
0.000818719679955393
0.000809673045296222
0.00093180249677971
0.00172338227275759
0.00120320124551654
0.000823242997284979
0.000818719679955393
0.000701113545801491
0.000859429477714002
0.000850382843054831
0.00117153814062476
0.000710160180460662
0.00113535160198808
0.00161482277326286
0.00169171916786581
0.00152435654308647
0.00194050138816237
0.00350556778721511
0.00849025882780552
0.00720111466944218
0.00988343916833401
0.00536917289718986
0.00209881737828255
0.00171433563809842
0.0022254700306803
0.00201739766635001
0.00205810740590096
0.00171433563809842
0.00140222709160298
0.00221190019510686
0.00212143384851515
0.0011896314099431
0.00140675040893257
0.00098155892919749
0.00110821169801056
0.00191788480151445
0.00227522640489042
0.0025013922713697
0.00260542845353484
0.00265970802865922
0.00287230382673442
0.0026687546633184
0.00221190019510686
0.00216666702181101
0.00172338227275759
0.00116249150596559
0.00112178164999932
0.00131176086142659
0.000913709227461368
0.0011896314099431
0.00176861544605345
0.00126200437080115
0.000787056458648294
0.00150626327376813
0.00234307628124952
0.00199930439703166
0.00187717494554818
0.00392171228304505
0.00517014693468809
0.00605671619996429
0.00780723849311471
0.00561795476824045
0.0020128742326051
0.000836812949273735
0.00113987491931766
0.00134342396631837
0.00107654847670346
0.000977035611867905
0.00137508718762547
0.00118058477528393
0.000823242997284979
0.000723730074241757
0.000814196362625807
0.00112630496732891
0.00130271422676742
0.00123034114949405
0.000646833796054125
0.000497564440593123
0.000687543593812734
0.00083228963194415
0.000886569381691515
0.00109464174602181
0.00108559511136264
0.000683020276483148
0.000737300026230514
0.000398051546653733
0.000352818431565538
0.000683020276483148
0.000655880430713296
0.000592554046306759
0.00104940868914127
0.000886569381691515
0.000628740526735783
0.000805149727966636
0.00104488537181169
0.00118510809261352
0.00199930439703166
0.00164648599456996
0.00372268678620458
0.00632359180599451
0.00603409949690104
0.00315274926833808
0.0015469731297344
0.000556367507670075
0.000615170574747026
0.00065135711338371
0.000334725162247196
0.00037091167178005
0.000542797555681318
0.000949895766098052
0.000750869978219271
0.00037091167178005
0.000262352172285318
0.000361865037120879
0.000398051546653733
0.00037091167178005
0.000655880430713296
0.000723730074241757
0.000723730074241757
0.000737300026230514
0.000714683497790247
0.000737300026230514
0.000601600622758269
0.000493041123263538
0.000592554046306759
0.000827766314614564
0.000524704344570637
0.000357341748895124
0.000592554046306759
0.000574460776988417
0.000565414142329246
0.000434238056186587
0.000474947883049026
0.00065135711338371
0.00105845532380044
0.00103131541982293
0.00155601976439357
0.00164648599456996
0.00254210201092064
0.00447808019816875
0.00417049461975694
0.00248782220296562
0.00124843441881239
0.000877522747032344
0.000655880430713296
0.000768963247537613
0.000646833796054125
0.000533750921022147
0.000701113545801491
0.000701113545801491
0.000443284690845758
0.00042066813330166
0.000483994517708197
0.000796103093307465
0.00109011842869222
0.00079157977597788
0.000452331325504929
0.000615170574747026
0.000696590228471905
0.000669450324494392
0.000746346660889685
0.000542797555681318
0.000465901248389855
0.000619693892076611
0.00106750184204429
0.000678496959153563
0.000502087757922709
0.000755393295548856
0.000737300026230514
0.000787056458648294
0.0007418233435601
0.000538274238351732
0.000574460776988417
0.000710160180460662
0.000963465718086809
0.000958942400757223
0.000850382843054831
0.00224808673374355
0.00337439170107245
0.00321607571095228
0.00247425236739218
0.00280897738412023
0.00147007673513144
0.00141127372626215
0.00108559511136264
0.000891092699021101
0.000827766314614564
0.000859429477714002
0.000701113545801491
0.000646833796054125
0.000746346660889685
0.000624217209406197
0.00065135711338371
0.000999652198515832
0.000895616016350687
0.000814196362625807
0.000646833796054125
0.000945372448768467
0.00112178164999932
0.001008698833175
0.000940849131438881
0.00106297864113003
0.000995128881186247
0.000701113545801491
0.000768963247537613
0.000900139333680272
0.000850382843054831
0.000687543593812734
0.000796103093307465
0.00105845532380044
0.000940849131438881
0.00097251235274598
0.00102679210249335
0.000977035611867905
0.000764439930208027
0.000877522747032344
0.00159220618661493
0.00188169826287776
0.00143841363023967
0.00218928349204361
0.00264161475934088
0.0014836466871202
0.00124391110148281
0.00120320124551654
0.00115344487130642
0.00113535160198808
0.000723730074241757
0.000728253391571343
0.0010403620544821
0.000877522747032344
0.00104940868914127
0.00104488537181169
0.000456854613730684
0.00065135711338371
0.000823242997284979
0.000850382843054831
0.000547320873010904
0.000909185968339443
0.00130271422676742
0.0011896314099431
0.000569937459658831
0.00101322215050459
0.001008698833175
0.000687543593812734
0.0007418233435601
0.000940849131438881
0.00097251235274598
0.000868476112373173
0.000655880430713296
0.00105845532380044
0.00117153814062476
0.000755393295548856
0.00083228963194415
0.00109916506335139
0.00117606145795435
0.00131176086142659
0.00149721663910896
0.00155149644706398
0.00238830922171474
0.00369102344848216
0.00316179590299726
0.00220285356044769
0.000872999429702759
0.000746346660889685
0.000768963247537613
0.000787056458648294
0.000732776708900929
0.00109464174602181
0.00103583873715252
0.000583507411647588
0.000601600622758269
0.000678496959153563
0.000493041123263538
0.000841336266603321
0.00127105100546032
0.00120772456284612
0.000850382843054831
0.000872999429702759
0.00123938778415322
0.00122129451483488
0.000958942400757223
0.00109011842869222
0.000927279179450125
0.000841336266603321
0.000999652198515832
0.00106750184204429
0.00111273501534015
0.00110821169801056
0.000904662651009858
0.00112630496732891
0.00103583873715252
0.000913709227461368
0.000701113545801491
0.000520181027241051
0.000728253391571343
0.0010403620544821
0.000827766314614564
0.000949895766098052
0.00147460005246103
0.00200382783077657
0.0022254700306803
0.00196764129213989
0.00126652768813074
0.000646833796054125
0.000696590228471905
0.000823242997284979
0.000818719679955393
0.000764439930208027
0.000619693892076611
0.000574460776988417
0.000814196362625807
0.000877522747032344
0.000398051546653733
0.000425191421527415
0.000714683497790247
0.000732776708900929
0.000859429477714002
0.00101774546783417
0.000705636863131076
0.000578984094318002
0.000701113545801491
0.00078253319952637
0.000678496959153563
0.000759916612878442
0.000877522747032344
0.000592554046306759
0.000565414142329246
0.0010403620544821
0.000868476112373173
0.00122129451483488
0.000936325814109296
0.000891092699021101
0.00126200437080115
0.00116249150596559
0.00126200437080115
0.00097251235274598
0.00098155892919749
0.000999652198515832
0.00252853194251657
0.0020807241089642
0.00151983322575688
0.00177766208071262
0.00161482277326286
0.00126652768813074
0.00114892155397683
0.000958942400757223
0.000520181027241051
0.000787056458648294
0.00104488537181169
0.000872999429702759
0.00101322215050459
0.00109464174602181
0.00079157977597788
0.00061064725741744
0.000664927007164806
0.000483994517708197
0.0007418233435601
0.000692066911142319
0.000411621498642489
0.000673973641823977
0.000633263844065368
0.00103583873715252
0.000872999429702759
0.000823242997284979
0.000859429477714002
0.000872999429702759
0.00065135711338371
0.000678496959153563
0.000800626410637051
0.00101322215050459
0.000872999429702759
0.000967989035416394
0.001008698833175
0.000900139333680272
0.00113987491931766
0.00120320124551654
0.00130723754409701
0.00140675040893257
0.00206715404056013
0.00147007673513144
0.00146555341780186
0.00173242890741676
0.00139318045694381
0.000683020276483148
0.000872999429702759
0.000692066911142319
0.000692066911142319
0.000800626410637051
0.000660403689835221
0.00065135711338371
0.00097251235274598
0.00132533069700003
0.000719206815119833
0.000814196362625807
0.000913709227461368
0.00113082828465849
0.000922755862120539
0.00098155892919749
0.000886569381691515
0.000750869978219271
0.00079157977597788
0.000728253391571343
0.000447808008175343
0.000646833796054125
0.000660403689835221
0.000506611075252295
0.000556367507670075
0.000619693892076611
0.000660403689835221
0.000583507411647588
0.00079157977597788
0.000949895766098052
0.000990605563856661
0.000977035611867905
0.000800626410637051
0.000958942400757223
0.0018138486193493
0.00242901919409633
0.00241544912569225
0.00237926281988621
0.00165553262922913
0.000678496959153563
0.000809673045296222
0.000746346660889685
0.000936325814109296
0.000366388354450464
0.000497564440593123
0.000624217209406197
0.00083228963194415
0.000796103093307465
0.000841336266603321
0.000619693892076611
0.000646833796054125
0.000977035611867905
0.000999652198515832
0.000854906160384417
0.000606123940087855
0.00051113439258188
0.00051113439258188
0.000366388354450464
0.000515657709911466
0.000764439930208027
0.000673973641823977
0.00056089082499966
0.000416144815972075
0.000533750921022147
0.000601600622758269
0.000547320873010904
0.000569937459658831
0.000393528229324147
0.000438761373516172
0.000646833796054125
0.000787056458648294
0.000773486564867198
0.000728253391571343
0.000854906160384417
0.000859429477714002
0.000877522747032344
0.00194050138816237
0.00212595728226006
0.00163743935991079
