% Type: Spectrum
% Date: 10-DEC-24 17:08:37
% NoOfItems: = 1601
% Unit_Y: = mm/s
% Unit_X: = Hz
% Min_X: = 0
% Max_X: = 1000
% MinDisplay_X: = 0
% MaxDisplay_X: = 1000
0
0
0
0
0.0170886032283306
0.0194347761571407
0.0166424456983805
0.0174039900302887
0.013623190112412
0.0101577769964933
0.0100116217508912
0.00734236882999539
0.00791160389780998
0.00508850393816829
0.00416926527395844
0.00487696379423142
0.0109077831730247
0.0125193344429135
0.0103039322420955
0.0103693166747689
0.00727313756942749
0.00441157491877675
0.00341541296802461
0.00252309790812433
0.00210770987905562
0.00245002028532326
0.00334618170745671
0.00325387320481241
0.00198078574612737
0.00181155349127948
0.00124231807421893
0.00213463301770389
0.00276156142354012
0.00238463515415788
0.00178078399039805
0.00170770648401231
0.00131924171000719
0.00204617087729275
0.00170770648401231
0.134924203157425
0.252059787511826
0.117181740701199
0.0036769537255168
0.00348079809919
0.00180001498665661
0.00161155185196549
0.00158078235108405
0.000950007874052972
0.00204232474789023
0.00190386199392378
0.0017192451050505
0.001665398478508
0.00195386237464845
0.0019077081233263
0.00144231971353292
0.00091539224376902
0.00110770156607032
0.00119616382289678
0.000815391365904361
0.00110000919084996
0.00220001838169992
0.00607697339728475
0.00710005918517709
0.00676159467548132
0.00290387030690908
0.00241540465503931
0.0013730883365497
0.000926930806599557
0.000823083741124719
0.00139231921639293
0.00250386702828109
0.0030923334416002
0.00139616546221077
0.00123077945318073
0.0020115552470088
0.00300387106835842
0.00544619932770729
0.00515773519873619
0.00846930127590895
0.0998046770691872
0.208055570721626
0.125251039862633
0.01064239628613
0.00426542013883591
0.00221924926154315
0.0020923251286149
0.00218847976066172
0.00114231719635427
0.000653851602692157
0.00138462684117258
0.00170386035460979
0.00213847937993705
0.00336541258729994
0.00285771605558693
0.00250002066604793
0.00198078574612737
0.00200386275537312
0.00189616961870342
0.00378849310800433
0.00517311971634626
0.00446157576516271
0.011373171582818
0.0055385073646903
0.00506542669609189
0.00465773092582822
0.0020807865075767
0.0039077247492969
0.00526542821899056
0.00336925871670246
0.00519235106185079
0.00513081206008792
0.0042884973809123
0.00459619192406535
0.00492696417495608
0.00895392056554556
0.0142962727695704
0.0105193182826042
0.00853853207081556
0.00797698926180601
0.0572889372706413
0.0868161097168922
0.0332233533263206
0.00961546413600445
0.0102077769115567
0.00793083477765322
0.0077692954801023
0.00430003553628922
0.00372310797683895
0.00294233206659555
0.00175770686473697
0.00251540541648865
0.00267309905029833
0.00250771315768361
0.00208463263697922
0.00192693911958486
0.00184616923797876
0.00151924334932119
0.00211155600845814
0.00295002455823123
0.00330771971493959
0.000723082921467721
0.00263079116120934
0.00270002242177725
0.00240386603400111
0.00133078033104539
0.00122693332377821
0.00134231883566827
0.00185386161319911
0.00129616458434612
0.00130001083016396
0.0011730866972357
0.00230001914314926
0.00233848090283573
0.00117693282663822
0.00225771102122962
0.00642697652801871
0.00707698194310069
0.0057231243699789
0.00793083477765322
0.0369426161050796
0.0540735274553299
0.0285694673657417
0.012100100517273
0.00710775144398212
0.00336925871670246
0.00264617591165006
0.00150770484469831
0.00105770106893033
0.00168078322894871
0.00139616546221077
0.000857699429616332
0.000615389726590365
0.000534619844984263
0.000615389726590365
0.000580774038098753
0.000415388058172539
0.000369233835954219
0.000930776994209737
0.000853853242006153
0.000761544797569513
0.000623082101810724
0.000923084618989378
0.000926930806599557
0.000600004976149648
0.000980777433142066
0.000619235914200544
0.000603851163759828
0.000753852422349155
0.000888468930497766
0.000888468930497766
0.000815391365904361
0.00134616508148611
0.000769237172789872
0.000888468930497766
0.00113077857531607
0.00183078448753804
0.00231540389358997
0.00226155715063214
0.00127693370450288
0.0118693290278316
0.0188309252262115
0.00778852635994554
0.00189616961870342
0.00165001372806728
0.00118462520185858
0.00208463263697922
0.00143078109249473
0.000719236733857542
0.000584620225708932
0.00103847018908709
0.00107308581937104
0.000861545617226511
0.000888468930497766
0.000900007493328303
0.000803852861281484
0.000338464364176616
0.00101539306342602
0.0012000099522993
0.000773083360400051
0.00055000459542498
0.000326925801346079
0.000565389287658036
0.000634620664641261
0.000600004976149648
0.000619235914200544
0.000480773218441755
0.00036538764834404
0.00027692539151758
0.000434618996223435
0.000565389287658036
0.000523081282153726
0.000715390546247363
0.000965392624493688
0.00138078071177006
0.0011730866972357
0.0010000083129853
0.00138462684117258
0.00164232135284692
0.00227694190107286
0.01706937327981
0.0275156125426292
0.0337887406349182
0.0142962727695704
0.000992315937764943
0.000980777433142066
0.000961546436883509
0.000484619406051934
0.000315387238515541
0.000700005795806646
0.000757698609959334
0.000596158788539469
0.000565389287658036
0.000680774915963411
0.000257694453466684
0.00027692539151758
0.00036538764834404
0.000338464364176616
0.000573081662878394
0.000446157559053972
0.000346156710293144
0.000311541050905362
0.000323079613735899
0.000446157559053972
0.000303848675685003
0.000426926621003076
0.000326925801346079
0.000388464774005115
0.000334618176566437
0.000373080023564398
0.000573081662878394
0.000850007054395974
0.000884622742887586
0.000846160866785795
0.000926930806599557
0.000769237172789872
0.00146924296859652
0.0018269382417202
0.00133847270626575
0.0035615679807961
0.0272002257406712
0.0340541303157806
0.0098962364718318
0.00540773710235953
0.00417695799842477
0.00163847510702908
0.00204617087729275
0.00163847510702908
0.00109616294503212
0.00127693370450288
0.000980777433142066
0.00108847056981176
0.00111539394129068
0.000811545178294182
0.000930776994209737
0.00133847270626575
0.000850007054395974
0.000673082540743053
0.000765390985179693
0.00131154933478683
0.00143462733831257
0.00214232550933957
0.00288079306483269
0.00102693156804889
0.00225001876242459
0.00253463652916253
0.000723082921467721
0.000926930806599557
0.000880776555277407
0.000580774038098753
0.00127693370450288
0.00135001121088862
0.000969238812103868
0.00107308581937104
0.00167693698313087
0.00177693786099553
0.00213078688830137
0.00206155562773347
0.00178847636561841
0.00268463767133653
0.00741544645279646
0.0106116263195872
0.0127347214147449
0.0057462016120553
0.00133847270626575
0.00234617339447141
0.0030115635599941
0.00156155147124082
0.0015346280997619
0.00181924586649984
0.00128847220912576
0.00104231631848961
0.0015461667208001
0.000919238431379199
0.000969238812103868
0.00143462733831257
0.00144231971353292
0.00129616458434612
0.00123077945318073
0.000938469311222434
0.00114616332575679
0.0017461683601141
0.00221540313214064
0.00153078197035938
0.00154232047498226
0.00156924384646118
0.00128462607972324
0.00120385619811714
0.00077692954801023
0.000769237172789872
0.00127308745868504
0.00104616256430745
0.00148847396485507
0.00159616710152477
0.00173847598489374
0.002173095010221
0.00428080465644598
0.00348079809919
0.00346541334874928
0.00453849928453565
0.0200732443481684
0.0222386457026005
0.00850776303559542
0.00344618246890604
0.00222309539094567
0.00146155059337616
0.00237694289535284
0.00193847762420774
0.00160001334734261
0.00196155486628413
0.00125770270824432
0.00163078273180872
0.00213463301770389
0.00196924712508917
0.00145770446397364
0.00204617087729275
0.00175001448951662
0.000911546056158841
0.00113462482113391
0.0010000083129853
0.00086539180483669
0.00136924220714718
0.0012115485733375
0.00106154731474817
0.000988469808362424
0.00105770106893033
0.00113847095053643
0.00111539394129068
0.000907699868548662
0.000857699429616332
0.00114231719635427
0.00140770396683365
0.00165770610328764
0.00175386073533446
0.00248463614843786
0.00260386778973043
0.00267309905029833
0.00106154731474817
0.00253079016692936
0.00391541700810194
0.0117770209908485
0.0119770225137472
0.00495388731360435
0.00910776760429144
0.0039192633703351
0.0029192550573498
0.00306541007012129
0.00254232878796756
0.00253079016692936
0.00483465567231178
0.00474619306623936
0.00296540930867195
0.00300387106835842
0.00233078864403069
0.00217694113962352
0.00171155272983015
0.00191540049854666
0.00179616874083877
0.00228848052211106
0.00255386740900576
0.00125770270824432
0.00120770232751966
0.00142308871727437
0.00149232009425759
0.00162309035658836
0.00226155715063214
0.00186155398841947
0.00172693748027086
0.00213463301770389
0.00140385783743113
0.00131539558060467
0.00178847636561841
0.00139231921639293
0.00243848189711571
0.00191540049854666
0.00228078826330602
0.00417311163619161
0.00389618612825871
0.00438465178012848
0.0123693337664008
0.0458119176328182
0.0434465147554874
0.00965392682701349
0.00594620313495398
0.00397695600986481
0.00226155715063214
0.00202693999744952
0.00165001372806728
0.00163078273180872
0.00171155272983015
0.00193847762420774
0.00163078273180872
0.00157693622168154
0.00203078612685204
0.0017192451050505
0.00171539885923266
0.00215001776814461
0.00182309211231768
0.00133462646044791
0.000992315937764943
0.000976931187324226
0.00139616546221077
0.00119616382289678
0.00150770484469831
0.00214617163874209
0.00222694152034819
0.00160001334734261
0.000861545617226511
0.00104231631848961
0.00127308745868504
0.00167693698313087
0.00111539394129068
0.00135001121088862
0.0026654067914933
0.00253463652916253
0.00227309577167034
0.00291156256571412
0.00377310835756361
0.00445388304069638
0.00957700237631798
0.0314964167773724
0.0340887457132339
0.0175347607582808
0.0111731700599194
0.00518465833738446
0.00501542631536722
0.00496542593464255
0.00310002570040524
0.0018384768627584
0.00211924850009382
0.00278848479501903
0.00208847899921238
0.00197693961672485
0.00293848593719304
0.00307310256175697
0.00266925292089582
0.00215001776814461
0.00275386893190444
0.00323079619556665
0.00211155600845814
0.00222694152034819
0.002573098288849
0.00181539973709732
0.00150001246947795
0.00440772902220488
0.0057346629910171
0.0038154162466526
0.001665398478508
0.00203078612685204
0.00213078688830137
0.0021038637496531
0.00236540427431464
0.00182309211231768
0.0019884780049324
0.00220771064050496
0.00362695311196148
0.00663082441315055
0.00436926726251841
0.00478080892935395
0.00982315838336945
0.0171270649880171
0.0171886049211025
0.0136154973879457
0.00688082631677389
0.00591543363407254
0.00533465994521975
0.00407695677131414
0.00243463553488255
0.00435772864148021
0.00458465330302715
0.00407695677131414
0.00313848769292235
0.00210770987905562
0.00230001914314926
0.00284233130514622
0.00272309966385365
0.00244617415592074
0.0039192633703351
0.00376926199533045
0.00237694289535284
0.00159616710152477
0.00235001952387393
0.00210770987905562
0.00265771429985762
0.00251155928708613
0.00255386740900576
0.00331156607717276
0.00255386740900576
0.00181155349127948
0.00246540503576398
0.00194232387002558
0.00224232627078891
0.00216540251858532
0.00233463477343321
0.00347310584038496
0.00570389349013567
0.0109385522082448
0.00896161329001188
0.00547312246635556
0.00967315770685673
0.0189924649894238
0.0190540049225092
0.0110116302967072
0.00475773168727756
0.00400387961417437
0.00744236959144473
0.00687313405796886
0.0039423406124115
0.00607697339728475
0.00616158964112401
0.00412311125546694
0.00230771140195429
0.00321156508289278
0.00281156180426478
0.00351926009170711
0.00470388540998101
0.00329618132673204
0.00320387282408774
0.00384233961813152
0.00362310698255897
0.0029192550573498
0.00256925215944648
0.00356541434302926
0.00328848883509636
0.00254232878796756
0.00357695273123682
0.00548850698396564
0.00412311125546694
0.00298079405911267
0.00346156721934676
0.00312310294248164
0.00490004057064652
0.00561158498749137
0.00473850080743432
0.00507311895489693
0.00971546582877636
0.0185347702354193
0.0142270410433412
0.00646543828770518
0.0121731776744127
0.0346425957977772
0.0350079834461212
0.0183963067829609
0.0096654649823904
0.00694236531853676
0.00997315999120474
0.00858468655496836
0.00648082327097654
0.00555389234796166
0.00561158498749137
0.0040346491150558
0.00298464018851519
0.00399234099313617
0.0030115635599941
0.00363079947419465
0.00380003149621189
0.0033884895965457
0.00406157225370407
0.00389618612825871
0.003838493488729
0.00258463690988719
0.0036538764834404
0.00427695875987411
0.00435003638267517
0.00317694945260882
0.00161924422718585
0.00360772223211825
0.00291540892794728
0.00230771140195429
0.00216924888081849
0.00310771819204092
0.00277694617398083
0.00382310873828828
0.00555389234796166
0.00326925795525312
0.00658466992899775
0.0121039468795061
0.00785391125828028
0.00516542745754123
0.0180924572050571
0.0451734513044357
0.0376195423305035
0.019727086648345
0.00957700237631798
0.0073077529668808
0.00458080740645528
0.00378080061636865
0.00317310332320631
0.00207694037817419
0.0023884812835604
0.00220386451110244
0.00197693961672485
0.00185001536738127
0.00181155349127948
0.00200770888477564
0.00274233054369688
0.00177309161517769
0.0033884895965457
0.00421926565468311
0.0035846452228725
0.00292310118675232
0.00336156645789742
0.00307694869115949
0.00266156066209078
0.00350387534126639
0.00333079695701599
0.00203847838565707
0.00230001914314926
0.00222694152034819
0.00141155021265149
0.00115385570097715
0.0020807865075767
0.00265771429985762
0.00266925292089582
0.00286540854722261
0.00438080541789532
0.00625389814376831
0.00515773519873619
0.00456926878541708
0.0200770907104015
0.0429849736392498
0.0278233084827662
0.00893084332346916
0.00779621861875057
0.00601543439552188
0.00432311277836561
0.00278463843278587
0.00270771491341293
0.00353849097155035
0.00251155928708613
0.00326541182585061
0.0040000332519412
0.00240386603400111
0.00178463023621589
0.00208463263697922
0.00378080061636865
0.00253848265856504
0.00382310873828828
0.00372695410624146
0.00344233633950353
0.0028961778152734
0.00211155600845814
0.00161539809778333
0.00301540968939662
0.00315387244336307
0.00240386603400111
0.00214617163874209
0.00299617880955338
0.00219617201946676
0.00126539508346468
0.00141155021265149
0.00215001776814461
0.00209617125801742
0.00175386073533446
0.00192693911958486
0.00305771781131625
0.00390387861989439
0.00408464949578047
0.00371926161460578
0.00991162098944187
0.0152193568646908
0.0144885815680027
0.00727313756942749
0.00666159391403198
0.00530004408210516
0.00391541700810194
0.00396541738882661
0.002173095010221
0.00248463614843786
0.0020000166259706
0.00225771102122962
0.00305771781131625
0.0020115552470088
0.00180001498665661
0.00214617163874209
0.00277694617398083
0.00191540049854666
0.00293463980779052
0.00303464056923985
0.002573098288849
0.00188078486826271
0.00145770446397364
0.00185001536738127
0.00312310294248164
0.00312310294248164
0.00194232387002558
0.0020000166259706
0.00216540251858532
0.00155770522542298
0.00130385695956647
0.00132308795582503
0.00177693786099553
0.00214232550933957
0.00204617087729275
0.00170770648401231
0.00302694831043482
0.00355387572199106
0.00159616710152477
0.00193463149480522
0.00809622090309858
0.0204578619450331
0.0165732149034739
0.00400772551074624
0.00498081045225263
0.00348849059082568
0.00288463942706585
0.00259617553092539
0.00169616797938943
0.00173462985549122
0.0012000099522993
0.0019192467443645
0.00292694731615484
0.00158078235108405
0.00120385619811714
0.00225771102122962
0.0021038637496531
0.00144616584293544
0.00253848265856504
0.00294233206659555
0.00193463149480522
0.00136924220714718
0.00183078448753804
0.00183463061694056
0.00261156028136611
0.00230001914314926
0.00123847182840109
0.00181924586649984
0.00149232009425759
0.00128462607972324
0.0012807798339054
0.00105770106893033
0.00126924132928252
0.00161155185196549
0.00111154769547284
0.00140385783743113
0.00206540175713599
0.0026423295494169
0.00197693961672485
0.00234232726506889
0.00384233961813152
0.00621159002184868
0.00593466451391578
0.00527696684002876
0.00444619078189135
0.00313848769292235
0.00235771201550961
0.00197693961672485
0.00188847724348307
0.0016538598574698
0.000950007874052972
0.0010807781945914
0.0024807897862047
0.00148462771903723
0.000680774915963411
0.00136539596132934
0.00170001410879195
0.00131539558060467
0.00306925619952381
0.00319618033245206
0.00176924548577517
0.000807699048891663
0.000823083741124719
0.00124616420362145
0.00112693244591355
0.00063846685225144
0.00101923919282854
0.00200770888477564
0.00156924384646118
0.000873084180057049
0.00143462733831257
0.0014538582181558
0.00115000957157463
0.00151155097410083
0.00132693408522755
0.00158847472630441
0.00183078448753804
0.00221540313214064
0.00166155223269016
0.00241155852563679
0.0125347198918462
0.0478965528309345
0.041954193264246
0.0073077529668808
0.00185001536738127
0.00151155097410083
0.00104231631848961
0.000773083360400051
0.0010923168156296
0.00141539634205401
0.000950007874052972
0.00106923968996853
0.00144231971353292
0.00131539558060467
0.00152693572454154
0.00135770358610898
0.00185770774260163
0.00185770774260163
0.00386157049797475
0.00251925177872181
0.000853853242006153
0.000476927030831575
0.000553850783035159
0.00103462394326925
0.00243078940548003
0.00205770949833095
0.000973084999714047
0.00107693206518888
0.000973084999714047
0.00081923755351454
0.00128462607972324
0.00144616584293544
0.00104616256430745
0.00100770068820566
0.000696159608196467
0.00104231631848961
0.0017461683601141
0.00236925040371716
0.00180001498665661
0.00468080816790462
0.0275540743023157
0.0926661565899849
0.0768775641918182
0.0130462618544698
0.00243078940548003
0.00219232589006424
0.00260002166032791
0.0017192451050505
0.00114231719635427
0.00124231807421893
0.00100770068820566
0.00129616458434612
0.00139616546221077
0.000738467671908438
0.001665398478508
0.00136539596132934
0.00148078158963472
0.00135001121088862
0.0030923334416002
0.00287694693543017
0.00117693282663822
0.000846160866785795
0.00119616382289678
0.00106539344415069
0.00118847144767642
0.000680774915963411
0.000861545617226511
0.00103847018908709
0.00104231631848961
0.00145001208875328
0.00157693622168154
0.00175386073533446
0.000661543977912515
0.000711544358637184
0.00152693572454154
0.00200386275537312
0.00163847510702908
0.00176155311055481
0.00249232840724289
0.00233848090283573
0.0170155260711908
0.0407195687294006
0.0263579115271568
0.0027577152941376
0.00211155600845814
0.00144616584293544
0.00102308543864638
0.0014538582181558
0.0012000099522993
0.00154232047498226
0.00161155185196549
0.00132308795582503
0.00165001372806728
0.00204232474789023
0.00151539721991867
0.00140385783743113
0.00236540427431464
0.00325771933421493
0.00481927068904042
0.00330387358553708
0.00193847762420774
0.00114231719635427
0.000900007493328303
0.00168462935835123
0.0039077247492969
0.00287310080602765
0.0010000083129853
0.000726929109077901
0.00118462520185858
0.00144616584293544
0.0012923184549436
0.0011730866972357
0.00198078574612737
0.00161924422718585
0.00138847308699042
0.00148462771903723
0.00198078574612737
0.00244232802651823
0.00220001838169992
0.00262694479897618
0.0106808580458164
0.036150299012661
0.0317233391106129
0.00786545034497976
0.00318848807364702
0.000976931187324226
0.00103077781386673
0.000976931187324226
0.00132693408522755
0.00160385947674513
0.00143078109249473
0.00128462607972324
0.00194616999942809
0.00151155097410083
0.000911546056158841
0.00105000869370997
0.00125770270824432
0.00091539224376902
0.00188078486826271
0.00202309363521636
0.00119231757707894
0.00106539344415069
0.00124231807421893
0.00131924171000719
0.00258079078048468
0.00187309249304235
0.00128462607972324
0.00136154983192682
0.00140385783743113
0.00200770888477564
0.00233848090283573
0.00195770850405097
0.00160770572256297
0.00144231971353292
0.00114616332575679
0.00132308795582503
0.00134231883566827
0.00105000869370997
0.00136924220714718
0.00204617087729275
0.0103770093992352
0.0310194883495569
0.0250540543347597
0.00601928075775504
0.00392310973256826
0.00251925177872181
0.00186155398841947
0.00156155147124082
0.00115770194679499
0.000961546436883509
0.000992315937764943
0.000946161686442792
0.00175770686473697
0.00133078033104539
0.000834622303955257
0.000842314679175615
0.00147308921441436
0.00136924220714718
0.00186924636363983
0.0020807865075767
0.0015461667208001
0.00118462520185858
0.00123847182840109
0.00177309161517769
0.00348079809919
0.00192693911958486
0.00113077857531607
0.00103462394326925
0.00121924094855785
0.0017192451050505
0.00193463149480522
0.00111154769547284
0.000796160486061126
0.000711544358637184
0.000596158788539469
0.000938469311222434
0.00101154681760818
0.00140001159161329
0.00204617087729275
0.00129616458434612
0.00516542745754123
0.0165155213326216
0.0142847336828709
0.004196188878268
0.002930793678388
0.00203078612685204
0.00115000957157463
0.00164616748224944
0.00144231971353292
0.00158462859690189
0.00126539508346468
0.000826929928734899
0.00124616420362145
0.00103462394326925
0.00148847396485507
0.00145770446397364
0.00160770572256297
0.00152308959513903
0.00140001159161329
0.00160770572256297
0.00197309325449169
0.00108462444040924
0.000834622303955257
0.00118847144767642
0.0024807897862047
0.00219617201946676
0.00204617087729275
0.00172309123445302
0.00103847018908709
0.000850007054395974
0.00132308795582503
0.00185001536738127
0.00181924586649984
0.00156155147124082
0.00155385909602046
0.0015461667208001
0.00146924296859652
0.00292694731615484
0.00239232764579356
0.00215771025978029
0.00588081823661923
0.0106462426483631
0.00733852246776223
0.00340387434698641
0.00190001574810594
0.00220771064050496
0.00200770888477564
0.00114616332575679
0.000765390985179693
0.00151539721991867
0.00168847560416907
0.000992315937764943
0.000884622742887586
0.000684621103573591
0.00106539344415069
0.000953854061663151
0.00111924007069319
0.00111924007069319
0.00130001083016396
0.00173847598489374
0.00196540099568665
0.0014538582181558
0.000653851602692157
0.000673082540743053
0.00131154933478683
0.00144616584293544
0.00118847144767642
0.000888468930497766
0.000750006234738976
0.000846160866785795
0.000746160047128797
0.0012923184549436
0.00122693332377821
0.000884622742887586
0.00167693698313087
0.00151539721991867
0.000846160866785795
0.000673082540743053
0.000807699048891663
0.00203463225625455
0.00360772223211825
0.0089500742033124
0.00798468198627234
0.00297694792971015
0.00158847472630441
0.00152693572454154
0.000896161305718124
0.000919238431379199
0.000934623181819916
0.00130770320538431
0.00101154681760818
0.000715390546247363
0.000692313420586288
0.000850007054395974
0.000723082921467721
0.000519235094543546
0.00100770068820566
0.00123847182840109
0.00170001410879195
0.0014538582181558
0.00101539306342602
0.000950007874052972
0.00101154681760818
0.00115385570097715
0.00108847056981176
0.00102693156804889
0.000934623181819916
0.000650005415081978
0.000711544358637184
0.000588466413319111
0.000992315937764943
0.000938469311222434
0.00107693206518888
0.00105385493952781
0.000553850783035159
0.00139616546221077
0.00175001448951662
0.0020807865075767
0.00222694152034819
0.00416541937738657
0.00866930279880762
0.0118462527170777
0.00698467344045639
0.00648466916754842
0.00526927458122373
0.0027461766730994
0.00382310873828828
0.00248848227784038
0.00194232387002558
0.00241155852563679
0.00195001624524593
0.00228078826330602
0.00163078273180872
0.00132308795582503
0.00143462733831257
0.0026538681704551
0.00357695273123682
0.00214232550933957
0.00140001159161329
0.00192693911958486
0.00164232135284692
0.000830776116345078
0.00110770156607032
0.0025615596678108
0.00213847937993705
0.00170386035460979
0.00187309249304235
0.00115000957157463
0.000923084618989378
0.00139231921639293
0.00127693370450288
0.00159616710152477
0.00176155311055481
0.00253079016692936
0.00176924548577517
0.00112308631651104
0.00149616634007543
0.00185770774260163
0.00161155185196549
0.00245771277695894
0.00540389120578766
0.00631159078329802
0.00788852665573359
0.0057231243699789
0.00463850004598498
0.00164616748224944
0.00177309161517769
0.00150770484469831
0.0018269382417202
0.00170001410879195
0.0014538582181558
0.0010000083129853
0.00108462444040924
0.000980777433142066
0.000696159608196467
0.00113847095053643
0.00140001159161329
0.00101923919282854
0.00136539596132934
0.0016269366024062
0.00128847220912576
0.00114616332575679
0.00086923799244687
0.0011615480761975
0.000873084180057049
0.00110770156607032
0.00140001159161329
0.00123077945318073
0.00118847144767642
0.00116539432201535
0.000703851983416825
0.000246155890636146
0.000815391365904361
0.00144231971353292
0.00156924384646118
0.00124231807421893
0.00139231921639293
0.00260771391913295
0.00273079192265868
0.0026769454125315
0.00507696531713009
0.00713852094486356
0.00515004293993115
0.00205770949833095
0.00198463187552989
0.00122693332377821
0.000842314679175615
0.00152693572454154
0.000896161305718124
0.00131154933478683
0.00132308795582503
0.00105385493952781
0.000669236353132874
0.00073077529668808
0.000938469311222434
0.00113077857531607
0.00133462646044791
0.00120385619811714
0.00103077781386673
0.000896161305718124
0.000623082101810724
0.000588466413319111
0.000630774477031082
0.000815391365904361
0.00103462394326925
0.000576927850488573
0.000650005415081978
0.000665390165522695
0.0012115485733375
0.00147693534381688
0.000942315498832613
0.000584620225708932
0.000657697790302336
0.000880776555277407
0.00145001208875328
0.00176539923995733
0.00194616999942809
0.00185770774260163
0.00179616874083877
0.00183463061694056
0.00330002745613456
0.0075616012327373
0.00485004018992186
0.00211540213786066
0.00132308795582503
0.00210770987905562
0.00150001246947795
0.00086539180483669
0.00149232009425759
0.00154232047498226
0.00100385444238782
0.00086539180483669
0.000376926211174577
0.00081923755351454
0.00139231921639293
0.00123077945318073
0.00086539180483669
0.000769237172789872
0.00121924094855785
0.00138847308699042
0.00106154731474817
0.000884622742887586
0.000765390985179693
0.0010000083129853
0.00116924045141786
0.000988469808362424
0.000607697351370007
0.00107308581937104
0.00111539394129068
0.000626928289420903
0.00050000415649265
0.00105770106893033
0.00127308745868504
0.00111924007069319
0.000996162183582783
0.00149616634007543
0.00145770446397364
0.00135770358610898
0.00118847144767642
0.00162309035658836
0.00373080023564398
0.00479234755039215
0.00444234441965818
0.0040346491150558
0.00274233054369688
0.0020807865075767
0.00194232387002558
0.00127308745868504
0.00138847308699042
0.00126539508346468
0.00134616508148611
0.000965392624493688
0.000476927030831575
0.000492311781272292
0.00119231757707894
0.00136539596132934
0.00091539224376902
0.000607697351370007
0.00104231631848961
0.00105000869370997
0.000926930806599557
0.000853853242006153
0.000826929928734899
0.000923084618989378
0.0011615480761975
0.00133078033104539
0.000861545617226511
0.00103077781386673
0.000842314679175615
0.000946161686442792
0.00121539470274001
0.00135385745670646
0.00171155272983015
0.00176539923995733
0.00100385444238782
0.00144616584293544
0.00147308921441436
0.00119231757707894
0.00162309035658836
0.00195386237464845
0.00230771140195429
0.00353079847991466
0.00429234327748418
0.00316925719380379
0.00316925719380379
0.00246925139799714
0.00206540175713599
0.00116539432201535
0.00111539394129068
0.00086923799244687
0.000888468930497766
0.000734621484298259
0.000842314679175615
0.000700005795806646
0.000857699429616332
0.00137693446595222
0.000923084618989378
0.000700005795806646
0.00132308795582503
0.000911546056158841
0.000480773218441755
0.000488465593662113
0.000565389287658036
0.000842314679175615
0.00130385695956647
0.00128462607972324
0.000434618996223435
0.000873084180057049
0.00101539306342602
0.00114231719635427
0.00106923968996853
0.00121924094855785
0.00142693496309221
0.00135770358610898
0.000973084999714047
0.00130770320538431
0.0012000099522993
0.00170770648401231
0.00192693911958486
0.00143462733831257
0.00333079695701599
0.00628466764464974
0.00481157843023539
0.00358849135227501
0.00313848769292235
0.00234617339447141
0.0018269382417202
0.00131924171000719
0.00101539306342602
0.000600004976149648
0.000807699048891663
0.000650005415081978
0.000734621484298259
0.000823083741124719
0.00100385444238782
0.00128847220912576
0.00121539470274001
0.000757698609959334
0.00112693244591355
0.000607697351370007
0.000653851602692157
0.000934623181819916
0.000965392624493688
0.00100770068820566
0.00103077781386673
0.00102693156804889
0.000573081662878394
0.00101539306342602
0.00086539180483669
0.00101154681760818
0.000800006673671305
0.000461542309494689
0.000684621103573591
0.00118462520185858
0.000773083360400051
0.000996162183582783
0.00146924296859652
0.00152693572454154
0.00135770358610898
0.00160385947674513
0.00232694251462817
0.00609620474278927
0.00522312056273222
0.00367310736328363
0.0027577152941376
0.00187693862244487
0.00166155223269016
0.00123077945318073
0.000953854061663151
0.000926930806599557
0.000976931187324226
0.000796160486061126
0.00086539180483669
0.000861545617226511
0.000896161305718124
0.000946161686442792
0.000669236353132874
0.000515388906933367
0.00063846685225144
0.000492311781272292
0.000534619844984263
0.000907699868548662
0.000746160047128797
0.00115770194679499
0.00106539344415069
0.000761544797569513
0.000465388497104868
0.00124616420362145
0.00151155097410083
0.00140001159161329
0.00133462646044791
0.00110000919084996
0.000642313039861619
0.000946161686442792
0.00111539394129068
0.00180770736187696
0.00203078612685204
0.00153847434557974
0.00167693698313087
0.00177309161517769
0.00363849173299968
0.00539235258474946
0.00356926047243178
0.00213847937993705
0.00248848227784038
0.00201540137641132
0.00175386073533446
0.00106154731474817
0.000719236733857542
0.00100770068820566
0.00114231719635427
0.000903853680938482
0.00118077907245606
0.0010807781945914
0.00108847056981176
0.000742313859518617
0.000615389726590365
0.000842314679175615
0.000965392624493688
0.000511542719323188
0.000542312220204622
0.000573081662878394
0.000884622742887586
0.000969238812103868
0.00111154769547284
0.00106539344415069
0.000873084180057049
0.00122693332377821
0.00104616256430745
0.00101923919282854
0.000842314679175615
0.000969238812103868
0.000684621103573591
0.00086923799244687
0.0011730866972357
0.00144231971353292
0.000842314679175615
0.00133462646044791
0.00175001448951662
0.000961546436883509
0.000934623181819916
0.00266156066209078
0.00401926413178444
0.00331925833597779
0.00244617415592074
0.00191155436914414
0.00128847220912576
0.000892315118107945
0.000803852861281484
0.000661543977912515
0.00122693332377821
0.00120385619811714
0.000900007493328303
0.000723082921467721
0.000980777433142066
0.00105000869370997
0.00095770024927333
0.000773083360400051
0.000780775735620409
0.000884622742887586
0.000619235914200544
0.000419234245782718
0.000307694863295183
0.000607697351370007
0.0011615480761975
0.000788468110840768
0.000757698609959334
0.000934623181819916
0.000680774915963411
0.00091539224376902
0.00122693332377821
0.000853853242006153
0.000473080843221396
0.00101539306342602
0.000938469311222434
0.000792314298450947
0.000823083741124719
0.000803852861281484
0.00113077857531607
0.00103462394326925
0.00168462935835123
0.00188078486826271
0.00215771025978029
0.00186155398841947
0.00166155223269016
0.000950007874052972
0.000884622742887586
0.000950007874052972
0.000726929109077901
0.000688467232976109
0.000965392624493688
0.00091539224376902
0.000661543977912515
0.00073077529668808
0.000892315118107945
0.000761544797569513
0.000715390546247363
0.000796160486061126
0.00109616294503212
0.00086539180483669
0.000476927030831575
0.000300002488074824
0.000465388497104868
0.00073077529668808
0.000896161305718124
0.000734621484298259
0.000553850783035159
0.000703851983416825
0.000553850783035159
0.000519235094543546
0.000688467232976109
0.000561543158255518
0.000388464774005115
0.000896161305718124
0.00118462520185858
0.00117693282663822
0.000850007054395974
0.000911546056158841
0.00130385695956647
0.00110385532025248
0.00225001876242459
0.00208463263697922
0.0020923251286149
