% Type: Spectrum
% Date: 10-DEC-24 17:14:10
% NoOfItems: = 1601
% Unit_Y: = mm/s
% Unit_X: = Hz
% Min_X: = 0
% Max_X: = 1000
% MinDisplay_X: = 0
% MaxDisplay_X: = 1000
0
0
0
0
0.00758470734581351
0.00500713428482413
0.00521290674805641
0.00545116979628801
0.00434288568794727
0.00211909716017544
0.00209021684713662
0.00231764977797866
0.00223822868429124
0.00146928883623332
0.00172199204098433
0.00353062525391579
0.00549449026584625
0.00799625273793936
0.00577607378363609
0.00489883264526725
0.00256674294359982
0.00114077457692474
0.00137181754689664
0.00297467806376517
0.00267865438945591
0.00155592989176512
0.00181585329119116
0.00129239656962454
0.00128878653049469
0.00131766684353352
0.00183751352597028
0.00197830540128052
0.00088085129391402
0.000985542661510408
0.00124185590539128
0.0013357171555981
0.00160647055599838
0.00206855637952685
0.00187722407281399
0.123940110206604
0.231678321957588
0.107990920543671
0.00265699392184615
0.00176892266608775
0.00325987185351551
0.00263894372619689
0.00222739856690168
0.00196747528389096
0.00285915657877922
0.00158481032121927
0.00135015731211752
0.00136459746863693
0.00116243492811918
0.00110828422475606
0.000758109730668366
0.000725619320292026
0.000895291450433433
0.000927781860809773
0.000873631215654314
0.000797820219304413
0.00210465700365603
0.0065125236287713
0.00847999844700098
0.00738254468888044
0.00234653009101748
0.00131405680440366
0.000620927952695638
0.000851970922667533
0.00104330340400338
0.00108662387356162
0.00209743692539632
0.0025342523586005
0.00171116192359477
0.00136820750776678
0.00220934837125242
0.00245122145861387
0.00445840694010258
0.00792044121772051
0.0093536302447319
0.0419451259076595
0.0873234048485756
0.057854600250721
0.00873631145805121
0.00357755576260388
0.00437898607924581
0.00264616380445659
0.000761719769798219
0.00147289887536317
0.00115521484985948
0.0010974541073665
0.00118770520202816
0.00142596825025976
0.00287720677442849
0.00227793911471963
0.00130683672614396
0.00222378852777183
0.00285554653964937
0.00243317126296461
0.00229959934949875
0.00239707063883543
0.00506850471720099
0.010183940641582
0.0027183648198843
0.0059168660081923
0.00264255376532674
0.00231403973884881
0.00184834364335984
0.0024259511847049
0.00443313689902425
0.00447284709662199
0.00411184271797538
0.00289525697007775
0.00143318832851946
0.00284832646138966
0.00392051041126251
0.00807928387075663
0.00724536273628473
0.00680132722482085
0.00961355306208134
0.148181572556496
0.236584380269051
0.0978539139032364
0.0121478056535125
0.00527427764609456
0.00594213604927063
0.0073247835971415
0.00445840694010258
0.0027183648198843
0.0020757766906172
0.00123463582713157
0.00136820750776678
0.00150538922753185
0.00261367345228791
0.00307214935310185
0.00428151478990912
0.00325626181438565
0.00277973571792245
0.00231042969971895
0.00205050618387759
0.0021876881364733
0.00157037016469985
0.00506489491090178
0.00525622721761465
0.00530315795913339
0.00420931400731206
0.00217685778625309
0.00214436743408442
0.00181946333032101
0.000931391958147287
0.00118048512376845
0.0012707362184301
0.0018916642293334
0.00161369063425809
0.00103608332574368
0.00167145137675107
0.00570026319473982
0.00564611237496138
0.00323460134677589
0.00623093964532018
0.0457356758415699
0.0648400411009789
0.0271078366786242
0.00683020753785968
0.00178336282260716
0.000902511586900801
0.000935001997277141
0.000884461333043873
0.000693128851708025
0.00081587047316134
0.000851970922667533
0.000819480512291193
0.000902511586900801
0.000974712485913187
0.00137903762515634
0.00177975278347731
0.00113716453779489
0.000693128851708025
0.000790600141044706
0.00109023391269147
0.000805040297564119
0.000772549887187779
0.00106857367791235
0.000523456721566617
0.000490966311190277
0.000776159926317632
0.000870021118316799
0.000747279555071145
0.000768939848057926
0.00101803301367909
0.00101442297454923
0.000801430258434266
0.00112994445953518
0.000740059476811439
0.00103969336487353
0.000740059476811439
0.00157398020382971
0.00113355449866503
0.00157398020382971
0.00197108532302082
0.00529232760891318
0.0107290577143431
0.00750167621299624
0.00186278391629457
0.000765329808928072
0.000826700590550899
0.000696738949045539
0.000671468616928905
0.000454865832580254
0.000552337092813104
0.00024187310191337
0.00053789687808603
0.000541506917215884
0.000238263048231602
0.000595657620579004
0.000906121626030654
0.000667858577799052
0.000638978206552565
0.000660638441331685
0.000584827503189444
0.000595657620579004
0.00040793523658067
0.0004512557934504
0.000339344347594306
0.00053789687808603
0.000555947131942958
0.000303243898088112
0.000216602769796737
0.000296023790724575
0.000689518812578172
0.000422375422203913
0.000324904161971062
0.00046208591083996
0.000783380062785
0.000938612036406994
0.000761719769798219
0.000592047581449151
0.000714789144694805
0.000992762739770114
0.00293135759420693
0.0176495164632797
0.0318117290735245
0.0344759412109852
0.012274157255888
0.00131044676527381
0.00100720289628953
0.00130683672614396
0.000415155314840376
0.000552337092813104
0.000906121626030654
0.000819480512291193
0.000595657620579004
0.000332124240230769
0.000577607424929738
0.000613707874435931
0.000682298734318465
0.000487356242956594
0.000404325168346986
0.000476526096463203
0.000545116956345737
0.000321294122841209
0.000306853937217966
0.000415155314840376
0.00024187310191337
0.000649808323942125
0.00053789687808603
0.000332124240230769
0.000545116956345737
0.000552337092813104
0.000382664904464036
0.000353784533217549
0.000714789144694805
0.000823090551421046
0.00085919100092724
0.00105774356052279
0.00101803301367909
0.0012960066087544
0.000743669515941292
0.00182668340858072
0.00505767483264208
0.0286421068012714
0.0340680070221424
0.0115665877237916
0.00487717241048813
0.00277612544596195
0.0013357171555981
0.00152343953959644
0.000779769965447485
0.00102525309193879
0.000916951743420214
0.00103969336487353
0.000779769965447485
0.000458475871710107
0.000447645725216717
0.000624537991825491
0.00107218371704221
0.00053789687808603
0.000498186389449984
0.000519846682436764
0.0010324731701985
0.00118770520202816
0.00150538922753185
0.00172199204098433
0.00112633442040533
0.00180141301825643
0.00177614274434745
0.0004512557934504
0.000888071372173727
0.000595657620579004
0.000772549887187779
0.00107940379530191
0.000935001997277141
0.00081587047316134
0.000722009222954512
0.00140791805461049
0.000862801040057093
0.00168228149414062
0.00182668340858072
0.00179780297912657
0.00276168528944254
0.0050901654176414
0.00878685247153044
0.0108337486162782
0.00458475854247808
0.00256674294359982
0.00329236220568418
0.00322738126851618
0.00102164305280894
0.00157398020382971
0.00211187708191574
0.00174365227576345
0.00107940379530191
0.00137903762515634
0.0013032266870141
0.00110467418562621
0.00133210711646825
0.00139347789809108
0.00158842036034912
0.00121297559235245
0.000963882368523628
0.00117326504550874
0.00155231985263526
0.00223100860603154
0.00121297559235245
0.00135376735124737
0.00125990610104054
0.0010649636387825
0.00197469536215067
0.00124907598365098
0.000696738949045539
0.00116604496724904
0.00175448250956833
0.00153065961785614
0.001534269656986
0.0013357171555981
0.00134293723385781
0.0037761083804071
0.00403603166341782
0.00210104696452618
0.00454504834488034
0.0182812735438347
0.0197072420269251
0.00974351447075605
0.00341510376892984
0.00137903762515634
0.00375444814562798
0.00320211099460721
0.00136098742950708
0.00229959934949875
0.00259201321750879
0.00116965500637889
0.00111550430301577
0.000624537991825491
0.000819480512291193
0.000971102446783334
0.000830310629680753
0.00088085129391402
0.000974712485913187
0.000902511586900801
0.000989152700640261
0.00167867145501077
0.00110828422475606
0.00092417182167992
0.000541506917215884
0.000606487796176225
0.000588437542319298
0.00101081293541938
0.00101442297454923
0.00100359285715967
0.000920561782550067
0.000685908773448318
0.00119853531941772
0.00142596825025976
0.00159564043860882
0.00100720289628953
0.00157398020382971
0.00423458404839039
0.00445479713380337
0.00293496763333678
0.00238624052144587
0.0101947709918022
0.0119420327246189
0.00629592081531882
0.0066136047244072
0.0048482920974493
0.00352340517565608
0.00301438849419355
0.00148372899275273
0.00265699392184615
0.00407574232667685
0.00300355837680399
0.00205411622300744
0.00190249434672296
0.00220212829299271
0.00178336282260716
0.00176531262695789
0.00128878653049469
0.00222017848864198
0.00246927165426314
0.002129927277565
0.00199274555779994
0.00129961664788425
0.000870021118316799
0.00100359285715967
0.0011840951628983
0.000823090551421046
0.0012707362184301
0.00167506141588092
0.0013032266870141
0.00157759024295956
0.00229237927123904
0.00185556372161955
0.00193859485443681
0.00203606602735817
0.00183751352597028
0.00325626181438565
0.00535369850695133
0.00495298346504569
0.00359199591912329
0.0110720116645098
0.0490460880100727
0.0471580326557159
0.0119745237752795
0.00502518424764276
0.00350535498000681
0.00416238326579332
0.00266782427206635
0.00179058290086687
0.00154509977437556
0.00188444415107369
0.00177975278347731
0.00157398020382971
0.00172560208011419
0.00125629606191069
0.00157759024295956
0.00144401844590902
0.0010324731701985
0.00134293723385781
0.00110106414649636
0.00144401844590902
0.00263533368706703
0.00173643219750375
0.00119492528028786
0.000963882368523628
0.0011840951628983
0.00112272438127548
0.00167867145501077
0.0014548486797139
0.00150899938307703
0.00136459746863693
0.00085919100092724
0.0012707362184301
0.00179058290086687
0.00217324774712324
0.00179780297912657
0.00175448250956833
0.00445118686184287
0.00540784932672977
0.00518402643501759
0.00990957673639059
0.0367647111415863
0.0333315581083298
0.0165737215429544
0.00896735489368439
0.00351979513652623
0.00621288968250155
0.00503240432590246
0.00213353731669486
0.00240068067796528
0.00288803689181805
0.00288803689181805
0.00231403973884881
0.00196747528389096
0.00174365227576345
0.00229237927123904
0.00226710899733007
0.00198191544041038
0.00296384794637561
0.0027725154068321
0.0015414897352457
0.00314796040765941
0.00158842036034912
0.00234653009101748
0.00198552547954023
0.00262811360880733
0.0025414724368602
0.00249454192817211
0.00372195756062865
0.00312629994004965
0.00246566161513329
0.00209021684713662
0.00296745798550546
0.00383386900648475
0.0034259338863194
0.00304326904006302
0.00411906279623508
0.00702515011653304
0.00468222983181477
0.00227793911471963
0.00635007116943598
0.0194870289415121
0.024801017716527
0.0163715593516827
0.00909009668976068
0.00489161256700754
0.00316601060330868
0.00457031838595867
0.00407935213297606
0.0025450827088207
0.00155953993089497
0.00243317126296461
0.00262450356967747
0.00182668340858072
0.00210104696452618
0.00197108532302082
0.00190971442498267
0.00215880759060383
0.00195303501095623
0.00232125981710851
0.00197830540128052
0.0032526517752558
0.00317323068156838
0.0032526517752558
0.00249454192817211
0.0019566451665014
0.00158842036034912
0.00187361403368413
0.00179780297912657
0.00165701122023165
0.00255952286534011
0.00253064231947064
0.00220573833212256
0.00297106802463532
0.00340788369067013
0.0031876708380878
0.00630314089357853
0.00822007562965155
0.00622732983902097
0.00482663186267018
0.0105629954487085
0.0191910061985254
0.019122414290905
0.0132091594859958
0.00699265953153372
0.00498547405004501
0.00528510753065348
0.00516958627849817
0.00364975677803159
0.003664196934551
0.00379054853692651
0.00362448650412262
0.00368585716933012
0.00352340517565608
0.00334651279263198
0.00343315396457911
0.00392051041126251
0.00404686201363802
0.00263172364793718
0.00340788369067013
0.0033068023622036
0.00547283003106713
0.00491688307374716
0.00473638065159321
0.00547644030302763
0.00320933107286692
0.001501779188402
0.003068539313972
0.00328514212742448
0.00334651279263198
0.00363170658238232
0.00318045075982809
0.00285915657877922
0.00434288568794727
0.00229959934949875
0.00430678529664874
0.0112128034234047
0.0132994102314115
0.00793127156794071
0.00679410714656115
0.0119492532685399
0.0284616053104401
0.0264219287782907
0.0155087588354945
0.0116821099072695
0.0123571883887053
0.0125485211610794
0.00781936012208462
0.005198466591537
0.00383025896735489
0.00493132323026657
0.00514070596545935
0.00415516318753362
0.00370390736497939
0.00338261341676116
0.0033140224404633
0.0037761083804071
0.00462807947769761
0.0033681730274111
0.00309380958788097
0.00301438849419355
0.00430678529664874
0.00299272825941443
0.00498186377808452
0.0068518677726388
0.00388079974800348
0.0029024772811681
0.00439342623576522
0.00499991420656443
0.00354145537130535
0.00293496763333678
0.00177614274434745
0.00318045075982809
0.00421292381361127
0.00342954392544925
0.00365697685629129
0.00711901113390922
0.00937168020755053
0.00418404350057244
0.00478692119941115
0.0183606948703527
0.0444504991173744
0.038320641964674
0.0190610438585281
0.007794089615345
0.00682659726589918
0.00476165115833282
0.00459197862073779
0.0065016932785511
0.00374000798910856
0.00232486985623837
0.00235736020840704
0.00394939072430134
0.00394578045234084
0.00277973571792245
0.00092417182167992
0.00228515919297934
0.00251259212382138
0.00253064231947064
0.00170755188446492
0.00175087247043848
0.00187361403368413
0.00174726243130863
0.00189888430759311
0.00286998669616878
0.00301799876615405
0.00176531262695789
0.0011768750846386
0.00289886724203825
0.00419487385079265
0.00309019954875112
0.00342232384718955
0.00299633829854429
0.00293496763333678
0.0025342523586005
0.00314796040765941
0.00511182565242052
0.00611902819946408
0.00303604896180332
0.00423097424209118
0.0132488701492548
0.0349235869944096
0.0290572624653578
0.0118120713159442
0.00950525142252445
0.00682659726589918
0.00594213604927063
0.0046136393211782
0.00429956521838903
0.00370751740410924
0.00268226442858577
0.00245483149774373
0.00375805818475783
0.00307936943136156
0.00232125981710851
0.00310824974440038
0.00361726642586291
0.00291691743768752
0.00344398408196866
0.0030107784550637
0.00246205157600343
0.00205411622300744
0.00275085517205298
0.00384469935670495
0.00337539333850145
0.00232847989536822
0.00155953993089497
0.00176892266608775
0.00275085517205298
0.00251620216295123
0.00272558489814401
0.00357755576260388
0.00274724513292313
0.00270031462423503
0.00264616380445659
0.00177975278347731
0.0038374790456146
0.00640061218291521
0.00481941178441048
0.00312629994004965
0.011335545219481
0.023364219814539
0.0154726579785347
0.00506850471720099
0.0042634648270905
0.00399993127211928
0.00229237927123904
0.00239346059970558
0.0031226899009198
0.00318406079895794
0.00282666622661054
0.00188805419020355
0.00228515919297934
0.00110467418562621
0.00124185590539128
0.00153065961785614
0.0023609702475369
0.00241151079535484
0.00301438849419355
0.00146928883623332
0.00114438461605459
0.00128878653049469
0.00151260942220688
0.0019566451665014
0.00166784133762121
0.00192054454237223
0.00197830540128052
0.00269670458510518
0.00215880759060383
0.00190971442498267
0.000833920668810606
0.00191693450324237
0.00231403973884881
0.00154509977437556
0.00157398020382971
0.00122019567061216
0.00368946720845997
0.00511904573068023
0.00355228548869491
0.00274002505466342
0.00986986607313156
0.0291114132851362
0.0221620742231607
0.00389162986539304
0.00207216665148735
0.00243317126296461
0.00158481032121927
0.00160647055599838
0.00169311172794551
0.00158842036034912
0.00198552547954023
0.00166423129849136
0.00196386524476111
0.00119853531941772
0.00143318832851946
0.00089168141130358
0.000996372778899968
0.0010974541073665
0.00305409915745258
0.00248732184991241
0.0011768750846386
0.00133932719472796
0.00146567879710346
0.00157037016469985
0.00124185590539128
0.00167867145501077
0.00126712617930025
0.00172560208011419
0.00158481032121927
0.00121297559235245
0.000851970922667533
0.00136098742950708
0.00126712617930025
0.00149455911014229
0.00101442297454923
0.0012707362184301
0.0038374790456146
0.0050793350674212
0.00239707063883543
0.00213714735582471
0.00457753846421838
0.0103608323261142
0.0109781501814723
0.00529232760891318
0.00308658950962126
0.00257757306098938
0.0018050231738016
0.00128878653049469
0.00113355449866503
0.0015414897352457
0.00151621946133673
0.0012960066087544
0.00152704957872629
0.00114438461605459
0.00163174094632268
0.00192054454237223
0.00184112356510013
0.00189888430759311
0.00378693849779665
0.00312629994004965
0.000888071372173727
0.000722009222954512
0.000653418363071978
0.000790600141044706
0.00135376735124737
0.00145123864058405
0.00135376735124737
0.0016858916496858
0.00091334170429036
0.00084836088353768
0.000916951743420214
0.000989152700640261
0.0013357171555981
0.0013032266870141
0.00107940379530191
0.00103608332574368
0.00256674294359982
0.00374000798910856
0.00223822868429124
0.00256674294359982
0.0158842038363218
0.0497031174600124
0.039504736661911
0.00585910491645336
0.00180141301825643
0.00148733903188258
0.00149455911014229
0.00161730067338794
0.00183751352597028
0.00088085129391402
0.000855580961797386
0.00118048512376845
0.00116243492811918
0.00091334170429036
0.00115882488898933
0.00148733903188258
0.00132488692179322
0.00198913551867008
0.00372556783258915
0.00304687907919288
0.0011516046943143
0.000761719769798219
0.000678688695188612
0.00123102578800172
0.00272197485901415
0.00287720677442849
0.000974712485913187
0.00123463582713157
0.00113355449866503
0.00125990610104054
0.001534269656986
0.00176170258782804
0.00132849696092308
0.000996372778899968
0.00153065961785614
0.00170033180620521
0.0033140224404633
0.00347647443413734
0.00260284333489835
0.00371473748236895
0.0410606674849987
0.120189271867275
0.0875147432088852
0.0118914926424623
0.002064946340397
0.003068539313972
0.00228154915384948
0.00172921211924404
0.00207216665148735
0.00162813090719283
0.00153787969611585
0.00163896102458239
0.0014548486797139
0.000920561782550067
0.00106135359965265
0.00213714735582471
0.00247288169339299
0.00166784133762121
0.00395300053060055
0.00252703228034079
0.00114438461605459
0.00144040840677917
0.00197469536215067
0.00177975278347731
0.00245122145861387
0.00255230278708041
0.00197830540128052
0.00198913551867008
0.00136098742950708
0.00139708793722093
0.0009458321146667
0.0012960066087544
0.0016534011811018
0.00115882488898933
0.00128878653049469
0.00210826704278588
0.00204689614474773
0.00272558489814401
0.00231403973884881
0.00182668340858072
0.0171441100537777
0.0381293073296547
0.025320865213871
0.00404325174167752
0.00199996563605964
0.00179058290086687
0.0014151381328702
0.000844750844407827
0.00172921211924404
0.00186639395542443
0.00164979114197195
0.00171838200185448
0.00164979114197195
0.00127795641310513
0.00144040840677917
0.00209743692539632
0.00231042969971895
0.00164979114197195
0.00540062924847007
0.00351257505826652
0.00124185590539128
0.00176892266608775
0.00143318832851946
0.0029566278681159
0.00561001198366284
0.00285915657877922
0.00188805419020355
0.00240429071709514
0.00147650891449302
0.00146567879710346
0.0012707362184301
0.000657028402201831
0.00110828422475606
0.0016209107125178
0.00191332446411252
0.00172921211924404
0.0037761083804071
0.00381220877170563
0.00187722407281399
0.00268587446771562
0.0188552718609571
0.0464035347104073
0.0326961874961853
0.00722370250150561
0.00173282215837389
0.00154509977437556
0.00174726243130863
0.00139347789809108
0.000898901489563286
0.0015414897352457
0.00152704957872629
0.0022418387234211
0.00205050618387759
0.00142596825025976
0.00127434637397528
0.00170394184533507
0.00149455911014229
0.00116243492811918
0.00157398020382971
0.00150899938307703
0.00156314997002482
0.00132488692179322
0.00106857367791235
0.0013032266870141
0.00207938672974706
0.00216963770799339
0.00151621946133673
0.00127795641310513
0.00184834364335984
0.00155953993089497
0.000750889594200999
0.00102886313106865
0.00146567879710346
0.00105052348226309
0.000974712485913187
0.00174726243130863
0.00327070197090507
0.00311546982266009
0.00136098742950708
0.00222739856690168
0.0128048341721296
0.0272919498383999
0.0197216831147671
0.0060143368318677
0.00364614673890173
0.00264255376532674
0.00154509977437556
0.00158120028208941
0.00150538922753185
0.00105413352139294
0.0016534011811018
0.00158842036034912
0.00131766684353352
0.000981932622380555
0.000909731665160507
0.00122019567061216
0.0013032266870141
0.00103969336487353
0.00172199204098433
0.00138986785896122
0.00112633442040533
0.000812260375823826
0.000801430258434266
0.00192054454237223
0.00328514212742448
0.00170394184533507
0.000906121626030654
0.000566777249332517
0.000794210180174559
0.00163896102458239
0.00150899938307703
0.00161730067338794
0.0012960066087544
0.00128517649136484
0.00114799465518445
0.00202523590996861
0.0028916469309479
0.00272197485901415
0.00189888430759311
0.00314435036852956
0.0100395381450653
0.0172054804861546
0.0106027061119676
0.00198552547954023
0.00236458028666675
0.00174365227576345
0.00106857367791235
0.00186278391629457
0.00174365227576345
0.0013032266870141
0.00133210711646825
0.00192054454237223
0.00157037016469985
0.00143318832851946
0.00151260942220688
0.00112994445953518
0.000747279555071145
0.000714789144694805
0.000931391958147287
0.000599267659708858
0.000779769965447485
0.00107579375617206
0.000696738949045539
0.00244039134122431
0.00416599353775382
0.00254869274795055
0.00107218371704221
0.00162813090719283
0.00228876923210919
0.00197108532302082
0.00194581493269652
0.00199274555779994
0.00186278391629457
0.00174365227576345
0.00126712617930025
0.00197108532302082
0.00292052747681737
0.00268948450684547
0.00199274555779994
0.00492049288004637
0.00877241231501102
0.010862628929317
0.00801791250705719
0.00386274955235422
0.00193137477617711
0.00217685778625309
0.00182668340858072
0.00161369063425809
0.00187722407281399
0.00136459746863693
0.0011768750846386
0.00124907598365098
0.000711179105564952
0.000736449437681586
0.0012707362184301
0.00108301383443177
0.00136098742950708
0.0012960066087544
0.00140069797635078
0.00123102578800172
0.00106135359965265
0.000833920668810606
0.00118048512376845
0.00159925047773868
0.0021840778645128
0.00138986785896122
0.000978322583250701
0.00108662387356162
0.00120575539767742
0.000671468616928905
0.000902511586900801
0.000902511586900801
0.00118048512376845
0.00110828422475606
0.000844750844407827
0.00101442297454923
0.00164979114197195
0.00146928883623332
0.00158120028208941
0.00198552547954023
0.00533925835043192
0.0080323526635766
0.00455226842314005
0.00140069797635078
0.00142957828938961
0.00128878653049469
0.00134654727298766
0.00153065961785614
0.00114799465518445
0.00113355449866503
0.00114077457692474
0.000711179105564952
0.000624537991825491
0.000768939848057926
0.000870021118316799
0.000595657620579004
0.000595657620579004
0.0010974541073665
0.00200718571431935
0.00160647055599838
0.000808650336693972
0.00124185590539128
0.00104691344313323
0.000938612036406994
0.0011768750846386
0.000902511586900801
0.00109023391269147
0.0014223582111299
0.00125629606191069
0.00154509977437556
0.00124546594452113
0.00137903762515634
0.00138986785896122
0.00112994445953518
0.00187722407281399
0.00192776473704726
0.00163535098545253
0.00285554653964937
0.00334651279263198
0.00346564431674778
0.00802874285727739
0.0145087754353881
0.012266936711967
0.00774354906752706
0.0040143714286387
0.00323460134677589
0.00261006341315806
0.00289886724203825
0.00332124251872301
0.0023681903257966
0.00258479313924909
0.00181224325206131
0.00220212829299271
0.00149816914927214
0.0016534011811018
0.00231764977797866
0.00211187708191574
0.0029494077898562
0.0033140224404633
0.00220212829299271
0.00202884594909847
0.00227793911471963
0.00207938672974706
0.00140069797635078
0.0021227071993053
0.00205050618387759
0.00232847989536822
0.00329597224481404
0.00357755576260388
0.00260645337402821
0.00222739856690168
0.00158120028208941
0.00274002505466342
0.00256674294359982
0.00255591282621026
0.00252703228034079
0.00228876923210919
0.00212631723843515
0.00328875216655433
0.00330319232307374
0.00806484371423721
0.00972546450793743
0.00921644829213619
0.0093427998945117
0.00570026319473982
0.00510821538046002
0.00327431201003492
0.00197108532302082
0.00311907986178994
0.00320572103373706
0.00214075739495456
0.00162452075164765
0.00175448250956833
0.0014151381328702
0.00114077457692474
0.00159564043860882
0.0019241546979174
0.00209021684713662
0.0012960066087544
0.0020757766906172
0.00200718571431935
0.00102525309193879
0.00146567879710346
0.00183751352597028
0.00196025520563126
0.00114799465518445
0.00170033180620521
0.00204328610561788
0.00218046782538295
0.00216963770799339
0.00125990610104054
0.00138986785896122
0.00216602766886354
0.00169311172794551
0.0013357171555981
0.00168228149414062
0.00227432907558978
0.00223100860603154
0.00205050618387759
0.00272197485901415
0.00589881557971239
0.00551615050062537
0.00432844553142786
0.0024151208344847
0.00235375016927719
0.00246205157600343
0.0022418387234211
0.00161369063425809
0.00143679836764932
0.00161008059512824
0.00158842036034912
0.00117326504550874
0.00140069797635078
0.00182668340858072
0.00118770520202816
0.00123463582713157
0.00179058290086687
0.00159925047773868
0.000873631215654314
0.0014548486797139
0.00144762848503888
0.00111911434214562
0.000588437542319298
0.00122741574887186
0.00116965500637889
0.00122019567061216
0.00121297559235245
0.00128878653049469
0.00119853531941772
0.00115882488898933
0.00102164305280894
0.00119492528028786
0.00164257106371224
0.00185195368248969
0.0015414897352457
0.00164979114197195
0.00239707063883543
0.00160647055599838
0.0021840778645128
0.00199274555779994
0.00585549511015415
0.00776159949600697
0.00792044121772051
0.00382303888909519
0.0022490588016808
0.00227071903645992
0.00140069797635078
0.00110828422475606
0.00183390348684043
0.00115882488898933
0.000992762739770114
0.000646198284812272
0.000906121626030654
0.000779769965447485
0.000772549887187779
0.00138986785896122
0.00140430801548064
0.00128156645223498
0.00102886313106865
0.00112994445953518
0.00121297559235245
0.00124185590539128
0.000902511586900801
0.00125629606191069
0.00139708793722093
0.000974712485913187
0.00125268602278084
0.00111189426388592
0.00123102578800172
0.00132127688266337
0.000974712485913187
0.000909731665160507
0.00146567879710346
0.00167506141588092
0.00108301383443177
0.000884461333043873
0.00095666223205626
0.00203606602735817
0.00270031462423503
0.00427790498360991
0.00501796416938305
0.00640783226117492
0.00576885370537639
0.0047399909235537
0.00260645337402821
0.00250176200643182
0.00176892266608775
0.00143679836764932
0.00131044676527381
0.0010649636387825
0.000996372778899968
0.000758109730668366
0.00107940379530191
0.000935001997277141
0.000649808323942125
0.0010974541073665
0.00134293723385781
0.00091334170429036
0.000657028402201831
0.000862801040057093
0.00116243492811918
0.00115882488898933
0.00132127688266337
0.00103969336487353
0.00089168141130358
0.000754499691538513
0.0012960066087544
0.00154870981350541
0.00126712617930025
0.00100720289628953
0.00112272438127548
0.000989152700640261
0.00164257106371224
0.0012165856314823
0.000797820219304413
0.00101803301367909
0.00209743692539632
0.00271475478075445
0.00255952286534011
0.00342232384718955
0.00773993926122785
0.00818758457899094
0.0038952399045229
0.00172921211924404
0.00238624052144587
0.00251620216295123
0.00163535098545253
0.00110467418562621
0.00120936543680727
0.00147289887536317
0.00111550430301577
0.000758109730668366
0.000841140747070312
0.000736449437681586
0.000794210180174559
0.00123824586626142
0.00142596825025976
0.00107218371704221
0.00121297559235245
0.000718399183824658
0.00114077457692474
0.00130683672614396
0.000978322583250701
0.000833920668810606
0.00140069797635078
0.00149816914927214
0.00148733903188258
0.00120214535854757
0.00136459746863693
0.000664248480461538
0.000819480512291193
0.0011840951628983
0.00208299676887691
0.00158842036034912
0.0013357171555981
0.000999982818029821
0.000801430258434266
0.00100720289628953
0.00212631723843515
0.00381942884996533
0.00706847058609128
0.00665331538766623
0.00399271119385958
0.00192054454237223
0.00271475478075445
0.00272197485901415
0.0018591737607494
0.00111911434214562
0.00140791805461049
0.0017725327052176
0.0011768750846386
0.00053789687808603
0.0010324731701985
0.000830310629680753
0.000638978206552565
0.00132849696092308
0.00131044676527381
0.000902511586900801
0.00119853531941772
0.00120214535854757
0.00107218371704221
0.00118770520202816
0.00108662387356162
0.000989152700640261
0.00101803301367909
0.00122741574887186
0.00132127688266337
0.000989152700640261
0.000985542661510408
0.000563167210202664
0.000638978206552565
0.00053789687808603
0.00126712617930025
0.00143679836764932
0.00120575539767742
0.0010974541073665
0.00134654727298766
0.0021227071993053
0.002194908214733
0.00274724513292313
0.00395300053060055
0.0043609356507659
0.00407574232667685
0.00245483149774373
0.00210826704278588
0.0018591737607494
0.00148011895362288
0.00120575539767742
0.00134293723385781
0.00137542758602649
0.000920561782550067
0.000660638441331685
0.00112633442040533
0.000786990101914853
0.000732839398551732
0.00105774356052279
0.000888071372173727
0.00101081293541938
0.00138625770341605
0.00122741574887186
0.000797820219304413
0.000985542661510408
0.00104691344313323
0.000974712485913187
0.00108662387356162
0.00149455911014229
0.00171838200185448
0.0010324731701985
0.000660638441331685
0.00104330340400338
0.00104691344313323
0.000862801040057093
0.00116604496724904
0.00158120028208941
0.00196386524476111
0.00141874817200005
0.00111550430301577
0.00158842036034912
0.00207938672974706
0.00237902044318616
0.00343676400370896
0.00340427365154028
0.00285915657877922
0.00281944614835083
0.00272919493727386
0.00208299676887691
0.00205411622300744
0.00176170258782804
0.00173282215837389
0.00167145137675107
0.00138986785896122
0.00100720289628953
0.000985542661510408
0.000898901489563286
0.0011768750846386
0.00131044676527381
0.0011840951628983
0.00100720289628953
0.00159564043860882
0.002194908214733
0.00178336282260716
0.000938612036406994
0.00197469536215067
0.00166062125936151
0.0014151381328702
0.00157037016469985
0.00155592989176512
0.000862801040057093
0.0011768750846386
0.00107579375617206
0.00112272438127548
0.00124546594452113
0.00110828422475606
0.00131044676527381
0.00154509977437556
0.00119853531941772
0.00115882488898933
0.00132127688266337
0.0020757766906172
0.00290969735942781
0.00268587446771562
0.00393134029582143
0.00318406079895794
0.00200718571431935
0.00225988891907036
0.00215880759060383
0.00193137477617711
0.00149816914927214
0.0018916642293334
0.00175087247043848
0.0017400422366336
0.00166062125936151
0.00100720289628953
0.000826700590550899
0.00110106414649636
0.0011840951628983
0.00111911434214562
0.00129239656962454
0.00136098742950708
0.00129961664788425
0.0015414897352457
0.00101081293541938
0.0019566451665014
0.00184834364335984
0.00119131524115801
0.000949442153796554
0.000808650336693972
0.00118048512376845
0.000963882368523628
0.000696738949045539
0.000985542661510408
0.00141152809374034
0.00139347789809108
0.000960272271186113
0.00111189426388592
0.00109384406823665
0.000971102446783334
0.00143679836764932
0.00132127688266337
0.00254869274795055
0.00284471642225981
0.00335373287089169
0.00293857767246664
0.00250537204556167
0.00216241762973368
0.00158120028208941
0.00141874817200005
0.00158120028208941
0.00176892266608775
0.00132127688266337
0.00145845871884376
0.00132127688266337
0.000534286838956177
0.000866411079186946
0.000754499691538513
0.00122380570974201
0.00111911434214562
0.000794210180174559
0.000786990101914853
0.00111189426388592
0.00115521484985948
0.0010324731701985
0.00123463582713157
0.00128156645223498
0.00123824586626142
0.00088085129391402
0.000642588245682418
0.000664248480461538
0.000779769965447485
0.000877241254784167
0.00120575539767742
0.00156314997002482
0.00138625770341605
0.000888071372173727
0.00107218371704221
0.00115521484985948
0.00161369063425809
0.0020035756751895
0.00128156645223498
0.00187000399455428
0.00305048911832273
0.00192776473704726
0.00183751352597028
