% Type: Timesignal
% Date: 11-DEC-24 12:59:03
% NoOfItems: = 4096
% Unit_Y: = mm/s
% Unit_X: = Sec
% Min_X: = 0
% Max_X: = 1.60000002384186
% MinDisplay_X: = 0
% MaxDisplay_X: = 1.60000002384186
2.89074993133545
1.83019745349884
1.20886981487274
1.79132580757141
2.24070191383362
1.579017162323
0.122691661119461
-0.613517761230469
-0.918548882007599
-1.29414319992065
-1.73274922370911
-2.20911288261414
-1.94988584518433
-1.50707077980042
-1.09099543094635
-1.1380375623703
-1.14608430862427
-0.636172294616699
-0.259958982467651
-0.208212628960609
-0.135049730539322
0.427722781896591
0.75243729352951
0.487144410610199
-0.173302412033081
-0.552486777305603
-0.433272123336792
-0.142229855060577
0.371643602848053
0.509798943996429
0.404325515031815
0.312593340873718
0.33227676153183
0.06339380890131
-0.539240717887878
-0.832635104656219
-0.688908994197845
-0.300192385911942
-0.147676840424538
-0.134059369564056
-0.35292911529541
-0.628001809120178
-0.924862444400787
-1.23063635826111
-1.23954963684082
-0.398114323616028
1.24278974533081
2.69218277931213
2.79691338539124
1.98407471179962
1.03419494628906
0.396278828382492
0.156982898712158
0.196968719363213
0.253666877746582
-0.0368802212178707
-0.773213446140289
-1.69362998008728
-2.0948498249054
-2.10896253585815
-1.92277479171753
-1.70328605175018
-1.24598693847656
-0.56635183095932
-0.0327949821949005
0.00558149674907327
-0.215516552329063
-0.132945209741592
0.405192077159882
1.26210176944733
2.11517381668091
2.70159101486206
2.86834311485291
2.34790849685669
1.61070871353149
1.17135989665985
1.30778217315674
1.82561707496643
2.03049778938293
1.30790591239929
0.0521284528076649
-0.974380493164063
-1.11637341976166
-0.954078078269958
-1.221475481987
-1.85047841072083
-2.38230204582214
-1.98640537261963
-0.985893428325653
-0.0779801905155182
-0.191995471715927
-0.761700510978699
-0.982303380966187
-0.624287962913513
-0.0131115624681115
0.361616194248199
0.523911595344543
0.593360602855682
1.09522593021393
1.86906909942627
2.8006272315979
3.47320604324341
3.36736106872559
2.50079536437988
1.69290864467621
1.46066904067993
1.90447449684143
2.2886106967926
1.72633337974548
0.527996778488159
-0.526613652706146
-1.19275510311127
-1.5762722492218
-1.67283248901367
-1.43192720413208
-0.985274434089661
-1.25230050086975
-1.88340795040131
-2.1298840045929
-1.46993231773376
-0.481552213430405
-0.144953340291977
-0.194099992513657
-0.00840734876692295
0.443073362112045
0.617995858192444
0.212195515632629
-0.389448672533035
-0.583806931972504
-0.184443980455399
0.542728424072266
1.04954552650452
0.794775247573853
0.196721121668816
-0.16661748290062
-0.240770742297173
-0.284470409154892
-0.464716076850891
-0.655360519886017
-0.518690764904022
-0.460383236408234
-0.402447134256363
-0.467191994190216
-0.477962166070938
-0.630477726459503
-0.91929167509079
-0.832387506961823
0.104493781924248
1.35346245765686
1.89803719520569
1.65911257266998
1.11230969429016
0.788461685180664
0.637679278850555
0.504970908164978
0.350350856781006
0.0125140221789479
-0.514357924461365
-1.20451557636261
-1.78127694129944
-1.91646122932434
-1.68446922302246
-1.37188649177551
-1.25118637084961
-1.17121469974518
-0.857270359992981
-0.349586635828018
-0.0165778249502182
-0.0324235968291759
-0.148295804858208
-0.117842212319374
0.464489936828613
1.54002177715302
2.7217698097229
3.246413230896
2.98248219490051
2.40250205993652
1.93158566951752
1.68709027767181
1.69464182853699
1.82301735877991
1.44519472122192
0.447406202554703
-0.655608117580414
-1.03132629394531
-1.01572799682617
-1.27569770812988
-1.8889787197113
-2.54311203956604
-2.51550555229187
-1.4512392282486
-0.12155606597662
0.291424363851547
-0.465087473392487
-1.36099255084991
-1.38315188884735
-0.590739488601685
0.303308695554733
0.865462243556976
0.908790528774261
0.928969144821167
1.30592525005341
1.97280943393707
2.76782155036926
3.3022449016571
3.21509313583374
2.75692749023438
2.18313717842102
2.07877802848816
2.10254669189453
1.60835659503937
0.635698556900024
-0.220839738845825
-0.657341241836548
-1.23942577838898
-1.73262548446655
-1.84639310836792
-1.39379823207855
-1.23224568367004
-1.68855440616608
-2.0314667224884
-1.64745438098907
-0.823845684528351
-0.294374018907547
-0.299202024936676
-0.29623094201088
-0.0259862523525953
0.406925201416016
0.559688329696655
0.173200055956841
-0.340797185897827
-0.433148324489594
0.075030542910099
0.811240017414093
1.0142639875412
0.576400697231293
0.0154851051047444
-0.183948799967766
-0.314676433801651
-0.302915871143341
-0.477343171834946
-0.672568023204803
-0.669473171234131
-0.486380219459534
-0.308858036994934
-0.413712501525879
-0.674177408218384
-1.03664946556091
-0.886114597320557
0.127272084355354
1.53247022628784
2.39235091209412
2.22733211517334
1.61268949508667
1.04149889945984
0.822505354881287
0.757265329360962
0.665037989616394
0.381794810295105
-0.167855441570282
-0.830901980400085
-1.65847218036652
-1.99878489971161
-2.00683164596558
-1.71442759037018
-1.60548794269562
-1.58332860469818
-1.28089714050293
-0.617726802825928
0.043462797999382
0.260104209184647
0.190778955817223
0.186941310763359
0.817801117897034
1.82314109802246
2.7329113483429
2.86264848709106
2.48235011100769
2.09338569641113
1.73314213752747
1.58793044090271
1.66208374500275
1.9449554681778
1.77263271808624
0.917332410812378
-0.239037618041039
-0.905302822589874
-0.867050170898438
-0.749568581581116
-1.04197263717651
-1.77137327194214
-2.4022331237793
-1.99197614192963
-0.832635104656219
0.368920117616653
0.402097195386887
-0.25946381688118
-0.818522453308105
-0.63196325302124
0.0578230284154415
0.681378960609436
0.852711319923401
0.553746163845062
0.634213030338287
0.937510967254639
1.51427233219147
2.50339508056641
3.68724775314331
3.98348927497864
3.30063557624817
2.67039465904236
2.45486760139465
2.02480340003967
0.969078719615936
-0.000855848134960979
-0.428444117307663
-0.758481860160828
-1.19919240474701
-1.54383790493011
-1.53740060329437
-1.32174956798553
-1.52601146697998
-1.9315642118454
-1.88142716884613
-1.20748662948608
-0.500492870807648
-0.21365961432457
-0.294002652168274
-0.235571354627609
0.0324450321495533
0.430446267127991
0.518588364124298
0.175180777907372
-0.0643627345561981
0.0563374869525433
0.686702132225037
0.8733851313591
0.518835961818695
-0.0641151443123817
-0.361223369836807
-0.365556210279465
-0.24782706797123
-0.188529208302498
-0.549268126487732
-0.684204757213593
-0.552981972694397
-0.184567779302597
-0.229381591081619
-0.435995608568192
-0.550134718418121
-0.229629188776016
0.645106971263885
1.44271874427795
1.85817515850067
1.54163110256195
1.08111333847046
0.907800137996674
1.06180131435394
1.1816349029541
0.835380017757416
0.188674449920654
-0.580588281154633
-1.13011467456818
-1.60301196575165
-1.81333982944489
-1.81098771095276
-1.66119563579559
-1.61947679519653
-1.65661525726318
-1.48553049564362
-0.928823888301849
-0.0690669491887093
0.568973004817963
0.67357987165451
0.581847667694092
0.809383034706116
1.43318653106689
2.30408501625061
2.64192199707031
2.59339427947998
2.34308052062988
2.0646653175354
1.824502825737
1.61145150661469
1.56998014450073
1.59659612178802
1.25554060935974
0.453719735145569
-0.357633322477341
-0.894037485122681
-1.00879549980164
-1.1738144159317
-1.51264154911041
-2.08160376548767
-2.17754507064819
-1.27309811115265
-0.0355184748768806
0.511284470558167
0.0317022614181042
-0.64768522977829
-0.741026759147644
-0.286574929952621
0.380185455083847
0.748228311538696
0.577762424945831
0.26332288980484
0.370281845331192
1.55685782432556
3.60702848434448
4.89697360992432
4.37072038650513
2.82464337348938
1.6211074590683
1.25900685787201
1.22632491588593
1.07863736152649
0.71245151758194
0.248219892382622
-0.389201074838638
-1.03590667247772
-1.59496533870697
-1.59026110172272
-1.21912336349487
-1.10312736034393
-1.3675537109375
-1.70081007480621
-1.48255932331085
-0.83387303352356
-0.36246132850647
-0.381897151470184
-0.390191435813904
0.0945901721715927
0.900372445583344
1.10871958732605
0.469689309597015
-0.329160451889038
-0.682719230651855
-0.575884103775024
-0.171693086624146
0.397888153791428
0.993961572647095
1.05982053279877
0.576772093772888
-0.0569350272417068
-0.380659192800522
-0.313809841871262
-0.194842770695686
-0.19731867313385
-0.349215239286423
-0.560533463954926
-0.737436652183533
-0.927709758281708
-1.03107869625092
-0.427701354026794
0.881060421466827
1.89419949054718
2.33577656745911
2.03891587257385
1.59771025180817
1.19116711616516
0.905943214893341
0.501628458499908
0.222965687513351
0.10498896241188
0.109445586800575
-0.332874298095703
-1.27644050121307
-2.05028367042542
-2.33513617515564
-2.19252419471741
-1.81556820869446
-1.32831072807312
-0.765661954879761
-0.0615154467523098
0.381671011447906
0.504970908164978
0.51796942949295
0.890964031219482
1.66022682189941
2.50005269050598
2.64699745178223
2.30940818786621
1.94359374046326
1.63868641853333
1.47973346710205
1.36051881313324
1.50969195365906
1.78179359436035
1.65279901027679
0.900248646736145
-0.0405940748751163
-0.734094202518463
-0.923872113227844
-0.942317545413971
-1.0330593585968
-1.05459976196289
-1.53925752639771
-1.63816976547241
-1.07056927680969
-0.0987777709960938
0.367558360099792
0.148193448781967
-0.18642470240593
-0.365308612585068
-0.0673338174819946
0.296499967575073
0.361987590789795
0.0442055687308311
-0.04170823097229
0.994951903820038
3.18959140777588
5.03067207336426
4.9853630065918
3.48335719108582
2.05587601661682
1.59907197952271
1.50622570514679
1.29243147373199
1.09126448631287
0.758503258228302
0.165896147489548
-0.76863306760788
-1.56327378749847
-1.77508723735809
-1.35876429080963
-1.02464127540588
-1.10944092273712
-1.6814980506897
-1.99866116046906
-1.69536316394806
-1.13543796539307
-0.790792346000671
-0.638029217720032
-0.158818393945694
0.69672954082489
1.20008039474487
0.73968642950058
-0.234704792499542
-0.786830902099609
-0.636172294616699
-0.160180136561394
0.310736417770386
0.790813803672791
1.11181449890137
0.942215204238892
0.472289025783539
0.113778412342072
-0.043688952922821
-0.167112663388252
-0.222077682614326
-0.321485161781311
-0.527480185031891
-0.828178465366364
-1.20513451099396
-1.13333344459534
-0.22393462061882
0.849864065647125
1.44321393966675
1.37079381942749
1.0046079158783
0.742409944534302
0.712946653366089
0.713441848754883
0.520197689533234
0.190531373023987
-0.220839738845825
-0.413093507289886
-0.812456488609314
-1.28188753128052
-1.71417999267578
-1.96412229537964
-1.98479604721069
-1.95471382141113
-1.75156617164612
-1.31184589862823
-0.389572441577911
0.42512309551239
0.903095960617065
1.02540552616119
1.1025298833847
1.62123131752014
2.27660250663757
2.66593813896179
2.48507356643677
2.06218934059143
1.73611319065094
1.46203076839447
1.39196276664734
1.27510023117065
1.24241828918457
1.03877532482147
0.628642201423645
-0.0298239011317492
-0.667616248130798
-0.790792346000671
-0.848852276802063
-1.1583399772644
-1.56847321987152
-2.03778028488159
-2.13805437088013
-1.41830968856812
-0.224182203412056
0.470803469419479
0.36508247256279
-0.303411066532135
-0.639638543128967
-0.406037211418152
0.179761201143265
0.596207916736603
0.307393938302994
0.151412114500999
0.907428801059723
2.69874382019043
4.25583839416504
4.53413009643555
3.50650691986084
2.1587495803833
1.3594046831131
1.16455113887787
1.0046079158783
0.781157791614532
0.493581771850586
0.211576536297798
-0.347853511571884
-0.877696514129639
-1.31642639636993
-1.36421120166779
-1.1740620136261
-1.15586411952972
-1.53083944320679
-2.02156329154968
-1.9204226732254
-1.32434928417206
-0.747092723846436
-0.564618706703186
-0.305267989635468
0.24079218506813
0.826466798782349
0.840703248977661
0.0908763185143471
-0.641247868537903
-0.893047094345093
-0.601014494895935
-0.162903636693954
0.263818055391312
0.685835540294647
0.824114680290222
0.5704585313797
0.173819035291672
0.00310559500940144
-0.170083746314049
-0.368898659944534
-0.573531985282898
-0.67987197637558
-0.666502058506012
-0.645456910133362
-0.351691156625748
0.256390362977982
0.864967048168182
1.19599521160126
1.21072673797607
0.982448637485504
0.747733116149902
0.659343421459198
0.584323585033417
0.442825794219971
0.156116336584091
-0.104596138000488
-0.218735218048096
-0.551001250743866
-1.06796956062317
-1.80232214927673
-2.32956552505493
-2.19289565086365
-1.57552945613861
-0.980694055557251
-0.892428159713745
-0.777670085430145
-0.320989966392517
0.419676095247269
0.960289299488068
1.16331326961517
1.36683237552643
1.60959458351135
1.82895946502686
1.7973917722702
1.76396703720093
1.6880806684494
1.62024092674255
1.48344731330872
1.35494804382324
1.26123511791229
1.04657447338104
0.612425088882446
-0.165750920772552
-0.967076599597931
-1.29575252532959
-0.818770051002502
-0.306010752916336
-0.440823614597321
-0.859003484249115
-1.03058350086212
-1.0224130153656
-0.837463140487671
-0.381649553775787
-0.027100408449769
0.100779928267002
-0.144705757498741
-0.256368935108185
-0.226039126515388
-0.0324235968291759
-0.057058822363615
-0.186300903558731
0.387860745191574
1.94247961044312
3.73391842842102
4.30040502548218
3.57211828231812
2.21866655349731
1.31917130947113
1.06390583515167
0.740800559520721
0.495686292648315
0.448025166988373
0.625175952911377
0.293405085802078
-0.566104233264923
-1.43167960643768
-1.76654529571533
-1.49753856658936
-1.17814719676971
-1.15809237957001
-1.74054837226868
-2.16244196891785
-1.97575902938843
-1.40196871757507
-0.864945650100708
-0.503216326236725
-0.0240055304020643
0.433045953512192
0.558574199676514
0.0263790730386972
-0.615374684333801
-0.922634124755859
-0.735332131385803
-0.356766760349274
0.00335318525321782
0.451367646455765
0.837732136249542
0.987524211406708
0.747361719608307
0.327201157808304
-0.176025912165642
-0.662169277667999
-0.943555533885956
-1.15054094791412
-1.10547947883606
-0.920158267021179
-0.640381336212158
-0.389572441577911
0.0645079612731934
0.574048578739166
0.805421590805054
0.718269884586334
0.395907431840897
0.22989821434021
0.205881968140602
0.277930706739426
0.129252806305885
-0.283356249332428
-0.590368092060089
-0.8871049284935
-1.10622227191925
-1.28671550750732
-1.55213224887848
-1.93230700492859
-1.99717557430267
-1.67741286754608
-1.30590379238129
-0.918796479701996
-0.378430902957916
0.425865858793259
0.861995995044708
0.841322183609009
0.859520077705383
1.08160853385925
1.53791725635529
1.68399548530579
1.65552258491516
1.49037992954254
1.395676612854
1.28648936748505
1.21877348423004
1.03110003471375
0.692149102687836
0.428341746330261
0.205015406012535
-0.100758492946625
-0.657836437225342
-1.05992293357849
-1.09768044948578
-1.29179108142853
-1.57515811920166
-1.83525156974792
-1.93069756031036
-1.33351004123688
-0.679624378681183
-0.0809512734413147
-0.0852841064333916
-0.367784529924393
-0.499626308679581
-0.337330937385559
0.0978088453412056
0.244506031274796
0.0788681954145432
0.215785577893257
1.44507086277008
2.96007537841797
3.98311805725098
3.64008164405823
2.53248691558838
1.45200335979462
0.91918933391571
0.830552041530609
0.643126249313354
0.447777599096298
0.297118961811066
0.228784054517746
-0.304277628660202
-1.09854698181152
-1.72482633590698
-1.79192328453064
-1.51214635372162
-1.42895603179932
-1.86038196086884
-2.4585599899292
-2.38069272041321
-1.76629769802094
-1.09978497028351
-0.669720768928528
-0.169340968132019
0.45508149266243
0.642754852771759
0.220861166715622
-0.603614151477814
-1.07861602306366
-1.05398070812225
-0.583064198493958
0.0170944407582283
0.402839958667755
0.635698556900024
0.514131784439087
0.327201157808304
0.295509606599808
0.246734350919724
-0.0769898295402527
-0.567837417125702
-0.755882143974304
-0.733227670192719
-0.566104233264923
-0.312076717615128
0.177161499857903
0.607720851898193
0.818296313285828
0.909533321857452
0.626537680625916
0.320268630981445
0.0539853796362877
0.0468052625656128
0.106598295271397
0.0188275724649429
-0.252902656793594
-0.642238259315491
-0.909140467643738
-1.10795545578003
-1.26827001571655
-1.45718133449554
-1.51326060295105
-1.4299464225769
-1.22989356517792
-1.21169567108154
-1.26022338867188
-0.930680811405182
-0.216878294944763
0.431436628103256
0.60301661491394
0.549908518791199
0.572934448719025
0.823990881443024
1.29255533218384
1.72001981735229
1.90719795227051
1.91561603546143
1.79417312145233
1.54806840419769
1.19562375545502
0.71777468919754
0.275331020355225
0.10635070502758
0.0656221210956573
-0.0457934699952602
-0.312571913003922
-0.458773910999298
-0.809361636638641
-1.44962990283966
-2.05758762359619
-2.27237200737
-1.52923011779785
-0.384125471115112
0.451120048761368
0.336857169866562
-0.448003739118576
-1.08641505241394
-0.93414705991745
-0.265158385038376
0.394174307584763
0.454586327075958
0.296623766422272
0.647087693214417
1.73054242134094
3.00662231445313
3.57880330085754
3.10293483734131
2.10712695121765
1.27274811267853
0.858158349990845
0.514874517917633
0.185950949788094
0.056832667440176
0.138785019516945
-0.157332852482796
-0.905921816825867
-1.65290141105652
-1.97736835479736
-1.85765850543976
-1.62195265293121
-1.67394661903381
-2.10945773124695
-2.27608585357666
-1.88043677806854
-1.22432279586792
-0.849595010280609
-0.726542711257935
-0.345253795385361
0.24970543384552
0.580114543437958
0.249581634998322
-0.401580572128296
-0.871135354042053
-0.895646810531616
-0.507796764373779
-0.0857792869210243
0.429579704999924
0.828818917274475
0.921417653560638
0.56550669670105
-0.162656038999557
-0.8243408203125
-1.2422730922699
-1.27718329429626
-1.257004737854
-1.00545310974121
-0.748330652713776
-0.609308779239655
-0.520052492618561
-0.332007735967636
0.098056435585022
0.244629830121994
0.243887051939964
0.0407393053174019
-0.0496311150491238
-0.0938259661197662
-0.217249676585197
-0.38759171962738
-0.70376443862915
-0.92213898897171
-0.953582942485809
-0.828549861907959
-1.04333436489105
-1.28015434741974
-1.17443335056305
-1.16886258125305
-1.20241105556488
-1.39330315589905
-1.08319640159607
-0.432529360055923
0.310117423534393
0.452234208583832
0.112664252519608
-0.243741825222969
-0.147924423217773
0.595960319042206
1.36274719238281
1.83056879043579
1.75728213787079
1.42798721790314
1.03035736083984
0.587542235851288
0.230888575315475
0.194864198565483
0.54854679107666
0.657362699508667
0.183598846197128
-0.685814142227173
-1.15450239181519
-1.22283720970154
-1.63953149318695
-2.32981300354004
-2.53345584869385
-2.11601877212524
-0.927214562892914
0.0136281782761216
0.142746463418007
-0.542954564094543
-1.36569678783417
-1.35901188850403
-0.573408186435699
0.444435119628906
0.753551483154297
0.35208398103714
0.161191940307617
0.973411560058594
2.37922859191895
3.44869446754456
3.49858403205872
2.55526542663574
1.37834537029266
0.814334869384766
0.639783799648285
0.496057659387589
0.338961690664291
0.305165618658066
0.0428438223898411
-0.733475208282471
-1.60536408424377
-2.1983425617218
-2.21975922584534
-1.97835874557495
-1.90024399757385
-2.3381073474884
-2.75009727478027
-2.51414394378662
-1.73745346069336
-1.08827197551727
-0.910625994205475
-0.688908994197845
-0.273576438426971
0.175428375601768
0.103255830705166
-0.399847447872162
-0.878067910671234
-0.930680811405182
-0.597176849842072
-0.107195839285851
0.367434561252594
0.768778264522552
1.00349378585815
0.841817378997803
0.432798385620117
-0.232847854495049
-0.723447859287262
-0.967324197292328
-0.889580845832825
-0.696955680847168
-0.576503038406372
-0.535650670528412
-0.47164860367775
-0.296478539705276
-0.0696859210729599
0.0547281503677368
-0.0705524906516075
-0.270605355501175
-0.397990524768829
-0.290288776159286
-0.227029487490654
-0.31393364071846
-0.538374185562134
-0.803419470787048
-0.86395525932312
-0.852937519550323
-0.974751889705658
-1.12974333763123
-1.23373126983643
-1.23818778991699
-1.21256220340729
-1.23311221599579
-1.02612686157227
-0.477714568376541
0.139527797698975
0.402839958667755
0.06339380890131
-0.274814397096634
-0.150400325655937
0.599797964096069
1.44754683971405
1.80457186698914
1.64636170864105
1.25875926017761
0.892944753170013
0.544709146022797
0.303803890943527
0.0869148746132851
0.286967754364014
0.877222776412964
1.12914574146271
0.69796746969223
-0.113756977021694
-0.498140752315521
-1.04172503948212
-1.84924042224884
-2.44172382354736
-2.34380197525024
-1.23657846450806
-0.0474028028547764
0.24079218506813
-0.500864267349243
-1.39119863510132
-1.4466587305069
-0.966210007667542
-0.06560068577528
0.433045953512192
0.442701995372772
0.173200055956841
0.645849764347076
1.70516443252563
2.8881504535675
3.43049669265747
2.97505450248718
2.00660538673401
1.1763117313385
0.985543489456177
0.71777468919754
0.483554363250732
0.264932215213776
0.150545552372932
-0.271224349737167
-0.965962409973145
-1.6759272813797
-2.05461645126343
-1.94889545440674
-1.70935201644897
-1.87164735794067
-2.3971574306488
-2.55450105667114
-1.96721720695496
-1.15215027332306
-0.691137313842773
-0.46335431933403
-0.160922914743423
0.243639469146729
0.327201157808304
-0.0523546077311039
-0.6468186378479
-0.831520974636078
-0.633943974971771
-0.203013241291046
0.268769860267639
0.725449979305267
1.10636746883392
1.02243447303772
0.451367646455765
-0.369393855333328
-0.995797038078308
-1.30540859699249
-1.32224476337433
-1.1167448759079
-0.887600123882294
-0.813942074775696
-0.867421507835388
-0.754272818565369
-0.428320318460464
-0.0810750722885132
0.0235317852348089
-0.105091318488121
-0.322723090648651
-0.304525226354599
0.00855257920920849
0.334876447916031
0.356540590524673
0.102884441614151
-0.216630697250366
-0.336959540843964
-0.475857645273209
-0.645704507827759
-1.01585185527802
-1.48082625865936
-1.6495589017868
-1.6967248916626
-1.44232594966888
-0.937118172645569
-0.307620108127594
-0.0353946797549725
-0.282365888357162
-0.700174331665039
-0.642980992794037
0.07020253688097
1.0038651227951
1.5833500623703
1.55524849891663
1.13384997844696
0.760607779026031
0.569344341754913
0.490858286619186
0.566125690937042
1.02367234230042
1.57171332836151
1.32969391345978
0.239306643605232
-0.870268821716309
-1.34539437294006
-1.3728768825531
-1.61526775360107
-2.12716054916382
-2.46784448623657
-2.19438123703003
-0.931299805641174
-0.108062401413918
-0.179739758372307
-1.06586503982544
-1.52576386928558
-1.17492854595184
-0.261815905570984
0.526387453079224
0.60054075717926
0.137051895260811
0.0295977462083101
1.08371305465698
2.58101463317871
3.75966787338257
3.60368609428406
2.39755034446716
1.18324422836304
0.745133399963379
0.688187658786774
0.536662459373474
0.226060569286346
0.0521284528076649
-0.195337951183319
-0.794753789901733
-1.62306678295135
-2.24439430236816
-2.42476391792297
-2.24748921394348
-2.25528836250305
-2.81422328948975
-2.90471744537354
-2.24612760543823
-1.2572523355484
-0.723942995071411
-0.61091810464859
-0.401209205389023
-0.0586681589484215
0.255523800849915
-0.0977874100208282
-0.589872896671295
-0.9023317694664
-0.615993678569794
-0.369765251874924
-0.0703049004077911
0.224698811769485
0.527130246162415
0.825476408004761
0.900743842124939
0.60796844959259
-0.229505389928818
-0.947145581245422
-1.18248009681702
-0.882153153419495
-0.49826455116272
-0.378678470849991
-0.427825152873993
-0.535526871681213
-0.529089510440826
-0.514481723308563
-0.563999772071838
-0.596186459064484
-0.44849893450737
-0.105338908731937
0.280530393123627
0.389717698097229
0.0598037503659725
-0.491084426641464
-0.941203415393829
-0.946402788162231
-0.691508710384369
-0.605471074581146
-0.830406785011292
-1.18037557601929
-1.49927175045013
-1.72272181510925
-1.78944742679596
-1.35084140300751
-0.49554106593132
0.243763267993927
0.341313809156418
-0.0865220576524734
-0.535279273986816
-0.396133601665497
0.393183946609497
1.31570506095886
1.75889146327972
1.64029574394226
1.33365535736084
0.996189892292023
0.771749377250671
0.783633708953857
1.35779535770416
1.93641364574432
1.52504253387451
0.265551209449768
-0.889704644680023
-1.148188829422
-0.970914244651794
-1.17047190666199
-1.82014858722687
-2.47415804862976
-2.46301651000977
-1.4139769077301
-0.250055372714996
0.124424792826176
-0.40950345993042
-1.10597467422485
-1.13419997692108
-0.445775419473648
0.501257061958313
0.908171534538269
0.580857336521149
0.148317247629166
0.727925896644592
2.24156856536865
3.80658626556396
4.07163143157959
2.8635151386261
1.21765923500061
0.36978667974472
0.490115493535995
0.672094285488129
0.622328698635101
0.373624324798584
0.115511544048786
-0.439338088035583
-1.22890317440033
-1.890216588974
-2.07615685462952
-1.94815278053284
-1.85010695457458
-2.05238819122314
-2.42476391792297
-2.31978559494019
-1.6239333152771
-0.653627395629883
-0.198061436414719
-0.209326788783073
-0.0580491833388805
0.372881561517715
0.489620327949524
-0.0803323015570641
-0.63815301656723
-0.828054666519165
-0.644466578960419
-0.298335462808609
0.157354280352592
0.640526533126831
0.818420112133026
0.681997895240784
0.158592239022255
-0.453945904970169
-0.913597106933594
-1.09074783325195
-1.00731003284454
-0.880667626857758
-0.620945513248444
-0.543944954872131
-0.563504576683044
-0.556943416595459
-0.381154388189316
-0.274319231510162
-0.464344680309296
-0.674177408218384
-0.505939841270447
0.198825642466545
1.16417980194092
1.62073612213135
1.14660096168518
0.173571437597275
-0.409132093191147
-0.451098620891571
-0.284965604543686
-0.365927577018738
-0.790173411369324
-1.2001827955246
-1.63173246383667
-1.90841448307037
-1.88761687278748
-1.31172215938568
-0.510148882865906
-0.130593106150627
-0.303411066532135
-0.705992698669434
-0.730132758617401
-0.137773230671883
0.812973141670227
1.40112364292145
1.43603384494781
1.33699774742126
1.3221423625946
1.41734075546265
1.23560953140259
1.02292954921722
1.26965320110321
1.38044989109039
0.701805114746094
-0.451593786478043
-1.08765304088593
-0.961753368377686
-0.800943553447723
-1.43291747570038
-2.2658109664917
-2.58359289169312
-1.87239015102386
-0.485142260789871
0.190655171871185
-0.0839223563671112
-1.12330603599548
-1.63903641700745
-1.22011375427246
-0.108309991657734
0.737953305244446
0.758998453617096
0.133833214640617
0.00137246365193278
1.16702711582184
2.94150590896606
4.16769647598267
3.73986053466797
2.16951990127563
0.72272652387619
0.251686155796051
0.279787629842758
0.250695794820786
0.200187385082245
0.282139748334885
0.131357312202454
-0.519185900688171
-1.36829650402069
-2.08766984939575
-2.43491506576538
-2.37041783332825
-2.1922767162323
-2.20354199409485
-2.15996623039246
-1.85023081302643
-1.30020916461945
-0.938851296901703
-0.560533463954926
-0.0970446392893791
0.229650616645813
0.188055470585823
-0.328170090913773
-0.736074924468994
-0.911244988441467
-0.659817159175873
-0.632334649562836
-0.283108681440353
0.214795216917992
0.935406446456909
1.24043762683868
0.930454671382904
0.333390921354294
-0.420892626047134
-0.81406581401825
-0.937613368034363
-0.688166201114655
-0.420273631811142
-0.309724628925323
-0.440576046705246
-0.677891254425049
-0.624906957149506
-0.733846604824066
-0.78881162405014
-0.54654461145401
-0.031804621219635
0.549784719944
0.743028879165649
0.55597448348999
-0.0274717938154936
-0.664892733097076
-1.02154648303986
-0.773337244987488
-0.333988457918167
-0.346244156360626
-0.804162263870239
-1.49518644809723
-1.75230884552002
-1.79699885845184
-1.63495111465454
-1.05484735965729
-0.173673808574677
0.523292601108551
0.444930285215378
-0.0727808028459549
-0.592101216316223
-0.523766338825226
-0.0295763108879328
0.658229231834412
1.39555287361145
1.77770829200745
1.78043174743652
1.54113590717316
1.50932049751282
1.71135413646698
1.97404730319977
1.96166777610779
1.32833206653595
0.0818392783403397
-1.131476521492
-1.51264154911041
-1.48738741874695
-1.45470547676086
-1.90730035305023
-2.40743255615234
-2.15550947189331
-0.903322100639343
0.215909361839294
0.267779499292374
-0.585911452770233
-1.34069013595581
-1.18458461761475
-0.241142138838768
0.877965569496155
1.2333812713623
0.70415723323822
0.151412114500999
0.851968586444855
2.42255687713623
3.89522337913513
4.0599946975708
2.94299149513245
1.41523623466492
0.245496392250061
0.82101982831955
1.52640426158905
1.15836143493652
-0.184443980455399
-0.815798997879028
-0.851823329925537
-1.01127147674561
-1.46559941768646
-2.15996623039246
-2.57034683227539
-2.71258735656738
-2.12914109230042
-1.4144721031189
-0.74263608455658
-0.269119828939438
-0.149657562375069
-0.20004215836525
-0.00989289022982121
0.612301290035248
0.98195344209671
0.627404272556305
-0.130221724510193
-0.58826357126236
-0.508168160915375
-0.328789055347443
-0.143096417188644
-0.0185585469007492
0.306155979633331
0.518835961818695
0.51796942949295
0.119472987949848
-0.41569322347641
-0.854175448417664
-1.07552111148834
-0.987007617950439
-0.640009939670563
-0.123041607439518
0.178647041320801
0.0403679199516773
-0.335350215435028
-0.529213309288025
-0.609184980392456
-0.342282712459564
0.618243455886841
1.78575503826141
2.30495166778564
1.94507932662964
1.0031224489212
0.16230608522892
-0.368279695510864
-0.242503881454468
-0.0112546365708113
-0.0746377259492874
-0.743997812271118
-1.4981575012207
-1.93329727649689
-2.05857801437378
-1.87003803253174
-1.52762079238892
-0.738674640655518
-0.00197000405751169
0.338590294122696
0.0823344588279724
-0.451098620891571
-0.722333669662476
-0.421263992786407
0.600045561790466
1.64017200469971
2.37563872337341
2.48804450035095
2.11529755592346
1.55685782432556
1.2541788816452
1.57381772994995
2.03606867790222
1.98741722106934
0.970688104629517
-0.402323335409164
-1.30850350856781
-1.32348263263702
-1.06153225898743
-1.47438883781433
-2.06662464141846
-2.4273636341095
-1.67419421672821
-0.316409558057785
0.357530951499939
0.0225414261221886
-0.910254657268524
-1.2006778717041
-0.635181903839111
0.520197689533234
1.20329904556274
1.08519852161407
0.440968841314316
0.448148965835571
1.4370242357254
2.76447892189026
3.66805934906006
3.56803297996521
2.47417950630188
1.45645999908447
1.84369111061096
1.55252504348755
0.408163160085678
-0.634191572666168
-0.392914921045303
-0.12155606597662
-0.473381727933884
-1.58382380008698
-2.26135420799255
-1.91509938240051
-1.55931234359741
-1.04581022262573
-1.36804890632629
-1.46795153617859
-1.24078750610352
-0.811961352825165
-0.31393364071846
-0.125888898968697
0.269388854503632
0.435398072004318
0.52750164270401
0.2073675096035
-0.133811786770821
-0.429682075977325
-0.800448358058929
-0.7042595744133
-0.411855578422546
0.294643044471741
0.807897508144379
1.13248825073242
0.80987823009491
0.000382102851290256
-0.597548246383667
-0.764547824859619
-0.433519721031189
-0.224182203412056
-0.0860268771648407
-0.144334360957146
-0.362708926200867
-0.672691822052002
-0.87224954366684
-0.722952663898468
-0.107567220926285
1.02812898159027
1.66641652584076
1.59251081943512
1.16987442970276
0.659591019153595
0.0995419770479202
-0.438100129365921
-0.592720210552216
-0.371622174978256
-0.259958982467651
-0.655360519886017
-1.34316611289978
-1.86644792556763
-1.95558047294617
-1.69994354248047
-1.24871039390564
-0.674301207065582
-0.037746787071228
0.36632040143013
0.366939395666122
-0.0662196576595306
-0.436490803956985
-0.403808891773224
0.312964737415314
1.29082214832306
2.16246342658997
2.5594744682312
2.33429098129272
1.85767996311188
1.369060754776
1.33922612667084
1.69946980476379
2.04498195648193
1.59176802635193
0.367929756641388
-0.848109483718872
-1.2993426322937
-1.17109096050262
-1.17666172981262
-1.83029985427856
-2.24649882316589
-1.93540179729462
-0.774203836917877
0.205510586500168
0.444311320781708
-0.224182203412056
-0.935013651847839
-0.754025220870972
0.232497915625572
1.28599417209625
1.39394354820251
0.821638762950897
0.272978901863098
0.776948750019073
1.83675861358643
2.97913980484009
3.87987279891968
3.54438805580139
2.90919542312622
2.36177349090576
1.53185129165649
0.246610552072525
-0.7875736951828
-0.672072887420654
-0.0995205417275429
-0.0267290230840445
-0.952221155166626
-1.84094619750977
-2.26927709579468
-1.7497091293335
-0.971780776977539
-0.812208890914917
-0.888838052749634
-0.956925392150879
-0.517452776432037
-0.0495073199272156
0.0760209038853645
0.0856769233942032
0.249334037303925
0.531710684299469
0.500514268875122
0.436759829521179
0.191397935152054
-0.149038583040237
-0.585292518138885
-0.654122591018677
-0.266520112752914
0.399621278047562
0.96957391500473
0.982943773269653
0.430570065975189
-0.410493820905685
-0.734836995601654
-0.561152458190918
-0.195337951183319
-0.0703049004077911
-0.066467247903347
-0.171074107289314
-0.428320318460464
-0.66538792848587
-0.694603562355042
-0.489846467971802
0.398135751485825
1.64301919937134
2.32834887504578
2.41871929168701
1.97578048706055
1.19537615776062
0.512027263641357
0.216652140021324
0.28647255897522
0.304546654224396
-0.196452096104622
-0.970171451568604
-1.6229430437088
-1.94567680358887
-1.87152361869812
-1.69845807552338
-1.30181849002838
-0.693984568119049
0.0120188416913152
0.233116880059242
-0.120318114757538
-0.51930969953537
-0.466325402259827
0.501009464263916
1.71308732032776
2.66989946365356
2.84346032142639
2.4765317440033
1.85755610466003
1.36633718013763
1.21109819412231
1.62172651290894
2.19378352165222
2.00858616828918
1.05957293510437
-0.227524667978287
-0.874973058700562
-0.803914666175842
-0.700545728206635
-1.19052672386169
-1.82782387733459
-2.05300712585449
-1.31246495246887
-0.0591633394360542
0.572191655635834
0.321630388498306
-0.615746080875397
-0.833749234676361
-0.0321760065853596
1.28958427906036
1.89073324203491
1.43987154960632
0.534681737422943
0.328686714172363
1.08470332622528
2.43704104423523
4.04080629348755
4.41776275634766
3.56691884994507
2.07642579078674
1.85099506378174
1.98679828643799
1.14387738704681
-0.0186823420226574
-0.513738930225372
-0.314057439565659
-0.646571099758148
-1.22927463054657
-1.90234851837158
-1.80715012550354
-1.60313582420349
-1.38624680042267
-1.24128270149231
-1.23373126983643
-0.756624937057495
-0.391181796789169
-0.222696661949158
-0.162160858511925
0.0638889893889427
0.574172377586365
0.749342441558838
0.619976580142975
0.159830182790756
-0.0306904669851065
-0.0797133222222328
0.112045280635357
0.242525309324265
0.421780616044998
0.805916786193848
1.06365823745728
0.841693580150604
0.0510142967104912
-0.609432518482208
-0.74263608455658
-0.513615131378174
-0.337826102972031
-0.216630697250366
-0.136040091514587
-0.258349657058716
-0.548525333404541
-0.822855293750763
-0.869402229785919
0.0151137197390199
1.29763090610504
2.18945074081421
2.15379786491394
1.6938990354538
1.03320455551147
0.546318471431732
0.132347673177719
0.0429676175117493
-0.0399750992655754
-0.318514078855515
-0.678262591362
-1.23521673679352
-1.60226917266846
-1.7799152135849
-1.75750827789307
-1.58097648620605
-1.02006089687347
-0.415569424629211
-0.00308415992185473
0.0430914126336575
-0.138392195105553
-0.187043681740761
0.374614685773849
1.65366566181183
2.89508295059204
3.13846397399902
2.60305023193359
1.92242479324341
1.48963713645935
1.26804387569427
1.38379228115082
1.77572762966156
1.95362114906311
1.17012202739716
-0.187662646174431
-1.09396660327911
-1.16675806045532
-0.810475766658783
-0.882648348808289
-1.46993231773376
-2.0783851146698
-1.92809796333313
-0.812951683998108
0.253419280052185
0.523540198802948
-0.165379539132118
-0.704383373260498
-0.333864659070969
0.816191792488098
1.70924961566925
1.61603188514709
0.705766558647156
-0.15225724875927
0.168372049927711
1.87884891033173
4.14528942108154
5.03723335266113
3.77353286743164
1.68659508228302
0.527873039245605
0.771254181861877
1.20181357860565
1.1915385723114
0.832285165786743
0.28931987285614
-0.62787801027298
-1.6285138130188
-2.02453422546387
-1.69301104545593
-1.17765200138092
-1.14435112476349
-1.35975468158722
-1.53962886333466
-1.26455616950989
-0.599900305271149
-0.189643368124962
-0.226286724209785
-0.299325823783875
0.211947917938232
0.844169497489929
0.96338415145874
0.406182438135147
-0.221953898668289
-0.605594873428345
-0.428320318460464
0.217766299843788
0.9101522564888
1.30245888233185
1.20688915252686
0.666275918483734
-0.0918452441692352
-0.608813583850861
-0.62787801027298
-0.441937774419785
-0.375583618879318
-0.480190455913544
-0.473257929086685
-0.469791680574417
-0.627135217189789
-0.809237837791443
-0.437357366085052
0.659219622612
1.5475732088089
1.82685494422913
1.69018518924713
1.52665185928345
1.23127675056458
0.86595743894577
0.534434139728546
0.240297004580498
0.159706398844719
-0.0243769157677889
-0.444661259651184
-1.24214923381805
-1.83735609054565
-1.99692797660828
-1.87672293186188
-1.58629965782166
-1.14224660396576
-0.445899218320847
0.0645079612731934
0.288824677467346
0.126776903867722
0.2087292522192
0.734363257884979
1.67854845523834
2.25295758247375
2.14983630180359
1.84158658981323
1.59597706794739
1.53754580020905
1.28772735595703
1.19030058383942
1.29082214832306
1.50090253353119
1.18856739997864
0.403582721948624
-0.399599850177765
-0.665264129638672
-0.593463003635406
-0.524632930755615
-0.765785753726959
-1.26591789722443
-1.6229430437088
-1.31494081020355
-0.30378246307373
0.530225098133087
0.831170976161957
0.198949441313744
-0.393533885478973
-0.110909692943096
1.06563889980316
1.75938665866852
1.33501708507538
0.186569929122925
-0.519928693771362
0.249829217791557
2.42453765869141
4.81923007965088
5.20819425582886
3.64082455635071
1.86906909942627
1.27745234966278
1.38280200958252
1.25838792324066
0.964003145694733
0.557583808898926
0.0777540355920792
-0.984284102916718
-1.86199128627777
-2.03629493713379
-1.65649151802063
-1.30961763858795
-1.2886962890625
-1.42251873016357
-1.5339343547821
-1.28287792205811
-0.892799496650696
-0.689032793045044
-0.572293996810913
-0.223439440131187
0.49803838133812
0.847140550613403
0.705890357494354
0.161934703588486
-0.214031010866165
-0.381401985883713
-0.0638675540685654
0.630127787590027
1.21146953105927
1.47552442550659
1.04793620109558
0.29055780172348
-0.406408578157425
-0.622554838657379
-0.482418775558472
-0.266767710447311
-0.230990931391716
-0.344263434410095
-0.436367005109787
-0.658455431461334
-0.720600545406342
-0.477714568376541
0.283625274896622
0.92872154712677
1.03728985786438
0.812230348587036
0.682988286018372
0.791804134845734
0.803069531917572
0.550279915332794
0.0570802576839924
-0.306010752916336
-0.54320216178894
-0.668111443519592
-0.787821292877197
-1.08406293392181
-1.47822654247284
-1.80195069313049
-1.83401370048523
-1.47290337085724
-0.697946012020111
0.115140154957771
0.541861832141876
0.477364599704742
0.27075058221817
0.404573082923889
0.975020885467529
1.89618027210236
2.21359086036682
1.96699106693268
1.52689945697784
1.30419206619263
1.23746645450592
1.17977797985077
1.12085151672363
0.936273038387299
0.671599149703979
0.12615792453289
-0.48526605963707
-0.958782315254211
-1.08369159698486
-0.947764575481415
-0.875839591026306
-0.8395676612854
-0.852194726467133
-0.767147481441498
-0.5159672498703
-0.171940669417381
0.173076257109642
0.0139995636418462
-0.326684534549713
-0.168226823210716
0.656372308731079
1.25244569778442
0.965983867645264
-0.174168989062309
-1.08926236629486
-0.422997117042542
1.89754199981689
4.29322481155396
4.64207935333252
3.12992215156555
1.38985824584961
0.746371388435364
0.981458246707916
1.07566630840302
0.915227890014648
0.61626273393631
0.209595814347267
-0.751549303531647
-1.7172749042511
-2.04805541038513
-1.8372323513031
-1.47921693325043
-1.3467561006546
-1.23051249980927
-1.31853091716766
-1.37064862251282
-1.31011283397675
-1.25279569625854
-1.04940032958984
-0.52339494228363
0.326705992221832
0.838846325874329
0.630746722221375
-0.0464124456048012
-0.512501001358032
-0.653503596782684
-0.358128488063812
0.181865721940994
0.750704169273376
1.01624464988708
0.777072548866272
0.142746463418007
-0.561647653579712
-0.963115155696869
-0.88586699962616
-0.603119015693665
-0.588882565498352
-0.515224456787109
-0.340797185897827
-0.227153286337852
-0.331636339426041
0.013875768519938
0.477117031812668
0.786480963230133
0.834018290042877
0.751694560050964
0.620966911315918
0.622081100940704
0.534062743186951
0.1774090975523
-0.13108828663826
-0.397495329380035
-0.486627817153931
-0.594081938266754
-0.855042040348053
-1.34923207759857
-1.78919982910156
-1.83809888362885
-1.4512392282486
-1.04977166652679
-0.864698052406311
-0.497150391340256
-0.0736473649740219
0.286101192235947
0.309250861406326
0.186693727970123
0.440473675727844
1.02651965618134
1.54447829723358
1.6203647851944
1.50894916057587
1.40223777294159
1.42798721790314
1.29007947444916
1.18572020530701
1.09893977642059
0.951995015144348
0.60264527797699
-0.0768660381436348
-0.891809165477753
-1.24982464313507
-1.14051353931427
-0.847985684871674
-0.872125744819641
-0.967076599597931
-1.16155862808228
-0.901836574077606
-0.438347727060318
0.151535913348198
0.518959760665894
0.447282403707504
0.442825794219971
0.740800559520721
1.29961168766022
1.31979024410248
0.774720430374146
-0.0856554880738258
0.284863233566284
1.8549565076828
3.71101641654968
4.20644426345825
3.09191703796387
1.45893597602844
0.509798943996429
0.651296734809875
0.708366274833679
0.458671540021896
0.0803537368774414
-0.0348994992673397
-0.385610997676849
-1.2995902299881
-1.99989902973175
-2.0882887840271
-1.61823880672455
-1.30429446697235
-1.33264350891113
-1.62306678295135
-1.79229474067688
-1.42128074169159
-0.995054244995117
-0.673558413982391
-0.372488737106323
0.322992116212845
0.924017310142517
0.862367391586304
0.281396985054016
-0.281499326229095
-0.466077834367752
-0.293136060237885
0.113035641610622
0.502990186214447
0.747980713844299
0.855311036109924
0.818048715591431
0.548918187618256
0.0709453076124191
-0.533174753189087
-0.951230823993683
-1.06623649597168
-0.877077519893646
-0.540973842144012
-0.282118320465088
-0.270481556653976
-0.427825152873993
-0.337826102972031
0.0648793503642082
0.434407711029053
0.517102837562561
0.445425480604172
0.418066769838333
0.419923692941666
0.28585359454155
0.0754019320011139
-0.136040091514587
-0.315047800540924
-0.489722698926926
-0.676653265953064
-1.16341555118561
-1.58555686473846
-1.86149621009827
-1.7852383852005
-1.8384702205658
-1.40271151065826
-0.278775840997696
0.807030975818634
1.32028543949127
0.9361492395401
0.742905080318451
0.780910193920135
1.42489230632782
1.89036190509796
2.06528425216675
1.85817515850067
1.56292378902435
1.42811095714569
1.06279158592224
0.801831543445587
0.598312437534332
0.522426009178162
0.126529306173325
-0.451717585325241
-1.00235819816589
-1.28139233589172
-1.15722584724426
-0.980570256710052
-0.953459143638611
-1.21305739879608
-1.20451557636261
-0.88376247882843
-0.242875263094902
0.183846443891525
0.439111918210983
0.176790118217468
-0.186053320765495
0.120339550077915
1.13261210918427
1.75802493095398
1.17235028743744
-0.0758756771683693
-0.49677899479866
0.836989343166351
2.82674789428711
3.97928023338318
3.40264272689819
1.98345577716827
0.700195789337158
0.474145948886871
0.659219622612
0.637431681156158
0.421161651611328
0.295881003141403
0.0995419770479202
-0.771975517272949
-1.63297045230865
-1.98021566867828
-1.74525260925293
-1.37300074100494
-1.17901384830475
-1.20216345787048
-1.49481511116028
-1.42660403251648
-1.08715784549713
-0.831397175788879
-0.751920700073242
-0.245103567838669
0.614034414291382
0.865338444709778
0.355178862810135
-0.300811380147934
-0.59234881401062
-0.641743063926697
-0.362708926200867
0.117368467152119
0.532701015472412
0.656991302967072
0.559193193912506
0.363720715045929
-0.0018462089356035
-0.48316153883934
-0.889085650444031
-0.986017227172852
-0.889828443527222
-0.477590769529343
-0.0079121682792902
0.0503953211009502
-0.315666794776917
-0.412722140550613
0.118482626974583
0.717650890350342
0.826466798782349
0.518216967582703
0.261961132287979
0.214671418070793
0.243020489811897
0.241411164402962
0.0651269406080246
-0.257483094930649
-0.625030755996704
-0.848109483718872
-1.04506754875183
-1.38921785354614
-1.71430373191833
-1.72296941280365
-1.42115700244904
-1.12021112442017
-0.811837553977966
-0.355157405138016
0.129376590251923
0.37189120054245
0.0739163905382156
-0.135544911026955
0.179389819502831
0.995447099208832
1.68077671527863
1.73128509521484
1.52070963382721
1.20515596866608
1.06217265129089
0.928845345973969
0.892697155475616
0.703414440155029
0.273721665143967
-0.377192944288254
-1.1114217042923
-1.36544919013977
-1.09644246101379
-0.303906232118607
0.108331426978111
-0.312448114156723
-0.797229707241058
-0.961505830287933
-0.311829119920731
0.293652683496475
0.591256082057953
0.258371084928513
-0.163398817181587
-0.23619033396244
0.239801824092865
0.862738728523254
0.728544890880585
-0.0899883210659027
-0.88871431350708
-0.310343593358994
1.57158946990967
3.23576688766479
3.4161365032196
2.21755218505859
0.945805251598358
0.55597448348999
0.947414577007294
0.991609454154968
0.577391028404236
0.19436901807785
0.0267504584044218
-0.296107143163681
-1.07601630687714
-1.62021946907043
-1.82373869419098
-1.74562394618988
-1.55696022510529
-1.37857151031494
-1.38612294197083
-1.36421120166779
-1.03491628170013
-0.896389603614807
-1.06487476825714
-0.93575644493103
-0.0992729514837265
0.622452437877655
0.406058639287949
-0.113014206290245
-0.407027572393417
-0.457907348871231
-0.302173107862473
0.124919973313808
0.613910615444183
0.814706265926361
0.956946790218353
0.954223334789276
0.665904521942139
-0.0433175675570965
-0.755758345127106
-1.14459872245789
-1.16267287731171
-0.791163742542267
-0.326684534549713
-0.165998503565788
-0.546916007995605
-0.958534717559814
-0.7983438372612
-0.19657589495182
0.239059045910835
0.216652140021324
0.0643841698765755
0.000629693036898971
0.212195515632629
0.350227057933807
0.30974605679512
0.19573076069355
0.0933522209525108
0.0646317601203918
-0.0215296298265457
-0.292393296957016
-0.60683286190033
-0.799086630344391
-0.867916703224182
-0.857022762298584
-0.731370687484741
-0.322475522756577
0.193378657102585
0.390336662530899
0.118235036730766
-0.230867132544518
-0.241265922784805
0.395412266254425
1.14684844017029
1.53469848632813
1.53296542167664
1.39344835281372
1.3277131319046
1.15056240558624
0.904210090637207
0.534434139728546
0.347379773855209
0.379566490650177
0.365330040454865
-0.0490121394395828
-0.424854069948196
-0.521538019180298
-0.45184138417244
-0.733475208282471
-1.25960445404053
-1.0442008972168
-0.613765358924866
0.0396251492202282
0.227298513054848
0.149431392550468
-0.320371001958847
-0.619212329387665
-0.00915011949837208
1.14721989631653
1.69612729549408
0.987152814865112
-0.129355162382126
-0.433767288923264
0.914237499237061
2.73340654373169
3.84459114074707
3.49301314353943
2.11245036125183
1.03369975090027
0.859643876552582
1.17395961284637
1.08705544471741
0.683235883712769
0.400487869977951
0.175428375601768
-0.473257929086685
-1.31135070323944
-1.8070262670517
-1.84800255298615
-1.55349397659302
-1.34254705905914
-1.42499458789825
-1.60313582420349
-1.48949193954468
-1.10411775112152
-1.02847898006439
-0.94318413734436
-0.12972654402256
0.786480963230133
0.906190812587738
0.219375625252724
-0.246960505843163
-0.45654559135437
-0.324951410293579
-0.0450506992638111
0.501380860805511
0.856053829193115
0.922284185886383
0.781652987003326
0.38278517127037
-0.0231389664113522
-0.256492733955383
-0.37954506278038
-0.508415758609772
-0.549887120723724
-0.344511032104492
0.150174170732498
0.219623222947121
-0.109671741724014
-0.465335041284561
-0.357385724782944
-0.051735632121563
0.142375081777573
0.0687169954180717
-0.12836480140686
-0.171445488929749
0.000753488158807158
0.219747021794319
0.225070208311081
0.0602989308536053
-0.151885867118835
-0.40950345993042
-0.607204258441925
-0.835977554321289
-0.929690480232239
-0.940089225769043
-0.875963389873505
-0.992454588413239
-0.943555533885956
-0.626887679100037
-0.147676840424538
0.067355252802372
-0.0799609124660492
-0.20623192191124
-0.116851851344109
0.386251419782639
0.979848921298981
1.40842759609222
1.49161779880524
1.4060754776001
1.21369791030884
0.955832660198212
0.658476829528809
0.334381282329559
0.479097753763199
0.811735153198242
0.767787933349609
0.142375081777573
-0.538374185562134
-0.841176986694336
-0.948507308959961
-1.11810660362244
-0.978837132453918
-0.795744180679321
-0.47573384642601
-0.317771285772324
-0.228267446160316
-0.486875414848328
-0.896760940551758
-0.610175311565399
0.364215880632401
1.20490837097168
1.02255821228027
-0.0174443908035755
-0.822360098361969
-0.160551518201828
1.65007555484772
3.26423978805542
3.63995790481567
2.52741146087646
1.13669729232788
0.536291062831879
0.68930184841156
0.784995436668396
0.520197689533234
0.265303611755371
0.193131074309349
-0.324208647012711
-1.26059472560883
-1.90507209300995
-1.9787300825119
-1.8062835931778
-1.67048037052155
-1.68298363685608
-1.70749509334564
-1.57082521915436
-1.20402038097382
-0.961134433746338
-0.886114597320557
-0.491950988769531
0.390955626964569
0.906933605670929
0.66578072309494
0.0357875004410744
-0.43673837184906
-0.586035251617432
-0.373602896928787
0.0261314827948809
0.537157654762268
0.854568302631378
0.992104649543762
0.707252085208893
0.212566897273064
-0.321980327367783
-0.694479763507843
-0.85157573223114
-0.692994236946106
-0.350824594497681
-0.0225199908018112
-0.0407178699970245
-0.381649553775787
-0.648675620555878
-0.548401534557343
-0.183082237839699
-0.0789705514907837
-0.253521651029587
-0.345377594232559
-0.188529208302498
0.341561377048492
0.793413519859314
0.940234482288361
0.809259295463562
0.586180508136749
0.359387874603271
0.0575754381716251
-0.17342621088028
-0.415198028087616
-0.564866304397583
-0.799581825733185
-0.97128564119339
-1.08294880390167
-0.793268263339996
-0.281870722770691
-0.00593144726008177
-0.151514485478401
-0.397866725921631
-0.28731769323349
0.212071716785431
0.854939639568329
1.25405502319336
1.49186539649963
1.54361176490784
1.60055756568909
1.51365339756012
1.30790591239929
1.25256955623627
1.37648844718933
1.44668018817902
0.995694696903229
0.189788594841957
-0.347234517335892
-0.521785616874695
-0.486751616001129
-0.810228168964386
-1.02179396152496
-0.988616943359375
-0.785964369773865
-0.338816463947296
0.0689645856618881
0.363844513893127
-0.0615154467523098
-0.341292351484299
0.16985759139061
1.15427625179291
1.47651481628418
0.810249626636505
-0.217992454767227
-0.278775840997696
1.11280488967896
3.10565829277039
4.43843650817871
4.12201595306396
2.57160615921021
1.23573338985443
0.996189892292023
1.22236347198486
1.0931214094162
0.719507813453674
0.675065398216248
0.519454956054688
-0.25055056810379
-1.25428116321564
-1.76159346103668
-1.77867722511292
-1.73163509368896
-1.63717949390411
-1.54643762111664
-1.445916056633
-1.00347232818604
-0.190509930253029
0.222099125385284
0.0910001173615456
0.173076257109642
0.617872059345245
0.826590597629547
0.588285028934479
0.366444200277328
0.0208082944154739
-0.306382149457932
-0.229134008288383
0.390460461378098
0.89443027973175
1.08272266387939
1.22063040733337
1.26346349716187
0.845283627510071
0.102017879486084
-0.257730662822723
-0.253397852182388
-0.074390135705471
0.11934918910265
0.324230074882507
0.230764776468277
-0.109300352632999
-0.238790020346642
-0.0373754017055035
-0.069562129676342
-0.444537490606308
-0.406532377004623
0.497543215751648
1.48258078098297
1.51390099525452
0.684473812580109
-0.0925880149006844
-0.273824036121368
0.000629693036898971
0.295509606599808
0.281520754098892
-0.18642470240593
-0.714782178401947
-1.11228823661804
-1.28275406360626
-1.22902703285217
-0.823474287986755
-0.120565705001354
0.335247844457626
0.32398247718811
0.011276070959866
-0.073523573577404
0.34378969669342
0.916961014270782
1.31087696552277
1.44531846046448
1.64636170864105
1.71135413646698
1.56465697288513
1.16269421577454
0.774101436138153
1.05796360969543
1.82598841190338
2.15429306030273
1.32895112037659
0.177656680345535
-0.178996995091438
-0.129602745175362
-0.350329399108887
-0.986388623714447
-1.05744695663452
-0.919415473937988
-0.505073308944702
-0.274814397096634
0.10635070502758
0.0775064453482628
-0.440328449010849
-0.356766760349274
0.399621278047562
1.24353241920471
1.04211783409119
0.0513856820762157
-0.571179866790771
0.347379773855209
2.19873547554016
3.7990345954895
4.22637510299683
3.03918027877808
1.57815062999725
0.925255298614502
1.11503314971924
1.22929608821869
0.806411981582642
0.43935951590538
0.385384857654572
0.0513856820762157
-0.854423046112061
-1.5970698595047
-1.86471486091614
-1.76914501190186
-1.68830680847168
-1.8007128238678
-1.6599577665329
-1.21157193183899
-0.576379239559174
-0.0887503698468208
0.0154851051047444
0.235840380191803
0.561792850494385
0.823619484901428
0.724707245826721
0.525273323059082
0.228907853364944
-0.147181659936905
-0.27989000082016
-0.0989015623927116
0.408905923366547
0.651544332504272
0.977125406265259
0.935282707214355
0.558574199676514
-0.217373475432396
-0.787821292877197
-0.956677794456482
-0.74882584810257
-0.324951410293579
0.0611654967069626
0.183970227837563
-0.14272503554821
-0.422873347997665
-0.431167602539063
-0.257730662822723
-0.262187302112579
-0.211059927940369
0.54941338300705
1.61627948284149
2.07333111763
1.53024196624756
0.62492835521698
0.080972708761692
0.0579468235373497
0.23125995695591
0.327201157808304
0.0704501271247864
-0.584797322750092
-1.18854606151581
-1.56599724292755
-1.55856955051422
-1.24425375461578
-0.684947550296783
-0.187910243868828
-0.0662196576595306
-0.312448114156723
-0.398485690355301
-0.0631247833371162
0.556964874267578
0.962765216827393
1.16554152965546
1.42934894561768
1.75567281246185
1.83663475513458
1.56911361217499
1.1920337677002
1.33811187744141
1.93851816654205
2.08410120010376
1.36683237552643
0.245248809456825
-0.356023997068405
-0.524137735366821
-0.560781061649323
-0.847861886024475
-1.18458461761475
-1.0906240940094
-0.927585959434509
-0.561647653579712
-0.148419603705406
0.337476164102554
0.139651581645012
-0.254388213157654
0.0304643120616674
0.800965011119843
1.25653100013733
0.71368944644928
-0.055697076022625
-0.0290811304003
1.40545642375946
3.10689616203308
4.23788833618164
4.03498792648315
2.62137198448181
1.27943301200867
0.701186120510101
0.822010159492493
0.928350150585175
0.946052849292755
0.7326300740242
0.390336662530899
-0.183082237839699
-0.99852055311203
-1.64275026321411
-2.25355529785156
-2.57616519927979
-2.65564179420471
-2.01326894760132
-1.18644154071808
-0.288555651903152
0.220861166715622
0.268522292375565
0.312345743179321
0.669247031211853
1.32412302494049
1.48518049716949
1.19871866703033
0.696977138519287
-0.00221759430132806
-0.483904331922531
-0.534907877445221
-0.162532240152359
0.142622664570808
0.506208896636963
0.723221659660339
0.798612892627716
0.53492933511734
-0.128117203712463
-0.681233704090118
-1.0279837846756
-0.686804473400116
0.078991986811161
0.798612892627716
0.784500241279602
0.21764250099659
-0.202889442443848
-0.345996588468552
-0.426091998815536
-0.127250641584396
0.844664692878723
1.75505375862122
1.87934410572052
1.18671047687531
0.302442133426666
-0.187538862228394
-0.320989966392517
-0.114375948905945
0.0736688002943993
-0.0129877673462033
-0.473257929086685
-1.02699339389801
-1.49729096889496
-1.6498064994812
-1.61786735057831
-1.1530168056488
-0.46211639046669
0.113283231854439
0.340571016073227
0.239059045910835
0.227422311902046
0.31185057759285
0.676303327083588
0.977496802806854
1.43442451953888
1.9497834444046
2.29740023612976
2.21420979499817
1.93529951572418
1.99373078346252
2.15478825569153
2.08385348320007
1.40917026996613
0.495191097259521
-0.208336427807808
-0.56511390209198
-0.841919720172882
-1.21355259418488
-1.64200747013092
-1.77818202972412
-1.70724749565125
-1.37201035022736
-0.635058104991913
0.209224432706833
0.637060284614563
0.209472015500069
-0.209079205989838
-0.0424510017037392
0.626290142536163
0.985914885997772
0.670113563537598
0.192264497280121
0.637679278850555
2.01601386070251
3.2974169254303
3.81116652488708
3.2332911491394
2.22510385513306
1.41387450695038
1.7250953912735
1.73648452758789
0.797622501850128
-0.505568444728851
-0.899608254432678
-0.902950704097748
-0.976237416267395
-1.39850246906281
-2.27843809127808
-2.632244348526
-2.35766696929932
-1.41026306152344
-1.00458645820618
-1.0642557144165
-0.963857889175415
-0.593463003635406
-0.268253266811371
0.00174384890124202
0.446787238121033
0.81891530752182
0.654020190238953
0.248715072870255
-0.0608964711427689
-0.0200440883636475
-0.207593664526939
-0.21019335091114
-0.0486407540738583
0.245991572737694
0.324230074882507
0.278178304433823
0.218013882637024
-0.188653007149696
-0.751425504684448
-1.01449012756348
-0.692003905773163
-0.28397524356842
-0.0315570309758186
-0.0769898295402527
-0.48254257440567
-0.955935001373291
-1.19696402549744
-1.16180622577667
-1.16452980041504
-0.282613486051559
1.21431684494019
2.2158191204071
2.17781400680542
1.37450766563416
0.580609738826752
-0.000979643198661506
0.0232841949909925
0.164410606026649
0.219623222947121
-0.411236584186554
-1.11538314819336
-1.81445407867432
-2.14857697486877
-2.04248452186584
-1.79353260993958
-1.29810464382172
-0.923129320144653
-0.588387370109558
-0.672072887420654
-0.94318413734436
-1.04122984409332
-0.655236721038818
0.235716581344604
1.17408347129822
1.96624827384949
2.25555729866028
2.05067658424377
1.42699682712555
1.03629946708679
1.30320167541504
1.7098685503006
1.84851908683777
1.19091951847076
0.293528884649277
-0.531813025474548
-0.980075061321259
-1.14311325550079
-1.215904712677
-1.49320578575134
-1.60870659351349
-1.72309327125549
-1.36705851554871
-0.56387597322464
0.123063042759895
0.00719083333387971
-0.639638543128967
-0.673929810523987
0.00805739872157574
0.67816025018692
0.457186013460159
-0.302296906709671
-0.549515724182129
0.411010444164276
1.8247504234314
3.03670454025269
3.44956111907959
2.94063949584961
1.93208074569702
1.28376591205597
1.52380454540253
1.44148087501526
0.575657904148102
-0.370879381895065
-0.908521473407745
-1.17765200138092
-1.46423768997192
-1.87461841106415
-2.35098195075989
-2.30752992630005
-2.04050397872925
-1.6911541223526
-1.68508815765381
-1.48565423488617
-0.90443629026413
-0.555086493492126
-0.414455264806747
-0.355157405138016
0.17121933400631
0.548051595687866
0.56092631816864
0.124053403735161
-0.215392753481865
-0.341416150331497
-0.261815905570984
0.184094026684761
0.417942970991135
0.521683275699615
0.256266564130783
0.180875360965729
-0.0941973552107811
-0.56177145242691
-0.972771167755127
-0.999387085437775
-0.667740046977997
-0.429558277130127
-0.256864100694656
-0.521538019180298
-0.929442882537842
-1.36099255084991
-1.56475925445557
-1.42474710941315
-0.427082359790802
1.10785305500031
2.02566981315613
1.90583622455597
1.0563542842865
0.252181321382523
-0.108309991657734
-0.0708000808954239
0.0574516430497169
-0.0374991968274117
-0.512996137142181
-1.25217664241791
-1.88291275501251
-2.0616729259491
-1.96263670921326
-1.81185436248779
-1.60449755191803
-1.31778812408447
-0.93290913105011
-0.635181903839111
-0.597795784473419
-0.686309278011322
-0.758110463619232
-0.371993541717529
0.684845209121704
1.87129735946655
2.61196351051331
2.53731513023376
2.002272605896
1.56911361217499
1.47762894630432
1.68164336681366
1.7824125289917
1.29961168766022
0.399249911308289
-0.521166622638702
-1.06277024745941
-1.25081491470337
-1.30553233623505
-1.74735713005066
-2.03740906715393
-2.31000590324402
-2.0573399066925
-1.11005997657776
-0.0731521844863892
0.347008377313614
-0.321608930826187
-0.808866441249847
-0.631344258785248
0.24079218506813
0.626413881778717
0.397764354944229
-0.193481013178825
0.0851817429065704
1.10896718502045
2.59946012496948
3.8393919467926
3.80349135398865
2.68450736999512
1.37846910953522
1.21951627731323
1.19351923465729
0.313212305307388
-0.722581267356873
-1.13890421390533
-1.11872553825378
-1.58877551555634
-2.24055671691895
-2.73363256454468
-2.36757040023804
-1.9160897731781
-1.67852699756622
-1.82770013809204
-1.90445303916931
-1.43366026878357
-0.993816316127777
-0.659321963787079
-0.58368319272995
-0.256121337413788
0.17802806198597
0.513760387897491
0.53827178478241
0.108207635581493
-0.293631255626678
-0.627754211425781
-0.516586244106293
-0.293755054473877
0.00446734111756086
0.0901335477828979
0.0257600974291563
-0.230495750904083
-0.71787703037262
-1.02464127540588
-1.1372948884964
-0.862841129302979
-0.776555955410004
-0.715401172637939
-0.797848701477051
-1.06004667282104
-1.45569586753845
-1.91534698009491
-1.77793443202972
-0.643228590488434
0.928473949432373
1.84740495681763
1.93443286418915
1.40817999839783
0.63606995344162
-0.0513642467558384
-0.385610997676849
-0.27370023727417
-0.124527148902416
-0.432529360055923
-1.26777482032776
-2.12815070152283
-2.59423923492432
-2.64685225486755
-2.62382626533508
-2.36150455474854
-1.94233441352844
-1.51103222370148
-1.22642731666565
-1.25155770778656
-1.21392405033112
-0.785469174385071
0.261342167854309
1.33613121509552
1.9180920124054
1.79565858840942
1.44346153736115
1.08816957473755
0.819781839847565
0.757017731666565
0.950014293193817
1.37042248249054
1.41870248317719
0.851968586444855
-0.164884358644485
-0.967076599597931
-1.31877839565277
-1.48503530025482
-1.74537634849548
-2.25578355789185
-2.41003227233887
-2.38861560821533
-1.92376506328583
-1.06945514678955
-0.204993963241577
-0.11066210269928
-0.724685788154602
-0.989235877990723
-0.534907877445221
0.0447007492184639
0.106969684362411
-0.374593257904053
-0.670092165470123
-0.32284688949585
0.757884323596954
2.37526726722717
3.57484173774719
3.6466429233551
2.50748038291931
1.71407759189606
1.16578912734985
0.603759407997131
-0.0785991698503494
-0.26689150929451
-0.327427327632904
-0.898494124412537
-1.95780873298645
-2.74316477775574
-2.75170660018921
-2.36843705177307
-2.0669960975647
-2.37338900566101
-2.68052458763123
-2.37796926498413
-1.7854859828949
-1.27891647815704
-1.05794215202332
-0.783240854740143
-0.418045312166214
-0.0961780697107315
0.139280200004578
-0.0322998017072678
-0.403932690620422
-0.814313411712646
-0.691137313842773
-0.231981292366982
0.239059045910835
0.52997750043869
0.365453839302063
-0.0688193589448929
-0.729513764381409
-1.10696506500244
-1.15400719642639
-0.998644351959229
-0.758110463619232
-0.718372225761414
-0.779650807380676
-1.21924722194672
-1.54396176338196
-1.76307904720306
-1.50459492206573
-0.580588281154633
0.371643602848053
0.910276055335999
0.880193829536438
0.712080121040344
0.47340315580368
0.246734350919724
-0.0240055304020643
-0.238666236400604
-0.35503363609314
-0.712182462215424
-1.24103510379791
-1.93911564350128
-2.3183000087738
-2.43949556350708
-2.42637324333191
-2.38836812973022
-2.27905702590942
-1.77842962741852
-1.2212278842926
-0.865935981273651
-0.819141447544098
-0.63320118188858
0.0621558576822281
1.09275007247925
1.89754199981689
1.95263075828552
1.51650071144104
0.965364873409271
0.737334311008453
0.736467778682709
0.925998032093048
1.30555379390717
1.28017580509186
0.819905638694763
0.0806013271212578
-0.562019050121307
-0.962124764919281
-1.22085654735565
-1.33140552043915
-1.6759272813797
-2.08655571937561
-2.38391137123108
-2.30010223388672
-1.49679577350616
-0.450108259916306
0.401973396539688
0.160696759819984
-0.509653687477112
-0.833006501197815
-0.510148882865906
-0.10521511733532
-0.168350622057915
-0.485885053873062
-0.596929252147675
0.452605605125427
2.2429301738739
3.7995297908783
3.76647663116455
2.57296800613403
1.48319983482361
0.958308577537537
0.623319029808044
0.0952091440558434
-0.119946733117104
-0.124774739146233
-0.543078362941742
-1.56674003601074
-2.45199871063232
-2.55957674980164
-2.22260642051697
-1.98813855648041
-2.05981588363647
-2.34739184379578
-2.51327729225159
-2.26407790184021
-1.78041040897369
-1.4299464225769
-1.17245268821716
-0.62453556060791
0.133957013487816
0.543718755245209
0.373871922492981
-0.214402392506599
-0.841053187847137
-1.12194430828094
-0.770489990711212
-0.0545829199254513
0.524282932281494
0.576772093772888
0.198082879185677
-0.34265410900116
-0.812085092067719
-0.985522031784058
-0.839320063591003
-0.642980992794037
-0.621935844421387
-0.82186496257782
-1.09384274482727
-1.55708396434784
-1.8425555229187
-1.46436142921448
-0.227648466825485
1.04459369182587
1.26952946186066
0.923645913600922
0.479345321655273
0.284491837024689
0.10090371966362
-0.0386133529245853
-0.246217727661133
-0.285832166671753
-0.56845635175705
-1.11736381053925
-1.79204714298248
-2.37276983261108
-2.64412879943848
-2.68176245689392
-2.41845035552979
-2.0154972076416
-1.65810084342957
-1.56649243831635
-1.49964308738708
-1.18743181228638
-0.553724765777588
0.235592782497406
0.938748955726624
1.38106882572174
1.29874503612518
0.9568230509758
0.815448999404907
0.988885939121246
1.24118041992188
1.35012006759644
1.24340867996216
1.00336992740631
0.565382897853851
0.098056435585022
-0.239285200834274
-0.487741976976395
-0.7983438372612
-1.29228627681732
-1.66292881965637
-1.99358558654785
-1.77162086963654
-1.86298167705536
-1.97674942016602
-1.40394949913025
-0.359490245580673
0.366815596818924
-0.1242795586586
-0.805523991584778
-0.938356101512909
-0.559047937393188
-0.376945346593857
-0.476105213165283
-0.728771030902863
-0.495293468236923
0.917951345443726
2.95735168457031
4.17227697372437
3.84347701072693
2.62582850456238
1.80221974849701
1.20292770862579
0.325344234704971
-0.331512540578842
-0.350824594497681
-0.256121337413788
-0.886981129646301
-2.06414866447449
-2.71060681343079
-2.50411653518677
-2.10945773124695
-1.97996807098389
-2.25937366485596
-2.56477618217468
-2.54249310493469
-2.16974592208862
-1.80244588851929
-1.51722204685211
-1.06103706359863
-0.279518604278564
0.365577638149261
0.503856778144836
0.198578059673309
-0.281870722770691
-0.669225573539734
-0.659445762634277
-0.331636339426041
0.11934918910265
0.416828811168671
0.399249911308289
0.060794111341238
-0.392295956611633
-0.555210292339325
-0.578236162662506
-0.627506613731384
-0.847614288330078
-0.988616943359375
-1.04098224639893
-1.17703306674957
-1.41620516777039
-1.31036043167114
-0.484275698661804
0.30627977848053
0.58692330121994
0.286720156669617
0.131976291537285
0.175180777907372
0.269265055656433
0.174809396266937
-0.164389178156853
-0.35416704416275
-0.676900863647461
-0.978960931301117
-1.47872173786163
-1.95855152606964
-2.33080339431763
-2.48864221572876
-2.26259231567383
-2.05139780044556
-1.71838903427124
-1.43910729885101
-1.10671746730804
-0.826940536499023
-0.310095995664597
0.506827831268311
1.2541788816452
1.75406348705292
1.62593555450439
1.28091859817505
1.08631265163422
1.14721989631653
1.24563694000244
1.26915800571442
1.32845592498779
1.2130788564682
0.844293296337128
0.440226078033447
0.0132567929103971
-0.460135668516159
-0.994682908058167
-1.52799212932587
-1.89343523979187
-1.8536970615387
-1.74141490459442
-1.23794031143188
-1.07094061374664
-0.914835035800934
-0.617850601673126
-0.0592871345579624
0.417200207710266
0.326458394527435
0.0563374869525433
-0.122051246464252
-0.206603303551674
-0.607699394226074
-1.13568556308746
-0.879305839538574
0.488258570432663
2.58547139167786
3.95736861228943
4.08859157562256
3.11927580833435
1.98184645175934
1.36435651779175
0.680759966373444
-0.0248720962554216
-0.34673935174942
-0.0668386369943619
-0.220963537693024
-1.17270028591156
-2.1293888092041
-2.37796926498413
-2.07628059387207
-1.7223504781723
-1.60697340965271
-1.83364224433899
-2.05610203742981
-1.9422105550766
-1.59620320796967
-1.33846187591553
-1.00458645820618
-0.240027979016304
0.517598032951355
0.751570761203766
0.572067856788635
0.261342167854309
-0.19249065220356
-0.601014494895935
-0.465582638978958
0.13569013774395
0.648697018623352
0.693015694618225
0.421161651611328
0.153516635298729
0.12207268178463
0.0246459413319826
-0.0984063819050789
-0.344758629798889
-0.621069312095642
-0.791782736778259
-0.76863306760788
-0.761329114437103
-0.870021224021912
-0.511510610580444
0.0984278172254562
0.591132283210754
0.583828389644623
0.502866387367249
0.596084117889404
0.674322605133057
0.626290142536163
0.201053962111473
-0.211307510733604
-0.576998233795166
-0.781879127025604
-1.05719935894012
-1.41088199615479
-1.92426025867462
-2.25714540481567
-2.00051808357239
-1.65587246417999
-1.27334570884705
-1.15821623802185
-0.897875130176544
-0.524385333061218
0.00558149674907327
0.648697018623352
1.17445480823517
1.4169694185257
1.28339445590973
1.04162263870239
0.945557653903961
1.30703938007355
1.78191733360291
2.02022290229797
1.90868353843689
1.47465789318085
1.02651965618134
0.413857728242874
-0.16995994746685
-0.58157867193222
-0.723200261592865
-0.65511292219162
-0.735455930233002
-0.8135706782341
-1.13221919536591
-1.03083109855652
-0.993692517280579
-0.865812182426453
-0.358252286911011
0.438616752624512
0.91757994890213
0.657362699508667
0.197463899850845
-0.27778548002243
-0.178996995091438
-0.164760559797287
-0.19731867313385
-0.0662196576595306
0.712203919887543
1.94854557514191
3.10813426971436
3.46194052696228
2.99770903587341
2.19675469398499
1.64784729480743
1.15774250030518
0.409029722213745
-0.16995994746685
-0.0722856223583221
0.141260921955109
-0.459392875432968
-1.4398500919342
-1.90878593921661
-1.71034228801727
-1.45458161830902
-1.42722296714783
-1.62987554073334
-1.78201973438263
-1.77137327194214
-1.44863951206207
-1.14509391784668
-0.885371804237366
-0.451593786478043
0.20192052423954
0.615643739700317
0.70007199048996
0.55684107542038
0.195854559540749
-0.291526734828949
-0.506558835506439
-0.112642824649811
0.471298664808273
0.814087271690369
0.861377000808716
0.924264907836914
0.87214720249176
0.639041006565094
0.0121426368132234
-0.581826210021973
-0.742388486862183
-0.672939419746399
-0.565237700939178
-0.640876471996307
-0.870887815952301
-0.85776549577713
-0.354909837245941
0.243391871452332
0.460033297538757
0.331162601709366
0.287586718797684
0.369167685508728
0.473526954650879
0.541490495204926
0.464985102415085
0.232745498418808
-0.269986391067505
-0.736941516399384
-1.31815946102142
-1.73336827754974
-1.91930842399597
-1.84082233905792
-1.64200747013092
-1.43007028102875
-1.08740544319153
-0.743007481098175
-0.363823086023331
-0.0488883443176746
0.470679670572281
0.993342578411102
1.60377621650696
1.9908834695816
1.88491487503052
1.526775598526
1.27745234966278
1.4220449924469
1.63707709312439
1.73747491836548
1.60365235805511
1.30233514308929
0.79502284526825
0.469689309597015
0.33970445394516
0.0843151807785034
-0.362956494092941
-0.989607274532318
-1.3472512960434
-1.49221539497375
-1.4357647895813
-1.15190267562866
-1.03256416320801
-0.796363115310669
-0.274443000555038
0.477735996246338
0.688311457633972
0.442825794219971
0.20055878162384
0.420790255069733
0.581600069999695
0.405687242746353
0.250076800584793
0.889230906963348
2.122230052948
3.34829664230347
3.74431729316711
3.31313896179199
2.42614698410034
1.70231711864471
1.20639395713806
0.560678720474243
0.117368467152119
0.0773826539516449
0.331905364990234
-0.186672285199165
-1.22469413280487
-1.85134494304657
-1.76691675186157
-1.38748478889465
-1.23868298530579
-1.41496729850769
-1.81606340408325
-2.03109550476074
-1.7948944568634
-1.17183363437653
-0.623668968677521
-0.0559446662664413
0.620966911315918
1.08705544471741
1.08185613155365
0.752561092376709
0.32608699798584
-0.156590074300766
-0.400466412305832
-0.0174443908035755
0.634831964969635
0.997427821159363
0.862614929676056
0.526635050773621
0.45916673541069
0.567858815193176
0.334752649068832
-0.140620514750481
-0.510148882865906
-0.430672436952591
-0.117347031831741
0.0536139942705631
-0.280137598514557
-0.412350744009018
0.166267529129982
0.861995995044708
0.936644434928894
0.430322468280792
0.0903811380267143
0.0891431868076324
0.312840938568115
0.409524887800217
0.274835824966431
0.0543567650020123
-0.230619549751282
-0.48935130238533
-0.662788212299347
-0.786211967468262
-0.821741163730621
-0.898617923259735
-0.87967723608017
-0.902084171772003
-0.899979650974274
-0.721095740795135
-0.38907727599144
-0.0549543052911758
0.163172662258148
0.389965265989304
0.719136416912079
1.09572112560272
1.29156494140625
1.38725852966309
1.52764225006104
1.73289453983307
1.95535433292389
2.02455568313599
1.84381484985352
1.47453415393829
1.08024668693542
0.833523094654083
0.897525191307068
0.981705844402313
0.704404830932617
-0.0455458797514439
-0.770985126495361
-1.17752826213837
-1.29389560222626
-0.960515439510345
-0.922510325908661
-0.528470575809479
0.013875768519938
0.786233365535736
0.793784856796265
0.138042256236076
-0.0579253882169724
0.374862283468246
0.918941736221313
0.900867640972137
0.459414333105087
0.427598983049393
1.36608958244324
2.82885241508484
4.05231952667236
4.04588222503662
2.99325227737427
1.98357951641083
1.59845304489136
1.24576079845428
0.590637147426605
0.122320272028446
0.266541570425034
0.268893659114838
-0.569694340229034
-1.45680999755859
-1.84577417373657
-1.72940683364868
-1.46114277839661
-1.39577901363373
-1.61056351661682
-1.7908091545105
-1.54730415344238
-1.00978589057922
-0.658455431461334
-0.378059506416321
0.238563865423203
1.05288803577423
1.2909460067749
1.11763286590576
0.623442828655243
0.209224432706833
-0.13727805018425
0.0199417285621166
0.533196210861206
0.971802234649658
1.09621632099152
1.01265466213226
0.90767639875412
0.804555058479309
0.590018153190613
-0.0689431503415108
-0.498759716749191
-0.721343338489532
-0.406656175851822
0.0152375148609281
-0.0790943503379822
-0.355157405138016
-0.500616669654846
-0.0972922295331955
0.168124452233315
0.278673470020294
0.0943425819277763
0.188798233866692
0.361863791942596
0.507075428962708
0.518835961818695
0.287215352058411
0.212566897273064
0.0572040528059006
-0.0493835248053074
-0.258844822645187
-0.338445067405701
-0.369022458791733
-0.413217306137085
-0.561523854732513
-0.856156170368195
-0.883143484592438
-0.680614709854126
-0.301925510168076
-0.0477741882205009
0.0417296662926674
0.252057522535324
0.619728982448578
0.987152814865112
1.11280488967896
1.08309400081635
1.19772827625275
1.53519368171692
1.80766677856445
1.78625023365021
1.60328102111816
1.53927898406982
1.53952658176422
1.38082122802734
0.86187219619751
0.303308695554733
-0.122422635555267
-0.61339396238327
-0.985893428325653
-1.30095195770264
-1.08542466163635
-1.06041812896729
-1.01795637607574
-0.695717751979828
0.155125975608826
0.793289721012115
0.42227578163147
-0.122175045311451
-0.131583467125893
0.510417878627777
0.895668268203735
0.61873859167099
0.184094026684761
0.810373425483704
