% Type: Timesignal
% Date: 11-DEC-24 13:45:05
% NoOfItems: = 4096
% Unit_Y: = mm/s
% Unit_X: = Sec
% Min_X: = 0
% Max_X: = 1.60000002384186
% MinDisplay_X: = 0
% MaxDisplay_X: = 1.60000002384186
-1.75312948226929
-1.9486163854599
-1.96309685707092
-1.70221030712128
-1.34316492080688
-0.948155760765076
-0.632195830345154
-0.136179104447365
0.156398355960846
0.233073830604553
0.152125418186188
0.0532544180750847
-0.192202046513557
-0.0522633753716946
0.440311253070831
1.00884914398193
1.3232661485672
1.20397996902466
0.978819966316223
0.758170247077942
0.905467867851257
1.11662220954895
1.2507449388504
1.01347815990448
0.628557860851288
0.173015341162682
-0.176771998405457
-0.411783516407013
-0.693559944629669
-0.947206199169159
-1.36179971694946
-1.77271378040314
-2.28238010406494
-2.50124955177307
-2.39181470870972
-2.1329460144043
-1.70719540119171
-1.29272055625916
-0.842875301837921
-0.489052444696426
-0.0821739286184311
0.29004630446434
0.586540639400482
0.897040665149689
1.34225690364838
1.77892732620239
2.22639870643616
2.55529618263245
2.80561900138855
2.77464032173157
2.42164826393127
1.94960737228394
1.70498180389404
1.69240033626556
1.69073867797852
1.3415447473526
0.658705770969391
0.331588745117188
0.456216067075729
0.971104919910431
1.25003278255463
0.860839426517487
-0.113034024834633
-1.13474059104919
-1.61437773704529
-1.47799980640411
-1.29936742782593
-1.06566143035889
-0.984475672245026
-0.676468193531036
-0.00977139454334974
0.0326018929481506
-0.45724281668663
-0.950766980648041
-0.782935500144958
-0.0273379106074572
0.549033761024475
0.637103736400604
0.588202357292175
0.853361785411835
1.4802964925766
2.28372740745544
2.75719237327576
2.69428515434265
2.17464876174927
1.44421398639679
0.657400190830231
0.284823834896088
0.363042324781418
0.693601429462433
0.862738490104675
0.510458648204803
-0.160273715853691
-0.679554224014282
-0.611424624919891
-0.424602329730988
-0.585312187671661
-1.08121025562286
-1.52761340141296
-1.65307152271271
-1.32678544521332
-0.642996847629547
-0.257483035326004
-0.65640914440155
-1.09497857093811
-1.03088450431824
-0.882993459701538
-1.18399810791016
-1.5325984954834
-1.65829408168793
-1.71253657341003
-1.63752281665802
-1.14530432224274
-0.488102912902832
-0.17416076362133
0.010762439109385
0.247673034667969
0.434851378202438
0.378709763288498
0.0970520153641701
-0.283595412969589
-0.372614920139313
-0.10187691450119
0.369689106941223
0.674254536628723
0.698705196380615
0.553069293498993
0.384644389152527
0.350816965103149
0.537401854991913
0.73526257276535
0.763274013996124
0.548677682876587
0.220729798078537
0.0669040754437447
0.0378243699669838
-0.0314921550452709
-0.205733016133308
-0.530950963497162
-0.898186087608337
-1.26316606998444
-1.60262715816498
-1.76630437374115
-1.70695805549622
-1.4661306142807
-1.20916092395782
-1.05569136142731
-0.759909152984619
-0.407391875982285
-0.292734742164612
-0.266147583723068
-0.0481091290712357
0.487788319587708
1.02143061161041
1.38736021518707
1.7456933259964
2.10034704208374
2.40158915519714
2.44586157798767
2.21892118453979
1.86913371086121
1.73168766498566
1.75412058830261
1.89180409908295
2.03660917282104
1.89097321033478
1.45347201824188
0.866061925888062
0.505236148834229
0.22963173687458
-0.0871590226888657
-0.608813345432281
-1.14043784141541
-1.47360825538635
-1.5746157169342
-1.6772848367691
-1.42316389083862
-1.17746996879578
-0.550297856330872
0.00102963950484991
-0.139265105128288
-0.423059314489365
-0.761570811271667
-0.274812161922455
0.34096547961235
0.744639277458191
0.695381820201874
0.789505124092102
1.27270305156708
2.09286952018738
2.83469867706299
2.99695158004761
2.65179324150085
1.98936939239502
1.28089284896851
0.553544044494629
0.315565258264542
0.347374886274338
0.482447147369385
0.288859397172928
-0.16620834171772
-0.53154444694519
-0.720384478569031
-0.637180924415588
-0.835160315036774
-1.27669703960419
-1.64761173725128
-1.61247861385345
-1.21782553195953
-0.699375867843628
-0.27754208445549
-0.399558156728745
-0.794448733329773
-0.783647656440735
-0.407273173332214
-0.449765175580978
-0.936405181884766
-1.23230600357056
-1.30352163314819
-1.48535883426666
-1.51966094970703
-1.14079391956329
-0.643709003925323
-0.221044361591339
0.00340349320322275
0.150819808244705
0.161383450031281
0.194023936986923
0.0552721954882145
-0.204427391290665
-0.293921679258347
0.0882687568664551
0.650634706020355
0.98083770275116
0.945942103862762
0.688972413539886
0.505710899829865
0.453960925340652
0.603513717651367
0.837931752204895
0.931698977947235
0.789742529392242
0.486601412296295
0.237109377980232
0.176220044493675
0.0550348088145256
-0.209056407213211
-0.589703857898712
-1.00916373729706
-1.3456574678421
-1.50055146217346
-1.55004632472992
-1.5538444519043
-1.5114711523056
-1.32785367965698
-1.07349514961243
-0.717417180538177
-0.339262276887894
0.0203765463083982
0.238415002822876
0.425237268209457
0.749030888080597
1.08671164512634
1.53631949424744
2.12372946739197
2.6566596031189
2.88704228401184
2.65381097793579
2.21654725074768
1.84681951999664
1.75103449821472
1.8783917427063
2.11423420906067
2.25951409339905
2.2070517539978
1.9504382610321
1.43270075321198
0.794846296310425
0.139543995261192
-0.51196014881134
-0.945781886577606
-0.983170092105865
-0.996344983577728
-1.18186163902283
-1.62778997421265
-1.56440818309784
-1.32595455646515
-0.568220436573029
-0.0271005257964134
0.10690350830555
0.00364087847992778
-0.217246204614639
0.144766479730606
0.474732130765915
0.755202949047089
0.78179007768631
1.15935146808624
1.82284355163574
2.61796593666077
3.1240713596344
3.00264883041382
2.39862179756165
1.5948349237442
1.06665253639221
0.726241946220398
0.7624431848526
0.810038983821869
0.710099697113037
0.230106517672539
-0.348995089530945
-0.682758927345276
-0.736170589923859
-0.561692357063293
-0.737713634967804
-1.11895453929901
-1.55218279361725
-1.62731528282166
-1.26304745674133
-0.440744519233704
0.225240111351013
0.302865117788315
-0.0314921550452709
-0.390062749385834
-0.604065656661987
-1.02079570293427
-1.23242473602295
-1.28298783302307
-1.25853705406189
-1.47657549381256
-1.3394855260849
-0.89415055513382
-0.454631567001343
-0.189590811729431
0.00518388347700238
0.284467756748199
0.294912725687027
0.132185056805611
-0.151253074407578
-0.372614920139313
-0.218314439058304
0.317701727151871
0.784638702869415
0.993656516075134
0.939651370048523
0.795677125453949
0.592950046062469
0.486364006996155
0.433427065610886
0.312479227781296
0.147733792662621
0.154736667871475
0.437106549739838
0.791641592979431
0.813006281852722
0.475562989711761
0.0048278053291142
-0.395878672599792
-0.712788164615631
-0.924654603004456
-1.01201236248016
-1.23467981815338
-1.45568561553955
-1.6082056760788
-1.44417250156403
-1.12204051017761
-0.715636789798737
-0.396709531545639
-0.219620048999786
-0.0914319604635239
0.17111624777317
0.634611189365387
1.01039218902588
1.48255169391632
1.98248529434204
2.38342905044556
2.59660124778748
2.49606847763062
2.33583331108093
2.14877367019653
2.11482763290405
2.12349224090576
2.24432134628296
2.31613039970398
2.21239304542542
1.74652421474457
1.01620817184448
0.260966598987579
-0.483117818832397
-0.974268138408661
-1.19017016887665
-1.31004977226257
-1.34625101089478
-1.47194647789001
-1.71229922771454
-1.56167817115784
-1.34625101089478
-0.600979626178741
-0.101164758205414
0.0928977727890015
0.0349757447838783
-0.137247338891029
0.274260193109512
0.515325009822845
0.707963228225708
0.67674708366394
1.0880172252655
1.9323970079422
2.81701350212097
3.31516671180725
3.03362774848938
2.40811729431152
1.50391638278961
0.966713309288025
0.571110606193542
0.554731011390686
0.48933133482933
0.308918446302414
-0.0699485838413239
-0.532612681388855
-0.794567406177521
-0.980914890766144
-1.04738283157349
-1.45627915859222
-1.90173268318176
-2.18457746505737
-1.98659801483154
-1.19384956359863
-0.329529464244843
0.224527955055237
0.321737259626389
0.305595070123672
0.381202310323715
-0.0427679605782032
-0.892370164394379
-1.62422919273376
-1.62992644309998
-1.44167995452881
-1.32393682003021
-1.08109152317047
-0.878839194774628
-0.689168274402618
-0.689405679702759
-0.440981894731522
-0.127870619297028
-0.0503642931580544
-0.175466373562813
-0.424246251583099
-0.488696366548538
-0.215347111225128
0.411468923091888
0.893005132675171
1.06000578403473
0.914844572544098
0.700129508972168
0.586065888404846
0.430459767580032
0.297286570072174
-0.122529439628124
-0.13107530772686
0.566837668418884
1.16409921646118
1.0489673614502
0.292182773351669
-0.423771470785141
-0.858898818492889
-0.978659749031067
-1.01557314395905
-0.988511264324188
-1.20844876766205
-1.63728547096252
-1.95680618286133
-2.02802181243896
-1.54767251014709
-0.920381665229797
-0.367748528718948
-0.088702030479908
0.018477464094758
0.0620376765727997
0.202688500285149
0.496690273284912
0.810988485813141
1.3326427936554
1.89500880241394
2.41571354866028
2.49939179420471
2.20622086524963
1.84029138088226
1.53394556045532
1.56255054473877
2.16527199745178
2.93582487106323
2.96621012687683
2.41606974601746
1.54795134067535
0.568261981010437
-0.237067878246307
-0.787445843219757
-0.878127038478851
-0.978778421878815
-1.15681743621826
-1.43099761009216
-1.89995229244232
-1.98968398571014
-1.81876659393311
-1.19764769077301
-0.637893080711365
-0.297363758087158
-0.115289188921452
-0.0884646400809288
0.166605934500694
0.372537732124329
0.427848517894745
0.298829585313797
0.544167339801788
1.26071500778198
1.99922096729279
2.44681096076965
2.55327844619751
2.48882818222046
2.01690602302551
1.30130791664124
0.484108865261078
0.207554906606674
0.194973483681679
0.433070987462997
0.402092218399048
0.00648950273171067
-0.569882154464722
-0.985425233840942
-1.29212713241577
-1.60381412506104
-2.00535154342651
-2.2138946056366
-1.72511804103851
-0.945188403129578
-0.343297839164734
-0.163953185081482
-0.388994514942169
-0.404068470001221
-0.0946366637945175
0.124588720500469
-0.271844834089279
-0.948037028312683
-1.34447062015533
-1.59930384159088
-1.7856513261795
-1.73912382125854
-1.31622171401978
-0.928096652030945
-0.739256620407104
-0.685370147228241
-0.672788739204407
-0.635875284671783
-0.671483099460602
-0.795042157173157
-1.1373518705368
-1.10530483722687
-0.487390756607056
0.301678210496902
0.681732177734375
0.47591906785965
0.188564077019691
0.000317483471008018
0.0145606053993106
0.132541134953499
0.259898364543915
0.16328252851963
0.333725214004517
1.00113415718079
1.39305746555328
1.08588075637817
0.429154127836227
-0.0932123512029648
-0.375582247972488
-0.53914076089859
-0.8238844871521
-1.200852394104
-1.4962785243988
-1.94707334041595
-2.25223231315613
-2.19573450088501
-1.65532672405243
-1.04536509513855
-0.660919427871704
-0.491901069879532
-0.438014596700668
-0.458192348480225
-0.309351712465286
0.090879999101162
0.626777470111847
1.29110038280487
1.83222031593323
2.1979124546051
2.34793996810913
2.25274848937988
2.03637170791626
2.02450251579285
2.39399290084839
2.93143320083618
3.04668378829956
2.60087418556213
1.9021303653717
1.05454587936401
0.178593888878822
-0.520031213760376
-0.895218789577484
-0.971538186073303
-1.15135765075684
-1.3908793926239
-1.80547297000885
-2.15276765823364
-2.06469774246216
-1.93556010723114
-1.15076410770416
-0.54673707485199
-0.0187920387834311
0.0813845843076706
0.00114833225961775
0.234735533595085
0.338235557079315
0.435682237148285
0.296930491924286
0.785469591617584
1.39341354370117
1.9958975315094
2.10628175735474
2.18366932868958
2.07209825515747
1.65845429897308
1.1064145565033
0.572772264480591
0.559953451156616
0.674254536628723
0.96172821521759
0.852174878120422
0.466898411512375
-0.108761087059975
-0.661750316619873
-1.14221823215485
-1.63657331466675
-1.78185307979584
-1.46435022354126
-0.97011387348175
-0.809285283088684
-0.951004385948181
-0.995039343833923
-0.956345558166504
-0.762164294719696
-0.579496264457703
-0.512672305107117
-0.779968202114105
-1.17272233963013
-1.54078829288483
-1.85496783256531
-1.89389896392822
-1.50850391387939
-0.864358723163605
-0.383415967226028
-0.248937144875526
-0.318491071462631
-0.509586274623871
-0.744835197925568
-0.886198163032532
-0.854981958866119
-0.666141927242279
-0.263180255889893
0.301322132349014
0.688378930091858
0.710811853408813
0.405178219079971
0.179424732923508
0.0528983399271965
0.132185056805611
0.195329561829567
0.293725788593292
0.716865181922913
1.35377013683319
1.56516182422638
1.06285440921783
0.34868049621582
-0.0946366637945175
-0.276829928159714
-0.389350593090057
-0.61332368850708
-0.934031307697296
-1.39052331447601
-1.97817087173462
-2.45982575416565
-2.42469263076782
-1.84226775169373
-1.11824238300323
-0.592789828777313
-0.407629251480103
-0.454987645149231
-0.645133316516876
-0.646201550960541
-0.358846575021744
0.152244120836258
0.792472422122955
1.5283670425415
2.12883329391479
2.3245575428009
2.21381735801697
2.22912859916687
2.36491298675537
2.71837997436523
3.20680022239685
3.5037693977356
3.28644299507141
2.45618772506714
1.38724148273468
0.490280866622925
-0.137128636240959
-0.546143651008606
-0.81391429901123
-1.0832279920578
-1.33533120155334
-1.55194544792175
-2.06434178352356
-2.19074940681458
-2.17413234710693
-1.79407846927643
-1.04856979846954
-0.547686636447906
-0.0434801168739796
-0.0414623394608498
0.193193092942238
0.349036574363708
0.458945989608765
0.363754481077194
0.482447147369385
0.865231037139893
1.23270356655121
1.47578620910645
1.53204655647278
2.23850536346436
2.39589190483093
2.05666828155518
1.02843344211578
0.503930509090424
0.420608282089233
0.459183394908905
0.661910474300385
0.544760823249817
0.212540000677109
-0.704123556613922
-1.42470681667328
-2.09520173072815
-2.2534191608429
-1.65876877307892
-0.715043306350708
-0.0680494979023933
-0.29700767993927
-0.714331150054932
-0.94661271572113
-0.719553649425507
-0.434216409921646
-0.30887696146965
-0.446441769599915
-0.641572535037994
-0.818543314933777
-1.40049350261688
-1.9277263879776
-1.95763695240021
-1.37343156337738
-0.85130250453949
-0.694509446620941
-0.815101265907288
-0.948630511760712
-1.21343386173248
-1.48215413093567
-1.41604232788086
-1.0802606344223
-0.581395328044891
0.0500497184693813
0.5829798579216
0.64909166097641
0.33147007226944
0.0798415765166283
0.0839958265423775
0.162689074873924
0.241501018404961
0.120078399777412
-0.00478630186989903
0.325654119253159
1.2478963136673
1.87637400627136
1.73121285438538
1.07092547416687
0.347256183624268
-0.114458337426186
-0.580089747905731
-0.844299614429474
-1.038006067276
-1.31728994846344
-1.92535257339478
-2.52653098106384
-2.53875637054443
-2.04867434501648
-1.41212546825409
-1.17129802703857
-0.926197588443756
-0.854625880718231
-0.793261766433716
-0.77082884311676
-0.574036419391632
-0.147692292928696
0.525651276111603
1.49976217746735
2.53179502487183
3.27314949035645
3.27647280693054
2.81262183189392
2.3036675453186
2.15862512588501
2.44158864021301
2.88312530517578
2.92407441139221
2.25013732910156
1.10783886909485
-0.0254388283938169
-0.587804734706879
-0.856168925762177
-0.972012937068939
-1.13936960697174
-1.39622056484222
-1.77033996582031
-2.41982626914978
-2.59145593643188
-2.49484014511108
-1.67087543010712
-0.791718780994415
-0.0600970908999443
0.390935093164444
0.321025103330612
0.420964360237122
0.263459146022797
0.249809503555298
-0.0559428483247757
0.168979778885841
0.690396726131439
1.23804473876953
1.43068301677704
1.8330512046814
2.44728589057922
2.32040333747864
1.98343479633331
1.14938127994537
0.721612930297852
0.0963398590683937
-0.176534608006477
-0.334989339113235
-0.210836797952652
-0.194694593548775
-0.442168831825256
-0.936998605728149
-1.69675052165985
-1.82220864295959
-1.59230089187622
-1.05343616008759
-0.828394830226898
-0.92963969707489
-1.05046880245209
-1.02376294136047
-0.833854675292969
-0.893200993537903
-0.927977979183197
-0.877533614635468
-0.741393089294434
-1.01462364196777
-1.57793915271759
-1.82268345355988
-1.63111340999603
-1.16536331176758
-1.01604795455933
-1.05557262897491
-1.20643103122711
-1.12275266647339
-1.05960822105408
-1.03658175468445
-1.04833233356476
-0.873379349708557
-0.507449805736542
-0.0362398624420166
0.38393223285675
0.484702318906784
0.297642648220062
-0.0443109646439552
-0.24834369122982
-0.321102291345596
-0.373564451932907
-0.161816716194153
0.76636004447937
1.73762226104736
1.89370310306549
1.10534632205963
0.160908684134483
-0.346383839845657
-0.420210689306259
-0.455462425947189
-0.666735410690308
-1.08892524242401
-1.70102345943451
-2.24024415016174
-2.60451221466064
-2.56831073760986
-2.19822716712952
-1.66660249233246
-1.17580831050873
-0.904832899570465
-0.893794476985931
-1.16275215148926
-1.29200839996338
-1.27883350849152
-0.881925225257874
-0.157899856567383
0.775261998176575
1.83495020866394
2.75315690040588
3.17344760894775
2.98721885681152
2.54651284217834
2.37986826896667
2.8853805065155
3.31599760055542
3.11327052116394
2.2163097858429
1.0128847360611
0.127912119030952
-0.510654509067535
-0.860797941684723
-1.03753137588501
-1.1646511554718
-1.41604232788086
-1.69758129119873
-2.16083884239197
-2.54089283943176
-2.64391803741455
-2.66385841369629
-1.87953722476959
-0.990291655063629
-0.0247266720980406
0.348561823368073
0.195210859179497
0.178000420331955
0.0455393940210342
-0.0635391771793365
-0.19160857796669
0.11473722755909
0.433664470911026
0.717339992523193
1.4170333147049
2.62663054466248
3.06709909439087
2.31067061424255
1.08184516429901
0.18310421705246
-0.0701859667897224
-0.163953185081482
-0.0597410127520561
-0.123597674071789
-0.383297264575958
-0.819374203681946
-1.21402728557587
-1.60523843765259
-1.7405481338501
-1.47408294677734
-1.02684903144836
-0.780086874961853
-1.12049746513367
-1.49449813365936
-1.41616094112396
-1.03764998912811
-0.693085134029388
-0.612730205059052
-0.571306467056274
-0.54543149471283
-0.804062843322754
-1.43396484851837
-2.0154402256012
-1.92737030982971
-1.37770450115204
-1.02673029899597
-1.21165347099304
-1.49865233898163
-1.6683828830719
-1.61781978607178
-1.56986796855927
-1.27669703960419
-0.952428698539734
-0.611068546772003
-0.366324216127396
-0.134636089205742
-0.0323230028152466
-0.136653870344162
-0.238610878586769
-0.277067303657532
-0.331547260284424
-0.439320206642151
-0.365493357181549
0.246960878372192
1.362553358078
2.01263308525085
1.6640328168869
0.87555730342865
0.207080140709877
-0.00229375553317368
-0.000157287257025018
-0.125496760010719
-0.519912540912628
-1.1645325422287
-1.8340779542923
-2.40427756309509
-2.71608328819275
-2.65210795402527
-2.15478563308716
-1.61200392246246
-1.29770565032959
-1.21153473854065
-1.32488632202148
-1.54719769954681
-1.65876877307892
-1.21034789085388
-0.160867184400558
1.10795760154724
2.58496928215027
3.50626182556152
3.45985317230225
2.60953879356384
1.90391075611115
1.90687799453735
2.38770198822021
2.85404562950134
2.81380891799927
2.27648711204529
1.40006029605865
0.69609397649765
0.1146185323596
-0.233625784516335
-0.589466452598572
-1.0018048286438
-1.32868444919586
-1.56559503078461
-1.83265364170074
-2.34398174285889
-2.7178635597229
-2.87916707992554
-2.13935542106628
-0.880500912666321
0.222628876566887
0.822620391845703
0.545829057693481
0.21811854839325
-0.0652008801698685
-0.0894141867756844
-0.205495625734329
-0.0795626938343048
0.0690405443310738
0.18084904551506
0.476512521505356
1.83067727088928
3.54198837280273
3.83741450309753
2.70330595970154
1.24314856529236
0.452299207448959
0.122689634561539
0.11283814907074
0.225714892148972
0.256100207567215
-0.142469808459282
-0.675637364387512
-1.19337487220764
-1.49390470981598
-1.42921721935272
-1.29272055625916
-1.12678825855255
-1.20488798618317
-1.41829741001129
-1.41663575172424
-1.15325665473938
-0.900322556495667
-0.857118427753448
-0.890708446502686
-0.717417180538177
-0.424246251583099
-0.532375276088715
-1.03171539306641
-1.45485484600067
-1.47170913219452
-1.15563058853149
-0.980202734470367
-0.938304245471954
-1.00453472137451
-1.03753137588501
-1.1466099023819
-1.14174354076385
-0.894506633281708
-0.459141880273819
-0.0323230028152466
0.236041143536568
0.363279700279236
0.279482662677765
0.133253291249275
0.0139671415090561
0.0137297566980124
0.00399695662781596
0.00281002977862954
0.352834761142731
1.24991405010223
1.91494917869568
1.86450469493866
1.17513763904572
0.412774562835693
0.00138571765273809
0.0867257565259933
0.1886827647686
-0.0941618904471397
-0.769879341125488
-1.50446832180023
-2.15953326225281
-2.63098049163818
-2.64961528778076
-2.10707116127014
-1.39325332641602
-0.946731448173523
-0.981983125209808
-1.1980037689209
-1.43800044059753
-1.45912778377533
-1.08002328872681
-0.179383233189583
1.04338872432709
2.23458862304688
3.37878584861755
3.8775327205658
3.59492540359497
2.93024635314941
2.58200192451477
2.72063493728638
3.11635637283325
3.19481229782104
2.74306797981262
1.95530462265015
1.14131021499634
0.622504532337189
0.133134588599205
-0.378549546003342
-0.854507207870483
-1.20868611335754
-1.38541960716248
-1.49485421180725
-1.89686632156372
-2.28036236763
-2.5395872592926
-2.42101311683655
-1.46233248710632
-0.295702069997787
0.995911717414856
1.58640778064728
1.11401093006134
0.394970655441284
-0.0682868883013725
-0.212379798293114
-0.313862055540085
-0.127633228898048
-0.0195041950792074
0.916268885135651
2.48835349082947
3.96358489990234
3.9411518573761
2.61891531944275
1.13858032226563
0.415860563516617
0.270343333482742
0.261916160583496
0.553306698799133
0.56731241941452
0.252302050590515
-0.50020956993103
-0.998006641864777
-0.998718798160553
-0.990172922611237
-0.914803087711334
-0.765962481498718
-0.714449822902679
-1.0015674829483
-1.19942808151245
-0.949698746204376
-0.602522671222687
-0.451901644468307
-0.404661953449249
-0.123004212975502
-0.0985535234212875
-0.447747379541397
-1.0682727098465
-1.5386518239975
-1.57378482818604
-1.25438284873962
-0.926672339439392
-0.868275582790375
-1.04940056800842
-1.04524636268616
-1.03907430171967
-1.11895453929901
-1.05106234550476
-0.719553649425507
-0.338906198740005
0.0298719611018896
0.384407013654709
0.46191331744194
0.419896125793457
0.300372570753098
0.169810637831688
0.0919482335448265
0.283993005752563
0.694313585758209
1.71423983573914
2.29405355453491
2.02272200584412
1.42213714122772
0.687429428100586
0.269393801689148
0.27449756860733
0.377641528844833
0.390816390514374
-0.154695153236389
-1.10411787033081
-1.94315648078918
-2.45009303092957
-2.53151607513428
-2.12618064880371
-1.59609913825989
-1.13082373142242
-0.975692451000214
-1.18233644962311
-1.31978249549866
-1.41497409343719
-1.02055823802948
-0.237780034542084
0.785113513469696
1.79186487197876
2.67292070388794
3.29166555404663
3.31765913963318
2.95540928840637
2.60942006111145
2.63493895530701
2.79778528213501
2.87303638458252
2.58864879608154
1.99993312358856
1.3715740442276
0.88730788230896
0.558766543865204
0.0667853876948357
-0.510179758071899
-0.974386811256409
-1.09735238552094
-0.926078915596008
-0.760739982128143
-1.1888644695282
-1.72559285163879
-2.42231893539429
-2.58647084236145
-1.54790985584259
0.0472010932862759
1.45442152023315
1.85358500480652
1.67898809909821
0.739060759544373
-0.246207222342491
-1.14993333816528
-1.36227452754974
-1.20809268951416
-0.0184359606355429
2.03233623504639
3.7419855594635
4.20168209075928
3.00395441055298
1.50664627552032
0.349273979663849
0.113550297915936
0.23960192501545
0.665115177631378
0.895853757858276
0.638409316539764
-0.104962922632694
-0.952428698539734
-0.991241157054901
-0.806436657905579
-0.491663694381714
-0.508399367332458
-0.699969351291656
-1.10245621204376
-1.50363743305206
-1.4603146314621
-1.14672863483429
-0.753262341022491
-0.57830935716629
-0.283358037471771
-0.133923932909966
-0.387332826852798
-1.08500838279724
-1.79882621765137
-1.94327521324158
-1.69413924217224
-1.19835984706879
-0.918957352638245
-0.900203883647919
-1.09758985042572
-1.15159499645233
-1.06293153762817
-0.850471675395966
-0.582819640636444
-0.246681988239288
0.00874466355890036
0.139187917113304
0.288621991872787
0.288147240877151
0.11271945387125
-0.112796641886234
-0.0622335597872734
0.0737882554531097
0.268088161945343
0.718289494514465
1.1453458070755
1.28196108341217
0.888020038604736
0.373487263917923
0.0151540683582425
0.0239373277872801
0.240432783961296
0.333250463008881
0.029397189617157
-0.741749167442322
-1.47906804084778
-2.08535027503967
-2.36404061317444
-2.14422178268433
-1.51242077350616
-1.13948833942413
-1.25651931762695
-1.19942808151245
-1.13272285461426
-0.962992310523987
-0.80608057975769
-0.313387274742126
0.453486144542694
1.28219842910767
2.18651795387268
2.99149179458618
3.26353526115417
2.91469764709473
2.54212117195129
2.26817846298218
2.3937554359436
2.49761152267456
2.30794048309326
1.81785845756531
1.14807569980621
0.78179007768631
0.593780875205994
0.357226371765137
-0.0526194535195827
-0.542938947677612
-0.9413902759552
-1.08085417747498
-0.874922335147858
-0.945900559425354
-1.30174124240875
-1.90659916400909
-2.38754177093506
-1.79550278186798
-0.4257892370224
1.02154934406281
1.68622827529907
1.48089003562927
0.786656498908997
-0.0700672790408134
-0.825308799743652
-1.31788349151611
-1.23622286319733
-0.210955485701561
1.49928736686707
2.98650670051575
3.64786219596863
3.38745045661926
2.3125696182251
1.1426157951355
0.210640922188759
0.140849620103836
0.453604847192764
0.792947232723236
0.827605485916138
0.405415594577789
-0.259382098913193
-0.741630494594574
-0.699138462543488
-0.509586274623871
-0.376887857913971
-0.668990552425385
-1.0923672914505
-1.6319442987442
-1.77306985855103
-1.32690405845642
-0.822578847408295
-0.416649907827377
-0.0656756460666656
0.161383450031281
-0.205614313483238
-0.895574867725372
-1.34340238571167
-1.47337079048157
-1.45948386192322
-1.33236396312714
-1.00821423530579
-0.787683248519897
-0.782816827297211
-0.824477970600128
-0.733203291893005
-0.707684338092804
-0.686200976371765
-0.507449805736542
-0.0923814997076988
0.145597323775291
0.17135363817215
0.176338732242584
0.222628876566887
0.220848485827446
0.344407558441162
0.601495921611786
0.721019446849823
0.859059035778046
1.02463531494141
1.14807569980621
1.03033256530762
0.699892163276672
0.399243593215942
0.317583024501801
0.44470289349556
0.542861759662628
0.391291171312332
-0.156712934374809
-0.986493468284607
-1.76452398300171
-2.29294371604919
-2.30184578895569
-1.74387145042419
-1.18922054767609
-1.01213109493256
-1.13972568511963
-1.27171194553375
-1.1133759021759
-0.631364941596985
-0.058435395359993
0.416335344314575
0.800543546676636
1.26451325416565
2.05156445503235
2.84253239631653
3.2078685760498
3.17582154273987
2.91054344177246
2.75992226600647
2.66223835945129
2.50936198234558
2.13073253631592
1.69216299057007
1.19650232791901
0.69063413143158
0.167318090796471
-0.166089653968811
-0.262586802244186
-0.240984737873077
-0.114339649677277
-0.0411062613129616
-0.0706607401371002
-0.713025510311127
-1.19040751457214
-1.91015994548798
-1.95953607559204
-1.02708637714386
0.345713198184967
1.36908149719238
1.32623338699341
0.825587689876556
-0.0502455979585648
-0.625905096530914
-1.24880433082581
-1.34233415126801
-0.625311613082886
0.939888775348663
2.65084385871887
3.59765529632568
3.59243273735046
2.7348780632019
1.77975821495056
0.91057163476944
0.580724716186523
0.709268867969513
0.975021779537201
1.22605681419373
0.975140452384949
0.391409873962402
-0.300568461418152
-0.485016882419586
-0.350656777620316
-0.336532354354858
-0.61700314283371
-1.11183297634125
-1.5202544927597
-1.75752115249634
-1.47894942760468
-1.0346827507019
-0.667091488838196
-0.370003670454025
-0.0311360768973827
0.0664293095469475
-0.417005985975266
-0.926078915596008
-1.1977664232254
-1.25948667526245
-1.15539312362671
-0.810828328132629
-0.478132724761963
-0.5041264295578
-0.711957275867462
-0.735339760780334
-0.65617173910141
-0.576766312122345
-0.388519734144211
-0.0368333272635937
0.0310588870197535
-0.0865655615925789
-0.0205724276602268
0.184409826993942
0.16328252851963
-0.0662691071629524
0.0912360772490501
0.252895504236221
0.368858247995377
0.507610023021698
0.865587115287781
0.966831982135773
0.792472422122955
0.511052072048187
0.443278580904007
0.606006264686584
0.660367488861084
0.624997079372406
0.314853101968765
-0.124784603714943
-0.595163702964783
-0.948393106460571
-1.28975331783295
-1.77781760692596
-1.70292246341705
-1.36951470375061
-1.02127039432526
-0.848216474056244
-0.683945834636688
-0.572730779647827
-0.500684320926666
-0.385671108961105
-0.119324736297131
0.38618740439415
1.23982512950897
2.38354778289795
2.97831678390503
2.91173028945923
2.69024968147278
2.64882588386536
2.66010189056396
2.50449562072754
2.04408669471741
1.68777132034302
1.52682411670685
1.37394785881042
1.23768866062164
0.759713232517242
0.245655253529549
-0.341398745775223
-0.59350198507309
-0.502346038818359
-0.161698028445244
-0.296770304441452
-0.856643676757813
-1.72321891784668
-2.43513774871826
-1.84689676761627
-0.393386155366898
1.06617772579193
1.4348372220993
0.945229947566986
0.296099632978439
-0.127395838499069
-0.484898209571838
-1.01118159294128
-0.867444694042206
0.0702274739742279
1.62035393714905
2.73108005523682
3.2173638343811
3.09546661376953
2.35945320129395
1.2869461774826
0.527787744998932
0.334081292152405
0.447670191526413
0.756271183490753
0.879948973655701
0.594849109649658
-0.0692364275455475
-0.476233631372452
-0.275168240070343
0.0221569370478392
-0.175703763961792
-0.898542165756226
-1.61164784431458
-1.80155611038208
-1.43491446971893
-0.871005475521088
-0.513977885246277
-0.346265137195587
-0.0614027120172977
0.2162194699049
0.0457767806947231
-0.568220436573029
-1.14304912090302
-1.48903822898865
-1.59847295284271
-1.40025615692139
-1.08785700798035
-0.951360464096069
-1.08761966228485
-1.22008061408997
-1.15646135807037
-1.16666901111603
-1.14376127719879
-1.0137927532196
-0.616765737533569
-0.443237066268921
-0.218670517206192
0.0511179529130459
0.252302050590515
0.238177612423897
0.304526835680008
0.497995883226395
0.660604894161224
0.795677125453949
0.893361210823059
0.939651370048523
0.764104902744293
0.551763653755188
0.373962044715881
0.291470617055893
0.309155851602554
0.332538306713104
0.291945397853851
-0.0440735779702663
-0.596588015556335
-1.38541960716248
-1.88060545921326
-1.86019027233124
-1.60120284557343
-1.30245339870453
-1.13557147979736
-0.94922399520874
-0.900322556495667
-0.864477396011353
-0.840501487255096
-0.708515226840973
-0.5132657289505
-0.20525823533535
0.37443682551384
1.11721563339233
2.1042640209198
2.72633218765259
2.89736843109131
2.74342393875122
2.55529618263245
2.42283511161804
2.21571636199951
1.90402936935425
1.42083144187927
1.18973684310913
1.23080456256866
1.32421565055847
1.02226150035858
0.299185663461685
-0.451070785522461
-0.664480209350586
-0.280865490436554
-0.0687616541981697
-0.435640722513199
-1.28963458538055
-2.20772242546082
-2.38350629806519
-1.46245110034943
0.0301093459129333
0.936090588569641
0.971460998058319
0.466661036014557
0.0236999411135912
-0.323950916528702
-0.916820883750916
-1.3515921831131
-1.0467894077301
0.286960303783417
1.92112112045288
3.08953189849854
3.36252498626709
2.88751697540283
1.76978802680969
0.846121549606323
0.531585931777954
0.468204021453857
0.609210968017578
0.723037242889404
0.798881828784943
0.334081292152405
-0.274930834770203
-0.494037538766861
-0.211786344647408
-0.076001912355423
-0.532137870788574
-1.21663856506348
-1.72428715229034
-1.61781978607178
-1.14293038845062
-0.754567980766296
-0.57783454656601
-0.424483627080917
-0.113152720034122
0.0082698930054903
-0.327036917209625
-0.85937362909317
-1.26102960109711
-1.4179413318634
-1.34506404399872
-1.12655079364777
-0.932606995105743
-0.874447584152222
-0.887028992176056
-0.97225034236908
-1.05414831638336
-0.965128779411316
-0.572968184947968
-0.174516841769218
-0.0889394134283066
-0.315998524427414
-0.494156241416931
-0.356472730636597
-0.128938853740692
0.1479711830616
0.357938528060913
0.514850258827209
0.388917326927185
0.211234375834465
0.322093337774277
0.485651850700378
0.546659886837006
0.443159878253937
0.482565850019455
0.568736732006073
0.555205762386322
0.417997032403946
0.260729223489761
0.020613931119442
-0.305197477340698
-0.582344889640808
-0.75385582447052
-0.816406846046448
-0.818662047386169
-0.821154534816742
-0.751600682735443
-0.763588607311249
-0.781867265701294
-0.835278987884521
-0.906969368457794
-0.906613290309906
-0.817831158638
-0.45724281668663
0.158297449350357
1.11579132080078
1.96954774856567
2.42675185203552
2.57037019729614
2.57820391654968
2.55149793624878
2.40467524528503
2.16230463981628
1.89726388454437
1.97109079360962
2.12408566474915
2.09429383277893
1.51447999477386
0.635798096656799
-0.128582775592804
-0.448222160339355
-0.285613179206848
0.0271420292556286
-0.142113730311394
-1.06233811378479
-1.9575183391571
-2.46837162971497
-1.92119836807251
-0.610356390476227
0.599240779876709
1.11899602413177
0.791166841983795
0.296455711126328
-0.170956060290337
-0.564184904098511
-1.10162532329559
-1.06589889526367
-0.188403874635696
1.44243359565735
2.81179094314575
3.3562343120575
3.24786782264709
2.70639181137085
1.85750186443329
1.11602866649628
0.754015982151031
0.613483846187592
0.665352582931519
0.685055553913116
0.636866331100464
0.263696551322937
-0.131550088524818
-0.253447473049164
-0.244545519351959
-0.553383886814117
-1.14577901363373
-1.63870978355408
-1.7286788225174
-1.32939660549164
-0.835041582584381
-0.658901691436768
-0.696883320808411
-0.260925114154816
0.35093566775322
0.407670766115189
-0.292259961366653
-0.868631660938263
-1.05794644355774
-1.0801420211792
-1.0801420211792
-0.944120168685913
-0.733321964740753
-0.685370147228241
-0.665785849094391
-0.701987087726593
-0.830649971961975
-0.846792161464691
-0.60572737455368
-0.291785210371017
-0.192320734262466
-0.297838538885117
-0.292378664016724
-0.163359731435776
-0.0568923875689507
0.0889809131622314
0.332538306713104
0.435444861650467
0.360193699598312
0.398531436920166
0.522565305233002
0.585709810256958
0.503218352794647
0.633780300617218
1.04872989654541
1.30569958686829
1.26664972305298
0.967188060283661
0.529449462890625
-0.145555824041367
-0.733084619045258
-1.06316888332367
-1.0467894077301
-1.01723492145538
-1.15634274482727
-1.2250657081604
-1.2101104259491
-1.18922054767609
-1.12215924263
-0.974742889404297
-0.876227974891663
-0.792312264442444
-0.552434325218201
-0.0392071790993214
0.680070459842682
1.45655798912048
2.14058399200439
2.65606617927551
3.02330136299133
3.07255887985229
2.85333347320557
2.42722678184509
1.86474215984344
1.19792664051056
0.898702383041382
1.5465270280838
2.42912578582764
2.45618772506714
1.44741868972778
0.131710276007652
-0.510179758071899
-0.411546111106873
-0.355285793542862
-0.387095421552658
-1.05687820911407
-1.9729483127594
-2.28321099281311
-1.57841384410858
-0.324188321828842
0.428441971540451
0.51639324426651
0.353784292936325
0.117467157542706
-0.203596547245979
-0.857118427753448
-1.41058242321014
-1.08417749404907
0.350698292255402
2.17464876174927
3.37676811218262
3.55801200866699
3.06852340698242
2.1221866607666
1.15306079387665
0.756271183490753
0.636985003948212
0.577045202255249
0.483159303665161
0.521140992641449
0.281025677919388
-0.207157328724861
-0.578428030014038
-0.530120134353638
-0.509467601776123
-0.876821458339691
-1.3094562292099
-1.48856353759766
-1.31016838550568
-0.791837453842163
-0.356354027986526
-0.200154453516006
-0.12525936961174
0.0906426161527634
0.243162706494331
-0.108286321163177
-0.546855807304382
-0.733203291893005
-0.767624139785767
-0.96204274892807
-1.13474059104919
-1.09545338153839
-1.01035070419312
-0.96619701385498
-1.04975664615631
-1.1918318271637
-1.33450043201447
-1.1374706029892
-0.837771534919739
-0.639436066150665
-0.679791569709778
-0.699850618839264
-0.561573684215546
-0.330716401338577
-0.14294458925724
0.00921943411231041
0.164232075214386
0.159009605646133
0.0739069432020187
0.237821534276009
0.575264811515808
0.818584799766541
0.796626687049866
0.942856073379517
1.39733028411865
1.79874897003174
1.84171569347382
1.30332577228546
0.468678802251816
-0.348401606082916
-0.732965886592865
-0.924179792404175
-1.07361388206482
-1.24761736392975
-1.41319370269775
-1.48274755477905
-1.60417020320892
-1.66292309761047
-1.6590062379837
-1.52191615104675
-1.35906982421875
-1.19551134109497
-0.857237160205841
-0.256058722734451
0.624403595924377
1.4984564781189
2.18509364128113
2.74983334541321
3.12110424041748
3.20181512832642
2.83695387840271
2.19898080825806
1.51578569412231
1.45632064342499
2.31458735466003
3.11967992782593
2.77191019058228
1.32611477375031
-0.111847102642059
-0.850590348243713
-0.729523837566376
-0.361695200204849
-0.392792671918869
-1.21794414520264
-2.32178616523743
-2.81305503845215
-2.26659393310547
-0.85676234960556
0.22381579875946
0.552831888198853
0.181679904460907
-0.192439436912537
-0.360033512115479
-0.646201550960541
-1.0346827507019
-1.15741097927094
-0.392199218273163
1.10534632205963
2.66152620315552
3.22448539733887
2.98686265945435
2.36265802383423
1.64789056777954
0.951401948928833
0.499657601118088
0.273785412311554
0.279482662677765
0.27283588051796
0.184172451496124
-0.150896996259689
-0.478488802909851
-0.53522390127182
-0.553621232509613
-1.04299116134644
-1.71550393104553
-2.09543919563293
-1.91288983821869
-1.27574753761292
-0.533562183380127
-0.0535689927637577
-0.0393258705735207
-0.0605718605220318
0.186664998531342
0.467847943305969
0.427373737096786
0.073313482105732
-0.364899903535843
-0.705310523509979
-1.05948948860168
-1.16512596607208
-1.14281177520752
-1.1013879776001
-1.20868611335754
-1.38992989063263
-1.66054916381836
-1.74422752857208
-1.56298387050629
-1.27361106872559
-1.0591334104538
-1.08940005302429
-1.01046943664551
-0.749226808547974
-0.412495672702789
-0.186623483896255
0.0580021254718304
0.212183922529221
0.171709716320038
0.130167275667191
0.295624881982803
0.562564730644226
0.876506865024567
1.42985212802887
2.08325529098511
2.25820827484131
1.79898643493652
1.04647481441498
0.333250463008881
-0.307333946228027
-0.744004309177399
-1.01130020618439
-1.09569072723389
-1.22245454788208
-1.57960081100464
-1.93639099597931
-2.0753800868988
-1.92701423168182
-1.69603836536407
-1.42055261135101
-1.17521488666534
-1.0136741399765
-0.828869581222534
-0.39089360833168
0.303695976734161
1.13573169708252
2.08847784996033
2.86437177658081
3.32964730262756
3.2170078754425
2.70425534248352
1.98248529434204
1.40552008152008
1.48551905155182
2.41998648643494
3.25593900680542
3.11730599403381
1.80598926544189
0.14785248041153
-0.898186087608337
-0.944832324981689
-0.51587700843811
-0.383890718221664
-1.00109267234802
-2.07300639152527
-2.76830792427063
-2.6391704082489
-1.36476707458496
0.107496976852417
0.91496330499649
0.761018872261047
0.292538851499557
0.0692779347300529
-0.0168929547071457
-0.325137853622437
-0.797772109508514
-0.66032600402832
0.409688532352448
2.0288941860199
2.96478581428528
2.83279967308044
2.21096873283386
1.66842448711395
1.12884747982025
0.802323937416077
0.564819872379303
0.346662729978561
0.103461422026157
0.0620376765727997
0.170997560024261
0.174677029252052
0.148208558559418
-0.112559258937836
-0.559911966323853
-1.34007894992828
-1.94149482250214
-1.99775516986847
-1.40429174900055
-0.539615511894226
0.13823838531971
0.226427048444748
0.0703461691737175
0.0925416946411133
0.409807235002518
0.519954025745392
0.0804350450634956
-0.469468146562576
-0.858542740345001
-1.01248717308044
-1.13201069831848
-1.16215860843658
-1.20476925373077
-1.29984211921692
-1.42530035972595
-1.50019538402557
-1.43871259689331
-1.31788349151611
-1.08560180664063
-0.932963073253632
-0.899254322052002
-0.863765239715576
-0.575341999530792
-0.108286321163177
0.239958003163338
0.366721779108047
0.402092218399048
0.357463747262955
0.255388051271439
0.22773265838623
0.282924771308899
0.318532556295395
0.277464896440506
0.674610614776611
2.07684588432312
2.92253136634827
2.61808466911316
1.392582654953
0.264052629470825
-0.397184312343597
-0.500921726226807
-0.434691190719604
-0.396234750747681
-0.89806741476059
-1.45817816257477
-1.7496874332428
-1.86624360084534
-1.84843969345093
-1.66767072677612
-1.47621941566467
-1.30364036560059
-1.15135765075684
-0.832549035549164
-0.165733575820923
0.493604272603989
1.12896621227264
1.65335047245026
2.42354726791382
3.17404103279114
3.42923045158386
3.16668224334717
2.53772974014282
2.00384998321533
2.12444162368774
2.73570895195007
3.11552548408508
2.53416895866394
1.24623453617096
-0.0502455979585648
-0.670652270317078
-0.68750661611557
-0.404187172651291
-0.499734789133072
-1.30791330337524
-2.28878951072693
-2.84664511680603
-2.21614956855774
-0.850352942943573
0.273073256015778
0.508322179317474
0.133728057146072
-0.141876354813576
-0.195288062095642
-0.255465239286423
-0.631721019744873
-0.704598367214203
-0.139621183276176
1.18356478214264
2.35482430458069
2.71553134918213
2.25168037414551
1.69726669788361
1.32006144523621
0.947010338306427
0.844578504562378
0.739654183387756
0.827012002468109
0.726716697216034
0.673186302185059
0.456216067075729
0.149158105254173
0.0385365262627602
-0.0158247221261263
-0.438251972198486
-1.3486248254776
-2.0992374420166
-2.18790078163147
-1.43918740749359
-0.417718142271042
0.24719825387001
0.268444240093231
-0.0581980086863041
-0.120155587792397
-0.10199560970068
-0.221044361591339
-0.599436640739441
-0.815576016902924
-0.817119002342224
-0.854863286018372
-1.03135931491852
-1.16061568260193
-1.20714318752289
-1.25640058517456
-1.27456057071686
-1.29010939598083
-1.31978249549866
-1.24785470962524
-1.08655142784119
-1.01308059692383
-1.02981626987457
-0.922755479812622
-0.552315652370453
-0.0784944593906403
0.295387476682663
0.429866284132004
0.337404698133469
0.0323645062744617
-0.149710059165955
-0.102826453745365
0.073313482105732
0.401854813098907
1.23317837715149
2.23601293563843
2.69665908813477
2.382004737854
1.60480511188507
0.800306141376495
0.0842332094907761
-0.386145889759064
-0.623175144195557
-0.75017637014389
-0.997294485569
-1.51918625831604
-1.99502515792847
-2.11799073219299
-1.99455046653748
-1.77437543869019
-1.61520862579346
-1.41236281394958
-1.30530202388763
-1.26648950576782
-1.08702611923218
-0.587329983711243
0.246960878372192
1.18771910667419
2.11565852165222
2.7891206741333
3.16739439964294
2.91078066825867
2.52977728843689
2.22687339782715
2.30948352813721
3.23647356033325
3.87231016159058
3.5970618724823
2.03850817680359
0.60078376531601
-0.234812721610069
-0.17214298248291
-0.135229557752609
-0.272200912237167
-0.998956203460693
-2.16190719604492
-2.97827529907227
-3.17483043670654
-2.09354019165039
-0.680503726005554
0.167080700397491
0.0618002936244011
-0.360508263111115
-0.473385006189346
-0.455581098794937
-0.637062191963196
-0.96049976348877
-0.633857488632202
0.368383496999741
1.67732632160187
2.34248018264771
2.1858057975769
1.84088492393494
1.72029316425323
1.8057519197464
1.56848514080048
1.06522822380066
0.463100254535675
0.100731492042542
-0.000750750652514398
0.181323826313019
0.241026237607002
0.0566965080797672
-0.303654462099075
-0.8554567694664
-1.57532787322998
-2.21353840827942
-2.13721895217896
-1.23432374000549
-0.262349426746368
0.244824409484863
-0.0425305739045143
-0.483829975128174
-0.537479043006897
-0.16051110625267
0.0588329769670963
-0.141757652163506
-0.493918836116791
-0.832549035549164
-1.16678762435913
-1.55455660820007
-1.6713502407074
-1.67289328575134
-1.66683995723724
-1.66885769367218
-1.62838351726532
-1.77805495262146
-2.03265070915222
-2.07443070411682
-1.91241502761841
-1.69591963291168
-1.44642758369446
-0.836228549480438
-0.183300092816353
0.0447085462510586
-0.107099391520023
-0.198492750525475
-0.250717550516129
-0.214872345328331
-0.153033465147018
0.0312962718307972
0.0806724280118942
0.307019382715225
1.32018005847931
2.43233060836792
2.81903123855591
2.24052309989929
1.23400926589966
0.295268803834915
-0.382110327482224
-0.746615588665009
-0.966553092002869
-1.26459038257599
-1.79823267459869
-2.35715651512146
-2.64071345329285
-2.4521107673645
-2.09294652938843
-1.92202913761139
-1.87906241416931
-1.88654005527496
-1.85769772529602
-1.6863055229187
-1.18304860591888
-0.322289228439331
0.513069868087769
1.35697484016418
2.2068145275116
3.20620679855347
3.91337776184082
3.93367433547974
3.36988401412964
2.4963059425354
2.26212525367737
2.50105357170105
2.68490862846375
2.28159093856812
1.33928966522217
0.331944823265076
-0.510654509067535
-0.932606995105743
-1.11159551143646
-1.13913226127625
-1.65639495849609
-2.42694783210754
-3.09613728523254
-2.85269856452942
-1.60417020320892
-0.398727297782898
0.0191896203905344
-0.274100005626678
-0.336769729852676
-0.0757645219564438
0.089930459856987
-0.259263396263123
-0.372852295637131
0.0817406624555588
0.952114105224609
1.73061943054199
1.96515607833862
1.69607985019684
1.34012043476105
1.16386187076569
1.29549205303192
1.2719908952713
1.14783835411072
1.04659342765808
0.860839426517487
0.477936834096909
0.00269133714027703
-0.118849970400333
-0.167395278811455
-0.326799541711807
-0.974624216556549
-1.81390011310577
-2.29436802864075
-1.86030900478363
-0.992428123950958
-0.232082784175873
8.0098099715542E-5
-0.193270280957222
-0.338075339794159
-0.253091394901276
-0.0333912372589111
-0.127514541149139
-0.423296689987183
-0.704717040061951
-0.957769811153412
-1.18637192249298
-1.37176990509033
-1.33402562141418
-1.3638174533844
-1.39004862308502
-1.62565350532532
-1.73639380931854
-1.9456490278244
-2.04084062576294
-1.92701423168182
-1.59087657928467
-1.19990289211273
-0.755636215209961
-0.15267738699913
0.246960878372192
0.403516530990601
0.330757915973663
0.226189658045769
0.132541134953499
0.134558901190758
0.175151810050011
0.231649518013
0.408857703208923
1.33798396587372
2.35387468338013
2.79291892051697
2.43565392494202
1.59317326545715
0.675797522068024
-0.084785170853138
-0.624480783939362
-0.94506973028183
-1.11574983596802
-1.37331295013428
-1.73817420005798
-2.23929476737976
-2.45068645477295
-2.22445821762085
-1.88570916652679
-1.61390292644501
-1.4540239572525
-1.40630948543549
-1.40702164173126
-1.1584792137146
-0.619851768016815
0.191056624054909
1.02000629901886
1.99660968780518
3.18045043945313
4.12298917770386
4.34411334991455
3.82388353347778
3.01119470596313
2.49749279022217
2.52621650695801
2.7920880317688
2.87054395675659
2.24444007873535
1.27982461452484
0.222510188817978
-0.598012328147888
-1.13082373142242
-1.15705490112305
-1.20168328285217
-1.63859105110168
-2.40202236175537
-2.72629070281982
-1.97021842002869
-0.849284708499908
-0.103301227092743
0.0290411114692688
0.0872005298733711
0.355920761823654
0.542149603366852
0.192243546247482
-0.397184312343597
-0.434097737073898
0.30405205488205
1.37062454223633
2.01429486274719
1.96100187301636
1.5523430109024
1.66842448711395
2.14912986755371
2.24930644035339
1.6157249212265
0.8875452876091
0.532179415225983
0.503693163394928
0.541437447071075
0.492061257362366
0.374792903661728
0.0392486825585365
-0.463533520698547
-1.24441266059875
-1.85639214515686
-1.50185704231262
-0.551366090774536
0.362330168485641
0.682088255882263
0.338829010725021
-0.172973826527596
-0.243358597159386
-0.0176051110029221
-0.0501269064843655
-0.26970836520195
-0.381872951984406
-0.373801857233047
-0.706022679805756
-1.29996085166931
-1.55016505718231
-1.47918677330017
-1.29687488079071
-1.2700502872467
-1.35586512088776
-1.62933301925659
-1.87217831611633
-1.83455264568329
-1.48678314685822
-0.955158591270447
-0.383890718221664
0.201264187693596
0.603513717651367
0.726598024368286
0.604225873947144
0.421557813882828
0.303577274084091
0.0913547724485397
0.00186048832256347
0.162689074873924
0.502624928951263
1.38379943370819
2.61737251281738
3.19754219055176
3.03255939483643
2.17725992202759
1.15211129188538
0.345119714736938
-0.161104559898376
-0.39837121963501
-0.657477378845215
-1.09391033649445
-1.64630603790283
-2.07193803787231
-2.37982678413391
-2.1596519947052
-1.80582904815674
-1.52773213386536
-1.35705196857452
-1.37248206138611
-1.4755072593689
-1.52998721599579
-1.12595736980438
-0.297363758087158
0.974547028541565
2.20954442024231
3.41380023956299
4.28203725814819
4.39194679260254
3.84323048591614
3.02175831794739
2.4241406917572
2.29832649230957
2.5716757774353
2.57428693771362
2.25607180595398
1.58628904819489
0.824400782585144
0.00767642958089709
-0.705785274505615
-0.923467636108398
-0.819848954677582
-0.946968793869019
-1.80523562431335
-2.66350245475769
-2.6813063621521
-1.71574127674103
-0.618071377277374
0.17135363817215
0.591407060623169
0.817635297775269
0.893361210823059
0.301203429698944
-0.506262898445129
-0.830175220966339
-0.212498500943184
0.748912215232849
1.60860335826874
1.68872082233429
1.13418865203857
1.1092631816864
2.23102784156799
3.22056865692139
2.66971588134766
1.39685559272766
0.551051497459412
0.59864729642868
0.796982765197754
0.917337119579315
0.809089422225952
0.393427640199661
-0.211548954248428
-0.956938982009888
-1.60120284557343
-1.61876940727234
-0.944594979286194
-0.294040352106094
0.160908684134483
0.21598207950592
-0.0538063794374466
-0.272794365882874
-0.26199334859848
-0.228522002696991
-0.44145667552948
-0.521099448204041
-0.410952657461166
-0.518606901168823
-1.11503767967224
-1.59455609321594
-1.58755326271057
-1.4904625415802
-1.38672518730164
-1.35123610496521
-1.36156237125397
-1.61888802051544
-1.81651139259338
-1.68559336662292
-1.30660760402679
-0.798009514808655
-0.239679113030434
0.331826150417328
0.494079023599625
0.417166173458099
0.208267062902451
0.123876564204693
0.128980353474617
0.159840449690819
0.231174752116203
0.292657554149628
1.08896672725677
2.23969221115112
2.77594590187073
2.56419801712036
1.83708667755127
1.20587909221649
0.692651867866516
0.280194818973541
-0.272082209587097
-0.727862119674683
-1.22281062602997
-1.65081644058228
-2.11122536659241
-2.44047880172729
-2.28807735443115
-1.92535257339478
-1.46553719043732
-1.30542075634003
-1.32096946239471
-1.40441036224365
-1.40203654766083
-1.02483117580414
-0.577953279018402
0.046014167368412
1.01965022087097
2.3304922580719
3.64798092842102
4.41259908676147
4.39538860321045
3.98233819007874
3.34009218215942
2.74864649772644
2.48811602592468
2.51517796516418
2.59980583190918
2.44265675544739
1.65702998638153
0.619893252849579
-0.469230771064758
-0.971300780773163
-0.830056488513947
-0.873735427856445
-1.56428945064545
-2.50813364982605
-2.71287846565247
-2.24154996871948
-1.55028367042542
-0.965603530406952
-0.261162489652634
0.455385237932205
1.1817843914032
1.45833837985992
0.69063413143158
-0.467806458473206
-0.931776165962219
-0.154101699590683
1.04006540775299
1.85809528827667
1.74142038822174
1.39365088939667
1.89358448982239
2.6141676902771
2.7954113483429
1.88171517848969
0.995792984962463
0.686005115509033
0.719001650810242
0.869147896766663
0.863450646400452
0.594849109649658
0.0131362928077579
-0.708752572536469
-1.48013627529144
-1.61141037940979
-1.07764947414398
-0.340923964977264
0.169098481535912
0.148445948958397
-0.0781383812427521
-0.276711225509644
-0.0660317242145538
0.219305485486984
0.0841145142912865
-0.130600541830063
-0.288461804389954
-0.509586274623871
-1.040736079216
-1.45817816257477
-1.58470463752747
-1.65105378627777
-1.71111226081848
-1.62553489208221
-1.41283762454987
-1.43859386444092
-1.62506008148193
-1.64500045776367
-1.38767468929291
-0.932488322257996
-0.296532899141312
0.301440805196762
0.535146713256836
0.555680513381958
0.558647871017456
0.559953451156616
0.543692588806152
0.406839907169342
0.408739000558853
0.468204021453857
0.979769468307495
1.97785627841949
2.64989423751831
2.72716307640076
2.2249743938446
1.57252073287964
0.970986247062683
0.579775154590607
0.252776831388474
-0.0835982412099838
-0.631008863449097
-1.44666504859924
-2.16309404373169
-2.64059472084045
-2.57222771644592
-2.18873167037964
-1.69912433624268
-1.35052394866943
-1.24073314666748
-1.22815179824829
-1.35277903079987
-1.26554000377655
-0.887503802776337
0.124588720500469
1.44160270690918
2.6958281993866
3.79337954521179
4.3815016746521
4.3477931022644
3.80133199691772
3.16122221946716
2.5992124080658
2.4274640083313
2.49476289749146
2.62283229827881
2.472092628479
1.75898694992065
0.859177708625793
0.0274981074035168
-0.405492782592773
-0.574036419391632
-0.645845472812653
-0.912429213523865
-1.46743619441986
-2.06671547889709
-2.38504934310913
-2.25318169593811
-1.73995459079742
-0.892607569694519
-0.0725598260760307
0.63757848739624
1.07745361328125
1.07531714439392
0.527194321155548
-0.134517401456833
-0.371902763843536
0.239483237266541
1.38083207607269
2.41535758972168
3.07018494606018
3.39896368980408
3.55516338348389
2.90318441390991
1.57192730903625
0.252064675092697
-0.0665064975619316
0.306425899267197
0.82487553358078
1.1332391500473
0.803273499011993
0.0942033976316452
-0.819730281829834
-1.30874407291412
-1.38019704818726
-1.00738334655762
-0.332734167575836
0.0663106143474579
0.0615629069507122
-0.271726131439209
-0.452257722616196
-0.432792097330093
-0.00941531639546156
0.411112844944
0.711998820304871
0.628676533699036
0.0445898547768593
-0.768929779529572
-1.43087887763977
-1.63906586170197
-1.56523895263672
-1.44713973999023
-1.43978083133698
-1.51503193378448
-1.6804895401001
-1.79906356334686
-1.75206124782562
-1.41283762454987
-0.953971683979034
-0.368698060512543
0.166962012648582
0.311173617839813
0.26891902089119
0.376335889101028
0.568736732006073
0.737161636352539
0.77811062335968
0.770158231258392
0.788911640644073
0.90689218044281
1.48718070983887
2.06758785247803
2.27648711204529
1.98782646656036
1.44908034801483
0.88707047700882
0.420014798641205
0.139900073409081
-0.0980787500739098
-0.388163655996323
-0.895337462425232
-1.53224241733551
-2.14896965026855
-2.50255513191223
-2.62908148765564
-2.38611745834351
-1.80654120445251
-1.31895172595978
-1.06471192836761
-1.01331806182861
-0.993496358394623
-0.750413715839386
-0.0978413671255112
0.96172821521759
2.15150356292725
3.22412943840027
4.25794267654419
4.60369443893433
4.21224594116211
3.28169536590576
2.43600988388062
1.92135858535767
1.79423868656158
2.1379725933075
2.52740335464478
2.37963104248047
1.44824945926666
0.387611716985703
-0.459616661071777
-0.828513503074646
-0.890589773654938
-0.921449899673462
-1.10198140144348
-1.79087376594543
-2.46599769592285
-2.57756876945496
-1.94481813907623
-0.900085210800171
0.0226317066699266
0.653364598751068
0.982499420642853
0.825350284576416
0.330164432525635
-0.451782941818237
-1.00216090679169
-0.648694097995758
0.375148981809616
1.65477478504181
2.47826457023621
2.69665908813477
2.69297957420349
2.51814532279968
1.9446222782135
1.02795875072479
0.373487263917923
0.310105383396149
0.615145564079285
0.960897326469421
1.04065883159637
0.4970463514328
-0.289886116981506
-0.929520964622498
-1.00358521938324
-0.783054232597351
-0.412376970052719
-0.226266846060753
-0.30472269654274
-0.492019772529602
-0.646320223808289
-0.677417755126953
-0.541989386081696
-0.163953185081482
0.0580021254718304
0.0410290732979774
-0.352674543857574
-0.998125374317169
-1.60595059394836
-2.00131583213806
-2.03751707077026
-1.96167254447937
-1.86054635047913
-1.69413924217224
-1.59645521640778
-1.69354581832886
-1.84381067752838
-1.76844084262848
-1.38458871841431
-0.891301929950714
-0.341517448425293
0.106784820556641
0.375742435455322
0.457046926021576
0.582861185073853
0.545354247093201
0.564938545227051
0.499420195817947
0.544048666954041
1.01585209369659
1.56290662288666
1.99542272090912
1.83851099014282
1.39673686027527
0.933123290538788
0.667014300823212
0.314378321170807
0.026073794811964
-0.25024276971817
-0.65771472454071
-1.21853768825531
-1.98220634460449
-2.56320714950562
-2.70480751991272
-2.33531713485718
-1.85342478752136
-1.48037374019623
-1.18910193443298
-1.10091316699982
-1.07871770858765
-1.10506749153137
-0.877177536487579
-0.287037491798401
0.516868054866791
1.41513419151306
2.02212858200073
2.57025146484375
3.06484389305115
3.40181231498718
3.29629445075989
2.66722345352173
1.93714463710785
1.46225523948669
1.54106712341309
1.85560274124146
1.91922211647034
1.46083092689514
0.751760840415955
0.103461422026157
-0.326443463563919
-0.448459535837173
-0.53522390127182
-0.732016384601593
-1.41366839408875
-2.05235385894775
-2.35953044891357
-1.89472985267639
-1.25853705406189
-0.802757203578949
-0.485135585069656
-0.219382673501968
0.201145499944687
0.0815032795071602
-0.377481311559677
-1.11242640018463
-1.33723032474518
-0.804418921470642
0.420608282089233
1.50486588478088
2.09227609634399
2.11114811897278
2.06284022331238
1.88705635070801
1.47507405281067
0.693601429462433
0.15770398080349
0.127199962735176
0.46179461479187
0.851818799972534
0.812412798404694
0.0911173820495605
-0.76145213842392
-1.01782834529877
-0.708515226840973
-0.528933167457581
-0.583175718784332
-0.744241714477539
-0.873498022556305
-1.04655194282532
-1.14388000965118
-1.11693668365479
-0.872073709964752
-0.63421356678009
-0.420091986656189
-0.53106963634491
-0.946137964725494
-1.54719769954681
-2.01722073554993
-2.18481469154358
-2.19858312606812
-2.10481595993042
-1.9788830280304
-1.80606639385223
-1.87728202342987
-1.96404635906219
-2.01128602027893
-1.70007383823395
-1.17901301383972
-0.6759934425354
-0.371784061193466
-0.28917396068573
-0.197424530982971
-0.175703763961792
-0.0835982412099838
-0.0468035116791725
0.0942033976316452
0.0609694421291351
0.1146185323596
0.506897866725922
1.11412966251373
1.50712108612061
1.34273171424866
0.909147322177887
0.375386357307434
0.0855388268828392
-0.0522633753716946
0.00269133714027703
-0.195169359445572
-0.633501410484314
-1.30815064907074
-2.07846617698669
-2.71572709083557
-2.94361710548401
-2.46920251846313
-1.85674822330475
-1.39254117012024
-1.22684609889984
-1.18684673309326
-1.17758870124817
-1.08215975761414
-0.850709021091461
-0.357422262430191
0.4095698595047
1.24599719047546
2.03910160064697
2.73547172546387
3.15505027770996
3.11932373046875
2.50152826309204
1.7213613986969
1.27163481712341
1.36813199520111
1.9840282201767
2.30948352813721
1.89548349380493
0.957455277442932
0.222510188817978
-0.0473969727754593
-0.246800675988197
-0.487153351306915
-0.875159740447998
-1.13877618312836
-1.78541386127472
-2.26896786689758
-2.20036363601685
-1.57912600040436
-0.959787607192993
-0.650830566883087
-0.418667674064636
-0.0622335597872734
0.453723520040512
0.0799602717161179
-0.66554844379425
-1.34399580955505
-1.03563225269318
0.00672688847407699
1.19270420074463
1.98260390758514
1.99399840831757
1.9595775604248
1.99530410766602
2.10438275337219
1.60171914100647
0.961372137069702
0.526007354259491
0.420489579439163
0.593543529510498
0.732057869434357
0.693364024162292
0.21230261027813
-0.384365499019623
-0.708277821540833
-0.63290798664093
-0.472079396247864
-0.447035223245621
-0.636350035667419
-0.75753527879715
-0.733203291893005
-0.731066823005676
-0.703292727470398
-0.543769776821136
-0.282052397727966
-0.119680814445019
-0.405374109745026
-0.919432103633881
-1.3847074508667
-1.52559566497803
-1.61057960987091
-1.70066738128662
-1.78873729705811
-1.70197296142578
-1.53829574584961
-1.4571099281311
-1.45604169368744
-1.51253938674927
-1.22399747371674
-0.658308207988739
-0.0881085619330406
0.269156396389008
0.416216641664505
0.442803800106049
0.437581330537796
0.576095700263977
0.802086532115936
0.978226482868195
0.953182339668274
0.938108384609222
1.22249603271484
1.52563714981079
1.50320422649384
1.15495991706848
0.737873792648315
0.523633539676666
0.420608282089233
0.389629483222961
0.224884033203125
-0.125496760010719
-0.653085708618164
-1.26993155479431
-1.71882736682892
-1.81366276741028
-1.71467304229736
-1.59977853298187
-1.41912829875946
-1.28785419464111
-1.15278196334839
-0.950054824352264
-0.663886785507202
-0.428637862205505
-0.235524877905846
0.0829275920987129
0.742265462875366
1.56397485733032
2.34188675880432
3.05297446250916
3.4254322052002
3.31255555152893
2.82318544387817
2.23755574226379
1.87898528575897
1.98616468906403
2.11174154281616
1.89583957195282
1.4138286113739
0.978819966316223
0.87816858291626
0.702503383159637
0.290877163410187
-0.154220387339592
-0.447747379541397
-0.757060527801514
-1.2188937664032
-1.62672173976898
-1.70909452438354
-1.82303953170776
-1.48096716403961
-0.900678634643555
-0.242883816361427
0.279007911682129
0.424525111913681
-0.0815804675221443
-0.801095485687256
-1.14993333816528
-0.543651103973389
0.636985003948212
1.68777132034302
2.23874282836914
2.14272046089172
2.06687569618225
2.2583270072937
2.4091854095459
1.98925077915192
1.20481085777283
0.518173635005951
0.412062406539917
0.847901940345764
1.09905564785004
0.727310180664063
-0.256058722734451
-0.809760093688965
-0.581276655197144
-0.134161323308945
-0.070304661989212
-0.374157935380936
-0.612967610359192
-0.713144242763519
-0.67967289686203
-0.78649628162384
-0.543532371520996
-0.227216392755508
0.0406729951500893
-0.0628270208835602
-0.481337428092957
-0.848453879356384
-1.07266438007355
-1.16548204421997
-1.40714037418365
-1.62458527088165
-1.74280321598053
-1.58411109447479
-1.40998899936676
-1.33912944793701
-1.32571721076965
-1.16417646408081
-0.587686061859131
0.0487440973520279
0.420133501291275
0.291708022356033
-0.127989307045937
-0.327511698007584
-0.0498895198106766
0.452299207448959
0.796864092350006
0.825825095176697
0.695025742053986
0.596392154693604
0.825231611728668
1.33715319633484
1.67554593086243
1.53845596313477
1.09312105178833
0.637815892696381
0.421557813882828
0.459539473056793
0.50333708524704
0.321262508630753
-0.151846528053284
-0.771540999412537
-1.15408754348755
-1.42494428157806
-1.58126246929169
-1.68856072425842
-1.61829459667206
-1.36144363880157
-1.1374706029892
-0.941627621650696
-0.802519798278809
-0.64465856552124
-0.512434899806976
-0.0940431952476501
0.733956933021545
1.78866016864777
2.75790452957153
3.25131011009216
3.15849232673645
2.6771936416626
2.15660738945007
1.87435626983643
1.9504382610321
2.32408285140991
2.68016076087952
2.59114122390747
2.05536246299744
1.52397549152374
1.10902583599091
0.581792950630188
-0.00454891659319401
-0.495817929506302
-0.753143668174744
-1.04631459712982
-1.45129406452179
-1.75051820278168
-1.69010365009308
-1.44452857971191
-1.10067582130432
-0.873260676860809
-0.486797273159027
0.344644963741302
0.556867480278015
0.018477464094758
-0.824240565299988
-0.966790497303009
-0.0989096015691757
1.1303905248642
1.96396923065186
2.10058450698853
1.92800533771515
2.00574898719788
2.45060920715332
2.64692687988281
2.25239253044128
1.57999837398529
1.11662220954895
0.844934582710266
0.702503383159637
0.495503336191177
0.0752125680446625
-0.184487015008926
-0.150422215461731
-0.0419371128082275
-0.290123522281647
-0.58982253074646
-0.653085708618164
-0.61700314283371
-0.608338594436646
-0.910767555236816
-1.10566091537476
-0.859610974788666
-0.254753082990646
0.364585310220718
0.204824969172478
-0.555282950401306
-1.15206980705261
-1.33628082275391
-1.31147408485413
-1.44951367378235
-1.52120399475098
-1.74683880805969
-1.76832211017609
-1.80915248394012
-1.63241899013519
-1.372838139534
-1.00678992271423
-0.353742778301239
0.182748138904572
0.594136953353882
0.511052072048187
0.224290579557419
0.0653610751032829
0.30583244562149
0.800424873828888
1.08018350601196
1.13739335536957
0.976327419281006
0.979769468307495
1.1003612279892
1.15294206142426
0.964220762252808
0.678527474403381
0.657281458377838
0.728734493255615
0.783095717430115
0.512951195240021
0.0226317066699266
-0.417480766773224
-0.837652862071991
-1.24085187911987
-1.55218279361725
-1.75526595115662
-1.90280091762543
-1.91514503955841
-1.73532557487488
-1.36346137523651
-0.976523280143738
-0.70709091424942
-0.515283524990082
-0.322407931089401
0.00803250819444656
0.559122622013092
1.29869675636292
2.04586720466614
2.65594744682312
2.95303535461426
2.888347864151
2.58912348747253
2.15636992454529
1.84907472133636
1.72682118415833
1.88634419441223
2.2462203502655
2.48099446296692
2.37393379211426
1.74296343326569
0.849326252937317
-0.0845477804541588
-0.48442342877388
-0.439794987440109
-0.309707790613174
-0.742936074733734
-1.53532838821411
-1.92333483695984
-2.00570750236511
-1.83289098739624
-1.34542012214661
-0.90590113401413
-0.0411062613129616
0.528262555599213
0.404584765434265
-0.370359748601913
-1.08358407020569
-0.755280137062073
0.324229806661606
1.41916978359222
1.79649388790131
1.86557292938232
1.68290495872498
1.84966814517975
2.03637170791626
2.15767574310303
1.87518703937531
1.55744671821594
1.25193178653717
0.862263739109039
0.563989043235779
0.0168157666921616
-0.260569036006927
-0.228403314948082
0.0837584361433983
0.103105343878269
-0.331072479486465
-0.782816827297211
-1.01592922210693
-0.96228015422821
-1.03836214542389
-1.18471026420593
-1.14862763881683
-0.664598941802979
0.0680910050868988
0.634373784065247
0.586540639400482
-0.260094255208969
-1.31622171401978
-1.98766624927521
-1.96820068359375
-1.83704519271851
-1.68416905403137
-1.7768679857254
-1.89840936660767
-1.97947645187378
-1.80891501903534
-1.34613227844238
-0.803588032722473
-0.174635529518127
0.173608794808388
0.140968307852745
-0.203240469098091
-0.404899328947067
-0.268758833408356
0.133846744894981
0.494079023599625
0.66345351934433
0.770751655101776
0.86250114440918
1.04030275344849
1.11187446117401
0.872115254402161
0.286129474639893
-0.222231298685074
-0.130481854081154
0.376810669898987
0.831047534942627
0.857278645038605
0.551526308059692
0.018477464094758
-0.526203274726868
-1.05652213096619
-1.41972172260284
-1.71835255622864
-1.88452231884003
-1.8402498960495
-1.76274359226227
-1.48334097862244
-1.22518444061279
-1.15195107460022
-1.11539375782013
-0.851658582687378
-0.311606884002686
0.38773038983345
1.23032975196838
1.86759078502655
2.14853620529175
1.99245548248291
1.85465323925018
1.83578109741211
1.86260569095612
1.93987464904785
2.15375876426697
2.47802710533142
2.65701580047607
2.55470275878906
1.92183327674866
1.12801659107208
0.148920714855194
-0.569288671016693
-0.784834623336792
-0.586380422115326
-0.630415439605713
-1.26209783554077
-1.98612320423126
-2.19181776046753
-2.06719040870667
-1.94244432449341
-1.53022468090057
-1.28927850723267
-0.328461229801178
0.178119122982025
-0.00692277029156685
-0.744716465473175
-1.1734344959259
-0.309707790613174
0.751879513263702
1.50949490070343
1.48836767673492
1.47756659984589
1.49370884895325
1.75423920154572
1.91886603832245
1.89738261699677
1.83578109741211
1.60029482841492
1.27590775489807
0.729921400547028
0.136932760477066
-0.593145906925201
-0.756941795349121
-0.526678025722504
-0.249886691570282
-0.525965869426727
-1.00109267234802
-1.31099927425385
-1.52286565303802
-1.62387311458588
-1.82897412776947
-1.83336579799652
-1.3124235868454
-0.467331677675247
0.228919580578804
0.257405817508698
0.00898204930126667
-0.158730715513229
-0.623649954795837
-1.43099761009216
-2.0572202205658
-1.92855727672577
-1.72203207015991
-1.76820349693298
-1.96570813655853
-2.03265070915222
-1.97781479358673
-1.70232903957367
-0.910648822784424
-0.185555249452591
-0.0337473154067993
-0.45700541138649
-0.842875301837921
-0.904951572418213
-0.60394698381424
-0.00621061399579048
0.438886940479279
0.592475295066833
0.522446572780609
0.648735582828522
0.789505124092102
0.737992525100708
0.514731585979462
0.139425307512283
-0.0706607401371002
0.313784867525101
0.863688051700592
1.03484284877777
0.548440277576447
-0.198255375027657
-0.823053658008575
-1.24476873874664
-1.5566930770874
-1.78660082817078
-2.0063009262085
-2.37424826622009
-2.61127758026123
-2.5216646194458
-1.91431415081024
-1.31432271003723
-0.940203309059143
-0.754567980766296
-0.461397051811218
-0.0352903194725513
0.527669072151184
1.16184401512146
1.66225242614746
1.99079370498657
2.01239585876465
1.95435512065887
1.77038145065308
1.61501276493073
1.588662981987
1.90165555477142
2.51114249229431
3.13475370407104
3.1567120552063
2.25346064567566
1.02855217456818
-0.377243936061859
-1.03741264343262
-1.02922284603119
-0.61569756269455
-0.864952147006989
-1.71218049526215
-2.47430634498596
-2.45887613296509
-2.29674196243286
-2.17187738418579
-1.90814208984375
-1.60286462306976
-0.41035920381546
-0.0153499506413937
-0.0807496160268784
-0.78910756111145
-0.779256045818329
0.196991249918938
1.16576087474823
1.63780176639557
1.33477926254272
1.28065538406372
1.2118136882782
1.52718019485474
1.7032014131546
2.10390782356262
2.40099573135376
2.14509415626526
1.12861013412476
0.0355692096054554
-0.651661396026611
-0.783528983592987
-0.391012281179428
-0.0852599367499352
-0.226029455661774
-0.766437232494354
-1.27515411376953
-1.40915811061859
-1.65770053863525
-1.85876595973969
-1.64761173725128
-1.26328480243683
-0.671483099460602
-0.188285186886787
-0.132855698466301
-0.687743961811066
-1.03954911231995
-1.17889428138733
-1.24749863147736
-1.74660134315491
-1.85140705108643
-1.63942193984985
-1.79870748519897
-2.25852298736572
-2.3616669178009
-2.12297582626343
-1.59135138988495
-0.986612141132355
-0.280272006988525
-0.0812243893742561
-0.571899950504303
-1.14993333816528
-1.2762223482132
-1.02008354663849
-0.512316226959229
0.0818593576550484
0.470103114843369
0.598528623580933
0.507610023021698
0.50725394487381
0.44624587893486
0.248859956860542
-0.0774262249469757
-0.234456643462181
0.318413883447647
1.13846158981323
1.42546045780182
0.932292401790619
0.220492407679558
-0.418549001216888
-0.87848311662674
-1.24678647518158
-1.60274589061737
-1.9638090133667
-2.41258597373962
-2.78801107406616
-2.8716893196106
-2.44878721237183
-1.80179345607758
-1.32239377498627
-1.05402958393097
-0.708989977836609
-0.259026020765305
0.164825543761253
0.584997653961182
0.942025244235992
1.18629479408264
1.49453961849213
1.72634649276733
2.03732132911682
2.42390322685242
2.53606796264648
2.38746476173401
2.27387571334839
2.44230079650879
2.50271534919739
2.0559561252594
1.22273337841034
0.321855962276459
-0.642878174781799
-1.19942808151245
-1.21830022335052
-1.13675844669342
-1.51823663711548
-2.18956255912781
-2.557865858078
-2.35537624359131
-2.41852068901062
-2.22279644012451
-2.02730965614319
-1.13224804401398
-0.0554680749773979
0.00459042005240917
-0.401101171970367
-0.98032146692276
-0.338787496089935
0.607430577278137
1.15780854225159
0.966119825839996
0.795914530754089
1.10961925983429
1.48468816280365
1.55720937252045
1.26391971111298
1.47139453887939
1.59507238864899
1.52326333522797
0.804341733455658
0.224527955055237
-0.221519142389297
-0.0837169364094734
0.1886827647686
0.286129474639893
-0.00359937502071261
-0.795398235321045
-1.24678647518158
-1.77295112609863
-2.16475582122803
-2.78029584884644
-2.73353099822998
-1.88202977180481
-0.768455028533936
-0.125140681862831
-0.5132657289505
-1.03349578380585
-1.2672016620636
-1.03586959838867
-1.26625216007233
-1.62684047222137
-1.80416738986969
-1.88938868045807
-2.09615135192871
-2.16428089141846
-1.8702791929245
-1.53805840015411
-1.19301879405975
-0.750295042991638
-0.312200337648392
-0.515995681285858
-0.994920670986176
-1.28761684894562
-1.18898320198059
-0.877652287483215
-0.271013975143433
0.499538898468018
0.89537900686264
0.839712142944336
0.571110606193542
0.37823498249054
0.193430483341217
-0.0515512190759182
-0.183656170964241
0.264883458614349
0.980600357055664
1.24065601825714
0.855260848999023
0.22405318915844
-0.266147583723068
-0.639792144298553
-1.04038000106812
-1.49248039722443
-1.9067177772522
-2.21852350234985
-2.47264456748962
-2.63845825195313
-2.55074429512024
-2.18327188491821
-1.68191385269165
-1.1557492017746
-0.619020938873291
-0.184843093156815
-0.0030059115961194
0.121977478265762
0.332182228565216
0.631050407886505
1.00469493865967
1.56824779510498
2.06070375442505
2.46319055557251
2.6109631061554
2.41096591949463
2.2066957950592
2.33429026603699
2.67030930519104
2.65855884552002
1.93714463710785
0.889325678348541
-0.139383807778358
-0.74364823102951
-0.871005475521088
-0.757653951644897
-1.00168609619141
-1.57805776596069
-2.15799021720886
-2.2925877571106
-2.24368643760681
-2.3284330368042
-2.05484628677368
-1.8339592218399
-0.781629920005798
-0.058435395359993
0.0373496003448963
-0.337600588798523
-0.652967035770416
-0.0196228865534067
0.565413355827332
0.80944550037384
0.54618513584137
0.760544121265411
1.23222887516022
1.49620139598846
1.53097832202911
1.90474152565002
2.33001732826233
2.39921522140503
1.59614062309265
0.40565299987793
-0.253566175699234
-0.318728446960449
0.0930164679884911
0.293013632297516
0.0678536221385002
-0.608575999736786
-1.12120962142944
-1.61615812778473
-1.85473048686981
-1.75538468360901
-1.31028711795807
-0.846910893917084
-0.722046196460724
-0.694628179073334
-0.775576591491699
-1.02435648441315
-1.18316721916199
-1.05224919319153
-1.03159666061401
-1.38411390781403
-1.71087491512299
-1.83384048938751
-1.85686695575714
-1.96369028091431
-1.93923962116241
-1.61354684829712
-1.09937024116516
-0.564184904098511
-0.127039760351181
-0.176297232508659
-0.803469359874725
-1.36227452754974
-1.32013857364655
-0.77344012260437
-0.111965790390968
0.490993022918701
0.792828500270844
0.618350267410278
0.302865117788315
0.185240685939789
0.137170150876045
-0.0910758823156357
-0.508518040180206
-0.507449805736542
0.428441971540451
1.68468534946442
2.20883226394653
1.76290380954742
0.74914962053299
-0.175585076212883
-0.770947575569153
-0.986730873584747
-1.07871770858765
-1.25307726860046
-1.64535653591156
-2.18695116043091
-2.62480854988098
-2.62136650085449
-2.10754585266113
-1.44369769096375
-0.889165461063385
-0.516945242881775
-0.343179136514664
-0.352081090211868
-0.349588543176651
-0.24240905046463
0.0112372105941176
0.664403021335602
1.97287118434906
3.28157663345337
3.72916674613953
2.98888039588928
1.90118074417114
1.43721103668213
1.80361545085907
2.4271080493927
2.54675030708313
1.89750134944916
0.692414522171021
-0.526559352874756
-1.22459101676941
-1.16773724555969
-0.875634491443634
-1.1011506319046
-1.82220864295959
-2.56617426872253
-2.82634878158569
-2.86516118049622
-2.67347264289856
-2.28878951072693
-1.6832195520401
-0.584718763828278
-0.223180830478668
-0.174635529518127
