% Type: Timesignal
% Date: 11-DEC-24 13:44:12
% NoOfItems: = 4096
% Unit_Y: = mm/s
% Unit_X: = Sec
% Min_X: = 0
% Max_X: = 1.60000002384186
% MinDisplay_X: = 0
% MaxDisplay_X: = 1.60000002384186
2.24123048782349
1.64034366607666
0.83560448884964
0.11389572173357
-0.218337059020996
-0.102072261273861
-0.050942424684763
-0.172320201992989
-0.481989175081253
-0.436972677707672
-0.38039642572403
-0.255239456892014
-0.0746177583932877
-0.0159296002238989
0.0488719083368778
-0.112965136766434
-0.0874002203345299
-0.044829074293375
0.180586814880371
0.493812650442123
0.567172825336456
0.0363117530941963
-0.698179483413696
-0.84178763628006
-0.294142603874207
0.756353259086609
1.60410809516907
2.13074541091919
1.98847115039825
1.40258991718292
0.611633539199829
-0.0453848317265511
-0.232897952198982
0.0724360942840576
0.557058036327362
0.754352509975433
0.56995165348053
0.288959830999374
0.328641027212143
0.350760251283646
0.108560435473919
-0.0860663950443268
-0.102405712008476
-0.0420502796769142
-0.186881095170975
-0.387398988008499
-0.711517691612244
-1.06942653656006
-1.06653654575348
-0.675837934017181
-0.422411799430847
-0.665389657020569
-1.10421705245972
-1.55638265609741
-2.02155303955078
-2.23763203620911
-1.88183522224426
-1.2127012014389
-0.753088474273682
-0.718631386756897
-0.861239194869995
-0.815222322940826
-0.690287709236145
-0.526894509792328
-0.328821957111359
-0.274135261774063
-0.3330457508564
-0.257795959711075
0.0809947848320007
0.41411679983139
0.450796872377396
0.325084179639816
0.196926131844521
0.158801063895226
0.437347501516342
1.05601859092712
1.32967436313629
1.13904893398285
0.570062756538391
0.0957779735326767
-0.155647441744804
-0.142086908221245
-0.10885252058506
-0.23478752374649
-0.51444548368454
-0.888693690299988
-1.26583182811737
-1.58172523975372
-1.70554840564728
-1.82614815235138
-1.80536270141602
-1.40088129043579
-0.823669850826263
-0.374727666378021
-0.226562291383743
-0.185880735516548
-0.233231410384178
-0.233120247721672
-0.0296012740582228
0.549277424812317
1.35623955726624
2.03871178627014
2.31581330299377
1.90432918071747
1.27120840549469
0.915856122970581
1.18973422050476
1.72804248332977
2.0403790473938
1.93522942066193
1.39703226089478
0.766690373420715
0.457132548093796
0.491700768470764
0.428010761737823
-0.0682821050286293
-0.509554803371429
-0.499328851699829
-0.142086908221245
-0.214224442839622
-0.239900514483452
-0.422745257616043
-0.655719459056854
-0.660610139369965
-0.590584516525269
-0.226117685437202
-0.0561665594577789
0.371656775474548
0.490700393915176
0.328085273504257
-0.398069560527802
-0.895585119724274
-0.774651885032654
0.0402020663022995
1.01978302001953
1.61388945579529
1.96979761123657
1.80373680591583
1.35535037517548
0.594182729721069
0.0926657244563103
-0.0879559814929962
0.20392869412899
0.529936969280243
0.656538903713226
0.427566140890121
0.148575097322464
0.0826620608568192
-0.0600568726658821
-0.247125387191772
-0.33115616440773
-0.326154321432114
-0.288362711668015
-0.435305416584015
-0.73208075761795
-1.14956700801849
-1.17924451828003
-0.800216853618622
-0.341270983219147
-0.327043533325195
-0.698735237121582
-1.0299676656723
-1.45512330532074
-1.85082376003265
-2.04111576080322
-1.66964638233185
-1.11777758598328
-0.737527191638947
-0.734970688819885
-0.837230384349823
-0.946492612361908
-1.01429522037506
-0.844677567481995
-0.759424090385437
-0.629821121692657
-0.410407394170761
-0.150645598769188
0.122676715254784
0.246722146868706
0.21771152317524
0.0659892931580544
-0.0499420575797558
0.209041684865952
0.931417346000671
1.379359126091
1.3635755777359
0.967319369316101
0.430678397417068
0.108338132500648
-0.109964035451412
-0.146421834826469
-0.185213819146156
-0.364724010229111
-0.816222667694092
-1.24515759944916
-1.57927989959717
-1.79035723209381
-1.84871196746826
-1.82059049606323
-1.5553822517395
-1.13033771514893
-0.764759421348572
-0.52567183971405
-0.450977832078934
-0.379284888505936
-0.196551308035851
0.129568129777908
0.387440353631973
0.797257125377655
1.32722902297974
1.87776398658752
2.02481770515442
1.72137331962585
1.37369048595428
1.35357201099396
1.6764680147171
1.84052813053131
1.75794231891632
1.39002978801727
1.18017506599426
1.35334968566895
1.6407881975174
1.37713611125946
0.381327003240585
-0.463982582092285
-0.751754641532898
-0.382841765880585
-0.109074823558331
-0.12052346020937
-0.375728040933609
-0.950160622596741
-1.19902956485748
-1.17824411392212
-0.675059854984283
-0.263909310102463
0.298074275255203
0.588069379329681
0.58062219619751
0.00863495096564293
-0.775985717773438
-1.08098638057709
-0.619039356708527
0.472916096448898
1.4683917760849
2.12663292884827
2.21844434738159
1.77472615242004
0.897627174854279
0.227159425616264
-0.00381405232474208
0.219045341014862
0.568395495414734
0.779695093631744
0.654093563556671
0.19459193944931
-0.0678374990820885
-0.120412312448025
-0.0672817379236221
-0.247903451323509
-0.408295512199402
-0.54990291595459
-0.567131459712982
-0.639602482318878
-0.841342985630035
-0.998956263065338
-0.893362045288086
-0.479877293109894
-0.301589787006378
-0.508332133293152
-0.818334579467773
-1.08254241943359
-1.46768355369568
-1.96264255046844
-1.98309445381165
-1.57338893413544
-0.975947856903076
-0.675615668296814
-0.672058761119843
-0.854014337062836
-0.919593870639801
-0.720187544822693
-0.464760631322861
-0.413297355175018
-0.503997206687927
-0.417187660932541
-0.293253391981125
-0.0818426311016083
0.0244185086339712
0.084551639854908
0.0393128544092178
-0.0318243093788624
0.0943330004811287
0.560059130191803
1.02256178855896
1.02122807502747
0.627083659172058
0.0964448899030685
-0.24834805727005
-0.24857035279274
0.180697962641716
0.659539997577667
0.795256376266479
0.356095522642136
-0.332156509160995
-1.05719983577728
-1.60339987277985
-1.56016182899475
-1.40010321140289
-1.28739523887634
-1.06564736366272
-0.842009902000427
-0.735859930515289
-0.747753202915192
-0.85101318359375
-0.590473353862762
-0.320707887411118
0.0143036944791675
0.66365259885788
1.41670620441437
1.87220633029938
1.83241403102875
1.51229679584503
1.41648387908936
1.87709701061249
2.3626081943512
2.64371109008789
2.35582780838013
1.69892060756683
1.28599166870117
1.33056354522705
1.50529420375824
1.0980339050293
0.332420200109482
-0.140975400805473
-0.162872299551964
-0.104962207376957
-0.288585007190704
-0.755200326442719
-1.10855197906494
-1.56916511058807
-1.59195125102997
-1.15823686122894
-0.302923589944839
0.339533925056458
0.691551744937897
0.604297518730164
0.183365613222122
-0.339047938585281
-0.694733738899231
-0.40207102894783
0.317748159170151
1.20607352256775
1.87987577915192
2.44208168983459
2.43085527420044
1.92689299583435
1.11348402500153
0.504816651344299
0.265173345804214
0.316525489091873
0.508484661579132
0.670877456665039
0.505594730377197
0.0861077681183815
-0.227006897330284
-0.393734633922577
-0.392845422029495
-0.410073935985565
-0.542455792427063
-0.762091755867004
-0.954273223876953
-1.13078236579895
-1.06920421123505
-0.790880084037781
-0.278470188379288
0.114562630653381
0.168693572282791
-0.10140535235405
-0.551125586032867
-1.06442475318909
-1.62996518611908
-1.85838210582733
-1.72066509723663
-1.1417863368988
-0.625041544437408
-0.449532836675644
-0.53245210647583
-0.6927330493927
-0.66161048412323
-0.583026170730591
-0.481655716896057
-0.460648030042648
-0.469762474298477
-0.366168975830078
-0.195773243904114
-0.00203562318347394
0.0733253061771393
0.146352052688599
0.200149536132813
0.304076492786407
0.544609010219574
0.840717434883118
0.982102572917938
0.666431427001953
0.281401515007019
0.305854916572571
0.655316233634949
1.04456984996796
1.09225404262543
0.810595333576202
0.139016032218933
-0.582359254360199
-1.09254610538483
-1.34019231796265
-1.32907712459564
-1.42366743087769
-1.66419994831085
-1.76490342617035
-1.47557532787323
-1.00162386894226
-0.671725332736969
-0.497883886098862
-0.277692139148712
0.0459819622337818
0.300519615411758
0.588847458362579
1.1210423707962
1.61844670772552
1.92900490760803
2.02470660209656
2.07372450828552
2.31092262268066
2.42118525505066
2.28535771369934
1.84397375583649
1.26342785358429
0.724674940109253
1.20618462562561
2.02770781517029
2.02081632614136
0.936196863651276
-0.155202835798264
-0.264465063810349
0.051317248493433
0.387106895446777
0.0284199751913548
-0.59125143289566
-1.32540917396545
-1.91295766830444
-1.66842365264893
-0.637490570545197
0.612856209278107
0.89829409122467
0.637865424156189
0.0588755719363689
-0.197329372167587
-0.490770161151886
-0.673170328140259
-0.446309447288513
0.169693931937218
1.13704824447632
1.90621876716614
2.49754643440247
2.36416435241699
1.7693909406662
0.826712310314178
0.252613186836243
0.0139702381566167
0.0783271417021751
0.320860415697098
0.525602042675018
0.43645828962326
0.0472046323120594
-0.282027065753937
-0.231897577643394
-0.133750528097153
-0.247125387191772
-0.653496444225311
-0.828004777431488
-0.88936060667038
-0.699290990829468
-0.4799884557724
-0.267577320337296
-0.0886228904128075
-0.0797307416796684
-0.169763714075089
-0.464204877614975
-0.765537440776825
-1.26105225086212
-1.72277688980103
-1.95819652080536
-1.69476664066315
-1.20180833339691
-0.86557412147522
-0.792213916778564
-0.873243570327759
-0.829449772834778
-0.577913165092468
-0.465649843215942
-0.500440359115601
-0.604923069477081
-0.66161048412323
-0.549680650234222
-0.29614332318306
-0.108185611665249
0.0416470430791378
0.133124992251396
0.152354255318642
0.112228445708752
0.167026296257973
0.405669242143631
0.50781774520874
0.312190562486649
0.300186157226563
0.782029330730438
1.33134162425995
1.58521234989166
1.24908924102783
0.564282894134521
-0.105962574481964
-0.547124147415161
-0.837786138057709
-1.25560581684113
-1.70199155807495
-1.89172768592834
-1.74500727653503
-1.43055880069733
-1.13122689723969
-0.901253819465637
-0.848679006099701
-0.701069414615631
-0.493215501308441
-0.268577694892883
-0.125302985310555
0.163247123360634
0.795256376266479
1.43082249164581
1.98558115959167
2.143639087677
2.29780673980713
2.30714344978333
2.13641428947449
1.77428162097931
1.27632141113281
1.02122807502747
1.34134531021118
2.20744013786316
2.36194133758545
1.60899877548218
0.439681708812714
-0.0895121023058891
-0.0163742080330849
0.135570332407951
0.0434254705905914
-0.6257084608078
-1.2978435754776
-1.92029368877411
-2.05234217643738
-1.28394949436188
-0.0977373421192169
0.678546965122223
0.57484233379364
0.14935314655304
-0.275135636329651
-0.542122304439545
-0.845566749572754
-0.894140124320984
-0.560795843601227
0.304187625646591
1.33078587055206
2.12674403190613
2.42929935455322
2.04004549980164
1.3100004196167
0.571507751941681
0.251612812280655
0.0708799660205841
0.0410912819206715
0.105337031185627
0.244387954473495
0.169027030467987
-0.0652810111641884
-0.187214553356171
-0.296365648508072
-0.528117179870605
-1.04430627822876
-1.55104732513428
-1.73333632946014
-1.44078481197357
-0.812443554401398
-0.243123918771744
0.0338664129376411
0.0902203842997551
0.0795498117804527
-0.0208202805370092
-0.333823800086975
-0.730080008506775
-1.16601741313934
-1.54593443870544
-1.70877182483673
-1.62740862369537
-1.35397517681122
-1.19669532775879
-1.20425367355347
-1.28117072582245
-1.16446137428284
-0.918593525886536
-0.800439119338989
-0.819446086883545
-1.02229821681976
-1.01329481601715
-0.802106440067291
-0.398514151573181
-0.100182682275772
0.0916653573513031
0.183699071407318
0.200927600264549
0.22071261703968
0.248055964708328
0.322416543960571
0.27906733751297
0.508373498916626
1.03867888450623
1.52385652065277
1.55520141124725
1.10625910758972
0.530603885650635
-0.034491952508688
-0.503552615642548
-0.93015331029892
-1.25182664394379
-1.48702394962311
-1.86971962451935
-2.10902953147888
-2.05856657028198
-1.67309200763702
-1.30051112174988
-1.10610663890839
-0.851124346256256
-0.599810123443604
-0.350607722997665
-0.309592694044113
-0.249126121401787
0.133791893720627
1.03134286403656
1.99425101280212
2.46831345558167
2.46998071670532
2.16609168052673
1.76483368873596
1.47961807250977
1.55764675140381
1.61711287498474
2.24723267555237
2.90803003311157
2.79498863220215
1.52096664905548
0.0945553034543991
-0.453200846910477
-0.261241674423218
-0.0786192268133163
-0.391956210136414
-0.850235164165497
-1.68442952632904
-2.10547256469727
-2.44826483726501
-1.98131608963013
-0.817889988422394
0.268285602331161
0.73456746339798
0.452797621488571
0.0470934808254242
-0.310370773077011
-0.49188169836998
-0.822224915027618
-0.597698211669922
0.0974452570080757
1.17206108570099
2.01459193229675
2.39628720283508
2.28991484642029
1.73904645442963
1.13604784011841
0.58162260055542
0.262061089277267
-0.0271559339016676
-0.111075557768345
-0.0915128365159035
-0.0668371319770813
-0.163539215922356
-0.318929463624954
-0.370615065097809
-0.602255463600159
-0.990286469459534
-1.31407165527344
-1.30151152610779
-1.09199035167694
-0.881246507167816
-0.665389657020569
-0.53778737783432
-0.501774191856384
-0.403293699026108
-0.109964035451412
-0.0147069301456213
-0.379173755645752
-0.978837788105011
-1.53237390518188
-1.83226144313812
-1.89650726318359
-1.5569384098053
-1.10777390003204
-0.993620991706848
-1.15367960929871
-1.1969176530838
-1.03530287742615
-0.933376729488373
-0.888360202312469
-0.888915956020355
-0.910368263721466
-0.961275815963745
-0.731636166572571
-0.323597848415375
-0.0956254526972771
-0.0717278122901917
-0.00336944498121738
0.133903056383133
0.235940426588058
0.223157957196236
0.100112900137901
-0.204443082213402
-0.122524194419384
0.758131682872772
2.06927847862244
2.64182162284851
1.92667078971863
0.679658472537994
-0.357276827096939
-0.821113348007202
-1.05408763885498
-1.14823317527771
-1.40165936946869
-1.82092392444611
-1.99043047428131
-1.83426225185394
-1.68576335906982
-1.77223944664001
-1.67631542682648
-1.32474231719971
-0.770205855369568
-0.547012984752655
-0.622040450572968
-0.594585955142975
-0.0822872370481491
0.916189551353455
1.72126221656799
2.32426071166992
2.77209138870239
2.92737054824829
2.76742315292358
2.35649490356445
1.86186921596527
1.90844178199768
2.44030332565308
2.7107355594635
2.0869517326355
0.836160242557526
-0.0938470289111137
-0.344827830791473
-0.375172287225723
-0.536342442035675
-0.888693690299988
-1.30429029464722
-1.93907833099365
-2.52607107162476
-2.82429146766663
-2.07112669944763
-0.627709209918976
0.459689021110535
0.782029330730438
0.347647994756699
-0.063391424715519
-0.350385427474976
-0.457758069038391
-0.568242967128754
-0.274913340806961
0.373101770877838
1.33434271812439
1.93156135082245
2.03126454353333
1.75927603244781
1.34823668003082
1.01122438907623
0.747349917888641
0.761021614074707
0.702333450317383
0.601074159145355
0.349871039390564
0.0855520069599152
-0.207666486501694
-0.459091901779175
-0.485212564468384
-0.53389710187912
-0.82333642244339
-1.35486435890198
-1.64119148254395
-1.56438553333282
-1.20036339759827
-0.666167736053467
-0.411407768726349
-0.362834423780441
-0.361834049224854
-0.208555698394775
-0.314705699682236
-0.886248350143433
-1.51536762714386
-1.83948636054993
-1.70943868160248
-1.42055511474609
-1.0465292930603
-0.977170526981354
-1.07331681251526
-1.17768836021423
-1.05564367771149
-0.894140124320984
-0.850457429885864
-0.873465895652771
-0.928152561187744
-0.967833757400513
-0.947381854057312
-0.63882440328598
-0.219337433576584
0.0317545309662819
0.0679900199174881
0.0796609669923782
0.0533179827034473
-0.066503681242466
-0.279025942087173
-0.447087496519089
-0.00625939248129725
0.979879558086395
1.86642646789551
2.01825976371765
1.49062216281891
0.686216413974762
-0.024043682962656
-0.529673278331757
-0.910034835338593
-1.25382745265961
-1.6389684677124
-1.96453213691711
-2.20106315612793
-2.25819516181946
-2.04022645950317
-1.81092035770416
-1.53504145145416
-1.1904708147049
-0.773429214954376
-0.610925257205963
-0.719187140464783
-0.797104597091675
-0.578024327754974
0.268063306808472
1.40970361232758
2.27879977226257
2.42007374763489
2.06127548217773
1.65534913539886
1.83263623714447
2.15464305877686
2.44374895095825
2.94293189048767
3.3520815372467
3.09754395484924
1.71792757511139
0.380437791347504
-0.219115123152733
-0.0815091729164124
-0.164094969630241
-0.652829527854919
-1.36175584793091
-2.04900741577148
-2.44670867919922
-2.65333986282349
-2.4079167842865
-1.34297120571136
-0.207666486501694
0.441237837076187
0.400111645460129
0.0603205487132072
-0.295809864997864
-0.583026170730591
-0.917370855808258
-0.784099817276001
-0.148644864559174
0.82348895072937
1.55820250511169
1.84519648551941
1.78239572048187
1.69625306129456
1.74238097667694
1.41103744506836
0.949868559837341
0.316747784614563
-0.00681515131145716
-0.0243771392852068
0.187700524926186
0.171583518385887
-0.106962941586971
-0.314149916172028
-0.446531742811203
-0.630599141120911
-1.11355376243591
-1.4112184047699
-1.44078481197357
-1.22292721271515
-0.785100162029266
-0.493437826633453
-0.369948148727417
-0.397958397865295
-0.163872674107552
-0.0866221562027931
-0.474430859088898
-1.1228905916214
-1.59072852134705
-1.69554471969604
-1.73400330543518
-1.47468602657318
-1.25649499893188
-1.36386775970459
-1.57361114025116
-1.50958776473999
-1.12566936016083
-0.957941234111786
-0.871687471866608
-0.851568996906281
-0.954162120819092
-1.09087884426117
-0.898919641971588
-0.356832236051559
-0.080953411757946
-0.0438287071883678
-0.0333804376423359
0.0640997067093849
0.0144148459658027
-0.192660987377167
-0.355720698833466
-0.369170069694519
0.462578982114792
1.660684466362
2.35760641098022
2.17331671714783
1.35212695598602
0.436347156763077
-0.262130886316299
-0.696845650672913
-0.980282783508301
-1.22314953804016
-1.61018013954163
-2.12092280387878
-2.43248128890991
-2.39657926559448
-2.09102296829224
-1.85749292373657
-1.54271101951599
-1.18313479423523
-1.03274643421173
-1.15701413154602
-1.27616894245148
-1.09721446037292
-0.410407394170761
0.685660660266876
1.86764907836914
2.58313345909119
2.89591455459595
3.00428771972656
3.0528609752655
2.80554819107056
2.21555423736572
1.89899396896362
2.24567651748657
2.71884965896606
2.38895106315613
1.32333862781525
0.270508646965027
-0.181434661149979
-0.384397864341736
-0.732747673988342
-1.13056004047394
-1.45734643936157
-1.8509349822998
-2.25541639328003
-2.66790080070496
-2.21228957176208
-1.00662577152252
0.123343631625175
0.557280302047729
0.313635528087616
-0.00781551748514175
-0.240345120429993
-0.46153724193573
-0.710517287254333
-0.503663778305054
0.212709695100784
1.15360987186432
1.70536744594574
1.7867306470871
1.38491678237915
1.25042307376862
1.43471276760101
1.6047750711441
1.5967720746994
1.23563992977142
1.00133180618286
0.529603540897369
0.135903790593147
-0.0137065639719367
0.10667085647583
0.0478715449571609
-0.317373335361481
-1.01696288585663
-1.84037554264069
-2.17405319213867
-2.02455401420593
-1.24537980556488
-0.505553364753723
-0.144976854324341
-0.289585381746292
-0.517668902873993
-0.523004174232483
-0.670947253704071
-1.02874493598938
-1.33997011184692
-1.40354895591736
-1.40621650218964
-1.27205634117126
-1.02418780326843
-1.05842244625092
-1.36342310905457
-1.51558995246887
-1.35942161083221
-1.20014107227325
-1.26627635955811
-1.37209296226501
-1.3128490447998
-1.22781789302826
-0.98261696100235
-0.587694525718689
-0.140530794858932
0.0951110646128654
0.213821202516556
0.160579487681389
0.118897557258606
-0.112520530819893
-0.281804740428925
-0.373060405254364
0.0902203842997551
1.21329832077026
2.14119362831116
2.43174457550049
1.9694641828537
1.18295395374298
0.330308318138123
-0.340604066848755
-0.854792356491089
-1.13033771514893
-1.3646457195282
-1.66986870765686
-1.94085681438446
-2.31599426269531
-2.40191459655762
-2.31388235092163
-1.98220527172089
-1.52537131309509
-1.15012276172638
-1.0889892578125
-1.32074081897736
-1.44067358970642
-1.20425367355347
-0.246903076767921
1.0886971950531
2.39695405960083
3.21569848060608
3.54715299606323
3.53714942932129
3.23137068748474
2.67450022697449
2.2350058555603
2.31036686897278
2.75508522987366
2.88157606124878
2.24734377861023
1.20829653739929
0.41945207118988
-0.029712425544858
-0.4027379155159
-0.894918203353882
-1.250492811203
-1.71310675144196
-2.0722382068634
-2.47983193397522
-2.47594165802002
-1.68376266956329
-0.584248840808868
0.199816077947617
0.187033623456955
0.0269750021398067
-0.146532982587814
-0.314816832542419
-0.761091411113739
-0.863462209701538
-0.356498777866364
0.568284332752228
1.32156026363373
1.77317011356354
2.05149412155151
2.49532341957092
2.6581609249115
2.09495449066162
1.38158226013184
0.721118092536926
0.511041164398193
0.479251742362976
0.548721611499786
0.390441447496414
0.0636551007628441
-0.226117685437202
-0.32948887348175
-0.591918349266052
-1.24904787540436
-1.67787158489227
-1.75690054893494
-1.1182222366333
-0.351385802030563
-0.0636137276887894
-0.292586475610733
-0.614926755428314
-0.568909883499146
-0.410740852355957
-0.535453200340271
-0.696845650672913
-0.903143405914307
-1.24626910686493
-1.54304444789886
-1.46101438999176
-1.21136736869812
-1.1441205739975
-1.16768479347229
-1.18713629245758
-1.22448337078094
-1.42011046409607
-1.39799129962921
-1.18135643005371
-1.00451385974884
-0.931375980377197
-0.73541533946991
-0.398069560527802
-0.0652810111641884
0.142461746931076
0.236385032534599
0.183032155036926
-0.10863021761179
-0.458091527223587
-0.570688307285309
-0.285250455141068
1.05246162414551
2.687171459198
3.32084798812866
2.81355118751526
1.81329584121704
0.882844030857086
0.308633714914322
-0.098848856985569
-0.39573535323143
-0.812665820121765
-1.38809883594513
-1.92385053634644
-2.29409718513489
-2.4156973361969
-2.40624952316284
-2.29031801223755
-2.04989671707153
-1.64397025108337
-1.338747382164
-1.24949252605438
-1.36353421211243
-1.22237145900726
-0.534897446632385
0.686105310916901
2.20166039466858
3.396320104599
3.99331641197205
3.86415815353394
3.3378541469574
2.72185087203979
2.21199750900269
2.09751105308533
2.55656814575195
2.99228310585022
2.61214399337769
1.5155200958252
0.429122269153595
-0.0179303325712681
-0.109852887690067
-0.327710449695587
-0.78065413236618
-1.31451630592346
-1.88794851303101
-2.40447092056274
-2.80495095252991
-2.33488988876343
-1.06064558029175
0.118119493126869
0.704111874103546
0.584401369094849
0.35531747341156
-0.0432729460299015
-0.381619095802307
-0.749865055084229
-0.565353035926819
0.149575456976891
1.05112791061401
1.66268515586853
1.79940187931061
2.22433519363403
2.7510838508606
2.75552988052368
1.99991977214813
1.15772247314453
0.611411273479462
0.55494612455368
0.61029976606369
0.400222808122635
0.0646554678678513
-0.302812457084656
-0.39062237739563
-0.5343416929245
-1.03652560710907
-1.5993983745575
-1.82837116718292
-1.63063204288483
-0.928041398525238
-0.178767010569572
0.129568129777908
0.0185274630784988
-0.312038034200668
-0.427080184221268
-0.466094464063644
-0.470985144376755
-0.527339100837708
-0.775985717773438
-1.09354650974274
-1.27216744422913
-1.17557656764984
-1.0928795337677
-1.11233115196228
-1.19702887535095
-1.29851043224335
-1.42111086845398
-1.38498651981354
-1.2015860080719
-1.04752957820892
-0.964721500873566
-0.825559437274933
-0.554682493209839
-0.225339621305466
0.0854408591985703
0.206818640232086
0.228493243455887
0.106559701263905
-0.0886228904128075
-0.134195134043694
0.104781277477741
1.20885229110718
2.23589515686035
2.58491182327271
2.2776882648468
1.75794231891632
1.26331663131714
0.81181800365448
0.289960205554962
-0.349607348442078
-0.889694035053253
-1.51136612892151
-1.89472877979279
-2.18305659294128
-2.22095942497253
-2.15437936782837
-2.16982960700989
-2.08980011940002
-1.88828194141388
-1.56494128704071
-1.43989551067352
-1.40488266944885
-1.30184495449066
-0.651162266731262
0.503593981266022
1.78784215450287
2.97461009025574
3.74100184440613
4.12303066253662
3.90728497505188
3.38064765930176
2.7086238861084
2.30869960784912
2.33682084083557
2.59669399261475
2.48409700393677
1.80273640155792
0.927860498428345
0.226270213723183
-0.107185244560242
-0.347050875425339
-0.686730802059174
-1.02685534954071
-1.61462616920471
-2.12870335578918
-2.50450778007507
-2.41436362266541
-1.5986202955246
-0.556016266345978
0.222157597541809
0.343757688999176
0.330641776323318
0.112006142735481
-0.154091313481331
-0.700847089290619
-0.902921140193939
-0.455090433359146
0.399667054414749
1.20229434967041
1.80540406703949
2.42807650566101
2.93937492370605
3.06208658218384
2.3160355091095
1.49395668506622
0.712337136268616
0.350315630435944
0.423231244087219
0.497702956199646
0.36721071600914
-0.116633147001266
-0.354831486940384
-0.385064780712128
-0.490214407444
-1.10488390922546
-1.61740505695343
-1.68387377262115
-1.16935205459595
-0.358388364315033
-0.00436981162056327
-0.123524561524391
-0.543900728225708
-0.62370777130127
-0.472430109977722
-0.352052688598633
-0.424634844064713
-0.782099068164825
-1.20981132984161
-1.51803529262543
-1.39499020576477
-1.17090809345245
-1.19680655002594
-1.31384932994843
-1.30284535884857
-1.32507574558258
-1.45067727565765
-1.41255223751068
-1.11477649211884
-0.808886647224426
-0.579469323158264
-0.42118912935257
-0.261463969945908
-0.0896232575178146
0.190368175506592
0.37232369184494
0.363987326622009
0.0355336926877499
-0.270244956016541
-0.124636076390743
0.720895826816559
1.83908307552338
2.42507553100586
2.33304166793823
1.82907938957214
1.36424255371094
0.936863780021667
0.532048881053925
0.06398855894804
-0.498328506946564
-1.11644375324249
-1.70154690742493
-2.02788877487183
-2.1674952507019
-2.1928379535675
-2.21351218223572
-2.16816234588623
-1.93163120746613
-1.5931738615036
-1.27805852890015
-1.17657685279846
-1.06020092964172
-0.650273025035858
0.126455873250961
1.28354632854462
2.452641248703
3.21536493301392
3.4972460269928
3.37786889076233
3.12321996688843
2.791987657547
2.49954724311829
2.28402376174927
2.30903291702271
2.17920756340027
1.68058061599731
0.874063014984131
0.19648152589798
-0.0172634217888117
0.0645443126559258
0.277844667434692
0.147130116820335
-0.482322633266449
-1.48380053043365
-2.18461275100708
-2.41680884361267
-1.91340231895447
-1.18369054794312
-0.356609910726547
0.140905618667603
0.442349344491959
0.477251023054123
0.126233577728271
-0.412296980619431
-1.01996397972107
-1.1583479642868
-0.815555810928345
0.365654587745667
1.63089573383331
2.60914278030396
2.88857865333557
2.87879729270935
2.37127804756165
1.40170073509216
0.80548232793808
0.393553704023361
0.534383058547974
0.571952342987061
0.543497502803802
0.0951110646128654
-0.328599661588669
-0.424745976924896
-0.414520025253296
-0.707849681377411
-1.31095945835114
-1.44178509712219
-1.24048912525177
-0.645493507385254
-0.262019723653793
-0.270022660493851
-0.492659747600555
-0.652718365192413
-0.358610659837723
-0.131305187940598
-0.169430255889893
-0.566019952297211
-1.05786669254303
-1.46134781837463
-1.6594203710556
-1.47824287414551
-1.34997367858887
-1.39187800884247
-1.4231116771698
-1.37842857837677
-1.32918834686279
-1.316739320755
-1.06042325496674
-0.90003114938736
-0.867685973644257
-0.861683785915375
-0.69173264503479
-0.422522962093353
-0.218781664967537
-0.02115373685956
0.143350958824158
0.183032155036926
0.0873304381966591
0.0834401249885559
0.49058923125267
1.14883029460907
1.63022887706757
1.71792757511139
1.54875457286835
1.31422424316406
1.05757462978363
0.847386598587036
0.516487598419189
0.0933326333761215
-0.538120865821838
-1.21603584289551
-1.80780804157257
-2.30143332481384
-2.41947650909424
-2.45904660224915
-2.41758704185486
-2.21773600578308
-1.70710456371307
-1.27061128616333
-1.11077499389648
-1.09310185909271
-0.842787981033325
-0.100404985249043
0.529158890247345
1.49251174926758
2.40617966651917
3.19435715675354
3.48802042007446
3.35830616950989
3.02462840080261
2.63959860801697
2.28357911109924
2.04549193382263
2.15953373908997
1.99024951457977
1.56931757926941
0.971432030200958
0.606187105178833
0.263394922018051
-0.0818426311016083
-0.325153946876526
-0.556349754333496
-1.08254241943359
-1.58694934844971
-2.06768107414246
-2.18527960777283
-1.548379778862
-0.56790953874588
-0.00703745521605015
-0.0671705901622772
-0.0956254526972771
0.119675621390343
0.143128648400307
-0.397624939680099
-0.986951887607574
-0.934265911579132
0.0114137465134263
1.3612414598465
2.38850665092468
2.72774195671082
2.65004682540894
2.31381249427795
1.59243726730347
0.90018367767334
0.376658618450165
0.190479323267937
0.292183250188828
0.444016635417938
0.405669242143631
0.11856409907341
-0.0683932602405548
-0.141420006752014
-0.342938244342804
-0.958719313144684
-1.4679057598114
-1.46890616416931
-0.850457429885864
-0.158981993794441
0.00118777947500348
-0.301700919866562
-0.634155988693237
-0.501218438148499
-0.181545808911324
-0.137307390570641
-0.380841016769409
-0.739083349704742
-1.10310554504395
-1.41455292701721
-1.51169967651367
-1.44445276260376
-1.35675394535065
-1.29939961433411
-1.25482773780823
-1.31785082817078
-1.42055511474609
-1.40743923187256
-1.19725108146667
-1.02652192115784
-0.796104192733765
-0.49188169836998
-0.155647441744804
0.274065494537354
0.329863697290421
0.149797767400742
0.0691015422344208
0.172472730278969
0.528936624526978
0.860391318798065
1.27565455436707
1.7031444311142
1.88798987865448
1.75783109664917
1.48061847686768
1.18184244632721
0.915189206600189
0.700999617576599
0.202817171812057
-0.331823080778122
-1.04953038692474
-1.65819776058197
-2.02021908760071
-2.19906234741211
-2.10480570793152
-1.97275733947754
-1.70043540000916
-1.48613464832306
-1.17579877376556
-0.954495549201965
-0.746975123882294
-0.557350099086761
-0.17743319272995
0.571285426616669
1.39180815219879
2.25534677505493
2.91269850730896
3.39787626266479
3.51958751678467
3.33863234519958
2.99561786651611
2.51588654518127
2.09840035438538
1.74882781505585
1.50107038021088
1.28521358966827
1.11604046821594
1.07246899604797
0.904185175895691
0.613523125648499
0.22026801109314
-0.146310687065125
-0.725633978843689
-1.29206359386444
-1.59673070907593
-1.83959746360779
-1.38598692417145
-0.679283678531647
0.0221954733133316
0.156022265553474
0.18269869685173
0.495146453380585
0.683326482772827
0.4567990899086
-0.286139667034149
-0.692066133022308
-0.363612502813339
0.688328325748444
1.83574855327606
2.58213305473328
2.99483966827393
3.03051948547363
2.37238955497742
1.18128669261932
0.239274978637695
-0.192216381430626
-0.0615018457174301
0.340978890657425
0.789809942245483
0.82882422208786
0.36676612496376
0.0155263636261225
-0.146199524402618
-0.400514900684357
-0.897919297218323
-1.04641807079315
-0.576245903968811
0.072658397257328
0.250279009342194
-0.0820649340748787
-0.370170444250107
-0.262019723653793
0.284069150686264
0.488921970129013
0.266062557697296
-0.175210162997246
-0.737749516963959
-1.23648774623871
-1.61495971679688
-1.61673808097839
-1.49991750717163
-1.39510130882263
-1.18769204616547
-1.0227427482605
-1.15979301929474
-1.42733538150787
-1.24371254444122
-0.811554312705994
-0.434305042028427
-0.244013130664825
-0.133528217673302
0.0578752085566521
0.214932724833488
0.417673647403717
0.648202538490295
0.625860989093781
0.614634692668915
0.542052507400513
0.802703559398651
1.36235296726227
1.78661942481995
1.87420701980591
1.64367818832397
1.38491678237915
1.03723382949829
0.892069578170776
0.703000366687775
0.452130705118179
0.0388682447373867
-0.419410705566406
-1.19536149501801
-1.79791557788849
-2.13892936706543
-2.38590860366821
-2.36879134178162
-1.90328752994537
-1.1819121837616
-0.596809029579163
-0.483545303344727
-0.651051104068756
-0.65093994140625
-0.114632412791252
0.947423219680786
2.08406162261963
3.1695704460144
3.79624438285828
3.81102752685547
3.30150747299194
2.77764916419983
2.43063306808472
2.33315300941467
2.08761858940125
1.78706407546997
1.57009565830231
1.67257761955261
1.78472983837128
1.56064784526825
0.809150338172913
-0.08995670825243
-0.655386030673981
-0.817111909389496
-1.01762974262238
-1.17424273490906
-1.37564980983734
-1.52237021923065
-1.18380177021027
-0.536564707756042
0.0772156268358231
0.256836950778961
0.523267865180969
0.872840344905853
0.962762176990509
0.33342057466507
-0.4685398042202
-0.536342442035675
0.304298788309097
1.60032904148102
2.58491182327271
3.07609176635742
3.10965943336487
2.83255815505981
1.98591470718384
1.00055372714996
0.250056713819504
-0.0626133605837822
0.158245295286179
0.653760135173798
0.925192832946777
0.685882985591888
0.30285382270813
0.0701019093394279
-0.0889563485980034
-0.566353380680084
-0.889916360378265
-0.731302678585052
-0.203442722558975
0.181253731250763
0.122899018228054
-0.134862050414085
-0.175432458519936
0.160912945866585
0.439570546150208
0.330975234508514
0.100890964269638
-0.244457736611366
-0.641714334487915
-1.2015860080719
-1.53048431873322
-1.52581584453583
-1.44311892986298
-1.26371991634369
-1.0716495513916
-1.04530656337738
-1.30317878723145
-1.45167768001556
-1.18402409553528
-0.571577548980713
-0.0588342025876045
0.252390891313553
0.19903801381588
0.126344725489616
0.423564702272415
0.823044300079346
1.13260209560394
0.938197612762451
0.661318421363831
0.568395495414734
0.926748991012573
1.34823668003082
1.65123653411865
1.60421931743622
1.33512079715729
1.10959374904633
0.91674530506134
0.715782821178436
0.322638839483261
-0.0946250855922699
-0.509777128696442
-0.90981251001358
-1.29828810691833
-1.65519666671753
-1.70076882839203
-1.69032061100006
-1.49913942813873
-1.25071513652802
-1.01162755489349
-0.774540781974792
-0.731525003910065
-0.80633020401001
-0.781654477119446
-0.202775806188583
0.785363852977753
1.85108745098114
2.83055734634399
3.50024700164795
3.78779673576355
3.49146604537964
2.92081260681152
2.41729474067688
2.09451007843018
1.86186921596527
1.51307475566864
1.08958637714386
0.866393506526947
1.24186432361603
1.7095912694931
1.62800574302673
0.796034455299377
-0.0242659877985716
-0.469206720590591
-0.530451357364655
-0.524782598018646
-0.924929141998291
-1.09721446037292
-0.988285720348358
-0.527450263500214
-0.508999049663544
-0.381507933139801
0.279956549406052
0.817486763000488
0.55828070640564
-0.406183630228043
-0.972279846668243
-0.692399561405182
0.416673272848129
1.47761738300323
2.30803251266479
2.781094789505
3.11099338531494
2.87990880012512
1.93056106567383
0.73945814371109
-0.0876225233078003
-0.161427333950996
0.287959456443787
1.0105574131012
1.29121577739716
1.06446611881256
0.434902161359787
-0.0986265540122986
-0.583693087100983
-0.927485644817352
-0.802106440067291
-0.253127574920654
0.150909274816513
0.024307357147336
-0.479210376739502
-0.846900582313538
-0.642270088195801
-0.000146042322739959
0.413561016321182
0.302631497383118
-0.0554996468126774
-0.42585751414299
-0.932042896747589
-1.410440325737
-1.65375161170959
-1.49691641330719
-1.2758355140686
-0.946159183979034
-0.668501913547516
-0.678283274173737
-0.953606367111206
-1.18180108070374
-0.97772628068924
-0.647383093833923
-0.279581725597382
-0.140753090381622
-0.135084345936775
-0.165428802371025
-0.0185972433537245
0.259059995412827
0.386884599924088
0.367544174194336
0.320193499326706
0.50292706489563
0.818042516708374
1.18862271308899
1.36568748950958
1.3485701084137
1.25064539909363
1.13615894317627
1.09670007228851
0.969431281089783
0.741236567497253
0.34531381726265
-0.229341089725494
-0.739972531795502
-1.08876693248749
-1.36620187759399
-1.52703857421875
-1.46423780918121
-1.33774697780609
-1.21759188175201
-1.22459447383881
-1.25271582603455
-1.34463846683502
-1.24838101863861
-0.779987215995789
0.0721026360988617
0.933973848819733
1.77928340435028
2.59380388259888
3.1048800945282
3.28972554206848
2.98805952072144
2.6328182220459
2.35860681533813
2.08595132827759
1.75727534294128
1.44816219806671
1.47906231880188
1.92800450325012
2.25190091133118
1.77839422225952
0.674323201179504
-0.291919559240341
-0.571799874305725
-0.589695274829865
-0.629709959030151
-0.950382947921753
-1.29584276676178
-1.26105225086212
-0.916481614112854
-0.532674431800842
-0.552681744098663
-0.0773965567350388
0.459133267402649
0.746349573135376
0.0669896528124809
-0.771761953830719
-0.900586903095245
-0.138418897986412
1.09514403343201
2.06360983848572
2.82022023200989
3.11555051803589
3.06319808959961
2.18231987953186
1.20618462562561
0.400000512599945
0.178697228431702
0.368989139795303
0.591737389564514
0.795478701591492
0.565950155258179
0.234161987900734
-0.196884766221046
-0.44797670841217
-0.839564561843872
-1.06275737285614
-0.909479081630707
-0.580803155899048
-0.419966459274292
-0.492326289415359
-0.663166642189026
-0.737749516963959
-0.355276107788086
0.236607328057289
0.575064599514008
0.536272644996643
0.154688447713852
-0.429192066192627
-1.04497313499451
-1.34952914714813
-1.2970654964447
-1.18091177940369
-1.23826611042023
-1.15345728397369
-1.08365392684937
-1.21147859096527
-1.60406672954559
-1.7073267698288
-1.3198516368866
-0.512222468852997
0.0372009687125683
0.0364229045808315
-0.18443575501442
-0.189659893512726
0.109116196632385
0.348426073789597
0.562504470348358
0.567283987998962
0.605853676795959
0.70400071144104
0.941643297672272
1.14027166366577
1.12348771095276
1.04256916046143
1.05657434463501
1.19440257549286
1.12248730659485
0.691996335983276
0.158801063895226
-0.301589787006378
-0.618261277675629
-0.881246507167816
-1.18669176101685
-1.48735737800598
-1.76468110084534
-1.93796682357788
-1.80347311496735
-1.52292597293854
-1.31351590156555
-1.25171554088593
-1.26271951198578
-1.09521377086639
-0.56935453414917
0.221268385648727
1.11648511886597
2.08661818504333
2.9014720916748
3.37831354141235
3.31340074539185
2.96782970428467
2.5611252784729
2.08228325843811
1.54908800125122
0.954203486442566
0.861725151538849
1.54797649383545
2.38783955574036
2.37372326850891
1.23875212669373
-0.0729504823684692
-0.712073445320129
-0.627375781536102
-0.487769067287445
-0.750865399837494
-1.36509037017822
-1.64508175849915
-1.57839071750641
-1.29917728900909
-1.02029740810394
-0.467984050512314
0.293739378452301
0.644423365592957
0.348648369312286
-0.49743926525116
-1.05742216110229
-0.84078723192215
0.20837476849556
1.35334968566895
2.26801800727844
2.78754162788391
2.88124251365662
2.47676110267639
1.5196328163147
0.670766353607178
0.139349490404129
0.0702130571007729
0.218600735068321
0.400445103645325
0.582734107971191
0.346647620201111
-0.125858753919601
-0.538565456867218
-0.738416433334351
-0.825559437274933
-0.748642385005951
-0.465205252170563
-0.33160075545311
-0.444975614547729
-0.641047418117523
-0.614704430103302
-0.535897791385651
-0.210000678896904
0.264617592096329
0.589069724082947
0.430456101894379
-0.0848437249660492
-0.681173205375671
-1.29228591918945
-1.71043908596039
-1.82648158073425
-1.68042802810669
-1.56405210494995
-1.41788744926453
-1.53048431873322
-1.80880844593048
-1.97020089626312
-1.60106563568115
-1.00551426410675
-0.763647854328156
-0.805107533931732
-0.930931389331818
-0.90492182970047
-0.778319895267487
-0.542011141777039
-0.197329372167587
0.0418693460524082
0.131346553564072
0.168915867805481
0.491478443145752
0.951091229915619
1.16805958747864
1.09770047664642
0.830936133861542
0.523712456226349
0.536606073379517
0.880287528038025
1.10670375823975
0.957093417644501
0.380104333162308
-0.30759197473526
-0.898697316646576
-1.42644619941711
-1.84170937538147
-1.9736465215683
-1.90628862380981
-1.81158721446991
-1.84971225261688
-1.96319830417633
-1.99376511573792
-1.86516237258911
-1.46712779998779
-0.709294617176056
0.228715553879738
1.19606983661652
2.05371737480164
2.67161011695862
2.82455515861511
2.61692357063293
2.25679159164429
1.98513662815094
1.69491922855377
1.32144904136658
1.26076018810272
1.86309194564819
2.720294713974
2.80376982688904
1.70303332805634
0.190812781453133
-0.712962627410889
-0.781765639781952
-0.598587453365326
-0.713851869106293
-1.40921759605408
-2.09558010101318
-2.17761015892029
-1.70299184322357
-1.21859228610992
-1.0165182352066
-0.520447731018066
0.0341998711228371
0.3149693608284
-0.153424397110939
-0.966611087322235
-1.3780951499939
-0.832784295082092
0.450352281332016
1.60399699211121
2.45730948448181
2.79565572738647
2.73163223266602
1.85497784614563
0.773025989532471
0.138237968087196
0.105892792344093
0.32686260342598
0.225381001830101
0.109671957790852
-0.11118670552969
-0.39573535323143
-0.753644227981567
-0.962943077087402
-1.03585863113403
-1.14145290851593
-1.12255716323853
-1.10421705245972
-1.07476186752319
-1.04864120483398
-0.981505453586578
-1.02841150760651
-0.937933921813965
-0.41907724738121
0.276510834693909
0.635642349720001
0.470581918954849
-0.0480524748563766
-0.754644572734833
-1.40932881832123
-1.72889029979706
-1.58683824539185
-1.54093253612518
-1.55315923690796
-1.68798637390137
-1.85927140712738
-2.07045984268188
-2.01043772697449
-1.44267439842224
-0.853236258029938
-0.547902226448059
-0.792658507823944
-1.00718152523041
-0.954050958156586
-0.706404685974121
-0.371837735176086
-0.124747231602669
0.104781277477741
0.115229547023773
0.184254825115204
0.412671804428101
0.780028581619263
0.992106258869171
0.841940104961395
0.819820940494537
1.10670375823975
1.33523190021515
1.12982332706451
0.547943592071533
-0.0702828392386436
-0.565908789634705
-0.968722999095917
-1.27272319793701
-1.50269627571106
-1.84737813472748
-2.13337182998657
-2.2896511554718
-2.31543850898743
-2.1045835018158
-1.8972852230072
-1.65597462654114
-1.41733169555664
-0.901476144790649
-0.167651832103729
0.645423710346222
1.50573873519897
2.29858469963074
2.71562623977661
2.66794228553772
2.38472747802734
1.99480676651001
1.52674651145935
0.954981505870819
0.416784435510635
0.718561589717865
2.12830018997192
3.35319328308105
3.10965943336487
1.57454180717468
-0.0144846271723509
-0.826559841632843
-0.875021994113922
-0.666167736053467
-0.736749172210693
-1.49302613735199
-1.9366329908371
-1.98431718349457
-1.67442584037781
-1.45101070404053
-1.03708136081696
-0.245791554450989
0.219601109623909
0.274621248245239
-0.535342037677765
-1.18202328681946
-1.10366129875183
0.0168601851910353
1.24030828475952
2.27846622467041
2.83333611488342
2.86545896530151
2.2176661491394
1.0972558259964
0.431123018264771
0.249389797449112
0.448907315731049
0.45001882314682
0.3315309882164
0.148908540606499
-0.168541043996811
-0.611258745193481
-0.944936513900757
-1.05242025852203
-1.0613124370575
-0.958719313144684
-0.905144155025482
-1.06720352172852
-1.31073713302612
-1.3591992855072
-1.03819286823273
-0.644715428352356
-0.158203929662704
0.210597798228264
0.386328816413879
0.329530239105225
-0.0296012740582228
-0.627042293548584
-1.27750277519226
-1.57761263847351
-1.48424518108368
-1.28917372226715
-1.32429766654968
-1.44734275341034
-1.63563394546509
-1.83526253700256
-1.89117193222046
-1.59750878810883
-1.05853366851807
-0.718075633049011
-0.792213916778564
-1.15501344203949
-1.38987720012665
-1.37175953388214
-0.984951138496399
-0.451311260461807
-0.0441621616482735
0.0389793962240219
-0.00792666990309954
0.164580956101418
0.483697831630707
0.74479341506958
0.663319170475006
0.696775853633881
1.36479830741882
2.15675497055054
2.26112651824951
1.67946910858154
0.910854279994965
0.242498382925987
-0.177655503153801
-0.550347566604614
-0.910701751708984
-1.39888048171997
-1.91695916652679
-2.36401176452637
-2.66189861297607
-2.6582305431366
-2.39302229881287
-2.05223083496094
-1.79602599143982
-1.41521978378296
-0.861016869544983
-0.174432098865509
0.493479192256927
1.27365374565125
1.97768938541412
2.37227845191956
2.42574238777161
2.21110820770264
1.81540775299072
1.63978791236877
1.68780541419983
1.89399206638336
2.48276329040527
2.87735223770142
2.79120945930481
1.88554453849792
0.614634692668915
-0.467428296804428
-0.962165057659149
-1.10232746601105
-1.22970747947693
-1.75634479522705
-2.31332659721375
-2.16260457038879
-1.87283182144165
-1.46334862709045
-1.47579753398895
-1.06731462478638
-0.369058936834335
0.0630993396043777
-0.176655128598213
-1.06998229026794
-1.31585013866425
-0.612703740596771
0.904963195323944
2.03115344047546
2.66227340698242
2.57824277877808
2.16931509971619
1.44916248321533
0.798368632793427
0.472693800926208
0.316080868244171
0.304965704679489
0.217489212751389
0.266173720359802
0.338200092315674
0.385328471660614
0.181031420826912
-0.409518182277679
-1.11844444274902
-1.42044401168823
-1.20558750629425
-1.01485097408295
-1.1717973947525
-1.51103270053864
-1.7870227098465
-1.63218820095062
-1.09521377086639
-0.112075924873352
0.542941749095917
0.602741420269012
0.044092383235693
-0.50722062587738
-0.897474646568298
-1.27761387825012
-1.48179984092712
-1.40921759605408
-1.22025954723358
-1.28294920921326
-1.56683087348938
-1.94141256809235
-2.18828082084656
-2.21317863464355
-1.85260224342346
-1.38331925868988
-1.09021186828613
-1.05230915546417
-1.2362654209137
-1.42900264263153
-1.34252655506134
-0.892139375209808
-0.252238363027573
0.214488118886948
0.325417637825012
0.297518521547318
0.319081991910934
0.411560297012329
0.400667428970337
0.558169543743134
1.37469077110291
2.39172983169556
2.62648248672485
1.86820483207703
0.82393354177475
0.0649889260530472
-0.249681875109673
-0.453534305095673
-0.764648258686066
-1.30006659030914
-1.95675146579742
-2.52618217468262
-2.87130856513977
-2.85908198356628
-2.61099100112915
-2.29854345321655
-2.00410223007202
-1.58194756507874
-0.987729966640472
-0.296810239553452
0.273620873689651
0.752907514572144
1.27676606178284
1.95523679256439
2.59413743019104
2.84900856018066
2.51988792419434
2.10784816741943
2.03815603256226
2.16864824295044
2.61603426933289
2.95649242401123
2.9733874797821
2.2270028591156
1.12448811531067
7.62613126426004E-5
-0.709516942501068
-1.10488390922546
-1.23926651477814
-1.5641633272171
-2.10024857521057
-2.20250821113586
-2.02221989631653
-1.81614446640015
-1.80080544948578
-1.72022044658661
-1.1094411611557
-0.24345737695694
0.268619060516357
-0.0960700586438179
-0.881246507167816
-0.916037023067474
0.128456607460976
1.45627617835999
2.23211598396301
2.34449052810669
1.87287330627441
1.26376128196716
0.410115331411362
0.22749288380146
0.683215320110321
1.14371728897095
1.1461626291275
0.572952747344971
0.0706576630473137
-0.292808771133423
-0.313260704278946
-0.755978405475616
-1.13811838626862
-1.38665378093719
-1.31529438495636
-1.12389087677002
-1.20091915130615
-1.30362343788147
-1.16724014282227
-0.633044481277466
-0.252682983875275
-0.00448096310719848
0.139682948589325
0.434791028499603
0.442015886306763
-0.0197087619453669
-0.664611637592316
-1.25182664394379
-1.40377116203308
-1.31796205043793
-1.27917003631592
-1.54171061515808
-1.91395807266235
-2.27664637565613
-2.47794246673584
-2.48061013221741
-2.07835149765015
-1.34730613231659
-0.940268099308014
-1.12266826629639
-1.46468245983124
-1.63607847690582
-1.43078112602234
-0.820446491241455
-0.147533357143402
0.26761868596077
0.156244561076164
0.096333734691143
0.322527676820755
0.670099437236786
0.643311858177185
0.335754752159119
0.10433666408062
1.050905585289
2.58735704421997
3.04652523994446
2.39706516265869
1.0421245098114
-0.034491952508688
-0.607034981250763
-0.819668412208557
-0.887248694896698
-1.23893308639526
-1.9358549118042
-2.63055372238159
-3.02091908454895
-3.08772134780884
-2.63233232498169
-2.24896955490112
-1.9477481842041
-1.5137003660202
-0.896918892860413
-0.192994445562363
0.31963774561882
0.791477203369141
1.21696639060974
1.8858779668808
2.56601595878601
3.22225642204285
3.4309995174408
3.12899994850159
2.51410818099976
1.89188015460968
1.85664510726929
2.11585116386414
2.36227464675903
2.07061243057251
1.29621756076813
0.142684042453766
-0.876133501529694
-1.3198516368866
-1.4032154083252
-1.57472264766693
-1.92518436908722
-1.99643266201019
-1.91406917572021
-1.81347680091858
-1.74778604507446
-1.41155183315277
-0.448532491922379
0.310634434223175
0.562615633010864
-0.144087642431259
-0.758201420307159
-0.558906257152557
0.530159294605255
1.57054030895233
2.11129379272461
2.08228325843811
1.65023612976074
0.907297432422638
0.0294203422963619
0.23682963848114
0.99299544095993
1.61722409725189
1.50840640068054
0.862725496292114
0.178252622485161
-0.332156509160995
-0.731080412864685
-0.929930984973907
-0.800216853618622
-0.663944721221924
-0.530562520027161
-0.736415684223175
-1.03897094726563
-1.20547640323639
-1.11888909339905
-0.811443150043488
-0.570021390914917
-0.281915903091431
0.0721026360988617
0.264728754758835
-0.108519062399864
-0.777319550514221
-1.31796205043793
-1.60251069068909
-1.52948391437531
-1.3765389919281
-1.21692502498627
-1.51192188262939
-1.9604195356369
-2.3709032535553
-2.44148468971252
-2.04811835289001
-1.31662821769714
-0.58147007226944
-0.47809886932373
-0.76453709602356
-1.17035233974457
-1.1583479642868
-0.817334234714508
-0.241678938269615
0.291071712970734
0.452575325965881
0.302742660045624
0.172806188464165
0.236718475818634
0.243276447057724
0.0796609669923782
0.492812275886536
1.72626399993896
2.76219892501831
2.77675986289978
1.9244476556778
0.78703111410141
-0.0742843076586723
-0.462982207536697
-0.580136239528656
-0.675726771354675
-1.09276843070984
-1.76290273666382
-2.50695300102234
-3.02892184257507
-3.00457978248596
-2.56586337089539
-1.9524165391922
-1.41466403007507
-1.0346360206604
-0.793992340564728
-0.593029856681824
-0.292697638273239
0.156911477446556
0.82926881313324
1.56898415088654
2.15486550331116
2.42518663406372
2.44274854660034
2.8171079158783
2.98261308670044
2.8753514289856
2.83044624328613
2.94237613677979
2.89169073104858
2.30680990219116
1.49073326587677
0.610855519771576
-0.119745396077633
-0.6091468334198
-0.794770419597626
-1.09799253940582
-1.4593471288681
-1.85182416439056
-2.0311119556427
-1.99998950958252
-1.82848227024078
-1.48735737800598
-1.1417863368988
-0.422634094953537
0.225492149591446
0.315302819013596
-0.292919933795929
-0.6257084608078
-0.0927355065941811
0.937530696392059
1.60255205631256
1.60677576065063
1.23964130878448
0.868394255638123
0.55150043964386
0.930639266967773
1.78139531612396
2.16831469535828
1.86086881160736
1.00744521617889
0.395109832286835
0.0682123228907585
-0.167762979865074
-0.419855296611786
-0.444086402654648
-0.37194886803627
-0.317262172698975
-0.399847984313965
-0.50911021232605
-0.547124147415161
-0.63437831401825
-0.596697866916656
-0.702625513076782
-0.672058761119843
-0.234231770038605
0.261838793754578
0.26228341460228
-0.358944118022919
-0.998289346694946
-1.33107793331146
-1.31651699542999
-1.28995180130005
-1.50625312328339
-1.87972331047058
-2.18205618858337
-2.2179582118988
-2.19872903823853
-1.97898185253143
-1.65497434139252
-1.04052710533142
-0.713963031768799
-0.714852213859558
-0.912369012832642
-0.979727029800415
-0.731636166572571
-0.396513432264328
0.0801055729389191
0.405002325773239
0.515487253665924
0.536383807659149
0.59573882818222
0.680436551570892
0.542274832725525
0.524490535259247
1.2698746919632
2.53433775901794
3.18991112709045
2.6990647315979
1.528191447258
0.396221339702606
-0.157203555107117
-0.44942170381546
-0.684396624565125
-1.06787037849426
-1.60351097583771
-2.18127822875977
-2.79772615432739
-3.06315660476685
-2.85330200195313
-2.34289288520813
-1.86694085597992
-1.5238151550293
-1.21781420707703
-0.920149624347687
-0.530673682689667
-0.134306281805038
0.458466351032257
1.04012382030487
1.76261067390442
2.62525987625122
3.31773567199707
3.75889730453491
3.53025794029236
2.93003821372986
2.33915519714355
2.15597701072693
2.28813648223877
2.47865056991577
2.21633243560791
1.434490442276
0.334198623895645
-0.744752049446106
-1.17513191699982
-1.15345728397369
-1.04263889789581
-1.38243007659912
-1.92818546295166
-2.14359760284424
-2.17505359649658
-1.68009459972382
-1.18346834182739
-0.450977832078934
0.199371472001076
0.599629163742065
0.275955080986023
-0.357721447944641
-0.371837735176086
0.291738629341125
1.15216481685638
1.34601366519928
1.21963405609131
0.697665095329285
0.100001744925976
-0.218892827630043
1.05312860012054
2.59269237518311
3.04785919189453
2.17854070663452
0.977656483650208
0.365543454885483
-0.153090938925743
-0.402404487133026
-0.306591600179672
0.132235780358315
0.226937130093575
-0.163316905498505
-0.753533065319061
-1.01585137844086
-0.859571874141693
-0.579691648483276
-0.370170444250107
-0.402404487133026
-0.33649143576622
-0.063280276954174
0.00830149557441473
-0.465983301401138
-1.21470201015472
-1.42122209072113
-1.17757725715637
-0.955495893955231
-1.20047450065613
-1.66809022426605
-2.07234930992126
-2.13837361335754
-2.11703252792358
-2.04256081581116
-1.78913450241089
-1.32118535041809
-0.733859181404114
-0.617038607597351
-0.820891082286835
-1.02752232551575
-0.732969999313354
-0.298810988664627
0.201149895787239
0.412227213382721
0.48058557510376
0.505372405052185
0.509151577949524
0.653537809848785
0.732233285903931
0.92541515827179
1.62744998931885
2.41996240615845
2.68505954742432
2.25012254714966
1.42537605762482
0.587180137634277
-0.00692630326375365
-0.464871793985367
-0.725856244564056
-0.98406195640564
-1.47813177108765
-2.13103747367859
-2.80995297431946
-3.16130375862122
-3.08271932601929
-2.56864237785339
-1.91217958927155
-1.40621650218964
-1.15034508705139
-1.08865582942963
-0.967500329017639
-0.690287709236145
-0.0856217890977859
0.877175271511078
1.74204754829407
2.47742795944214
3.10865926742554
3.70187640190125
3.78335070610046
3.18490934371948
2.53567147254944
2.39017391204834
2.63048410415649
2.70384430885315
2.46953630447388
1.79384434223175
0.903407096862793
-0.143865346908569
-0.853569686412811
-1.05853366851807
-1.02240931987762
-1.1322273015976
-1.55138087272644
-1.87060880661011
-2.24230051040649
-2.30776906013489
-1.71221745014191
-0.738527595996857
0.259282290935516
0.822822034358978
0.894181489944458
0.347870290279388
-0.311371147632599
-0.317484498023987
0.3315309882164
0.928305089473724
1.07169091701508
0.888846218585968
0.399222433567047
0.493034571409225
1.48873257637024
2.43719100952148
2.34660220146179
1.62422668933868
0.789476454257965
0.391108363866806
0.130346193909645
-0.0709497481584549
-0.129193305969238
-0.0978484898805618
0.049872275441885
-0.051498182117939
-0.246569618582726
-0.255017161369324
-0.2180036008358
-0.129749059677124
-0.0368261411786079
-0.192216381430626
-0.292697638273239
0.00907955877482891
0.235162362456322
-0.0829541459679604
-0.887359857559204
-1.21003353595734
-1.04508423805237
-1.22059297561646
-1.6325216293335
-1.96642172336578
-2.25819516181946
-2.50428533554077
-2.4180314540863
-2.10558390617371
-1.88383591175079
-1.68153965473175
-1.10999691486359
-0.445975989103317
-0.395179599523544
-0.616260588169098
-0.621151268482208
-0.330822706222534
0.0181940086185932
0.361097365617752
0.429122269153595
0.559614539146423
0.721562743186951
0.768802225589752
0.642533779144287
0.616968870162964
1.09003102779388
1.98202431201935
2.54078459739685
2.49287819862366
1.94545543193817
1.0736917257309
0.277066588401794
-0.130527123808861
-0.287584632635117
-0.502996861934662
-1.12555825710297
-1.85193538665771
-2.53262901306152
-3.00280117988586
-3.14118528366089
-2.85119009017944
-2.24830269813538
-1.67298090457916
-1.25349390506744
-1.0835428237915
-0.938934326171875
-0.587583422660828
0.163914039731026
1.15816700458527
2.01003456115723
2.70106554031372
3.21869945526123
3.56671571731567
3.59561538696289
3.14233827590942
2.50643873214722
2.00169825553894
1.87098371982574
1.994584441185
2.17053771018982
1.90388464927673
1.26709580421448
0.406113862991333
-0.358054906129837
-0.652496039867401
-0.671391844749451
-0.697734832763672
-1.05386531352997
-1.38187432289124
-1.68487417697906
-1.90095329284668
-1.59639728069305
-1.0095157623291
-0.0472744144499302
0.802592396736145
1.31755876541138
0.909742772579193
0.243276447057724
-0.252238363027573
-0.100182682275772
0.456021010875702
0.786475360393524
0.979657232761383
0.939420282840729
1.29077112674713
1.80529296398163
2.37194490432739
1.96190583705902
1.29510605335236
0.661318421363831
0.345091491937637
0.279956549406052
0.02141741104424
-0.0539435222744942
-0.121968433260918
0.12323247641325
0.110450014472008
-0.00436981162056327
-0.16809643805027
-0.0119281355291605
0.213598906993866
0.172583878040314
-0.159537747502327
-0.539565801620483
-0.277803272008896
0.263061463832855
0.489033102989197
-0.00270253419876099
-0.606590390205383
-0.752199232578278
-0.960831224918365
-1.31251561641693
-1.83392870426178
-2.12848114967346
-2.24741339683533
-2.15293455123901
-1.90451014041901
-1.7657927274704
-1.66042077541351
-1.32029616832733
-0.527450263500214
-0.0153738418594003
-0.0759515836834908
-0.272023379802704
-0.318929463624954
-0.0603903271257877
0.204373300075531
0.489922314882278
0.931528508663177
1.09114253520966
0.958538413047791
0.748794913291931
0.768024146556854
1.09825623035431
1.80495953559875
2.23367214202881
2.23445010185242
1.74893891811371
1.10536992549896
0.490922689437866
0.0825509130954742
-0.163761526346207
-0.30270129442215
-0.641047418117523
-1.2851722240448
-1.92629587650299
-2.43381500244141
-2.54263281822205
-2.36890244483948
-1.92674052715302
-1.54982471466064
-1.2103670835495
-0.942268848419189
-0.739639103412628
-0.432193160057068
0.107004307210445
0.925192832946777
1.75938725471497
2.38995146751404
3.0645318031311
3.67820119857788
3.9382963180542
3.5656042098999
2.74585962295532
2.08550667762756
1.90777492523193
2.03226494789124
2.19354629516602
2.11284995079041
1.65434873104095
0.937308371067047
0.148019328713417
-0.326154321432114
-0.315261453390121
-0.24834805727005
-0.587472259998322
-1.2812819480896
-1.68820869922638
-1.772017121315
-1.44100701808929
-0.791547000408173
-0.390955835580826
0.243609890341759
0.749350666999817
0.879620611667633
0.341868102550507
-0.254461407661438
-0.183768853545189
0.505928158760071
1.01544809341431
1.00877904891968
0.843718588352203
0.980657577514648
1.58265590667725
2.21977806091309
2.48154067993164
2.12429857254028
1.52596843242645
0.760243535041809
0.214376971125603
-0.109185978770256
0.0174159444868565
0.397110551595688
0.687105655670166
0.565394401550293
0.140461012721062
-0.0807311087846756
-0.00436981162056327
0.19203545153141
-0.0281563010066748
-0.351830393075943
-0.676949441432953
-0.553793251514435
-0.0583895966410637
0.292961299419403
7.62613126426004E-5
-0.762314081192017
-1.07809638977051
-0.981060862541199
-1.02140891551971
-1.44156277179718
-1.86871922016144
-2.17416453361511
-2.3455605506897
-2.15537977218628
-1.75556671619415
-1.49058079719543
-1.34252655506134
-0.878356575965881
-0.322819769382477
-0.117300055921078
-0.249014958739281
-0.299144446849823
-0.152757495641708
-0.0312685519456863
0.242276072502136
0.594627320766449
0.858057141304016
0.990772426128387
1.03245437145233
1.09903430938721
1.21718871593475
1.60044014453888
1.82074308395386
1.87531864643097
1.48639833927155
1.03656697273254
0.649314045906067
0.387551486492157
0.165803626179695
-0.109185978770256
-0.397736102342606
-0.962387323379517
-1.58116948604584
-2.22151517868042
-2.49628233909607
-2.36823558807373
-1.98053801059723
-1.54382252693176
-1.32274150848389
-1.08220899105072
-0.885914862155914
-0.490325570106506
0.0206393469125032
0.636642754077911
1.32778477668762
1.79328858852386
2.29336047172546
2.72796416282654
3.18246388435364
3.38320422172546
2.9811680316925
2.1728720664978
1.55153334140778
1.39080786705017
1.60699808597565
1.92922723293304
1.74049139022827
1.10825991630554
0.248278275132179
-0.259685546159744
-0.299700200557709
-0.0504978150129318
0.136681839823723
-0.242123544216156
-0.624708116054535
-0.779764890670776
-1.30184495449066
-1.23882186412811
-0.841898739337921
0.051317248493433
0.83604907989502
1.10959374904633
0.399222433567047
-0.594585955142975
-1.06953763961792
-0.521003484725952
0.416117519140244
0.764356136322021
0.843940854072571
0.674323201179504
1.06557762622833
1.57454180717468
2.15497660636902
2.0867292881012
1.57487523555756
0.816819846630096
0.129568129777908
-0.0499420575797558
-0.0414945185184479
0.298074275255203
0.530826210975647
0.71178138256073
0.425787717103958
0.13979409635067
0.052762221544981
0.14657436311245
0.145907446742058
-0.187548011541367
-0.487769067287445
-0.713184952735901
-0.431526243686676
-0.0680598020553589
-0.0233767721801996
-0.560017764568329
-1.08020830154419
-1.04352819919586
-0.883914172649384
-1.10277211666107
-1.71888661384583
-2.23952174186707
-2.52929449081421
-2.45715689659119
-2.00465798377991
-1.50869846343994
-1.21547996997833
-0.967722594738007
-0.546790659427643
-0.259685546159744
-0.322930932044983
-0.452422797679901
-0.367502808570862
-0.256573289632797
-0.0313797034323215
0.276288539171219
0.642422616481781
0.884400129318237
0.840717434883118
0.708669126033783
0.664541840553284
0.9200798869133
1.30388712882996
1.59777247905731
1.54586458206177
1.1736171245575
0.73556786775589
0.391552954912186
0.27417665719986
0.111894987523556
-0.0168188158422709
-0.372060030698776
-0.964610397815704
-1.48657929897308
-1.99243128299713
-2.08980011940002
-1.82259130477905
-1.32674300670624
-1.04841887950897
-0.812776982784271
-0.719409465789795
-0.413853108882904
-0.0313797034323215
0.262505710124969
0.646757543087006
1.04679298400879
1.56976222991943
1.97113144397736
2.49132204055786
2.98016762733459
3.15689897537231
2.51466393470764
1.6630185842514
1.21618831157684
1.24386513233185
1.65457105636597
1.9096645116806
1.70725703239441
1.16005659103394
0.699221193790436
0.55105584859848
0.660540342330933
0.451463788747787
-0.117633514106274
-0.893473207950592
-1.48324477672577
-1.57461154460907
-1.1710193157196
-0.451200127601624
-0.185213819146156
0.077326774597168
0.339200466871262
0.213487759232521
-0.274468719959259
-0.610369503498077
-0.143754199147224
0.553612291812897
0.923192083835602
0.698332011699677
0.455465257167816
0.657428085803986
1.33423149585724
2.12585473060608
2.50821709632874
2.27468705177307
1.52396774291992
0.567617475986481
-0.0995157659053802
-0.272690296173096
0.15891221165657
0.706112623214722
1.00344371795654
0.646090626716614
0.0803278759121895
-0.180767744779587
-0.0511647276580334
-0.02359907515347
-0.205554604530334
-0.47343048453331
-0.542566895484924
-0.434193879365921
-0.225673079490662
-0.156314343214035
-0.477543115615845
-0.99917858839035
-1.12589168548584
-0.87435507774353
-0.744640946388245
-1.06575846672058
-1.64374792575836
-2.16149306297302
-2.4449303150177
-2.20439767837524
-1.57083237171173
-1.0975478887558
-0.926596462726593
-0.734526097774506
-0.489769816398621
-0.359499871730804
-0.40762859582901
-0.285472750663757
-0.27191224694252
-0.174543246626854
0.324083805084229
0.839383661746979
1.16083467006683
1.02044999599457
0.792588710784912
0.618636131286621
0.82537853717804
1.17795205116272
1.54441964626312
1.53786170482635
1.13426947593689
0.631863176822662
0.230160519480705
0.218934193253517
0.245832934975624
0.0941106975078583
-0.370503902435303
-0.967722594738007
-1.50969886779785
-1.926518201828
-1.97164583206177
-1.77368450164795
-1.44445276260376
-1.24248993396759
-1.11611032485962
-0.84667831659317
-0.449977457523346
-0.0247105937451124
0.245388329029083
0.432901442050934
0.824044704437256
1.26876306533813
1.62622737884521
2.01570343971252
2.53222584724426
2.9708309173584
2.86979389190674
2.16664743423462
1.46439027786255
1.19551408290863
1.25375759601593
1.4849534034729
1.44316029548645
1.02889752388
0.743459641933441
0.732344448566437
0.938308775424957
0.703222692012787
0.0246408134698868
-0.819446086883545
-1.24315679073334
-1.03207957744598
-0.529228687286377
-0.050608966499567
-0.135195508599281
-0.399069905281067
-0.33649143576622
0.024751964956522
0.093777246773243
-0.238122090697289
-0.307147353887558
0.0829955190420151
0.527602791786194
0.35042679309845
0.0728807002305984
0.0349779315292835
0.572285830974579
1.32722902297974
2.00492167472839
2.21944451332092
1.84208416938782
1.18128669261932
0.256392359733582
-0.218448206782341
-0.266354650259018
0.274065494537354
0.817264437675476
0.901295185089111
0.388218402862549
-0.128637537360191
-0.0832876041531563
0.115007244050503
0.163135975599289
-0.156425505876541
-0.504664123058319
-0.630487978458405
-0.63737940788269
-0.541344225406647
-0.606923818588257
-0.808886647224426
-1.00340235233307
-0.981616616249084
-0.966833412647247
-1.15968179702759
-1.46657192707062
-1.84949004650116
-2.29076266288757
-2.44770908355713
-2.04656219482422
-1.38854336738586
-1.0227427482605
-0.768205106258392
-0.486768692731857
-0.17998968064785
-0.170541778206825
-0.261352807283401
-0.196662455797195
-0.277914434671402
-0.212779477238655
0.0124141136184335
0.391664117574692
0.605742514133453
0.547832429409027
0.467803120613098
0.401778936386108
0.493590325117111
0.74090313911438
1.15483248233795
1.14838564395905
0.767134964466095
0.303965330123901
0.0303095560520887
-0.0868444591760635
-0.239789366722107
-0.279581725597382
-0.30270129442215
-0.418410331010818
-0.674948751926422
-0.881691098213196
-0.805218636989594
-0.905032992362976
-1.15301275253296
-1.44311892986298
-1.23893308639526
-0.623485445976257
-0.0563888624310493
0.17036084830761
0.0538737401366234
0.0395351573824883
0.19436964392662
0.45190840959549
0.827268123626709
1.59377098083496
2.4759829044342
2.8872447013855
2.37994790077209
1.54075157642365
1.03012013435364
1.01600384712219
1.34612476825714
1.65379297733307
1.61911368370056
1.36457598209381
1.19618093967438
1.04401409626007
0.893959164619446
0.463245898485184
-0.132305547595024
-0.617149770259857
-0.840676069259644
-0.766982436180115
-0.793770015239716
-0.584137678146362
-0.726078569889069
-0.65138453245163
-0.436639219522476
-0.297032535076141
-0.351496934890747
-0.53878778219223
-0.188659518957138
0.20837476849556
0.36698842048645
0.0330883525311947
-0.0239325314760208
0.328418731689453
1.09303212165833
1.80073571205139
2.40128898620605
2.65982818603516
2.34426808357239
1.49340093135834
0.425231963396072
-0.0815091729164124
-0.00370290060527623
0.62630558013916
0.948312401771545
0.688217163085938
0.0448704436421394
-0.261908560991287
-0.193772509694099
-0.306480467319489
-0.489547491073608
-0.787767827510834
-0.914814352989197
-0.96705573797226
-0.979949295520782
-0.940601587295532
-1.05397641658783
-1.00829303264618
-0.751643478870392
-0.615815937519073
-0.777875304222107
-1.16868507862091
-1.39109992980957
-1.76079082489014
-2.12892556190491
-2.14093017578125
-1.53915417194366
-0.850679755210876
-0.570799469947815
-0.449199378490448
-0.318707168102264
-0.146755293011665
-0.128859847784042
-0.170541778206825
-0.369725853204727
-0.570688307285309
-0.455757349729538
-0.112853989005089
0.18947896361351
0.322861135005951
0.334198623895645
0.30963408946991
0.231049746274948
0.328752189874649
0.694997429847717
1.07335817813873
0.957760334014893
0.521267116069794
0.18225409090519
0.16102409362793
0.366432666778564
0.496369123458862
0.374991357326508
-0.0109277684241533
-0.453200846910477
-0.838453054428101
-1.13267195224762
-1.30529069900513
-1.44756507873535
-1.46368205547333
-1.28806221485138
-1.05519914627075
-0.728301584720612
-0.476653873920441
-0.299811333417892
-0.218114763498306
0.0428697131574154
0.40266814827919
0.845163524150848
1.38391637802124
1.92533695697784
2.39072966575623
2.29669523239136
1.74104714393616
1.4267098903656
1.43682467937469
1.71303689479828
1.8560893535614
1.61444532871246
0.961094856262207
0.27250936627388
0.551722764968872
1.63712024688721
1.95968282222748
0.81226259469986
-0.585804998874664
-1.28683948516846
-0.954829037189484
-0.687175452709198
-0.440529555082321
-0.583137333393097
-0.973280191421509
-0.956162810325623
-0.845122158527374
-0.54801332950592
-0.725967407226563
-0.437639594078064
-0.0725058764219284
0.394220620393753
0.255836606025696
-0.0593899600207806
-0.158870846033096
0.223936021327972
1.0641325712204
1.85253250598907
2.576908826828
2.62881684303284
2.10440254211426
0.923192083835602
0.0676565691828728
-0.193327903747559
0.27951192855835
0.831269562244415
0.829157650470734
0.251279383897781
-0.356387615203857
-0.421411424875259
-0.292808771133423
-0.288585007190704
-0.528228342533112
-0.847789824008942
-0.940045833587646
-0.828004777431488
-0.546457231044769
-0.45497927069664
-0.795881927013397
-0.987841129302979
-0.858015775680542
-0.678394436836243
-0.73252534866333
-0.869686722755432
-1.2331531047821
-1.85438072681427
-2.32466411590576
-2.069904088974
-1.37142598628998
-0.997622489929199
-0.711295366287231
-0.516779720783234
-0.463982582092285
-0.618705928325653
-0.774985373020172
-0.739416778087616
-0.824003338813782
-0.746419370174408
-0.401181817054749
0.0515395514667034
0.2606161236763
0.285625278949738
0.310078680515289
0.254391610622406
0.247833669185638
0.447573482990265
0.876952946186066
0.887401223182678
0.584957122802734
0.219267651438713
0.303187280893326
0.828157305717468
1.20262777805328
1.17039370536804
0.733233630657196
0.11834179610014
-0.433860450983047
-0.890805542469025
-1.22470557689667
-1.43189263343811
-1.56460785865784
-1.61184740066528
-1.43956208229065
-1.17135274410248
-0.845455646514893
-0.630154550075531
-0.570354878902435
-0.483656466007233
-0.156981259584427
0.242609530687332
0.691551744937897
1.28187906742096
1.82318842411041
2.1902117729187
2.11473965644836
2.03926753997803
1.93033874034882
1.94189858436584
1.80384802818298
1.46094465255737
1.24597704410553
1.55264484882355
2.17887425422668
2.26790690422058
1.60699808597565
0.364543080329895
-0.714407622814178
-1.22781789302826
-0.963387727737427
-0.530451357364655
-0.553015172481537
-1.1071070432663
-1.73856043815613
-1.9091784954071
-1.30073344707489
-0.426969021558762
-0.0147069301456213
0.0746591314673424
0.217378064990044
0.380548924207687
0.43790328502655
0.204151004552841
0.184143677353859
0.321860790252686
0.812373757362366
1.54575347900391
2.33715438842773
2.86079072952271
2.67794585227966
1.87843084335327
0.727453768253326
-0.00826012529432774
-0.0917351394891739
0.437458664178848
0.762577712535858
0.399444758892059
-0.251460313796997
-0.467205971479416
-0.216225177049637
-0.250793397426605
-0.641603171825409
-0.977837443351746
-1.21481311321259
-1.19213819503784
-0.982283532619476
-0.440084934234619
-0.0801753550767899
0.0549852587282658
0.212820842862129
0.498814463615417
0.646424114704132
0.048983059823513
-0.914592027664185
-1.8074746131897
-2.21440148353577
-2.24519038200378
-1.95130503177643
-1.50880968570709
-1.15901494026184
-1.09165692329407
-1.35630941390991
-1.52592706680298
-1.12033402919769
-0.4953273832798
-0.175988212227821
-0.425079435110092
-0.558906257152557
-0.260130137205124
0.296184718608856
0.784363508224487
1.05968654155731
1.09347665309906
0.970765113830566
0.891847312450409
0.931417346000671
0.902184426784515
0.616524219512939
0.299296945333481
0.585179448127747
1.27365374565125
1.54386389255524
1.1083710193634
0.381549298763275
-0.170764088630676
-0.559573173522949
-0.830005526542664
-1.05931174755096
-1.26249718666077
-1.58806097507477
-1.95463967323303
-2.09380173683167
-1.79280257225037
-1.22348296642303
-0.647827684879303
-0.271134167909622
0.0231958404183388
0.258059620857239
0.423675835132599
0.47358301281929
0.737346291542053
1.27632141113281
1.92455887794495
2.39939951896667
2.44941782951355
2.10873746871948
1.60744273662567
1.4313782453537
1.53219294548035
1.91088712215424
2.49654603004456
2.74508166313171
2.21488738059998
1.12948989868164
0.0734364613890648
-0.620484352111816
-0.752866148948669
-0.559350848197937
-0.414520025253296
-0.581803500652313
-1.32985520362854
-1.90717780590057
-2.00510263442993
-1.57550072669983
-0.775874555110931
-0.29614332318306
0.0894423201680183
0.316858947277069
0.631863176822662
0.604964435100555
0.446017354726791
0.102113634347916
0.0320879854261875
0.387551486492157
1.15750014781952
1.8985493183136
2.14597320556641
2.2137758731842
1.88365495204926
1.3990330696106
0.710447549819946
0.249167487025261
0.21326544880867
0.340423136949539
0.313302099704742
-0.00281368591822684
-0.221560463309288
-0.134306281805038
0.0244185086339712
-0.290363430976868
-0.897585809230804
-1.31051480770111
-1.21325695514679
-0.661499381065369
-0.271245330572128
-0.227673813700676
-0.495105087757111
-0.735859930515289
-0.549680650234222
-0.110519796609879
0.0181940086185932
-0.532340943813324
-1.34775066375732
-1.91684794425964
-2.16994071006775
-2.15226745605469
-1.92307245731354
-1.50114023685455
-1.21525776386261
-1.05175340175629
-1.0141841173172
-0.942268848419189
-0.670391499996185
-0.547457575798035
-0.643159329891205
-0.794881522655487
-0.606479227542877
-0.0833987519145012
0.37210139632225
0.642422616481781
0.56361597776413
0.394665211439133
0.144351318478584
0.290404796600342
0.410782217979431
0.264172971248627
-0.122746497392654
-0.0756181254982948
0.718895077705383
1.5486433506012
2.02826356887817
1.53886198997498
0.808594584465027
0.0839958861470222
-0.28358319401741
-0.498995393514633
-0.824225604534149
-1.21481311321259
-1.7854665517807
-2.12336802482605
-2.13014841079712
-1.58005797863007
-1.11310923099518
-0.860794544219971
-0.792436182498932
-0.682618200778961
-0.363167881965637
-0.165317639708519
0.0486496053636074
0.340756595134735
0.994329273700714
1.76661205291748
2.34337878227234
2.53567147254944
2.40973663330078
2.22400188446045
2.07316875457764
1.95790433883667
2.06472134590149
2.38706159591675
2.41240406036377
1.92678189277649
0.890291154384613
-0.148644864559174
-0.77431845664978
-0.749086976051331
-0.551903665065765
-0.513111710548401
-0.970279097557068
-1.78213202953339
-2.20306396484375
-2.28042554855347
-1.7901349067688
-0.97728168964386
-0.174765542149544
0.247389063239098
0.485365092754364
0.531493127346039
0.426788091659546
0.242164924740791
-0.0142623232677579
0.117230281233788
0.541496753692627
1.33612108230591
1.91755628585815
2.26779556274414
2.27424240112305
1.96446239948273
1.52719104290009
1.01767110824585
0.646535217761993
0.466913908720016
0.520489096641541
0.667098343372345
0.659317672252655
0.129679277539253
-0.514667809009552
-0.881024181842804
-1.20747709274292
-1.64252531528473
-1.8848363161087
-1.35886585712433
-0.552014827728271
-0.207333028316498
-0.361167162656784
-0.702292084693909
-0.71651953458786
-0.441307604312897
-0.119300790131092
-0.141308858990669
-0.433860450983047
-0.930709064006805
-1.63630080223083
-2.22095942497253
-2.31099224090576
-1.81714487075806
-1.10766279697418
-0.637712895870209
-0.540010452270508
-0.765426337718964
-1.01851904392242
-1.06898188591003
-0.941935420036316
-0.882469177246094
-0.859460771083832
-0.405961334705353
0.190145865082741
0.623971402645111
0.619636476039886
0.461134016513824
0.251946270465851
