% Type: Spectrum
% Date: 11-DEC-24 14:45:00
% NoOfItems: = 1601
% Unit_Y: = dB
% Unit_X: = Hz
% Min_X: = 0
% Max_X: = 1000
% MinDisplay_X: = 0
% MaxDisplay_X: = 1000
0
0
0
0
0.22563761472702
0.146525040268898
0.106416158378124
0.0794592052698135
0.0463332012295723
0.0444443039596081
0.0282430071383715
0.0168141853064299
0.0190497133880854
0.0216318722814322
0.0172462183982134
0.0187533162534237
0.0237066429108381
0.0246661622077227
0.0227521490305662
0.0208682771772146
0.0155582698062062
0.0110620958730578
0.00865576323121786
0.00729937572032213
0.00545569276437163
0.00525977043434978
0.00613891053944826
0.00794742722064257
0.00960523448884487
0.00941433571279049
0.0077715995721519
0.00561645021662116
0.00402897410094738
0.00823377631604671
0.00829908344894648
0.00665132375434041
0.0230786856263876
0.187035828828812
0.255578607320786
0.08303102850914
0.00860050320625305
0.00394859537482262
0.00634990399703383
0.0069879088550806
0.00622933637350798
0.00501863472163677
0.00338594568893313
0.00254197116009891
0.00294888741336763
0.00328547251410782
0.00225059897638857
0.00159249966964126
0.000678193871863186
0.000934400479309261
0.000818856293335557
0.000462176569271833
0.000934400479309261
0.00104492099490017
0.00139155331999063
0.00114037049934268
0.00170804385561496
0.00172813842073083
0.00666639441624284
0.00974087323993444
0.00407921057194471
0.0015523104229942
0.00194917945191264
0.00174320943187922
0.001215725322254
0.000939424091484398
0.00194415578152984
0.00200946326367557
0.00285343802534044
0.00722904456779361
0.0406514443457127
0.251439124345779
0.329225450754166
0.115524046123028
0.0170302018523216
0.00871604681015015
0.00529493577778339
0.00392850069329143
0.00292376917786896
0.001873824512586
0.00303428969345987
0.00221543340012431
0.00124084355775267
0.00215012580156326
0.00207979464903474
0.00134634040296078
0.00186880095861852
0.00176832778379321
0.0019943923689425
0.00438062986359
0.00340101681649685
0.00697786128148437
0.00865073967725039
0.00327542517334223
0.0064302827231586
0.00446603214368224
0.00117051240522414
0.00264244433492422
0.00338092213496566
0.00486290128901601
0.00435551162809134
0.00361703406088054
0.00436555920168757
0.00834429636597633
0.0174672603607178
0.0122275846078992
0.0115996273234487
0.0159501153975725
0.0623787641525269
0.192240327596664
0.143329992890358
0.0281626284122467
0.0200192779302597
0.00804287660866976
0.00350651354528964
0.00387826422229409
0.00214007846079767
0.00209486554376781
0.00327040161937475
0.00161259435117245
0.00160757068078965
0.00141667167190462
0.00225059897638857
0.00237116683274508
0.00114037049934268
0.00048729486297816
0.000371750706108287
0.000612886331509799
0.00132624583784491
0.00258216029033065
0.00234102481044829
0.00149202649481595
0.00130615115631372
0.000869092880748212
0.000944447761867195
0.00114037049934268
0.0015523104229942
0.00158245232887566
0.00176832778379321
0.00119563064072281
0.000939424091484398
0.00207477086223662
0.00251685292460024
0.00362205761484802
0.00627957284450531
0.00358689203858376
0.0654231011867523
0.119638420641422
0.0547377802431583
0.00967054255306721
0.00826894212514162
0.00348139530979097
0.00765605550259352
0.00592289306223392
0.00262737320736051
0.00983129907399416
0.0218629613518715
0.0119060706347227
0.00343115860596299
0.00168292550370097
0.00176832778379321
0.00200443970970809
0.00222548074088991
0.00171809119638056
0.00255201850086451
0.00265751522965729
0.00128103292081505
0.00202955794520676
0.00087411655113101
0.00170302018523216
0.00149705016519874
0.000899234844837338
0.00135638774372637
0.0016728782793507
0.00147193192970008
0.00151714484672993
0.00335078011266887
0.00347134796902537
0.00190899020526558
0.00177335145417601
0.00133126950822771
0.00202453439123929
0.00505882408469915
0.00484280660748482
0.0220086481422186
0.0318449698388577
0.0214861873537302
0.0153171345591545
0.00746013270691037
0.00198936881497502
0.00229078810662031
0.00198936881497502
0.00137145875487477
0.00162264169193804
0.00160757068078965
0.00171306752599776
0.0015422630822286
0.00140662433113903
0.00120567798148841
0.00113534682895988
0.00150709750596434
0.00100975530222058
0.00262234965339303
0.00222045695409179
0.00494830356910825
0.00844979379326105
0.00391845358535647
0.00156235776375979
0.00173316209111363
0.00194917945191264
0.0015472867526114
0.00200443970970809
0.00242140330374241
0.00221040961332619
0.00254197116009891
0.00233097746968269
0.0025620658416301
0.00235609570518136
0.00261230231262743
0.00439067743718624
0.00452129263430834
0.0100925294682384
0.0364818088710308
0.0944498032331467
0.0882556289434433
0.0195269603282213
0.00416461285203695
0.00272282282821834
0.00128103292081505
0.00188387185335159
0.00227069365791976
0.00309959729202092
0.00290869828313589
0.00270775193348527
0.00413447106257081
0.00216017314232886
0.001873824512586
0.00217022048309445
0.002190314931795
0.00198936881497502
0.00291874562390149
0.00325030693784356
0.00328547251410782
0.00377779104746878
0.00197932147420943
0.00210993643850088
0.00216519669629633
0.0027680357452482
0.00283836689777672
0.00224055163562298
0.00157742877490819
0.00104994454886764
0.00169799651484936
0.00242140330374241
0.00576213607564569
0.00599322421476245
0.0027579884044826
0.00464688381180167
0.00649559032171965
0.0241788681596518
0.0686030760407448
0.0551145561039448
0.0251936465501785
0.0117051238194108
0.00432034628465772
0.00267760991118848
0.00125089089851826
0.00325533072464168
0.0035416791215539
0.00273789372295141
0.00216519669629633
0.00353665556758642
0.00344120594672859
0.00272282282821834
0.00352660822682083
0.00554109504446387
0.00549085857346654
0.00410935236141086
0.00415958929806948
0.00410935236141086
0.00712354760617018
0.00528488866984844
0.00254197116009891
0.00383305130526423
0.00332566187717021
0.00414451817050576
0.0035416791215539
0.00183865893632174
0.00236614304594696
0.00299912411719561
0.00294888741336763
0.00304433703422546
0.00269268080592155
0.00230083544738591
0.00240633240900934
0.00445598503574729
0.00438565388321877
0.0355373583734035
0.0793637558817863
0.0973534733057022
0.0464688390493393
0.00784193072468042
0.0030845261644572
0.00294386385940015
0.00241637974977493
0.00275296485051513
0.00375267281197011
0.00277305953204632
0.00205969996750355
0.00352158444002271
0.00360698672011495
0.00191401387564838
0.00186880095861852
0.00209988909773529
0.00171306752599776
0.00119563064072281
0.00139155331999063
0.00241135596297681
0.00263239699415863
0.00169799651484936
0.000994684407487512
0.00260225497186184
0.00210993643850088
0.00155733409337699
0.00142169534228742
0.00174320943187922
0.00136643508449197
0.00141164800152183
0.00462678913027048
0.00488801952451468
0.00206472352147102
0.00136141141410917
0.00200946326367557
0.00420982576906681
0.00836941506713629
0.0293884016573429
0.0485034212470055
0.041309542953968
0.0109113855287433
0.012107016518712
0.00537029094994068
0.00528991222381592
0.003988784737885
0.0028986509423703
0.00281827244907618
0.00307447882369161
0.00351153709925711
0.00415456527844071
0.00227069365791976
0.00127098558004946
0.00209988909773529
0.00209988909773529
0.00178842234890908
0.0016578072682023
0.00233097746968269
0.00271779927425086
0.00387826422229409
0.00261732609942555
0.00265751522965729
0.00206472352147102
0.00200443970970809
0.00247666356153786
0.00176832778379321
0.00169799651484936
0.00159752334002405
0.00131117482669652
0.00199941592290998
0.00213003112003207
0.00312471552751958
0.00290869828313589
0.00274794106371701
0.00393352471292019
0.00866581033915281
0.0239728968590498
0.0280119199305773
0.0224557537585497
0.0182208083570004
0.00974087323993444
0.00494328001514077
0.00522962817922235
0.00246661622077227
0.00277305953204632
0.00360196293331683
0.00189894286449999
0.00249675824306905
0.00125089089851826
0.00138652976602316
0.00260727875865996
0.00252187647856772
0.00313978642225266
0.00260727875865996
0.00180349336005747
0.00238121417351067
0.00493825599551201
0.00593796418979764
0.00566166313365102
0.00732951750978827
0.0041947546415031
0.00202955794520676
0.00350651354528964
0.00359191582538188
0.00357182114385068
0.00430025160312653
0.00378783838823438
0.00417968397960067
0.0043605356477201
0.00346632418222725
0.00460167089477181
0.00894713588058949
0.00986646488308907
0.0149855725467205
0.04151551425457
0.0687537863850594
0.047066655009985
0.0275798849761486
0.0128756361082196
0.00662118149921298
0.00676686782389879
0.00413447106257081
0.00479257013648748
0.00401892652735114
0.00254197116009891
0.00258216029033065
0.00152216851711273
0.00209486554376781
0.00334073277190328
0.00215514935553074
0.00168292550370097
0.00211998377926648
0.00327040161937475
0.00140160066075623
0.00344622973352671
0.00407418701797724
0.00219533871859312
0.00185372994747013
0.00102984998375177
0.00176832778379321
0.00160254701040685
0.00148197927046567
0.00116548873484135
0.00260727875865996
0.00316490465775132
0.00262737320736051
0.00205969996750355
0.00104994454886764
0.00258216029033065
0.00287353247404099
0.00233097746968269
0.0101578375324607
0.0219634342938662
0.0385716482996941
0.0455042980611324
0.0187985301017761
0.00523465219885111
0.00373257813043892
0.00285343802534044
0.00205467618070543
0.00231590657494962
0.00225562253035605
0.00213505490683019
0.00255201850086451
0.00183865893632174
0.0013362931786105
0.00103989732451737
0.00100473163183779
0.00101477897260338
0.00158245232887566
0.00151212117634714
0.00170302018523216
0.00174320943187922
0.00161259435117245
0.00198936881497502
0.00231590657494962
0.00103989732451737
0.00157742877490819
0.001215725322254
0.000718383118510246
0.00112529948819429
0.0018788481829688
0.00299410033039749
0.0024414979852736
0.00214510201476514
0.00158245232887566
0.00147695560008287
0.00273287016898394
0.00463181314989924
0.021867984905839
0.0351957492530346
0.0259321238845587
0.0121673000976443
0.00741491978988051
0.00308954995125532
0.00301419501192868
0.00300414767116308
0.00189391919411719
0.00143676623702049
0.001873824512586
0.00258718407712877
0.00285343802534044
0.00204965262673795
0.00247164000757039
0.00176832778379321
0.00158245232887566
0.000411939981859177
0.00214007846079767
0.00247164000757039
0.00285846157930791
0.00310462084598839
0.0022003622725606
0.00184368260670453
0.00263239699415863
0.00196927413344383
0.00201951060444117
0.00176832778379321
0.00138150609564036
0.00240130862221122
0.0024515453260392
0.00258216029033065
0.00283836689777672
0.00311969174072146
0.00264244433492422
0.00359693937934935
0.00529493577778339
0.00764600792899728
0.0274542924016714
0.0333621166646481
0.0286750420928001
0.0197078119963408
0.0071938787586987
0.00425001513212919
0.00326537783257663
0.00330054364167154
0.00343115860596299
0.00286850892007351
0.00260727875865996
0.0025620658416301
0.00275296485051513
0.00232595391571522
0.00203458173200488
0.00241135596297681
0.00190396653488278
0.00143676623702049
0.00168292550370097
0.00188387185335159
0.00252690026536584
0.00299912411719561
0.00272282282821834
0.00278813042677939
0.00200946326367557
0.00215514935553074
0.002114960225299
0.00194917945191264
0.00257713673636317
0.00257713673636317
0.00222045695409179
0.0024414979852736
0.00250680558383465
0.00282831955701113
0.00316490465775132
0.00437560630962253
0.00546574033796787
0.00918324757367373
0.0272985603660345
0.0301067847758532
0.0245305243879557
0.0211646724492311
0.00797254592180252
0.00445096148177981
0.00319504668004811
0.00347134796902537
0.00360196293331683
0.00350651354528964
0.00222045695409179
0.0030945735052228
0.00383305130526423
0.00332063809037209
0.00439067743718624
0.00392347713932395
0.00338594568893313
0.00238623772747815
0.00312471552751958
0.0021250075660646
0.00254197116009891
0.00302424235269427
0.00472726253792644
0.0045665055513382
0.00287353247404099
0.00284841423854232
0.00316992844454944
0.00417968397960067
0.00624943105503917
0.00411437638103962
0.00483778305351734
0.00654582679271698
0.00468707317486405
0.00245656888000667
0.00576213607564569
0.00894211232662201
0.00943945441395044
0.0197329297661781
0.044846199452877
0.0550894364714622
0.0475840903818607
0.0291774086654186
0.012117063626647
0.00712857116013765
0.00526479398831725
0.00440574856474996
0.00530498335137963
0.00471721542999148
0.00286348536610603
0.00190899020526558
0.00328547251410782
0.00317997578531504
0.00400385586544871
0.00356679735705256
0.00256708939559758
0.00294888741336763
0.00280320132151246
0.00338092213496566
0.00414451817050576
0.0033457565587014
0.00352158444002271
0.00395864294841886
0.00242642709054053
0.00240633240900934
0.00172311486676335
0.00269770459271967
0.00329551985487342
0.00241637974977493
0.0029740056488663
0.00360196293331683
0.00298907677643001
0.00279817776754498
0.00419977819547057
0.00508394232019782
0.00462176557630301
0.0245003812015057
0.035436887294054
0.0242994353175163
0.014839886687696
0.0117654083296657
0.00690250657498837
0.00328044896014035
0.00267258635722101
0.00251685292460024
0.00170302018523216
0.00273789372295141
0.00252187647856772
0.00168292550370097
0.00171809119638056
0.00150207383558154
0.00149202649481595
0.0012307963334024
0.00140160066075623
0.00218026782386005
0.00241637974977493
0.00239628506824374
0.00209486554376781
0.00213003112003207
0.00217524403706193
0.00218026782386005
0.00125089089851826
0.00155733409337699
0.00124084355775267
0.0016628309385851
0.00161761802155524
0.00180349336005747
0.00201448705047369
0.00249173445627093
0.00271277548745275
0.00275296485051513
0.00331059074960649
0.00269268080592155
0.00929879117757082
0.0271026361733675
0.0323423109948635
0.0216168016195297
0.0111223794519901
0.0102030504494905
0.00858040805906057
0.00446603214368224
0.00205969996750355
0.00238121417351067
0.00268765725195408
0.00171809119638056
0.00174823310226202
0.00157240510452539
0.00172813842073083
0.00234604836441576
0.00140160066075623
0.00158245232887566
0.00158245232887566
0.000999707961454988
0.00101477897260338
0.00129108014516532
0.00141667167190462
0.00183363526593894
0.00239126128144562
0.00217022048309445
0.00139155331999063
0.0012257726630196
0.00101980264298618
0.00111525214742869
0.000984637066721916
0.00137145875487477
0.00138150609564036
0.001215725322254
0.00139657699037343
0.000688241212628782
0.00177335145417601
0.0019943923689425
0.00562147377058864
0.0122878681868315
0.0128555418923497
0.0129610383883119
0.00938921794295311
0.00851510092616081
0.00757567677646875
0.00526479398831725
0.00213003112003207
0.00132624583784491
0.00152719218749553
0.00155733409337699
0.00196425034664571
0.00186880095861852
0.00139155331999063
0.00123582000378519
0.001215725322254
0.00130112748593092
0.00104994454886764
0.000859045598190278
0.000793737999629229
0.00102984998375177
0.000979613396339118
0.00069326488301158
0.00126093823928386
0.000974589725956321
0.000673170201480389
0.000999707961454988
0.00126596190966666
0.00142169534228742
0.00107506290078163
0.000964542385190725
0.00142671901267022
0.00136643508449197
0.000999707961454988
0.00124084355775267
0.00143174268305302
0.00237116683274508
0.00541550386697054
0.00793738011270761
0.00832420215010643
0.0105948951095343
0.00967054255306721
0.00596810597926378
0.00410432880744338
0.00312973908148706
0.0012107016518712
0.0010951574658975
0.000798761670012027
0.000683217542245984
0.000859045598190278
0.00102482631336898
0.00085402192780748
0.000848998257424682
0.000562649744097143
0.00044710558722727
0.000557626073714346
0.000683217542245984
0.000763596093747765
0.00103487365413457
0.00123582000378519
0.00101477897260338
0.000843974587041885
0.000713359506335109
0.000793737999629229
0.000823879963718355
0.000627957284450531
0.000532507780008018
0.000688241212628782
0.000643028295598924
0.000728430459275842
0.000899234844837338
0.00091430579777807
0.000718383118510246
0.000803785340394825
0.00158747599925846
0.00306945526972413
0.0044358903542161
0.00383807509206235
0.00366727053187788
0.00526479398831725
0.00293381651863456
0.0015422630822286
0.00132122216746211
0.000823879963718355
0.000572697026655078
0.000612886331509799
0.00069326488301158
0.000668146589305252
0.000442081945948303
0.000411939981859177
0.000391845358535647
0.000336585100740194
0.00036672706482932
0.000411939981859177
0.000321514147799462
0.00036672706482932
0.00038682168815285
0.000311466807033867
0.000421987293520942
0.000381798046873882
0.000311466807033867
0.000482271192595363
0.000416963652241975
0.000286348513327539
0.00040691634058021
0.000421987293520942
0.000442081945948303
0.000437058275565505
0.000472223880933598
0.000658099248539656
0.00128103292081505
0.00195922679267824
0.00345627684146166
0.019285824149847
0.0245757363736629
0.00723909167572856
0.00267760991118848
0.00207979464903474
0.00125591456890106
0.000617910001892596
0.000391845358535647
0.000296395854093134
0.000251182907959446
0.000266253890004009
0.000226064628805034
0.000241135596297681
0.000376774376491085
0.00040691634058021
0.000336585100740194
0.000281324872048572
0.000261230248725042
0.000246159266680479
0.000125591453979723
0.000200946335098706
0.000251182907959446
0.000276301201665774
0.00034663244150579
0.000557626073714346
0.000663122918922454
0.000648051907774061
0.000557626073714346
0.000477247551316395
0.000416963652241975
0.000497342203743756
0.000512413156684488
0.000663122918922454
0.000944447761867195
0.000517436827067286
0.000597815320361406
0.000753548752982169
0.00118558341637254
0.00434044096618891
0.0055360714904964
0.00524972286075354
0.00434546452015638
0.00220538605935872
0.00106501556001604
0.00139657699037343
0.00106501556001604
0.00129610381554812
0.00117553607560694
0.000979613396339118
0.000949471432249993
0.00101477897260338
0.00120065431110561
0.00132122216746211
0.000808809010777622
0.00081383268116042
0.000974589725956321
0.000979613396339118
0.00130112748593092
0.000989660737104714
0.00119060708675534
0.00150207383558154
0.00181354070082307
0.00101477897260338
0.00152216851711273
0.00125591456890106
0.000904258515220135
0.00126093823928386
0.00107506290078163
0.0011001811362803
0.00160757068078965
0.00147695560008287
0.000944447761867195
0.000954495102632791
0.00199941592290998
0.0024414979852736
0.00400385586544871
0.00840960443019867
0.00968561321496964
0.00645540095865726
0.00805794820189476
0.00447607971727848
0.00304433703422546
0.00170302018523216
0.00148197927046567
0.00162766536232084
0.00163268891628832
0.00151714484672993
0.0015422630822286
0.000703312165569514
0.00134634040296078
0.00146690825931728
0.00117553607560694
0.00199941592290998
0.00162766536232084
0.00139155331999063
0.00203458173200488
0.00233097746968269
0.00169799651484936
0.00162766536232084
0.00230585923418403
0.0025721131823957
0.00241637974977493
0.00243647419847548
0.00282329600304365
0.00307447882369161
0.00262737320736051
0.00191903754603118
0.00282329600304365
0.00220538605935872
0.00158245232887566
0.00217524403706193
0.00262234965339303
0.00314481020905077
0.00562147377058864
0.00821870472282171
0.00608867406845093
0.00666137086227536
0.00587265659123659
0.00438062986359
0.00310462084598839
0.00324528338387609
0.00330556719563901
0.00238623772747815
0.00210491288453341
0.00247666356153786
0.00225562253035605
0.00235107215121388
0.00284339068457484
0.00213505490683019
0.00255201850086451
0.00183865893632174
0.00173818576149642
0.00234604836441576
0.0015422630822286
0.00138150609564036
0.00159752334002405
0.00323523604311049
0.00438062986359
0.00195420300588012
0.00230083544738591
0.00305438437499106
0.00286348536610603
0.00235609570518136
0.00178842234890908
0.00196927413344383
0.00197429768741131
0.00181856437120587
0.00194415578152984
0.00173316209111363
0.00126596190966666
0.00263239699415863
0.00696279061958194
0.00784193072468042
0.00630469108000398
0.00560640264302492
0.00513920234516263
0.00355675001628697
0.0024515453260392
0.00249173445627093
0.00210993643850088
0.00180851703044027
0.00164273625705391
0.00101477897260338
0.000803785340394825
0.00176330411341041
0.0026374205481261
0.0022355280816555
0.0021250075660646
0.00125591456890106
0.00157742877490819
0.00171306752599776
0.00207979464903474
0.00191401387564838
0.0015422630822286
0.00131117482669652
0.00170302018523216
0.00178842234890908
0.00164273625705391
0.00152216851711273
0.00236614304594696
0.00228576455265284
0.00186377728823572
0.001215725322254
0.00144178990740329
0.00213505490683019
0.00192908477038145
0.000743501412216574
0.00137145875487477
0.00315485754981637
0.0040239505469799
0.00460167089477181
0.00349144265055656
0.00437058275565505
0.00421484932303429
0.00367229431867599
0.0022003622725606
0.00160757068078965
0.00115544139407575
0.00144178990740329
0.00143676623702049
0.00103989732451737
0.0015372394118458
0.00215012580156326
0.00150207383558154
0.00163771258667111
0.00194415578152984
0.001215725322254
0.00143174268305302
0.00195420300588012
0.00264244433492422
0.00280320132151246
0.00190899020526558
0.00200946326367557
0.00216017314232886
0.0021250075660646
0.00213505490683019
0.00189894286449999
0.00193410844076425
0.00230083544738591
0.00144681357778609
0.00120567798148841
0.00191903754603118
0.00204462883993983
0.00188889552373439
0.0015422630822286
0.00170804385561496
0.00245656888000667
0.00398376118391752
0.00817851535975933
0.00681710429489613
0.00369741255417466
0.00280320132151246
0.00249173445627093
0.00168794917408377
0.00169799651484936
0.0015472867526114
0.00190899020526558
0.0021250075660646
0.00145183724816889
0.00142671901267022
0.00178842234890908
0.00115041772369295
0.00102482631336898
0.00135638774372637
0.00117553607560694
0.00208984198980033
0.00229581189341843
0.00205467618070543
0.00200946326367557
0.00130615115631372
0.00173316209111363
0.00234604836441576
0.00180349336005747
0.00192908477038145
0.00173316209111363
0.00133126950822771
0.000994684407487512
0.00127600925043225
0.00160757068078965
0.00143676623702049
0.00112027581781149
0.00163268891628832
0.0019943923689425
0.00140160066075623
0.00332063809037209
0.00452129263430834
0.00504877651110291
0.00709842937067151
0.0044358903542161
0.00351656088605523
0.003988784737885
0.00258216029033065
0.0012107016518712
0.00177837500814348
0.00116046506445855
0.00149705016519874
0.00146188458893448
0.000713359506335109
0.00132122216746211
0.0015422630822286
0.00119060708675534
0.000959518773015589
0.00180851703044027
0.00227069365791976
0.00157742877490819
0.002190314931795
0.00279315398074687
0.00196425034664571
0.00133126950822771
0.00108008657116443
0.00216519669629633
0.00246159266680479
0.00138652976602316
0.00137145875487477
0.00102482631336898
0.000969566055573523
0.00175325677264482
0.00163268891628832
0.0010951574658975
0.00145183724816889
0.00144681357778609
0.00207477086223662
0.00340604037046432
0.00518441526219249
0.00620421813800931
0.00372253078967333
0.00297902943566442
0.0015372394118458
0.00108008657116443
0.000959518773015589
0.00117553607560694
0.000763596093747765
0.000869092880748212
0.00125089089851826
0.0012257726630196
0.000698288495186716
0.00042701096390374
0.000743501412216574
0.00103989732451737
0.000472223880933598
0.00085402192780748
0.000969566055573523
0.000653075578156859
0.000964542385190725
0.00089421117445454
0.000884163891896605
0.000788714387454093
0.000597815320361406
0.000572697026655078
0.000602838990744203
0.000743501412216574
0.000602838990744203
0.000753548752982169
0.00131619849707931
0.000929376808926463
0.000587768037803471
0.00103989732451737
0.0016578072682023
0.00141164800152183
0.00217524403706193
0.00498849293217063
0.00725918635725975
0.00690753012895584
0.00449617439880967
0.00227069365791976
0.00434044096618891
0.00287353247404099
0.00170804385561496
0.00127098558004946
0.00108511024154723
0.000974589725956321
0.00137145875487477
0.00178842234890908
0.00152216851711273
0.00145183724816889
0.000964542385190725
0.00133126950822771
0.00168794917408377
0.00113032315857708
0.00138150609564036
0.0013362931786105
0.0011052048066631
0.000994684407487512
0.00134131673257798
0.00130112748593092
0.00128605659119785
0.00171306752599776
0.00173316209111363
0.0011052048066631
0.00111525214742869
0.00120567798148841
0.00116046506445855
0.00134131673257798
0.0010951574658975
0.00141164800152183
0.00152719218749553
0.00162766536232084
0.00227571721188724
0.00439067743718624
0.00470214430242777
0.0057219467125833
0.00655085034668446
0.00503872940316796
0.00204462883993983
0.00202453439123929
0.00222045695409179
0.00118055974598974
0.00116548873484135
0.00115041772369295
0.000859045598190278
0.000904258515220135
0.00102482631336898
0.00102482631336898
0.000838950974866748
0.000653075578156859
0.00108511024154723
0.000808809010777622
0.00123582000378519
0.00115041772369295
0.00106501556001604
0.00091430579777807
0.0012257726630196
0.000959518773015589
0.00100473163183779
0.00130615115631372
0.00147193192970008
0.0012107016518712
0.000919329468160868
0.00116548873484135
0.00131619849707931
0.0010951574658975
0.000924353138543665
0.00112027581781149
0.0015422630822286
0.00188889552373439
0.00260225497186184
0.00318499933928251
0.00241637974977493
0.00395864294841886
0.00343115860596299
0.00350148999132216
0.00258718407712877
0.00140662433113903
0.0011052048066631
0.00163268891628832
0.00150709750596434
0.000803785340394825
0.00108511024154723
0.000884163891896605
0.00119563064072281
0.00114539405331016
0.00112529948819429
0.000778667046688497
0.000703312165569514
0.0010951574658975
0.00114539405331016
0.000999707961454988
0.000884163891896605
0.00069326488301158
0.000843974587041885
0.00129108014516532
0.00111525214742869
0.00150709750596434
0.00159752334002405
0.00141667167190462
0.00111022847704589
0.00108008657116443
0.00143676623702049
0.00117051240522414
0.00113534682895988
0.00119060708675534
0.0012107016518712
0.00183865893632174
0.00230083544738591
0.00292879273183644
0.00186880095861852
0.00237619038671255
0.00201951060444117
0.00225562253035605
0.00174320943187922
0.00124084355775267
0.00120567798148841
0.00119060708675534
0.00126093823928386
0.00107003923039883
0.00126093823928386
0.00106501556001604
0.00134131673257798
0.000924353138543665
0.000658099248539656
0.000743501412216574
0.00116548873484135
0.000994684407487512
0.000929376808926463
0.000773643376305699
0.000848998257424682
0.00146690825931728
0.00135638774372637
0.00128103292081505
0.00176832778379321
0.00177335145417601
0.00195420300588012
0.00220538605935872
0.00162264169193804
0.00127600925043225
0.00172311486676335
0.00156235776375979
0.00156738143414259
0.00182861159555614
0.00193913211114705
0.00199941592290998
0.00173316209111363
0.00181856437120587
0.00156235776375979
0.00236111949197948
0.00288357981480658
0.00308954995125532
0.00260727875865996
0.00145686091855168
0.000944447761867195
0.00112529948819429
0.00127600925043225
0.00109013391193002
0.000964542385190725
0.00106501556001604
0.00138652976602316
0.00138652976602316
0.00163268891628832
0.00127098558004946
0.00146690825931728
0.00113534682895988
0.000989660737104714
0.00108008657116443
0.000738477800041437
0.000884163891896605
0.000984637066721916
0.00133126950822771
0.00156235776375979
0.00149705016519874
0.00101980264298618
0.000879140221513808
0.000929376808926463
0.000954495102632791
0.0010951574658975
0.00119060708675534
0.00083392730448395
0.0012257726630196
0.00151212117634714
0.00126596190966666
0.00253192381933331
0.00265249167568982
0.00186880095861852
0.00292376917786896
0.00268765725195408
0.00244652153924108
0.00238623772747815
0.00151212117634714
0.00170302018523216
0.00143174268305302
0.00128605659119785
0.00140662433113903
0.00128605659119785
0.0015472867526114
0.000828903634101152
0.00135136407334358
0.00177335145417601
0.00126093823928386
0.00102482631336898
0.00128103292081505
0.00116548873484135
0.000587768037803471
0.000708335835952312
0.000673170201480389
0.000969566055573523
0.0016578072682023
0.00162264169193804
0.00123582000378519
0.00145183724816889
0.00119563064072281
0.000668146589305252
0.000798761670012027
0.000457152898889035
0.00069326488301158
0.000828903634101152
0.000934400479309261
0.00102482631336898
0.0019943923689425
0.00330054364167154
0.00286348536610603
0.00134131673257798
0.00175828044302762
0.00190899020526558
0.00185875361785293
0.0015472867526114
0.00153221585787833
0.00130112748593092
0.00139657699037343
0.00142671901267022
0.00138150609564036
0.00102984998375177
0.000798761670012027
0.000828903634101152
0.00113534682895988
0.00100473163183779
0.000848998257424682
0.000838950974866748
0.000748525082599372
0.00091430579777807
0.000778667046688497
0.000934400479309261
0.000899234844837338
0.000979613396339118
0.000838950974866748
0.000612886331509799
0.000939424091484398
0.00111525214742869
0.000934400479309261
0.000532507780008018
0.000376774376491085
0.000683217542245984
0.000713359506335109
0.000778667046688497
0.000798761670012027
0.000974589725956321
0.00183865893632174
0.00294888741336763
0.0023108827881515
0.0011052048066631
0.000678193871863186
0.00183865893632174
0.00218026782386005
0.00141667167190462
0.00117553607560694
0.00112027581781149
0.00089421117445454
0.000718383118510246
0.000818856293335557
0.000803785340394825
0.000587768037803471
0.000617910001892596
0.000733454129658639
0.000557626073714346
0.00048729486297816
0.000331561459461227
0.000592791708186269
0.000552602403331548
0.000421987293520942
0.000472223880933598
0.000512413156684488
0.000909282185602933
0.000763596093747765
0.000442081945948303
0.000673170201480389
0.000658099248539656
0.00050738948630169
0.000381798046873882
0.000713359506335109
0.000718383118510246
0.000708335835952312
0.000643028295598924
0.000542555120773613
0.000572697026655078
0.00119563064072281
0.00131619849707931
0.00129610381554812
0.00100473163183779
0.000969566055573523
0.000909282185602933
0.000919329468160868
0.00100473163183779
0.000703312165569514
0.000537531450390816
0.000658099248539656
0.000617910001892596
0.00044710558722727
0.000592791708186269
0.000562649744097143
0.000663122918922454
0.000597815320361406
0.000376774376491085
0.000416963652241975
0.000416963652241975
0.000411939981859177
0.000517436827067286
0.000477247551316395
0.000291372183710337
0.000748525082599372
0.000708335835952312
0.000391845358535647
0.000396868999814615
0.000582744367420673
0.00046720023965463
0.000381798046873882
0.000587768037803471
0.000668146589305252
0.000572697026655078
0.000864069210365415
0.00104492099490017
0.00119563064072281
0.00408925767987967
0.00559635553508997
0.00314481020905077
0.00150709750596434
0.00118055974598974
0.000783690717071295
0.00118558341637254
0.00144681357778609
0.000889187504071742
0.000597815320361406
0.000432034605182707
0.000336585100740194
0.000371750706108287
0.000391845358535647
0.000492318533360958
0.000607862661127001
0.000482271192595363
0.000271277560386807
0.00042701096390374
0.000416963652241975
0.000291372183710337
0.000411939981859177
0.000376774376491085
0.00036672706482932
0.00038682168815285
0.000738477800041437
0.000934400479309261
0.000552602403331548
0.000381798046873882
0.000572697026655078
0.000492318533360958
0.000391845358535647
0.000185875353054143
0.000291372183710337
0.000376774376491085
0.000336585100740194
0.000341608771122992
0.000557626073714346
0.00126093823928386
0.00116548873484135
0.000974589725956321
0.000959518773015589
0.00069326488301158
0.000638004625216126
0.000728430459275842
0.000748525082599372
0.000562649744097143
0.000638004625216126
0.000778667046688497
0.000638004625216126
0.000522460497450083
0.000472223880933598
0.000522460497450083
0.000437058275565505
0.000391845358535647
0.000371750706108287
0.000437058275565505
0.00038682168815285
0.000316490477416664
0.000401892670197412
0.000296395854093134
0.000396868999814615
0.000301419495372102
0.00050738948630169
0.00042701096390374
0.000266253890004009
0.000241135596297681
0.000396868999814615
0.000416963652241975
0.000482271192595363
0.000728430459275842
0.000617910001892596
0.000477247551316395
0.000723406788893044
0.000708335835952312
0.000954495102632791
0.00307950261048973
0.00344622973352671
0.00152719218749553
0.000728430459275842
0.000562649744097143
0.00120567798148841
0.00117051240522414
0.000768619705922902
0.000803785340394825
0.000653075578156859
0.000442081945948303
0.00044710558722727
0.00044710558722727
0.000683217542245984
0.000678193871863186
0.000462176569271833
