% Type: Spectrum
% Date: 11-DEC-24 14:41:15
% NoOfItems: = 1601
% Unit_Y: = dB
% Unit_X: = Hz
% Min_X: = 0
% Max_X: = 1000
% MinDisplay_X: = 0
% MaxDisplay_X: = 1000
0
0
0
0
0.0766503661870956
0.0412054769694805
0.029202226549387
0.0190493762493134
0.014121470041573
0.0169749818742275
0.00699256267398596
0.00553659023717046
0.0019964836537838
0.00284864148125052
0.00248830043710768
0.00395888136699796
0.00449939258396626
0.00578980287536979
0.00583362812176347
0.00375436339527369
0.00220587104558945
0.0024055193644017
0.00235682469792664
0.00384201388806105
0.00299959513358772
0.00315054878592491
0.00206465646624565
0.0024055193644017
0.00123684597201645
0.00359854032285511
0.00274151307530701
0.00149979756679386
0.00148518907371908
0.00162153434939682
0.00423157168552279
0.00437278626486659
0.0192636325955391
0.198616042733192
0.275646239519119
0.0909909605979919
0.00817097537219524
0.00357419275678694
0.00163614272605628
0.00206952588632703
0.00245908368378878
0.00480616930872202
0.00473312754184008
0.00264899316243827
0.00570215238258243
0.00629622815176845
0.00284377206116915
0.00187474698759615
0.00127580179832876
0.000934938725549728
0.00151440594345331
0.001222237595357
0.00103232823312283
0.0014462333638221
0.00198187539353967
0.00145110278390348
0.00171405437868088
0.00152414490003139
0.00583362812176347
0.00891113467514515
0.00392966438084841
0.000959286116994917
0.00139266916085035
0.00146571127697825
0.00148031965363771
0.0015923174796626
0.00205004797317088
0.00141701649408787
0.00393940322101116
0.00704125734046102
0.0385905690491199
0.243142500519753
0.31912088394165
0.110239990055561
0.0122954184189439
0.00556093780323863
0.0038614918012172
0.0033015024382621
0.0028632499743253
0.00149492803029716
0.00135371333453804
0.00292655290104449
0.00331124127842486
0.0030044645536691
0.00340863084420562
0.00318463495932519
0.00198187539353967
0.00221561011858284
0.00246882252395153
0.00513729359954596
0.00345732551068068
0.0068464782088995
0.00786419771611691
0.0036715823225677
0.00654944078996778
0.00517624942585826
0.00199161423370242
0.00223508779890835
0.00251264777034521
0.00167509855236858
0.00394427264109254
0.00459678191691637
0.00365697382949293
0.00769863603636622
0.0137952156364918
0.0105667551979423
0.0163127332925797
0.0192441549152136
0.106461279094219
0.281041622161865
0.191881567239761
0.0280432924628258
0.0190152898430824
0.00932990945875645
0.00267820991575718
0.00293629197403789
0.00160205643624067
0.000964155537076294
0.00324793811887503
0.00286811939440668
0.00422670226544142
0.00371053814888
0.00187961640767753
0.00185526907444
0.0014072775375098
0.00235195527784526
0.00167509855236858
0.00109563127625734
0.00149492803029716
0.0026733404956758
0.00224969629198313
0.00256621208973229
0.00222047953866422
0.00157283968292177
0.00186500803101808
0.0015971870161593
0.00133423553779721
0.00251751742325723
0.00317489611916244
0.00231299945153296
0.00264412350952625
0.00472825765609741
0.00304828980006278
0.00378844956867397
0.00680265296250582
0.00893548224121332
0.0520449243485928
0.0972969308495522
0.0459288656711578
0.00371540756896138
0.0058871922083199
0.00314567936584353
0.00672961119562387
0.00571676064282656
0.0025954288430512
0.00993859302252531
0.0218395851552486
0.0111657008528709
0.00314080971293151
0.00252725626341999
0.00197700597345829
0.00150466698687524
0.00240064994432032
0.00234221620485187
0.00331611069850624
0.00356445391662419
0.00265386258251965
0.00376897165551782
0.00227891304530203
0.00107615347951651
0.00109076185617596
0.00072555139195174
0.000754768261685967
0.00124171550851315
0.00147058069705963
0.00154362281318754
0.0028145550750196
0.00290220556780696
0.0018163132481277
0.00186013849452138
0.00212795939296484
0.0022545657120645
0.00352549809031188
0.00439226441085339
0.0244447514414787
0.0349335968494415
0.0242207571864128
0.0160984769463539
0.00873096473515034
0.00174814066849649
0.00328689394518733
0.00283403298817575
0.00116867339238524
0.0022545657120645
0.00211335113272071
0.00171405437868088
0.0016702291322872
0.00137806078419089
0.00121249863877892
0.00172379333525896
0.00188448582775891
0.00185526907444
0.00368619081564248
0.00297524780035019
0.00565832713618875
0.00873096473515034
0.00379331922158599
0.00153388385660946
0.00113458710256964
0.00193318061064929
0.00212308997288346
0.000993372406810522
0.00235682469792664
0.00229352153837681
0.00175301008857787
0.00228378269821405
0.00285838032141328
0.00439713383093476
0.00362288765609264
0.00645692041143775
0.00906695798039436
0.0104498881846666
0.0317489616572857
0.0919599905610085
0.0862188786268234
0.0170528925955296
0.00387123064137995
0.00187474698759615
0.00264412350952625
0.00252725626341999
0.0036423655692488
0.00437765568494797
0.00191857223398983
0.00267820991575718
0.00439226441085339
0.00275612156838179
0.00264412350952625
0.00193318061064929
0.00152901443652809
0.00262951524928212
0.00269281840883195
0.00181144382804632
0.00409522652626038
0.00365697382949293
0.00169457646552473
0.0016702291322872
0.00259055942296982
0.00214256788603961
0.00148518907371908
0.00115893443580717
0.00117354292888194
0.00173840171191841
0.00125145446509123
0.00208413414657116
0.00394914206117392
0.00444095907732844
0.00317489611916244
0.00448478432372212
0.00657865731045604
0.0194389335811138
0.0543579235672951
0.041595034301281
0.0159231759607792
0.013322876766324
0.00781550351530313
0.0036715823225677
0.00292168348096311
0.00242012785747647
0.00260516791604459
0.00322846020571887
0.0014072775375098
0.00305802887305617
0.00274638249538839
0.00196239748038352
0.00213769846595824
0.00505451252683997
0.00665169954299927
0.00475747464224696
0.00460165133699775
0.00276586040854454
0.00417800759896636
0.0038614918012172
0.00359367066994309
0.00371053814888
0.00368132116273046
0.0034524560905993
0.00453347899019718
0.00416826829314232
0.00320411287248135
0.0032333298586309
0.00343784759752452
0.0038127969019115
0.00470391055569053
0.00436791684478521
0.00342810875736177
0.00460165133699775
0.00447991490364075
0.0347777716815472
0.082410953938961
0.0998923629522324
0.0471803210675716
0.0113896960392594
0.00280481623485684
0.00259055942296982
0.00179196591489017
0.0028632499743253
0.0044896537438035
0.00275125191546977
0.00162640388589352
0.00361314858309925
0.00345732551068068
0.00227404362522066
0.002444475190714
0.00281942449510098
0.00227404362522066
0.00147545023355633
0.0024542142637074
0.00172379333525896
0.00204030890017748
0.00172866275534034
0.00222047953866422
0.00279994681477547
0.00219126255251467
0.00111510918941349
0.00135858287103474
0.00146084174048156
0.00134397437795997
0.00138293020427227
0.00505451252683997
0.00592127861455083
0.00195752806030214
0.00162153434939682
0.00202570063993335
0.00233247736468911
0.00426565809175372
0.0255696009844542
0.0458752997219563
0.04156094789505
0.0188789442181587
0.014915194362402
0.00784958992153406
0.00587258394807577
0.00331611069850624
0.00418774643912911
0.00539537565782666
0.00252238684333861
0.00217665429227054
0.00353036751039326
0.0024055193644017
0.00147545023355633
0.00182605220470577
0.00185526907444
0.00168483750894666
0.00188935536425561
0.0021863931324333
0.00380305806174874
0.00520059652626514
0.00234221620485187
0.00216691521927714
0.00195265852380544
0.00192344165407121
0.00242986669763923
0.00173353217542171
0.00160692597273737
0.00137806078419089
0.00136345229111612
0.00193318061064929
0.00171405437868088
0.00216691521927714
0.00242499727755785
0.00420722411945462
0.00395888136699796
0.00942242983728647
0.0260955039411783
0.0264120195060968
0.0227306988090277
0.0200817044824362
0.00964155606925488
0.00578980287536979
0.00634005339816213
0.00348654226399958
0.00560476304963231
0.00547815673053265
0.00249803951010108
0.00161666492931545
0.00333558861166239
0.00260516791604459
0.00170431542210281
0.00224969629198313
0.00234221620485187
0.00244934461079538
0.00196726690046489
0.00158257852308452
0.00679291412234306
0.00727499183267355
0.00448478432372212
0.0069438680075109
0.00481590814888477
0.00155336176976562
0.00325767719186842
0.00309211504645646
0.00223508779890835
0.00242499727755785
0.00256621208973229
0.00163614272605628
0.00168970692902803
0.00250290893018246
0.00347680342383683
0.0111803086474538
0.00970972795039415
0.0168581139296293
0.0453737452626228
0.068756952881813
0.0546111352741718
0.0253261271864176
0.00913999974727631
0.00560476304963231
0.00398809788748622
0.00258082034997642
0.0058092805556953
0.00395401194691658
0.00321385194547474
0.00250290893018246
0.00173353217542171
0.00165075121913105
0.00236656377092004
0.00254673417657614
0.0022643047850579
0.0028535109013319
0.00341836968436837
0.00220100162550807
0.00396862020716071
0.00455782609060407
0.002824294148013
0.00190396374091506
0.00224482687190175
0.00252725626341999
0.00225943536497653
0.00179683533497155
0.00154362281318754
0.00238117203116417
0.00223995745182037
0.00186500803101808
0.00292655290104449
0.00296550872735679
0.0028535109013319
0.00261490675620735
0.00351575925014913
0.0149784972891212
0.025710815563798
0.0246979650110006
0.0317976549267769
0.0183384343981743
0.00844853464514017
0.00651535438373685
0.00455782609060407
0.00278046890161932
0.00321872136555612
0.00249316985718906
0.0022253489587456
0.00170431542210281
0.00143649440724403
0.00145110278390348
0.00157770910300314
0.00124171550851315
0.000983633450232446
0.000934938725549728
0.000857027189340442
0.00114919547922909
0.00128554075490683
0.00186987745109946
0.00153388385660946
0.00184553011786193
0.00176761858165264
0.000779115594923496
0.00154849223326892
0.00127093237824738
0.00154362281318754
0.00223021837882698
0.00207926472648978
0.0015923174796626
0.00216691521927714
0.00137319124769419
0.00315541820600629
0.00506425136700273
0.00558528490364552
0.0274346079677343
0.0377968475222588
0.024897612631321
0.0140776447951794
0.0105521474033594
0.00375923281535506
0.00286811939440668
0.00189909432083368
0.0011881513055414
0.00175787962507457
0.00230326061137021
0.00260516791604459
0.00289246672764421
0.0021863931324333
0.00223995745182037
0.00269281840883195
0.00103232823312283
0.00273664365522563
0.00332584977149963
0.00216204579919577
0.00220100162550807
0.00178709637839347
0.00140240811742842
0.00247369194403291
0.00255647301673889
0.00174814066849649
0.00110537023283541
0.0015971870161593
0.00152901443652809
0.00156310072634369
0.00247856159694493
0.00252238684333861
0.00213282904587686
0.00333071919158101
0.00291194464080036
0.0057264999486506
0.00767428893595934
0.00860922783613205
0.0309211499989033
0.0354448892176151
0.0240941494703293
0.0193318054080009
0.00808819383382797
0.00450913142412901
0.00405627069994807
0.00234221620485187
0.00256134266965091
0.00269281840883195
0.00234221620485187
0.00304828980006278
0.00318950461223722
0.00176761858165264
0.00206952588632703
0.00236656377092004
0.00204030890017748
0.00205491739325225
0.00238604145124555
0.0022643047850579
0.00323819927871227
0.0030726371333003
0.00207439530640841
0.00251751742325723
0.00156797014642507
0.00188935536425561
0.000983633450232446
0.00121736817527562
0.00162640388589352
0.00260029826313257
0.00290220556780696
0.00277072982862592
0.00360827916301787
0.0036423655692488
0.00319924345239997
0.00437765568494797
0.00603327667340636
0.0171600207686424
0.0417313799262047
0.0365940853953362
0.0235779862850904
0.0240405853837729
0.010742056183517
0.0077035054564476
0.00466495472937822
0.00264412350952625
0.00343784759752452
0.00296063930727541
0.00261003733612597
0.00444095907732844
0.00355958449654281
0.00276586040854454
0.00343297817744315
0.00234221620485187
0.00240064994432032
0.00353036751039326
0.00374949397519231
0.00324793811887503
0.00359854032285511
0.00181144382804632
0.00365210440941155
0.00488408096134663
0.00430461391806602
0.00209874263964593
0.00208900379948318
0.00229839095845819
0.00308724562637508
0.0057264999486506
0.00446043675765395
0.00447017559781671
0.00730907823890448
0.00658352673053741
0.0053077251650393
0.00871635600924492
0.0129333194345236
0.0394086427986622
0.066078744828701
0.0579662024974823
0.0498682670295238
0.0285594556480646
0.0191613752394915
0.0155238788574934
0.00878452882170677
0.00459191249683499
0.00459191249683499
0.00546354800462723
0.00414392119273543
0.00473312754184008
0.00540511449798942
0.00383714446797967
0.00313594029285014
0.00332098035141826
0.00418287701904774
0.00336480559781194
0.00242986669763923
0.00449939258396626
0.00501555670052767
0.00301907304674387
0.00346219493076205
0.00417313817888498
0.0036618432495743
0.0026636014226824
0.00277072982862592
0.00312620145268738
0.00243960577063262
0.00245908368378878
0.00230326061137021
0.00184066058136523
0.00228865211829543
0.00430461391806602
0.00522981351241469
0.00716786365956068
0.00759637728333473
0.0267772302031517
0.0345976017415524
0.0242012795060873
0.0190201606601477
0.0120373358950019
0.008424187079072
0.00511781545355916
0.00270742666907609
0.00202083121985197
0.00269768782891333
0.00250290893018246
0.00157770910300314
0.0018163132481277
0.00190396374091506
0.00162153434939682
0.0015923174796626
0.00189909432083368
0.00206952588632703
0.00191370269749314
0.00165562063921243
0.0014413638273254
0.00212795939296484
0.00219613220542669
0.00228378269821405
0.00246882252395153
0.00247369194403291
0.00186987745109946
0.0022643047850579
0.00208900379948318
0.00187961640767753
0.00191370269749314
0.00112484814599156
0.0015923174796626
0.00283403298817575
0.00417800759896636
0.00365210440941155
0.00654944078996778
0.00910591334104538
0.0293337032198906
0.0314373150467873
0.0191321577876806
0.00835601519793272
0.00836088415235281
0.00798593461513519
0.00452374015003443
0.000964155537076294
0.00234708585776389
0.00167509855236858
0.00170431542210281
0.00134397437795997
0.0016312733059749
0.00120275968220085
0.00152901443652809
0.00162153434939682
0.00156310072634369
0.00168483750894666
0.00215717637911439
0.00130501866806298
0.00196726690046489
0.00165562063921243
0.00174814066849649
0.00188935536425561
0.00120275968220085
0.00119789026211947
0.00125632388517261
0.00154362281318754
0.00121249863877892
0.000988502986729145
0.00138293020427227
0.00140240811742842
0.00180657429154962
0.00157283968292177
0.00166049017570913
0.00183579116128385
0.00230813003145158
0.00631570583209395
0.0133910495787859
0.0162007343024015
0.0147545021027327
0.0106641445308924
0.00855566281825304
0.0081222802400589
0.00563884899020195
0.00290707522071898
0.000910591392312199
0.00113458710256964
0.00167509855236858
0.00135858287103474
0.000745029305107892
0.000905721914023161
0.00114432605914772
0.00105667556636035
0.000633031420875341
0.000774246116634458
0.00163614272605628
0.00120275968220085
0.00126606284175068
0.00116380397230387
0.00145597232040018
0.000905721914023161
0.000540511449798942
0.000944677682127804
0.00150953652337193
0.00104693660978228
0.000920330290682614
0.000925199768971652
0.0010031113633886
0.00138779962435365
0.000822940841317177
0.000969025015365332
0.00180657429154962
0.00187961640767753
0.00239578052423894
0.00572163006290793
0.00971459783613682
0.0113750882446766
0.0110731804743409
0.0101041551679373
0.00734803406521678
0.00479643046855927
0.00309698446653783
0.000969025015365332
0.000998241826891899
0.00103232823312283
0.000745029305107892
0.000837549276184291
0.000813201942946762
0.000934938725549728
0.000905721914023161
0.000720681913662702
0.000618422986008227
0.000399296754039824
0.000910591392312199
0.00128067133482546
0.00155823118984699
0.00142188603058457
0.00135858287103474
0.00139753858093172
0.000905721914023161
0.000959286116994917
0.000745029305107892
0.000540511449798942
0.000584336696192622
0.00074989878339693
0.000891113479156047
0.000681726145558059
0.000857027189340442
0.00100798078346998
0.000584336696192622
0.000959286116994917
0.00203057006001472
0.00461626006290317
0.00618909951299429
0.00498147029429674
0.00420722411945462
0.00440687267109752
0.00260516791604459
0.00181144382804632
0.00108102289959788
0.000842418754473329
0.000783985073212534
0.000652509334031492
0.000559989362955093
0.00047720831935294
0.000540511449798942
0.000496686203405261
0.000467469362774864
0.000467469362774864
0.000413905159803107
0.000491816725116223
0.000491816725116223
0.000335993594489992
0.000379818869987503
0.000428513594670221
0.000662248290609568
0.000472338841063902
0.000467469362774864
0.000345732551068068
0.000223995739361271
0.000365210435120389
0.000423644116381183
0.00031651571043767
0.000418774638092145
0.000438252522144467
0.000433383043855429
0.000754768261685967
0.00079372402979061
0.00105180602986366
0.00342323910444975
0.0206757802516222
0.0253650825470686
0.00828784238547087
0.002444475190714
0.00178222695831209
0.00147058069705963
0.00105667556636035
0.000540511449798942
0.000608684087637812
0.000501555681694299
0.000379818869987503
0.000423644116381183
0.000360340956831351
0.000331124145304784
0.000447991478722543
0.000355471507646143
0.000306776782963425
0.000189909434993751
0.000306776782963425
0.000258082058280706
0.000331124145304784
0.000428513594670221
0.000423644116381183
0.000555119884666055
0.000584336696192622
0.000486947246827185
0.000379818869987503
0.000379818869987503
0.000365210435120389
0.000525903014931828
0.000618422986008227
0.000535641971509904
0.000584336696192622
0.000696334580425173
0.000730420870240778
0.000740159826818854
0.000920330290682614
0.00228865211829543
0.00599432084709406
0.0085994889959693
0.00600892910733819
0.00387123064137995
0.00190396374091506
0.00177735753823072
0.00201596156693995
0.00158257852308452
0.00149979756679386
0.00138293020427227
0.00123197655193508
0.00086189666762948
0.00109076185617596
0.00119789026211947
0.000681726145558059
0.000710943015292287
0.000681726145558059
0.00076937663834542
0.00104206707328558
0.000667117768898606
0.000715812493581325
0.00117841234896332
0.00151440594345331
0.00160692597273737
0.00166049017570913
0.00120762921869755
0.00104693660978228
0.000832679797895253
0.00137806078419089
0.00149492803029716
0.00135371333453804
0.00149492803029716
0.0014413638273254
0.00123197655193508
0.00113945652265102
0.00168483750894666
0.00267820991575718
0.00464547704905272
0.00701690977439284
0.00876505021005869
0.00715325539931655
0.00469904113560915
0.0030044645536691
0.00360827916301787
0.00271716574206948
0.00172866275534034
0.00114432605914772
0.00124658492859453
0.00179683533497155
0.00193318061064929
0.00191857223398983
0.00149979756679386
0.00102745869662613
0.00113458710256964
0.00103232823312283
0.0018163132481277
0.0020062227267772
0.00149005861021578
0.00212308997288346
0.00187961640767753
0.00273664365522563
0.00292655290104449
0.00194291956722736
0.00172379333525896
0.00207439530640841
0.00274151307530701
0.00302394246682525
0.00272690458223224
0.00275125191546977
0.00172379333525896
0.00158744805958122
0.00198187539353967
0.00186500803101808
0.00238117203116417
0.0022643047850579
0.00457730423659086
0.00557067664340138
0.00340376142412424
0.00502529554069042
0.00592127861455083
0.00603327667340636
0.0046698241494596
0.00374949397519231
0.00370566872879863
0.00315054878592491
0.00219613220542669
0.00137806078419089
0.00192831107415259
0.00312620145268738
0.00216204579919577
0.00108102289959788
0.00216204579919577
0.00233734678477049
0.00157770910300314
0.00136832182761282
0.00189909432083368
0.00287785823456943
0.00179196591489017
0.00328202452510595
0.00299959513358772
0.00086189666762948
0.00195752806030214
0.00147058069705963
0.00250290893018246
0.0026636014226824
0.00145597232040018
0.00165075121913105
0.00213282904587686
0.00221561011858284
0.00153875327669084
0.00149979756679386
0.0024152584373951
0.00333558861166239
0.00850209873169661
0.00930556189268827
0.00759637728333473
0.00505938194692135
0.00415366003289819
0.00364723498933017
0.00402218429371715
0.00253212568350136
0.00191857223398983
0.00218152371235192
0.00148031965363771
0.0011881513055414
0.00116867339238524
0.00173353217542171
0.00155336176976562
0.00200135330669582
0.00184553011786193
0.00138293020427227
0.00152901443652809
0.00147058069705963
0.00250290893018246
0.0033015024382621
0.00172379333525896
0.00278533832170069
0.00240064994432032
0.00131962704472244
0.00236656377092004
0.00162640388589352
0.0015923174796626
0.00168483750894666
0.0015971870161593
0.00215717637911439
0.0022253489587456
0.00181144382804632
0.00154849223326892
0.000949547160416842
0.00163614272605628
0.00270742666907609
0.00458704307675362
0.00580441113561392
0.00723603600636125
0.00482564745470881
0.00373975490219891
0.00339402235113084
0.00260516791604459
0.00137806078419089
0.00179196591489017
0.00211822055280209
0.00171892379876226
0.00171405437868088
0.00193318061064929
0.00235682469792664
0.0019964836537838
0.00157770910300314
0.00150466698687524
0.00154362281318754
0.00138293020427227
0.0012271071318537
0.00219126255251467
0.00235682469792664
0.00161179539281875
0.00194778898730874
0.00206952588632703
0.00169457646552473
0.00206465646624565
0.0015923174796626
0.0014462333638221
0.00149492803029716
0.00165075121913105
0.00180170487146825
0.00097389449365437
0.00130501866806298
0.00210848171263933
0.00232273852452636
0.00331611069850624
0.00194778898730874
0.00355958449654281
0.00537589751183987
0.00906695798039436
0.00648126797750592
0.00487921154126525
0.0038127969019115
0.00255160359665751
0.00190396374091506
0.00233734678477049
0.00238604145124555
0.00130501866806298
0.000881374522577971
0.000900852435734123
0.00209387321956456
0.00256621208973229
0.0018163132481277
0.00136832182761282
0.00116380397230387
0.00189422478433698
0.00135371333453804
0.00172866275534034
0.00182605220470577
0.00131475762464106
0.00175787962507457
0.00107128394301981
0.00103232823312283
0.00209874263964593
0.00184066058136523
0.00124171550851315
0.00114432605914772
0.00128067133482546
0.00169944588560611
0.00142675545066595
0.00129527971148491
0.00191857223398983
0.00320411287248135
0.00372514640912414
0.00296550872735679
0.0048499945551157
0.00787393748760223
0.00857514142990112
0.00362288765609264
0.00283403298817575
0.00281942449510098
0.002444475190714
0.0019964836537838
0.00281942449510098
0.00236169411800802
0.00133910495787859
0.00176761858165264
0.00188935536425561
0.00125145446509123
0.00135371333453804
0.00136345229111612
0.00135371333453804
0.00162153434939682
0.00152414490003139
0.00139266916085035
0.0016702291322872
0.00173353217542171
0.00210361205972731
0.00185526907444
0.00200135330669582
0.00165075121913105
0.00125145446509123
0.000886244000867009
0.00097389449365437
0.00127580179832876
0.00135371333453804
0.0011881513055414
0.00137806078419089
0.00231786887161434
0.00277559924870729
0.00208900379948318
0.00215717637911439
0.00488408096134663
0.00379818864166737
0.00446530617773533
0.00494251446798444
0.00391505612060428
0.00229352153837681
0.00172866275534034
0.0020354394800961
0.00145110278390348
0.00135371333453804
0.000969025015365332
0.000944677682127804
0.00115893443580717
0.00106641452293843
0.00105180602986366
0.00074989878339693
0.000813201942946762
0.000608684087637812
0.00072555139195174
0.000696334580425173
0.000662248290609568
0.000633031420875341
0.000637900899164379
0.00065737881232053
0.000535641971509904
0.000374949391698465
0.000662248290609568
0.000443122000433505
0.000506425159983337
0.000710943015292287
0.000516164116561413
0.000662248290609568
0.000667117768898606
0.00061355356592685
0.00124658492859453
0.00224482687190175
0.0026343846693635
0.00450913142412901
0.0054489397443831
0.0066273519769311
0.00704612676054239
0.00645692041143775
0.00405627069994807
0.00469417171552777
0.00334532768465579
0.00180657429154962
0.00165075121913105
0.00175787962507457
0.000696334580425173
0.00157283968292177
0.00155336176976562
0.00190883327741176
0.00132936600130051
0.00139266916085035
0.00105180602986366
0.00176761858165264
0.00161179539281875
0.0014072775375098
0.000891113479156047
0.00104206707328558
0.00106641452293843
0.00176274904515594
0.00104206707328558
0.00118328188546002
0.00130014913156629
0.00117354292888194
0.00108102289959788
0.000871635565999895
0.00115406501572579
0.00153875327669084
0.000706073537003249
0.000822940841317177
0.0011881513055414
0.00115893443580717
0.00157770910300314
0.00288272765465081
0.0034427170176059
0.00474773580208421
0.00398809788748622
0.0036423655692488
0.00393940322101116
0.00247369194403291
0.00237143319100142
0.00205004797317088
0.00110050081275404
0.00106641452293843
0.000891113479156047
0.00074989878339693
0.00130014913156629
0.00141701649408787
0.000915460812393576
0.00115893443580717
0.00065737881232053
0.000852157711051404
0.000920330290682614
0.00104206707328558
0.000983633450232446
0.00112971768248826
0.00111023976933211
0.000988502986729145
0.000516164116561413
0.00116380397230387
0.00137806078419089
0.00161666492931545
0.00162640388589352
0.000827810319606215
0.000993372406810522
0.00126606284175068
0.000633031420875341
0.000745029305107892
0.00127093237824738
0.000618422986008227
0.00173840171191841
0.00335019710473716
0.00396375078707933
0.00364723498933017
0.00279507716186345
0.00209387321956456
0.00250290893018246
0.00305315922014415
0.00161179539281875
0.00114432605914772
0.00116867339238524
0.000949547160416842
0.00097389449365437
0.000886244000867009
0.000574597739614546
0.00110537023283541
0.00134884391445667
0.00111023976933211
0.001222237595357
0.00150466698687524
0.00157283968292177
0.00127580179832876
0.00146084174048156
0.00151440594345331
0.00124171550851315
0.00054538092808798
0.00114432605914772
0.00112971768248826
0.00116867339238524
0.00173840171191841
0.0014413638273254
0.000603814609348774
0.00113458710256964
0.00141701649408787
0.00111510918941349
0.000818071363028139
0.00110537023283541
0.00123684597201645
0.00205978681333363
0.00281942449510098
0.0024055193644017
0.00316515704616904
0.00264412350952625
0.00186013849452138
0.0020354394800961
0.00206465646624565
0.00151440594345331
0.00116867339238524
0.000993372406810522
0.00119302072562277
0.000949547160416842
0.00106641452293843
0.00116380397230387
0.00143649440724403
0.00157283968292177
0.00118328188546002
0.00129527971148491
0.00135371333453804
0.00168970692902803
0.00179683533497155
0.00146084174048156
0.000667117768898606
0.0010371976532042
0.00148031965363771
0.0016312733059749
0.0011881513055414
0.00132936600130051
0.00168483750894666
0.00157770910300314
0.00172379333525896
0.00130501866806298
0.00151927547995001
0.00110537023283541
0.00162640388589352
0.00155336176976562
0.00127093237824738
0.00179683533497155
0.00176274904515594
0.00205491739325225
0.0030044645536691
0.00263925408944488
0.00162153434939682
0.00232760794460773
0.00217178487218916
0.00147545023355633
0.000740159826818854
0.000915460812393576
0.000915460812393576
0.00133910495787859
0.00152901443652809
0.00139266916085035
0.00170918484218419
0.00214256788603961
0.00171405437868088
0.00150953652337193
0.00170918484218419
0.00148031965363771
0.00164588168263435
0.00106641452293843
0.00117354292888194
0.00093006924726069
0.00193805003073066
0.00179196591489017
0.00093006924726069
0.000857027189340442
0.00076937663834542
0.00136345229111612
0.00208900379948318
0.00150953652337193
0.00168970692902803
0.00158257852308452
0.000866766087710857
0.0012271071318537
0.00128067133482546
0.00154362281318754
0.00093006924726069
0.00124658492859453
0.00195752806030214
0.00250290893018246
0.0030434203799814
0.0020062227267772
0.00121736817527562
0.00215717637911439
0.00179196591489017
0.00189909432083368
0.00251751742325723
0.00212308997288346
0.00141701649408787
0.00131475762464106
0.00107615347951651
0.000866766087710857
0.000895982957445085
0.000842418754473329
0.00111997872591019
0.00113945652265102
0.00114432605914772
0.000939808203838766
0.00127093237824738
0.00131962704472244
0.00137806078419089
0.00175301008857787
0.00137319124769419
0.00104206707328558
0.000438252522144467
0.000998241826891899
0.00123197655193508
0.00110050081275404
0.000925199768971652
0.000691465102136135
0.000501555681694299
0.000608684087637812
0.00125632388517261
0.0022643047850579
0.0024055193644017
0.00213282904587686
0.00230813003145158
0.0014121470740065
0.00119302072562277
0.00104693660978228
0.00102745869662613
0.00117354292888194
0.00108102289959788
0.00107128394301981
0.000939808203838766
0.00109076185617596
0.00104206707328558
0.000925199768971652
0.000808332464657724
0.00093006924726069
0.00112484814599156
0.00125632388517261
0.00102745869662613
0.000618422986008227
0.000525903014931828
0.000832679797895253
0.00114432605914772
0.000827810319606215
0.00110537023283541
0.00128554075490683
0.00110537023283541
0.00102745869662613
0.000788854551501572
0.000706073537003249
0.000652509334031492
0.000764507218264043
0.00074989878339693
0.000779115594923496
0.000647639855742455
0.000715812493581325
0.00166049017570913
0.002824294148013
0.00267820991575718
0.00139266916085035
0.00143162498716265
0.00152414490003139
0.00240064994432032
0.00192344165407121
0.00133910495787859
0.000964155537076294
0.000915460812393576
0.000988502986729145
0.000671987188979983
0.000662248290609568
0.000623292464297265
0.000759637739975005
0.000730420870240778
0.00093006924726069
0.000842418754473329
0.000759637739975005
0.00065737881232053
0.000559989362955093
0.000491816725116223
0.00076937663834542
0.000696334580425173
0.000389557797461748
0.00112484814599156
0.00114919547922909
0.000774246116634458
0.000584336696192622
0.000467469362774864
0.000535641971509904
0.000443122000433505
0.000574597739614546
0.000764507218264043
0.000783985073212534
0.000516164116561413
0.000818071363028139
0.00107615347951651
0.00112484814599156
0.00142188603058457
0.00143649440724403
0.00126606284175068
0.00111023976933211
0.00134397437795997
0.000939808203838766
0.00074989878339693
0.00074989878339693
0.000895982957445085
0.000681726145558059
0.000555119884666055
0.000808332464657724
0.000701204058714211
0.000482077768538147
0.000443122000433505
0.000438252522144467
0.000491816725116223
0.000447991478722543
0.000219126261072233
0.000214256797335111
0.000311646232148632
0.000540511449798942
0.000584336696192622
0.000482077768538147
0.000555119884666055
0.000598945131059736
0.00052103353664279
0.000574597739614546
0.000472338841063902
0.000584336696192622
0.000365210435120389
0.000506425159983337
0.000574597739614546
0.000511294638272375
0.000535641971509904
0.00146084174048156
0.00526389991864562
0.0057264999486506
0.00215230695903301
0.000964155537076294
0.00105667556636035
0.00112484814599156
0.000886244000867009
0.00105667556636035
0.000676856667269021
0.000399296754039824
0.000564858841244131
0.00061355356592685
0.00045286095701158
0.000579467217903584
0.00054538092808798
0.000530772493220866
0.00047720831935294
0.000530772493220866
0.000584336696192622
0.000447991478722543
0.00027269046404399
0.000423644116381183
0.000457730406196788
0.000501555681694299
0.000404166232328862
0.000569728261325508
0.000813201942946762
0.000642770377453417
0.000467469362774864
0.000389557797461748
0.000292168348096311
0.000516164116561413
0.000496686203405261
0.00045286095701158
0.000389557797461748
0.000228865203098394
0.000457730406196788
0.000774246116634458
0.00120275968220085
0.000735290348529816
0.00123684597201645
0.000842418754473329
0.000715812493581325
0.000745029305107892
0.000686595623847097
0.000482077768538147
0.000491816725116223
0.000681726145558059
0.000579467217903584
0.000428513594670221
0.00058920617448166
0.000516164116561413
0.000574597739614546
0.000569728261325508
0.000540511449798942
0.000491816725116223
0.000394427275750786
0.000365210435120389
0.000219126261072233
0.000287298869807273
0.000345732551068068
0.000413905159803107
0.000321385188726708
0.00034086307277903
0.000525903014931828
0.000603814609348774
0.000467469362774864
0.000365210435120389
0.000472338841063902
0.000443122000433505
0.000413905159803107
0.000413905159803107
0.000423644116381183
0.000462599884485826
0.000530772493220866
0.000954416638705879
0.00309211504645646
0.0030823762062937
0.00149005861021578
0.00105180602986366
0.000555119884666055
0.000715812493581325
0.000783985073212534
0.000671987188979983
0.000598945131059736
0.000633031420875341
0.000535641971509904
0.000486947246827185
0.000467469362774864
0.000413905159803107
0.000555119884666055
0.000535641971509904
