% Type: Spectrum
% Date: 11-DEC-24 14:34:08
% NoOfItems: = 1601
% Unit_Y: = dB
% Unit_X: = Hz
% Min_X: = 0
% Max_X: = 1000
% MinDisplay_X: = 0
% MaxDisplay_X: = 1000
0
0
0
0
0.109319910407066
0.0443546958267689
0.0333530679345131
0.0168240275233984
0.0123218232765794
0.0103149330243468
0.00939611531794071
0.00940578710287809
0.0046182656660676
0.00575469760224223
0.00455539906397462
0.00427008233964443
0.0057160104624927
0.00534848356619477
0.00462310155853629
0.00339962379075587
0.00253883725963533
0.00224384851753712
0.00305627635680139
0.0051163611933589
0.00357371545396745
0.00257268827408552
0.00254850881174207
0.0035205208696425
0.00366076128557324
0.00335610099136829
0.00294988695532084
0.00172640930395573
0.00234540202654898
0.00363174616359174
0.0027177648153156
0.00582723598927259
0.0203010253608227
0.193904295563698
0.262704372406006
0.0837139263749123
0.00789699237793684
0.00370428431779146
0.00294505106285214
0.00320618855766952
0.00200205435976386
0.00253883725963533
0.00236958125606179
0.00248080655001104
0.00369944842532277
0.00386870419606566
0.0027177648153156
0.0022003254853189
0.00112192425876856
0.000928489025682211
0.000580305641051382
0.000846279028337449
0.00119929830543697
0.00130568770691752
0.00124765711370856
0.00070603855419904
0.00102520664222538
0.00122831354383379
0.00540167838335037
0.00985068827867508
0.00523725850507617
0.00106872955802828
0.00193918799050152
0.0022535203024745
0.00131535949185491
0.000976847833953798
0.00296439463272691
0.0026355548761785
0.00553708290681243
0.0086320461705327
0.0358290374279022
0.239501804113388
0.316919416189194
0.109411790966988
0.0132358046248555
0.00848697032779455
0.00998609326779842
0.00653327442705631
0.00323520391248167
0.00220516137778759
0.00296439463272691
0.00344314682297409
0.00155231752432883
0.00130085181444883
0.00132019526790828
0.00138306175358593
0.00151363050099462
0.00160067633260041
0.0021713103633374
0.00413467781618237
0.00301758921705186
0.00583690730854869
0.00717161037027836
0.00341896736063063
0.00576436938717961
0.0050583309493959
0.00169739394914359
0.00268391356803477
0.00351084908470511
0.00309979938901961
0.00426524644717574
0.00563380075618625
0.00320618855766952
0.00796953029930592
0.0160647947341204
0.0131003996357322
0.0101360054686666
0.0111370319500566
0.0970948040485382
0.262776911258698
0.174425363540649
0.0187680516391993
0.0249096192419529
0.0119301164522767
0.00406213942915201
0.00399927282705903
0.00231155077926815
0.00233089434914291
0.00351084908470511
0.00348183372989297
0.00264039053581655
0.00219548959285021
0.00173608108889312
0.00234056613408029
0.00176509632728994
0.00132019526790828
0.000599649152718484
0.000768904981669039
0.00150395883247256
0.00200689025223255
0.00158133287914097
0.00132986705284566
0.00158616877160966
0.000942996644880623
0.000628664449322969
0.000657679745927453
0.00119929830543697
0.00210360786877573
0.00364141794852912
0.00266456999816
0.00147494347766042
0.0042894259095192
0.00565314386039972
0.00386870419606566
0.00744241988286376
0.0061028809286654
0.0576678737998009
0.107380725443363
0.0528996959328651
0.0103197684511542
0.00788732059299946
0.00372846378013492
0.00618992699310184
0.00517439190298319
0.00283866166137159
0.00590944569557905
0.0192177891731262
0.014526984654367
0.00431360537186265
0.00339478789828718
0.00218581780791283
0.00150395883247256
0.00183763448148966
0.00192951620556414
0.00263071898370981
0.00198271102271974
0.00142174877692014
0.00274194404482841
0.00207942863926291
0.00179894745815545
0.0016103481175378
0.000802756112534553
0.000749561470001936
0.00127667235210538
0.00133953883778304
0.00116061128210276
0.00252432958222926
0.00224868441000581
0.00144592823926359
0.00199721846729517
0.00176993221975863
0.00179894745815545
0.00320618855766952
0.00261137541383505
0.0140724116936326
0.0221096444875002
0.0169836115092039
0.00950734037905931
0.0067073660902679
0.00183279858902097
0.00214229500852525
0.00225835619494319
0.00234540202654898
0.00242277607321739
0.00178927567321807
0.00186181394383311
0.00162485579494387
0.00150879460852593
0.00155231752432883
0.00218581780791283
0.00180378335062414
0.0014846152625978
0.00353019265457988
0.00314332218840718
0.00554191879928112
0.00831287819892168
0.00291120004840195
0.00187632150482386
0.00149428704753518
0.00162969168741256
0.00250982190482318
0.00229704310186207
0.00154264585580677
0.00204074149951339
0.00423139519989491
0.00311914272606373
0.00305627635680139
0.00443933811038733
0.00538233481347561
0.00857885181903839
0.0102569023147225
0.0102569023147225
0.0226996224373579
0.085034117102623
0.0811799243092537
0.0163597837090492
0.00303209689445794
0.00237925304099917
0.00264039053581655
0.00210360786877573
0.00312881451100111
0.00457957852631807
0.00319168111309409
0.00294021517038345
0.00380100193433464
0.00345765450038016
0.00265006232075393
0.00227769953198731
0.00242761196568608
0.00244211964309216
0.00218098191544414
0.00255818059667945
0.00445868168026209
0.00532430410385132
0.00221966905519366
0.00113643181975931
0.00251465779729187
0.00300791766494513
0.00301275332458317
0.00237441714853048
0.00154264585580677
0.00111225247383118
0.00171190162654966
0.00323036802001297
0.00464728102087975
0.00413951370865107
0.00303209689445794
0.00564830843359232
0.00618992699310184
0.0208571515977383
0.051105584949255
0.0363271310925484
0.0164371579885483
0.0120316706597805
0.00487940339371562
0.0023647453635931
0.00302242510952055
0.00233089434914291
0.00249531422741711
0.00328839849680662
0.00282415421679616
0.00256301648914814
0.00299824588000774
0.0037381355650723
0.00344798271544278
0.00322553212754428
0.00542585784569383
0.00530979642644525
0.00407664710655808
0.00351568497717381
0.00579822063446045
0.00583690730854869
0.00303693278692663
0.00357855134643614
0.00397992972284555
0.0044538457877934
0.00361723848618567
0.00245179142802954
0.00382518139667809
0.00453122006729245
0.00448769703507423
0.004565070848912
0.00368010485544801
0.0053871707059443
0.00391706312075257
0.00589977391064167
0.00497612077742815
0.0454717837274075
0.091020941734314
0.0959003418684006
0.0452251508831978
0.00914464984089136
0.00302726100198925
0.00394607847556472
0.00337060866877437
0.00443450221791863
0.00517922779545188
0.00375264300964773
0.00236958125606179
0.00337060866877437
0.00257752416655421
0.00184730626642704
0.00198271102271974
0.00163936347234994
0.00180378335062414
0.00212778733111918
0.00154264585580677
0.00176509632728994
0.00259686773642898
0.00214713090099394
0.00205041328445077
0.00289669237099588
0.00235507381148636
0.00220999727025628
0.00182312692049891
0.00141691288445145
0.00165387103334069
0.00178443978074938
0.00516472011804581
0.0050534950569272
0.00169739394914359
0.00197303923778236
0.00219548959285021
0.00277095939964056
0.00653327442705631
0.0260460507124662
0.0441902726888657
0.0432424433529377
0.0192806553095579
0.0149186905473471
0.00591428158804774
0.00286767701618373
0.00299340998753905
0.0030514404643327
0.0027177648153156
0.00178927567321807
0.00318200932815671
0.00445868168026209
0.0029692305251956
0.00199721846729517
0.00235507381148636
0.00216647447086871
0.00130568770691752
0.00172640930395573
0.00293537927791476
0.00221483316272497
0.00336577277630568
0.00214713090099394
0.00165870692580938
0.00208426429890096
0.00135404651518911
0.00287734880112112
0.00248564244247973
0.00197303923778236
0.0020359056070447
0.00211327965371311
0.00212295143865049
0.00310463504865766
0.00298857409507036
0.00232122256420553
0.00180861924309283
0.00320618855766952
0.00424590287730098
0.0227286368608475
0.0278449989855289
0.0130472052842379
0.0207265838980675
0.0119833117350936
0.00545487320050597
0.00814845878630877
0.00480202911421657
0.00321102445013821
0.00369944842532277
0.00252432958222926
0.00150879460852593
0.00172157341148704
0.0016103481175378
0.00201656203716993
0.00215196679346263
0.00192951620556414
0.00193918799050152
0.00231638667173684
0.00285800523124635
0.00743758399039507
0.00725865643471479
0.00323036802001297
0.00740373274311423
0.00507767451927066
0.00167321460321546
0.00302242510952055
0.00282415421679616
0.00199238257482648
0.00306594814173877
0.0036559256259352
0.00356887956149876
0.00334642920643091
0.00355920800939202
0.00435229251161218
0.00900924485176802
0.0098410164937377
0.0109435971826315
0.0381696037948132
0.0702218189835548
0.0363126248121262
0.0239472799003124
0.00909629091620445
0.00443450221791863
0.00513570476323366
0.00370912021026015
0.00421688752248883
0.00457957852631807
0.0051163611933589
0.00512119708582759
0.00323036802001297
0.00159584055654705
0.00344314682297409
0.00431844126433134
0.00246146298013628
0.00309496349655092
0.0036559256259352
0.00276128761470318
0.00346249039284885
0.00396058615297079
0.00324003980495036
0.00297890231013298
0.00328356283716857
0.00337060866877437
0.00249047833494842
0.00200205435976386
0.0022535203024745
0.00167321460321546
0.00175542454235256
0.00236958125606179
0.0026694058906287
0.00304176867939532
0.00269842124544084
0.00332224974408746
0.00504865916445851
0.012113880366087
0.0217856410890818
0.0375409387052059
0.0381454229354858
0.0200882460922003
0.00646073604002595
0.00511152530089021
0.00250982190482318
0.00153297407086939
0.00139756943099201
0.00157166109420359
0.0020359056070447
0.00194402388297021
0.00149912294000387
0.000947832537349313
0.00238408893346786
0.00207942863926291
0.00120897009037435
0.00127667235210538
0.00111225247383118
0.00236958125606179
0.00260170362889767
0.00202139792963862
0.00129118002951145
0.00171673751901835
0.00142174877692014
0.00133953883778304
0.00136371830012649
0.00166837871074677
0.00126700068358332
0.00150879460852593
0.0021713103633374
0.00160551222506911
0.00173608108889312
0.00240343250334263
0.000778576708398759
0.00287734880112112
0.00764552690088749
0.02232725918293
0.0272018276154995
0.0247210208326578
0.0177718605846167
0.00972979143261909
0.00552257522940636
0.00328356283716857
0.00205041328445077
0.0027177648153156
0.00289669237099588
0.00237441714853048
0.00200205435976386
0.00231155077926815
0.00227769953198731
0.00239859661087394
0.00200689025223255
0.0010977447964251
0.00190050096716732
0.00275645172223449
0.0015668252017349
0.00291603594087064
0.00326421926729381
0.00251949368976057
0.00243244785815477
0.00192951620556414
0.00215196679346263
0.0018279628129676
0.00180378335062414
0.00172640930395573
0.00114610360469669
0.00153297407086939
0.0015281381784007
0.00243244785815477
0.00362691027112305
0.00402345228940248
0.00567732332274318
0.00647524371743202
0.00999576505273581
0.0243680011481047
0.028285063803196
0.0271969903260469
0.0170900002121925
0.00856918003410101
0.00519857136532664
0.00424106698483229
0.00336577277630568
0.00356404390186071
0.00218581780791283
0.00172640930395573
0.00202623382210732
0.00176993221975863
0.00182312692049891
0.00273227225989103
0.00222450494766235
0.00203106971457601
0.00303209689445794
0.00324487569741905
0.00195853156037629
0.0043426207266748
0.00485522393137217
0.00232605845667422
0.00181345513556153
0.00178443978074938
0.00188599328976125
0.00174575275741518
0.00242277607321739
0.00160067633260041
0.00139273353852332
0.00240826839581132
0.00232605845667422
0.00259203184396029
0.00232122256420553
0.00426041055470705
0.00358822313137352
0.0058224000968039
0.0193967167288065
0.0371395610272884
0.0375022515654564
0.0295375566929579
0.0171431954950094
0.0100392876192927
0.00530496053397655
0.00468596816062927
0.00401861639693379
0.00387354008853436
0.00439097918570042
0.0031868452206254
0.00509218219667673
0.00437647150829434
0.00338028045371175
0.00308045581914485
0.00238892482593656
0.00357855134643614
0.00308045581914485
0.00410082656890154
0.00296439463272691
0.00331257795915008
0.00427491823211312
0.00441032275557518
0.00340445968322456
0.00324971158988774
0.00221483316272497
0.00351084908470511
0.0029692305251956
0.00363658205606043
0.00356887956149876
0.00431844126433134
0.00583690730854869
0.00685244239866734
0.00699751870706677
0.00792600773274899
0.00787764880806208
0.00771806482225657
0.0347554720938206
0.0499643161892891
0.0333772450685501
0.0330145545303822
0.0217372812330723
0.0146914040669799
0.0112482579424977
0.00889801979064941
0.00770839303731918
0.00591911748051643
0.00375264300964773
0.00364141794852912
0.00470047583803535
0.004183036275208
0.00465211691334844
0.00422655930742621
0.00259686773642898
0.00393157079815865
0.0028048106469214
0.00484071625396609
0.00482620857656002
0.00425557466223836
0.00518889958038926
0.00336577277630568
0.00354953622445464
0.00388321187347174
0.00317233754321933
0.00255334470421076
0.00214229500852525
0.0023647453635931
0.003298070281744
0.00207942863926291
0.00317233754321933
0.00325454748235643
0.00297406641766429
0.0033851161133498
0.00604001432657242
0.0103729628026485
0.0204509384930134
0.0235023777931929
0.0278788506984711
0.0195272844284773
0.00875777937471867
0.0038203455042094
0.0037671506870538
0.0028870205860585
0.00175058864988387
0.00234056613408029
0.00290636415593326
0.00235507381148636
0.00139756943099201
0.00128634413704276
0.00150395883247256
0.00162969168741256
0.00200689025223255
0.00218098191544414
0.00168288638815284
0.00193918799050152
0.00162485579494387
0.00140724121592939
0.00187632150482386
0.00228737131692469
0.00260170362889767
0.00268874946050346
0.00235023791901767
0.00253883725963533
0.00212778733111918
0.00136371830012649
0.00146527169272304
0.00108807312790304
0.00177960400469601
0.0018666498363018
0.00187632150482386
0.00338028045371175
0.00623828545212746
0.0151604851707816
0.0248322449624538
0.0280867926776409
0.0219935830682516
0.010861387476325
0.007423076312989
0.00715226680040359
0.00443933811038733
0.00176026043482125
0.00385903241112828
0.00341896736063063
0.00223901262506843
0.00176993221975863
0.00264522642828524
0.00257268827408552
0.00274194404482841
0.00260170362889767
0.00153780996333808
0.00180861924309283
0.00221966905519366
0.00103971431963146
0.00181345513556153
0.0022003254853189
0.0027516158297658
0.00282898987643421
0.00220999727025628
0.00275645172223449
0.00181829102803022
0.00138306175358593
0.00166837871074677
0.00230671488679945
0.00204074149951339
0.00175058864988387
0.00130568770691752
0.0020359056070447
0.00287251290865242
0.00370912021026015
0.00460375798866153
0.0104503370821476
0.0144786257296801
0.0174623634666204
0.0140433963388205
0.00856918003410101
0.00793084409087896
0.00755848083645105
0.00446351757273078
0.00255818059667945
0.00175542454235256
0.00177476811222732
0.00147977937012911
0.00131052359938622
0.000918817240744829
0.00102520664222538
0.00119446241296828
0.00136855407617986
0.00137338996864855
0.00113159604370594
0.000826935516670346
0.000928489025682211
0.000875294324941933
0.000701202661730349
0.00116061128210276
0.00117511895950884
0.000725382065866143
0.000880130217410624
0.00092365313321352
0.000788248493336141
0.00138789764605463
0.00110741658136249
0.00116544717457145
0.00123798532877117
0.000831771409139037
0.00100586307235062
0.00137822586111724
0.00203106971457601
0.00299824588000774
0.00580789241939783
0.00836607255041599
0.00921235233545303
0.0111176883801818
0.00780994677916169
0.00539200659841299
0.00356404390186071
0.00283866166137159
0.00236958125606179
0.00166354281827807
0.00129601592198014
0.000585141533520073
0.000531946832779795
0.000754397304262966
0.000880130217410624
0.00128150824457407
0.000904309621546417
0.000677023257594556
0.000947832537349313
0.00071087438846007
0.000880130217410624
0.00102037074975669
0.000802756112534553
0.000744725577533245
0.000662515580188483
0.000764069089200348
0.000899473729077727
0.000691530876792967
0.000744725577533245
0.000589977425988764
0.00049809564370662
0.000609320937655866
0.000817263789940625
0.000967176049016416
0.00106872955802828
0.00104938598815352
0.00133953883778304
0.00172157341148704
0.00254850881174207
0.00403312407433987
0.00530496053397655
0.004947105422616
0.00301275332458317
0.00151846639346331
0.00124282122123986
0.00122831354383379
0.00112676015123725
0.000628664449322969
0.000585141533520073
0.000435229216236621
0.000677023257594556
0.000667351472657174
0.000648007960990071
0.000502931536175311
0.000444901001174003
0.000304660468827933
0.000382034544600174
0.000420721597038209
0.000517439213581383
0.000411049812100828
0.000367526896297932
0.000618992664385587
0.000585141533520073
0.000343347492162138
0.000285316928057
0.000386870437068865
0.000420721597038209
0.000348183384630829
0.000338511628797278
0.000265973416389897
0.000435229216236621
0.00100586307235062
0.001141267712228
0.00150395883247256
0.00207942863926291
0.00657679699361324
0.0256398376077414
0.0248612612485886
0.00696366745978594
0.00286767701618373
0.00147494347766042
0.00176026043482125
0.00143625645432621
0.000517439213581383
0.000473916268674657
0.000386870437068865
0.00035301927709952
0.000275645172223449
0.000420721597038209
0.000328839872963727
0.00035785514046438
0.000251465768087655
0.000154748166096397
0.00014024053234607
0.000203106974367984
0.000348183384630829
0.00042555746040307
0.000459408620372415
0.000406213948735967
0.000314332224661484
0.000420721597038209
0.000386870437068865
0.000377198652131483
0.000415885704569519
0.000546454451978207
0.000623828556854278
0.000531946832779795
0.000469080376205966
0.000575469748582691
0.000759233196731657
0.000686694984324276
0.000909145514015108
0.00142174877692014
0.00187148572877049
0.00443450221791863
0.00745209166780114
0.00548388808965683
0.00245662708766758
0.00215680268593132
0.00224868441000581
0.00182312692049891
0.00165870692580938
0.00163936347234994
0.000662515580188483
0.00140724121592939
0.00171673751901835
0.00179411156568676
0.00142174877692014
0.00113643181975931
0.00160067633260041
0.00178927567321807
0.00107840134296566
0.00125732889864594
0.00138306175358593
0.00131535949185491
0.00155715341679752
0.00156198930926621
0.00214229500852525
0.0019536956679076
0.00116544717457145
0.00107356545049697
0.000778576708398759
0.00035301927709952
0.00104938598815352
0.00111225247383118
0.000527110940311104
0.000952668429818004
0.00115577538963407
0.00148945115506649
0.00219065370038152
0.00320618855766952
0.00678473990410566
0.00822099670767784
0.0100006004795432
0.00535815535113215
0.00339962379075587
0.00317717343568802
0.00243728375062346
0.00192951620556414
0.00180378335062414
0.00121380598284304
0.00100102717988193
0.00178443978074938
0.00124765711370856
0.00103487842716277
0.00115093949716538
0.0011025806888938
0.00123314943630248
0.00139756943099201
0.00111225247383118
0.00150879460852593
0.00178443978074938
0.00176993221975863
0.00149912294000387
0.00149912294000387
0.00219548959285021
0.00179411156568676
0.00203106971457601
0.00243244785815477
0.0018279628129676
0.00230187899433076
0.00232605845667422
0.00212778733111918
0.00125249300617725
0.0026694058906287
0.0028338257689029
0.00262104719877243
0.0027516158297658
0.00357371545396745
0.00422172341495752
0.00884966086596251
0.00933808460831642
0.0050534950569272
0.00417336449027061
0.00347216217778623
0.00359305902384222
0.00292570749297738
0.00145560002420098
0.00200205435976386
0.00213745911605656
0.00176026043482125
0.00161518401000649
0.0011847906280309
0.00143142056185752
0.00113159604370594
0.0016925580566749
0.00220516137778759
0.00202139792963862
0.00209877197630703
0.00207459274679422
0.00104455009568483
0.00240826839581132
0.00332708563655615
0.00252916547469795
0.00248564244247973
0.00219065370038152
0.0027226007077843
0.00205041328445077
0.00153780996333808
0.00179411156568676
0.00214229500852525
0.00168288638815284
0.00205041328445077
0.00247597065754235
0.00160067633260041
0.00209877197630703
0.00518889958038926
0.00834189355373383
0.00583207188174129
0.00486005982384086
0.00502447970211506
0.00369461253285408
0.00245179142802954
0.00263071898370981
0.00266456999816
0.0021181155461818
0.00206008506938815
0.00212295143865049
0.0019101727521047
0.00171190162654966
0.00136371830012649
0.00192468031309545
0.00297890231013298
0.00243728375062346
0.00135404651518911
0.00172157341148704
0.0019536956679076
0.00185697805136442
0.001649035140872
0.00246629887260497
0.00204074149951339
0.00139756943099201
0.00078341260086745
0.0011025806888938
0.00099135551135987
0.00151363050099462
0.0022003254853189
0.00199238257482648
0.00156198930926621
0.00174575275741518
0.0016103481175378
0.00208426429890096
0.00238892482593656
0.00188599328976125
0.00311430683359504
0.00584174320101738
0.00618025520816445
0.00510668940842152
0.00358338723890483
0.00344314682297409
0.00297890231013298
0.0025823600590229
0.00318200932815671
0.00121380598284304
0.00158616877160966
0.00107840134296566
0.00144592823926359
0.00150879460852593
0.00126700068358332
0.00163452757988125
0.00206008506938815
0.00230187899433076
0.00242277607321739
0.00252432958222926
0.00246146298013628
0.00160067633260041
0.0015281381784007
0.00201656203716993
0.00184247037395835
0.00145076413173229
0.00143142056185752
0.00153297407086939
0.000972011941485107
0.00170706573408097
0.00143625645432621
0.00130085181444883
0.00200205435976386
0.00261137541383505
0.00209393608383834
0.00232605845667422
0.00259686773642898
0.0029692305251956
0.00477784965187311
0.0067605609074235
0.00783896166831255
0.00469563994556665
0.00507283862680197
0.00358822313137352
0.00273227225989103
0.00316266575828195
0.00239859661087394
0.00183763448148966
0.00201172614470124
0.0016925580566749
0.00212295143865049
0.00197787513025105
0.00190533685963601
0.00180378335062414
0.00256785238161683
0.00263071898370981
0.00182312692049891
0.00098651961889118
0.00150395883247256
0.00119446241296828
0.00146043580025434
0.00167805049568415
0.00175058864988387
0.00157649698667228
0.00143625645432621
0.00140724121592939
0.00098651961889118
0.00111225247383118
0.000817263789940625
0.00172640930395573
0.00192951620556414
0.00159584055654705
0.00170222984161228
0.00145076413173229
0.000957504322286695
0.00179894745815545
0.00404279585927725
0.00364141794852912
0.00431360537186265
0.00323520391248167
0.00337544456124306
0.00328356283716857
0.00258719595149159
0.00218098191544414
0.00160551222506911
0.00134437473025173
0.0013588824076578
0.00149428704753518
0.00185697805136442
0.00157166109420359
0.00139756943099201
0.00180378335062414
0.00248564244247973
0.0019488597754389
0.00154748174827546
0.000976847833953798
0.00113159604370594
0.000996191287413239
0.00144592823926359
0.00131052359938622
0.0016925580566749
0.00167805049568415
0.00146043580025434
0.00105422188062221
0.0014024053234607
0.00141691288445145
0.000938160752411932
0.00113159604370594
0.0014410923467949
0.00180861924309283
0.00143625645432621
0.00141691288445145
0.00187632150482386
0.0023647453635931
0.00368977664038539
0.00259686773642898
0.00372362788766623
0.00391706312075257
0.00292087160050869
0.00192951620556414
0.00219065370038152
0.00157649698667228
0.00199721846729517
0.0016925580566749
0.00126700068358332
0.000865622598212212
0.000701202661730349
0.00108807312790304
0.000880130217410624
0.000541618617717177
0.000817263789940625
0.00106872955802828
0.000928489025682211
0.000667351472657174
0.000488423916976899
0.000560962129384279
0.00064317206852138
0.000459408620372415
0.00063833617605269
0.00078341260086745
0.000657679745927453
0.000599649152718484
0.000522275047842413
0.000435229216236621
0.000865622598212212
0.000648007960990071
0.000648007960990071
0.000904309621546417
0.00104938598815352
0.00130568770691752
0.00120897009037435
0.0040669753216207
0.00580305652692914
0.00567732332274318
0.00574502581730485
0.00404763175174594
0.00320618855766952
0.00340445968322456
0.00303693278692663
0.00178927567321807
0.00187632150482386
0.00217614625580609
0.00185697805136442
0.00140724121592939
0.00103971431963146
0.000788248493336141
0.00176509632728994
0.00143142056185752
0.00124282122123986
0.00164419924840331
0.0016103481175378
0.00155715341679752
0.00136371830012649
0.001141267712228
0.00157166109420359
0.00206492096185684
0.00174091686494648
0.000972011941485107
0.000957504322286695
0.000793084385804832
0.000764069089200348
0.00126216479111463
0.00114610360469669
0.00098651961889118
0.00128150824457407
0.00127183657605201
0.00116061128210276
0.00111225247383118
0.00192468031309545
0.00308529171161354
0.00415402138605714
0.00394607847556472
0.00369461253285408
0.00369944842532277
0.00252916547469795
0.0019536956679076
0.00137338996864855
0.00157166109420359
0.00186181394383311
0.00141691288445145
0.0010977447964251
0.00098651961889118
0.0011025806888938
0.00139756943099201
0.00143142056185752
0.00187148572877049
0.00163936347234994
0.00130085181444883
0.00129118002951145
0.00154748174827546
0.00113159604370594
0.00117995485197753
0.00141207710839808
0.00160551222506911
0.00192468031309545
0.0014024053234607
0.000972011941485107
0.00114610360469669
0.00112676015123725
0.000802756112534553
0.00129601592198014
0.000841443194076419
0.00107356545049697
0.00158133287914097
0.00132986705284566
0.00063833617605269
0.00125732889864594
0.00244211964309216
0.00381067371927202
0.00341896736063063
0.00210844376124442
0.00265973410569131
0.00314332218840718
0.00207459274679422
0.00168772228062153
0.0016103481175378
0.00165387103334069
0.00117028306704015
0.000942996644880623
0.00064317206852138
0.000894637836609036
0.000817263789940625
0.001015534857288
0.00146527169272304
0.0014410923467949
0.00137822586111724
0.00163452757988125
0.00145560002420098
0.000744725577533245
0.00137338996864855
0.00129601592198014
0.00137338996864855
0.00135404651518911
0.00098651961889118
0.00103004253469408
0.00136371830012649
0.00122347776778042
0.000899473729077727
0.00100586307235062
0.000527110940311104
0.000691530876792967
0.00124765711370856
0.000933324918150902
0.00155231752432883
0.00234056613408029
0.00405730353668332
0.00390739133581519
0.00186181394383311
0.00132019526790828
0.00174575275741518
0.00232605845667422
0.00117995485197753
0.000904309621546417
0.000880130217410624
0.0010977447964251
0.00162969168741256
0.00108807312790304
0.000725382065866143
0.00128150824457407
0.00131052359938622
0.000594813260249794
0.000947832537349313
0.00119446241296828
0.00122831354383379
0.00176509632728994
0.00136855407617986
0.00102037074975669
0.00122831354383379
0.00147010758519173
0.00111225247383118
0.000778576708398759
0.00121864187531173
0.001523302285932
0.00133953883778304
0.000889802002348006
0.00107840134296566
0.00163452757988125
0.00158133287914097
0.000546454451978207
0.00145076413173229
0.00132019526790828
0.00180378335062414
0.00198271102271974
0.00215196679346263
0.00229220720939338
0.00309496349655092
0.00265489821322262
0.00198754691518843
0.00134437473025173
0.00121380598284304
0.00132986705284566
0.00220999727025628
0.00203106971457601
0.00174575275741518
0.00119446241296828
0.00104455009568483
0.00124765711370856
0.000865622598212212
0.00122831354383379
0.0011847906280309
0.00212778733111918
0.00211327965371311
0.00177960400469601
0.00113159604370594
0.000797920278273523
0.000904309621546417
0.00142174877692014
0.00141207710839808
0.000904309621546417
0.00106389366555959
0.000749561470001936
0.00125732889864594
0.00145560002420098
0.00145560002420098
0.00106389366555959
0.000822099624201655
0.00108807312790304
0.00101069896481931
0.00103004253469408
0.00176026043482125
0.00168288638815284
0.00158616877160966
0.00208910019136965
0.00276128761470318
0.00270809303037822
0.00159100466407835
0.00137822586111724
0.00136855407617986
0.0015281381784007
0.002282535424456
0.00288218469358981
0.00256301648914814
0.000855950813274831
0.00184247037395835
0.00191984453704208
0.00161518401000649
0.00117028306704015
0.00121380598284304
0.00144592823926359
0.000875294324941933
0.000778576708398759
0.001015534857288
0.000773740874137729
0.000797920278273523
0.00106872955802828
0.000807592005003244
0.000928489025682211
0.00119446241296828
0.00101069896481931
0.00112676015123725
0.00117511895950884
0.00116544717457145
0.00111225247383118
0.000899473729077727
0.00117511895950884
0.000730217900127172
0.000894637836609036
0.00141691288445145
0.00189082918222994
0.00193918799050152
0.00225835619494319
0.00223901262506843
0.00192468031309545
0.00165870692580938
0.00135404651518911
0.000686694984324276
0.00114610360469669
0.00144592823926359
0.00117511895950884
0.00144592823926359
0.000996191287413239
0.00111225247383118
0.00107356545049697
0.00105422188062221
0.00099135551135987
0.000865622598212212
0.000894637836609036
0.00100586307235062
0.000913981406483799
0.000942996644880623
0.000768904981669039
0.000725382065866143
0.000860786705743521
0.000841443194076419
0.000793084385804832
0.000652843853458762
0.00063833617605269
0.000599649152718484
0.000715710280928761
0.00092365313321352
0.000739889685064554
0.000681859150063246
0.00071087438846007
0.000594813260249794
0.000522275047842413
0.000899473729077727
0.0015281381784007
0.00226802797988057
0.00226319208741188
0.001523302285932
0.0013588824076578
0.00184730626642704
0.00164419924840331
0.00103971431963146
0.000580305641051382
0.00063350034179166
0.00071087438846007
0.000730217900127172
0.000570633856114
0.000715710280928761
0.000560962129384279
0.000628664449322969
0.000764069089200348
0.000382034544600174
0.000464244512841105
0.000464244512841105
0.00035301927709952
0.000420721597038209
0.000541618617717177
0.00064317206852138
0.000672187365125865
0.000942996644880623
0.00049809564370662
0.000348183384630829
0.000527110940311104
0.000657679745927453
0.000551290344446898
0.000580305641051382
0.000604485045187175
0.000662515580188483
0.000672187365125865
0.000551290344446898
0.000570633856114
0.000430393352871761
0.000865622598212212
0.00162001990247518
0.00168288638815284
0.000604485045187175
0.000691530876792967
0.000686694984324276
0.000899473729077727
0.000662515580188483
0.000372362788766623
0.000459408620372415
0.000575469748582691
0.000560962129384279
0.000507767428644001
0.000449736864538863
0.000420721597038209
0.000599649152718484
0.000531946832779795
0.000319168088026345
0.000488423916976899
0.000517439213581383
0.00028048106469214
0.000362691032933071
0.00049325980944559
0.000614156771916896
0.000483588024508208
0.000440065108705312
0.00049809564370662
0.000411049812100828
0.000502931536175311
0.000473916268674657
0.000464244512841105
0.000444901001174003
0.000551290344446898
0.000556126236915588
0.000527110940311104
0.000826935516670346
0.00184247037395835
0.00471014762297273
0.004183036275208
0.00207459274679422
0.00140724121592939
0.000875294324941933
0.00126700068358332
0.00109290890395641
0.00110741658136249
0.000696366769261658
0.000367526896297932
0.000502931536175311
0.000478752161143348
0.000309496332192793
0.000502931536175311
0.000290152820525691
0.000338511628797278
0.000415885704569519
0.000377198652131483
0.000449736864538863
0.000618992664385587
0.000546454451978207
0.000512603321112692
0.00042555746040307
0.000541618617717177
0.000507767428644001
0.000764069089200348
0.00064317206852138
0.000386870437068865
0.000324003980495036
0.00035301927709952
0.000154748166096397
0.000343347492162138
0.000401378056267276
0.000440065108705312
0.000546454451978207
0.000469080376205966
0.000454572757007554
0.000744725577533245
0.00120897009037435
0.00150395883247256
0.00129118002951145
0.000884966109879315
0.000730217900127172
0.000551290344446898
0.000512603321112692
0.000860786705743521
0.000648007960990071
0.000464244512841105
0.00035785514046438
0.000290152820525691
0.000415885704569519
0.000527110940311104
0.000309496332192793
0.000246629904722795
0.000145076410262845
0.000328839872963727
0.000324003980495036
0.000328839872963727
0.000420721597038209
0.000348183384630829
0.000411049812100828
0.00028048106469214
0.000285316928057
0.000232122256420553
0.000314332224661484
0.000444901001174003
0.000401378056267276
0.000391706300433725
0.000314332224661484
0.000411049812100828
0.000570633856114
0.000575469748582691
0.000614156771916896
0.00071087438846007
0.000720546173397452
0.00142658466938883
0.00293054338544607
0.00273710815235972
0.00146527169272304
0.000599649152718484
0.000570633856114
0.000691530876792967
0.000764069089200348
0.000875294324941933
0.000812427897471935
0.00070603855419904
0.000681859150063246
0.000488423916976899
0.000198271096451208
0.000469080376205966
0.000406213948735967
0.000435229216236621
