% Type: Spectrum
% Date: 11-DEC-24 14:57:26
% NoOfItems: = 1601
% Unit_Y: = dB
% Unit_X: = Hz
% Min_X: = 0
% Max_X: = 1000
% MinDisplay_X: = 0
% MaxDisplay_X: = 1000
0
0
0
0
0.160008013248444
0.1042565330863
0.0995630100369453
0.0909687802195549
0.0595253296196461
0.0861166939139366
0.153427556157112
0.178401559591293
0.144262507557869
0.169506058096886
0.292045146226883
0.450023531913757
0.684794962406158
1.03915619850159
0.769262611865997
0.281421303749084
0.135779276490211
0.0851018726825714
0.0605084300041199
0.0941400825977325
0.0950914770364761
0.130721047520638
0.218962505459785
0.239306405186653
0.21303217113018
0.149003595113754
0.128421857953072
0.155044928193092
0.160325139760971
0.17829056084156
0.172423660755157
0.132592111825943
0.158787056803703
0.149289011955261
0.100371688604355
0.122602514922619
0.192767560482025
0.122697651386261
0.0549745112657547
0.0589227825403214
0.0418770350515842
0.0604608617722988
0.0762856528162956
0.060714565217495
0.0740815997123718
0.072480097413063
0.0714177116751671
0.0742718800902367
0.0909687802195549
0.115435369312763
0.141614466905594
0.207910522818565
0.226367503404617
0.169062077999115
0.173692181706429
0.310977816581726
0.33235239982605
0.310977816581726
0.304000943899155
0.226811483502388
0.158771201968193
0.172217518091202
0.169617056846619
0.110995553433895
0.0701016187667847
0.0886537283658981
0.121524274349213
0.169252350926399
0.169363349676132
0.15984944999218
0.17905168235302
0.142756134271622
0.203010857105255
0.264423102140427
0.416090607643127
0.478977501392365
0.507281363010406
0.633213758468628
0.577367126941681
0.360640406608582
0.207847103476524
0.208576500415802
0.182682812213898
0.199189439415932
0.23099759221077
0.261442095041275
0.173390910029411
0.119573920965195
0.0968356877565384
0.137808904051781
0.135034009814262
0.137935757637024
0.151080802083015
0.130102634429932
0.115514658391476
0.149415865540504
0.132623821496964
0.14066307246685
0.0873852074146271
0.0685635358095169
0.135810986161232
0.0991507396101952
0.0566870123147964
0.0791715383529663
0.0781408697366714
0.0749061405658722
0.0674218684434891
0.0682146921753883
0.0891928523778915
0.0882573202252388
0.135065734386444
0.144928470253944
0.131180882453918
0.107031419873238
0.0586056523025036
0.0710371509194374
0.256827861070633
0.241922736167908
0.0590179190039635
0.0360735543072224
0.0587959289550781
0.0914286226034164
0.117132015526295
0.131767570972443
0.0813597366213799
0.0697844848036766
0.0969942510128021
0.088669590651989
0.0847213193774223
0.0770626217126846
0.0811377465724945
0.0826916843652725
0.0485367700457573
0.085165299475193
0.0847847461700439
0.0470304004848003
0.0839284956455231
0.0868619456887245
0.118622533977032
0.114626690745354
0.109314762055874
0.0986750423908234
0.0757148191332817
0.0467291250824928
0.0567662939429283
0.0707993060350418
0.0735583379864693
0.0433041229844093
0.0329181104898453
0.0290966909378767
0.0226589478552341
0.0244665909558535
0.0256716851145029
0.0262583754956722
0.0243238825351
0.0354710072278976
0.0774114653468132
0.0716079846024513
0.0246251560747623
0.0122887929901481
0.0159675031900406
0.024038465693593
0.0199157726019621
0.0130816185846925
0.0127169191837311
0.00978346448391676
0.0123839322477579
0.0172518789768219
0.0213587153702974
0.0109251337125897
0.0102274473756552
0.0188216734677553
0.0206610281020403
0.0178385712206364
0.0126693490892649
0.0125900665298104
0.0145879862830043
0.0091016348451376
0.00569248618558049
0.00811853166669607
0.00786482729017735
0.00756355375051498
0.0122729362919927
0.0161736365407705
0.0118923801928759
0.00605718558654189
0.00491551728919148
0.00968832615762949
0.01144839823246
0.0104970075190067
0.00895892642438412
0.00743670202791691
0.00518507789820433
0.00784897059202194
0.0129071967676282
0.00895892642438412
0.0197254940867424
0.027352474629879
0.0138902999460697
0.0133036095649004
0.0135097438469529
0.00967246945947409
0.00976760871708393
0.00642188545316458
0.00558149069547653
0.00562905985862017
0.00673901569098234
0.00520093413069844
0.00453496119007468
0.00586690753698349
0.00531193008646369
0.00443982193246484
0.00518507789820433
0.00489966059103608
0.00369456619955599
0.00602547265589237
0.00791239738464355
0.00643774168565869
0.0101323081180453
0.00843566190451384
0.00345671852119267
0.00340914912521839
0.00404340913519263
0.00328229693695903
0.00253704120405018
0.0025687541346997
0.0027590321842581
0.00596204679459333
0.00756355375051498
0.00653288094326854
0.00567662948742509
0.00734156277030706
0.00729399314150214
0.00794410984963179
0.0108934203162789
0.00994202960282564
0.0690868049860001
0.10668258368969
0.0618879459798336
0.0441445149481297
0.0217551272362471
0.00767454970628023
0.00726228021085262
0.00724642397835851
0.00543878180906177
0.00599375972524285
0.00861008372157812
0.00574005581438541
0.00409097876399755
0.00612061191350222
0.00556563399732113
0.00440810900181532
0.00410683546215296
0.00597790302708745
0.00586690753698349
0.00653288094326854
0.00585105130448937
0.00306030595675111
0.00489966059103608
0.00489966059103608
0.00727813690900803
0.0072305672802031
0.0049313735216856
0.00342500559054315
0.00350428814999759
0.00605718558654189
0.00726228021085262
0.00724642397835851
0.00612061191350222
0.00643774168565869
0.00940290838479996
0.0120033761486411
0.00826124008744955
0.00807096250355244
0.00811853166669607
0.00770626263692975
0.0692136511206627
0.147750928997993
0.0805352032184601
0.012098515406251
0.0227540880441666
0.0126852057874203
0.00718299765139818
0.00688172411173582
0.0045666741207242
0.00390070071443915
0.00445567863062024
0.00532778631895781
0.00342500559054315
0.00280660181306303
0.00242604571394622
0.00329815340228379
0.00317130144685507
0.00383727485314012
0.00375799229368567
0.00371042266488075
0.00412269169464707
0.00310787535272539
0.00391655741259456
0.00431296974420547
0.00501065608114004
0.00578762497752905
0.00323472754098475
0.00450324825942516
0.00650116801261902
0.00507408240810037
0.00451910449191928
0.00318715791217983
0.00404340913519263
0.00401169620454311
0.0029493102338165
0.00415440509095788
0.00461424374952912
0.0045508174225688
0.00540706887841225
0.00616818107664585
0.0226272363215685
0.0547208078205585
0.0445884987711906
0.0274000447243452
0.0095139043405652
0.00853080116212368
0.00708785885944963
0.00734156277030706
0.00342500559054315
0.00358357070945203
0.00558149069547653
0.00553392106667161
0.003995839972049
0.00169664621353149
0.00315544498153031
0.00528021669015288
0.00651702424511313
0.00407512253150344
0.00176007230766118
0.00413854839280248
0.00588276423513889
0.00451910449191928
0.00597790302708745
0.00577176874503493
0.00510579533874989
0.00673901569098234
0.0068500111810863
0.00402755290269852
0.00241018901579082
0.00291759730316699
0.00443982193246484
0.00574005581438541
0.0045508174225688
0.00447153486311436
0.00469352630898356
0.00710371509194374
0.00805510580539703
0.00694514997303486
0.00964075606316328
0.0118448110297322
0.0196779258549213
0.0534522868692875
0.0430345609784126
0.0181081313639879
0.0192815121263266
0.0127169191837311
0.00759526714682579
0.0121143711730838
0.00711957179009914
0.00477280886843801
0.00396412657573819
0.00466181291267276
0.0047410954721272
0.00491551728919148
0.0043605393730104
0.00404340913519263
0.00445567863062024
0.00312373181805015
0.00348843168467283
0.00480452179908752
0.00191863742657006
0.00420197425410151
0.00442396569997072
0.0027590321842581
0.00348843168467283
0.00301273632794619
0.00304444949142635
0.00402755290269852
0.00309201888740063
0.00176007230766118
0.00171250279527158
0.00296516693197191
0.00239433255046606
0.00415440509095788
0.00380556168965995
0.00453496119007468
0.00410683546215296
0.0068500111810863
0.011797240935266
0.0129071967676282
0.0131133310496807
0.0687538161873817
0.0667717531323433
0.0187423918396235
0.0115276807919145
0.0104177249595523
0.00567662948742509
0.00840394850820303
0.00840394850820303
0.00594619009643793
0.00396412657573819
0.00700857629999518
0.00472523923963308
0.00274317571893334
0.00635845959186554
0.00802339240908623
0.00886378716677427
0.00594619009643793
0.00472523923963308
0.00518507789820433
0.00697686336934566
0.00461424374952912
0.00535949924960732
0.00880036130547523
0.00642188545316458
0.009117491543293
0.0100371688604355
0.00732570653781295
0.00577176874503493
0.00504236947745085
0.00320301437750459
0.00618403777480125
0.0101640215143561
0.00903820898383856
0.00643774168565869
0.00466181291267276
0.00410683546215296
0.00421783095225692
0.00597790302708745
0.00523264752700925
0.0122887929901481
0.0267499275505543
0.0269719194620848
0.0204390380531549
0.0232773516327143
0.0186155401170254
0.00813438836485147
0.0118606677278876
0.011797240935266
0.00746841495856643
0.00301273632794619
0.00431296974420547
0.00551806436851621
0.0045666741207242
0.00367870973423123
0.00337743596173823
0.00531193008646369
0.00561320362612605
0.00350428814999759
0.00291759730316699
0.00318715791217983
0.00301273632794619
0.00374213559553027
0.00604132935404778
0.0043763960711658
0.00383727485314012
0.00337743596173823
0.00271146278828382
0.00332986656576395
0.00434468314051628
0.00415440509095788
0.00412269169464707
0.00358357070945203
0.00345671852119267
0.00375799229368567
0.00353600108064711
0.00404340913519263
0.00407512253150344
0.0060888989828527
0.00352014461532235
0.00551806436851621
0.0162370633333921
0.0207085981965065
0.0133987488225102
0.015983359888196
0.0113374022766948
0.00489966059103608
0.00505822570994496
0.00675487192347646
0.00767454970628023
0.00673901569098234
0.00393241364508867
0.00396412657573819
0.00431296974420547
0.00586690753698349
0.00448739156126976
0.00309201888740063
0.00385313131846488
0.00451910449191928
0.00432882644236088
0.00505822570994496
0.00469352630898356
0.0027590321842581
0.00313958851620555
0.00307616242207587
0.00577176874503493
0.00778554519638419
0.00461424374952912
0.00545463850721717
0.00410683546215296
0.00241018901579082
0.00577176874503493
0.0045508174225688
0.00269560632295907
0.00556563399732113
0.00554977729916573
0.00448739156126976
0.00478866510093212
0.00512165203690529
0.00485209142789245
0.00821367092430592
0.0183301214128733
0.0302383583039045
0.0213904287666082
0.0221356842666864
0.0131609011441469
0.00529607338830829
0.00383727485314012
0.00607304228469729
0.00586690753698349
0.00367870973423123
0.00372627913020551
0.00534364301711321
0.00556563399732113
0.00502651277929544
0.00478866510093212
0.00405926583334804
0.00486794766038656
0.00485209142789245
0.00245775864459574
0.00478866510093212
0.00507408240810037
0.00515336496755481
0.00521679082885385
0.00574005581438541
0.00344086205586791
0.00382141815498471
0.00534364301711321
0.00478866510093212
0.00402755290269852
0.00409097876399755
0.00515336496755481
0.00434468314051628
0.00470938254147768
0.00654873764142394
0.0066597331315279
0.00539121264591813
0.00221991096623242
0.00599375972524285
0.00786482729017735
0.00637431582435966
0.0180922746658325
0.0360735543072224
0.0200426243245602
0.00743670202791691
0.00680244155228138
0.00818195752799511
0.00621575070545077
0.00661216350272298
0.00832466594874859
0.00943462178111076
0.00938705261796713
0.00613646814599633
0.00443982193246484
0.00397998327389359
0.00554977729916573
0.00667558936402202
0.00616818107664585
0.00692929374054074
0.00534364301711321
0.0049313735216856
0.00607304228469729
0.00470938254147768
0.00478866510093212
0.00653288094326854
0.0041861180216074
0.00643774168565869
0.00743670202791691
0.00773797556757927
0.00713542802259326
0.00470938254147768
0.00445567863062024
0.00569248618558049
0.00564491655677557
0.00569248618558049
0.00829295348376036
0.00450324825942516
0.00578762497752905
0.00818195752799511
0.0133670354261994
0.010322586633265
0.0316178761422634
0.0610475540161133
0.0373737886548042
0.0230712182819843
0.0212635770440102
0.0131926136091352
0.00927605666220188
0.0104652950540185
0.00859422702342272
0.00851494446396828
0.00761112337931991
0.00656459387391806
0.00359942717477679
0.0049313735216856
0.00543878180906177
0.00551806436851621
0.00604132935404778
0.00792825315147638
0.00727813690900803
0.00848323106765747
0.0102115906774998
0.0103384424000978
0.0123363621532917
0.0136683089658618
0.0108299944549799
0.00678658485412598
0.00502651277929544
0.00537535594776273
0.00623160740360618
0.00523264752700925
0.00477280886843801
0.00656459387391806
0.00539121264591813
0.0062633203342557
0.00673901569098234
0.00443982193246484
0.0047569521702826
0.00594619009643793
0.00673901569098234
0.00789654068648815
0.0133828921243548
0.0356612838804722
0.0268767792731524
0.0105604333803058
0.00610475521534681
0.00754769751802087
0.00580348167568445
0.00553392106667161
0.00558149069547653
0.00553392106667161
0.00534364301711321
0.00523264752700925
0.00488380435854197
0.00470938254147768
0.00432882644236088
0.00458253035321832
0.00529607338830829
0.00334572303108871
0.00248947157524526
0.00301273632794619
0.00499479984864593
0.00567662948742509
0.00529607338830829
0.00323472754098475
0.00448739156126976
0.00577176874503493
0.00532778631895781
0.00535949924960732
0.0043605393730104
0.00331401010043919
0.0027590321842581
0.00363114010542631
0.00337743596173823
0.00242604571394622
0.00374213559553027
0.0049313735216856
0.00570834241807461
0.00795996654778719
0.00637431582435966
0.00585105130448937
0.009117491543293
0.036136981099844
0.0373420752584934
0.0148892598226666
0.0091333482414484
0.00707200216129422
0.00534364301711321
0.0087527921423316
0.00738913239911199
0.00569248618558049
0.00472523923963308
0.00397998327389359
0.00331401010043919
0.00364699657075107
0.00404340913519263
0.00377384875901043
0.00413854839280248
0.00458253035321832
0.00450324825942516
0.00404340913519263
0.00283831474371254
0.0025687541346997
0.00274317571893334
0.00283831474371254
0.00223576743155718
0.00195035035721958
0.00190278084482998
0.00320301437750459
0.00374213559553027
0.00359942717477679
0.00291759730316699
0.00325058400630951
0.00315544498153031
0.003995839972049
0.00472523923963308
0.00375799229368567
0.00290174083784223
0.00372627913020551
0.00447153486311436
0.00505822570994496
0.00678658485412598
0.0150161124765873
0.0161102116107941
0.00973589532077312
0.00970418285578489
0.00824538338929415
0.00581933790817857
0.00539121264591813
0.00566077325493097
0.00429711351171136
0.00290174083784223
0.00239433255046606
0.00312373181805015
0.00407512253150344
0.00361528364010155
0.00215648487210274
0.00182349828537554
0.00207720254547894
0.00301273632794619
0.00340914912521839
0.00195035035721958
0.0021881980355829
0.00402755290269852
0.00393241364508867
0.00290174083784223
0.00267974962480366
0.00195035035721958
0.00223576743155718
0.00242604571394622
0.00221991096623242
0.00204548938199878
0.00161736377049237
0.00217234157025814
0.0020930590108037
0.00195035035721958
0.00201377645134926
0.00120509450789541
0.00160150718875229
0.0029493102338165
0.00253704120405018
0.00340914912521839
0.00531193008646369
0.00691343704238534
0.00550220813602209
0.00588276423513889
0.00466181291267276
0.00255289766937494
0.00210891547612846
0.00193449389189482
0.00239433255046606
0.00236261961981654
0.00177592877298594
0.00161736377049237
0.00179178535472602
0.00193449389189482
0.00166493328288198
0.00183935486711562
0.00126852060202509
0.00152222474571317
0.00145879865158349
0.00133194657973945
0.00160150718875229
0.00153808121103793
0.00158565072342753
0.00187106779776514
0.00206134584732354
0.00171250279527158
0.00193449389189482
0.00207720254547894
0.00161736377049237
0.00115752499550581
0.00147465511690825
0.00122095108963549
0.000872107921168208
0.00118923804257065
0.00128437706734985
0.000824538350570947
0.00147465511690825
0.00183935486711562
0.00147465511690825
0.00177592877298594
0.00304444949142635
0.00369456619955599
0.00287002790719271
0.00340914912521839
0.00234676315449178
0.00183935486711562
0.00179178535472602
0.00145879865158349
0.00122095108963549
0.000761112372856587
0.000570834265090525
0.000459838716778904
0.000650116766337305
0.00131609011441469
0.00155393767636269
0.00126852060202509
0.00115752499550581
0.00128437706734985
0.00104652950540185
0.000840394874103367
0.00125266402028501
0.00134780316147953
0.00125266402028501
0.000951390422414988
0.000792825361713767
0.000967246945947409
0.000586690788622946
0.000348843168467283
0.000269560609012842
0.000428125698817894
0.000475695211207494
0.000634260301012546
0.000554977741558105
0.000570834265090525
0.000491551705636084
0.000443982193246484
0.000554977741558105
0.000475695211207494
0.000634260301012546
0.000856251397635788
0.00104652950540185
0.00164907670114189
0.00139537267386913
0.00103067292366177
0.00103067292366177
0.000745255849324167
0.000507408229168504
0.000570834265090525
0.000713542802259326
0.000887964386492968
0.000951390422414988
0.000776968838181347
0.000570834265090525
0.000729399325791746
0.000602547253947705
0.000998959993012249
0.00110995548311621
0.000887964386492968
0.000919677433557808
0.000761112372856587
0.00112581206485629
0.00122095108963549
0.00110995548311621
0.000792825361713767
0.000792825361713767
0.00131609011441469
0.000919677433557808
0.00141122913919389
0.000998959993012249
0.00182349828537554
0.00191863742657006
0.00118923804257065
0.00125266402028501
0.000903820910025388
0.00114166853018105
0.00152222474571317
0.00206134584732354
0.00302859279327095
0.00393241364508867
0.00461424374952912
0.0194400772452354
0.0798057988286018
0.0766186416149139
0.0169664621353149
0.00585105130448937
0.00412269169464707
0.00339329242706299
0.00440810900181532
0.00325058400630951
0.00225162412971258
0.00188692437950522
0.00147465511690825
0.00201377645134926
0.00313958851620555
0.0027590321842581
0.00234676315449178
0.00182349828537554
0.00196620682254434
0.00229919352568686
0.00172835926059633
0.00201377645134926
0.0028541712090373
0.00375799229368567
0.00439225230365992
0.00302859279327095
0.00415440509095788
0.00291759730316699
0.00206134584732354
0.00229919352568686
0.0019979199860245
0.00179178535472602
0.00264803669415414
0.00283831474371254
0.00263218022882938
0.00380556168965995
0.00293345376849175
0.00323472754098475
0.00306030595675111
0.00226748059503734
0.00207720254547894
0.0049313735216856
0.0145087037235498
0.0176958627998829
0.00775383180007339
0.00753184081986547
0.00738913239911199
0.00396412657573819
0.00496308691799641
0.00651702424511313
0.00550220813602209
0.00401169620454311
0.00225162412971258
0.00225162412971258
0.00307616242207587
0.00350428814999759
0.00248947157524526
0.00210891547612846
0.00239433255046606
0.00221991096623242
0.00234676315449178
0.00267974962480366
0.00334572303108871
0.00255289766937494
0.00166493328288198
0.000983103411272168
0.00421783095225692
0.00396412657573819
0.00253704120405018
0.00345671852119267
0.00258461060002446
0.00255289766937494
0.00298102339729667
0.00287002790719271
0.00364699657075107
0.00312373181805015
0.00169664621353149
0.00161736377049237
0.00244190217927098
0.00221991096623242
0.00274317571893334
0.00361528364010155
0.0108299944549799
0.0264486540108919
0.0186155401170254
0.00520093413069844
0.00407512253150344
0.00188692437950522
0.0045666741207242
0.00461424374952912
0.00267974962480366
0.00242604571394622
0.00206134584732354
0.00153808121103793
0.00149051169864833
0.00217234157025814
0.00225162412971258
0.00245775864459574
0.00236261961981654
0.00267974962480366
0.00214062840677798
0.00182349828537554
0.00229919352568686
0.00149051169864833
0.00221991096623242
0.00131609011441469
0.00191863742657006
0.00261632376350462
0.00229919352568686
0.00126852060202509
0.00126852060202509
0.00214062840677798
0.00332986656576395
0.00306030595675111
0.00202963291667402
0.00231504999101162
0.00142708560451865
0.00223576743155718
0.00149051169864833
0.00233090645633638
0.00390070071443915
0.00309201888740063
0.00394827034324408
0.00659630680456758
0.00526436045765877
0.00447153486311436
0.00478866510093212
0.00328229693695903
0.00288588437251747
0.00282245827838778
0.00190278084482998
0.00185521133244038
0.00258461060002446
0.00323472754098475
0.0025687541346997
0.0024736151099205
0.0022833370603621
0.00252118473872542
0.00296516693197191
0.0020930590108037
0.00136365962680429
0.00174421584233642
0.00245775864459574
0.00318715791217983
0.0024736151099205
0.00187106779776514
0.00239433255046606
0.00325058400630951
0.00176007230766118
0.00187106779776514
0.00147465511690825
0.00117338157724589
0.00204548938199878
0.00290174083784223
0.0028541712090373
0.00207720254547894
0.00202963291667402
0.00307616242207587
0.00393241364508867
0.00369456619955599
0.00393241364508867
0.00348843168467283
0.00283831474371254
0.00459838705137372
0.00328229693695903
0.00210891547612846
0.00267974962480366
0.00279074534773827
0.00304444949142635
0.00264803669415414
0.00279074534773827
0.00313958851620555
0.00299687986262143
0.00315544498153031
0.00258461060002446
0.00171250279527158
0.00187106779776514
0.00267974962480366
0.00212477194145322
0.00191863742657006
0.00153808121103793
0.00160150718875229
0.00164907670114189
0.00190278084482998
0.00348843168467283
0.00348843168467283
0.00345671852119267
0.00380556168965995
0.00353600108064711
0.00271146278828382
0.00195035035721958
0.00106238597072661
0.0019820632878691
0.00280660181306303
0.00233090645633638
0.00164907670114189
0.00168078974820673
0.00201377645134926
0.0019820632878691
0.00202963291667402
0.00296516693197191
0.00369456619955599
0.00434468314051628
0.00328229693695903
0.00361528364010155
0.0027590321842581
0.003995839972049
0.00288588437251747
0.00248947157524526
0.00250532804057002
0.00253704120405018
0.00182349828537554
0.00304444949142635
0.00329815340228379
0.00258461060002446
0.00201377645134926
0.00239433255046606
0.00309201888740063
0.00304444949142635
0.00179178535472602
0.00155393767636269
0.00214062840677798
0.00217234157025814
0.00320301437750459
0.00234676315449178
0.00183935486711562
0.00164907670114189
0.00255289766937494
0.00290174083784223
0.00310787535272539
0.00258461060002446
0.0028541712090373
0.00264803669415414
0.00233090645633638
0.00229919352568686
0.00250532804057002
0.00274317571893334
0.00287002790719271
0.00245775864459574
0.00252118473872542
0.00236261961981654
0.0028541712090373
0.00523264752700925
0.00743670202791691
0.00697686336934566
0.00464595668017864
0.00396412657573819
0.00307616242207587
0.00217234157025814
0.0027590321842581
0.00244190217927098
0.00160150718875229
0.00168078974820673
0.00117338157724589
0.00103067292366177
0.00161736377049237
0.00185521133244038
0.00145879865158349
0.00179178535472602
0.00122095108963549
0.00120509450789541
0.000887964386492968
0.00104652950540185
0.00134780316147953
0.00130023353267461
0.00137951609212905
0.00137951609212905
0.00112581206485629
0.00112581206485629
0.00117338157724589
0.000998959993012249
0.000967246945947409
0.000887964386492968
0.000650116766337305
0.000808681885246187
0.000919677433557808
0.00126852060202509
0.00161736377049237
0.00149051169864833
0.00120509450789541
0.000998959993012249
0.00131609011441469
0.00340914912521839
0.00480452179908752
0.00394827034324408
0.00342500559054315
0.00372627913020551
0.00405926583334804
0.00375799229368567
0.00229919352568686
0.00214062840677798
0.0022833370603621
0.00272731925360858
0.00207720254547894
0.00196620682254434
0.00220405450090766
0.00212477194145322
0.00171250279527158
0.00174421584233642
0.00161736377049237
0.00131609011441469
0.00164907670114189
0.00155393767636269
0.00145879865158349
0.00177592877298594
0.00202963291667402
0.00231504999101162
0.00239433255046606
0.00277488864958286
0.00279074534773827
0.00220405450090766
0.00126852060202509
0.00117338157724589
0.000998959993012249
0.00195035035721958
0.00174421584233642
0.00142708560451865
0.0020930590108037
0.00255289766937494
0.00206134584732354
0.00169664621353149
0.00144294218625873
0.00188692437950522
0.00298102339729667
0.00352014461532235
0.00363114010542631
0.00394827034324408
0.00306030595675111
0.00229919352568686
0.00242604571394622
0.00207720254547894
0.00196620682254434
0.00158565072342753
0.00177592877298594
0.00107824243605137
0.00115752499550581
0.000998959993012249
0.00131609011441469
0.00172835926059633
0.00120509450789541
0.00104652950540185
0.000935533898882568
0.00171250279527158
0.00137951609212905
0.00142708560451865
0.00134780316147953
0.00174421584233642
0.00125266402028501
0.00125266402028501
0.00137951609212905
0.00128437706734985
0.00103067292366177
0.000808681885246187
0.00117338157724589
0.00114166853018105
0.00128437706734985
0.00128437706734985
0.00153808121103793
0.00169664621353149
0.00220405450090766
0.00244190217927098
0.00150636816397309
0.00112581206485629
0.0020930590108037
0.00185521133244038
0.00164907670114189
0.00185521133244038
0.00206134584732354
0.00156979425810277
0.00185521133244038
0.00156979425810277
0.00152222474571317
0.00156979425810277
0.00152222474571317
0.00161736377049237
0.00125266402028501
0.00137951609212905
0.000919677433557808
0.00147465511690825
0.00156979425810277
0.00144294218625873
0.00153808121103793
0.00141122913919389
0.000872107921168208
0.000570834265090525
0.000745255849324167
0.000872107921168208
0.00104652950540185
0.00144294218625873
0.00155393767636269
0.00177592877298594
0.00191863742657006
0.00158565072342753
0.00122095108963549
0.00156979425810277
0.00120509450789541
0.00136365962680429
0.00130023353267461
0.00139537267386913
0.00144294218625873
0.0022833370603621
0.0019979199860245
0.00107824243605137
0.00171250279527158
0.00245775864459574
0.00261632376350462
0.00229919352568686
0.00196620682254434
0.00176007230766118
0.00128437706734985
0.00118923804257065
0.00193449389189482
0.00155393767636269
0.00104652950540185
0.00204548938199878
0.00176007230766118
0.00142708560451865
0.00114166853018105
0.00118923804257065
0.000951390422414988
0.00139537267386913
0.00193449389189482
0.00142708560451865
0.000951390422414988
0.00130023353267461
0.00150636816397309
0.00150636816397309
0.00177592877298594
0.00201377645134926
0.00263218022882938
0.00290174083784223
0.00221991096623242
0.00187106779776514
0.00128437706734985
0.000919677433557808
0.000983103411272168
0.00145879865158349
0.00134780316147953
0.00134780316147953
0.00171250279527158
0.00223576743155718
0.00193449389189482
0.0020930590108037
0.00250532804057002
0.0020930590108037
0.00217234157025814
0.00229919352568686
0.00155393767636269
0.00207720254547894
0.00166493328288198
0.000919677433557808
0.00128437706734985
0.00196620682254434
0.00253704120405018
0.00239433255046606
0.00187106779776514
0.00133194657973945
0.00130023353267461
0.000650116766337305
0.00114166853018105
0.00118923804257065
0.00109409901779145
0.00122095108963549
0.00114166853018105
0.000998959993012249
0.00103067292366177
0.00128437706734985
0.00180764182005078
0.00182349828537554
0.00233090645633638
0.00188692437950522
0.00104652950540185
0.00114166853018105
0.00130023353267461
0.00168078974820673
0.00174421584233642
0.000840394874103367
0.00145879865158349
0.00137951609212905
0.00131609011441469
0.00158565072342753
0.00179178535472602
0.00210891547612846
0.00321887084282935
0.00299687986262143
0.00133194657973945
0.00164907670114189
0.00180764182005078
0.00139537267386913
0.00245775864459574
0.0020930590108037
0.00126852060202509
0.00177592877298594
0.00156979425810277
0.00161736377049237
0.00110995548311621
0.00131609011441469
0.00109409901779145
0.000824538350570947
0.00122095108963549
0.00120509450789541
0.00128437706734985
0.00130023353267461
0.00107824243605137
0.00110995548311621
0.00150636816397309
0.000745255849324167
0.00164907670114189
0.00142708560451865
0.00179178535472602
0.00160150718875229
0.00109409901779145
0.000967246945947409
0.00104652950540185
0.00187106779776514
0.00207720254547894
0.00106238597072661
0.000681829813402146
0.000967246945947409
0.000998959993012249
0.00118923804257065
0.00149051169864833
0.00139537267386913
0.00193449389189482
0.00225162412971258
0.00182349828537554
0.00180764182005078
0.00168078974820673
0.00183935486711562
0.00149051169864833
0.00202963291667402
0.00149051169864833
0.00161736377049237
0.00128437706734985
0.000554977741558105
0.000808681885246187
0.000840394874103367
0.000745255849324167
0.000840394874103367
0.000967246945947409
0.00141122913919389
0.00131609011441469
0.000919677433557808
0.000903820910025388
0.000776968838181347
0.000776968838181347
0.000634260301012546
0.000554977741558105
0.00106238597072661
0.00130023353267461
0.00106238597072661
0.000998959993012249
0.000729399325791746
0.000428125698817894
0.000681829813402146
0.00131609011441469
0.00104652950540185
0.000507408229168504
0.00106238597072661
0.000792825361713767
0.000665973289869726
0.000919677433557808
0.000681829813402146
0.00156979425810277
0.00223576743155718
0.00166493328288198
0.00131609011441469
0.00118923804257065
0.00179178535472602
0.00187106779776514
0.00142708560451865
0.00130023353267461
0.00122095108963549
0.000824538350570947
0.00125266402028501
0.00156979425810277
0.000618403777480125
0.000824538350570947
0.000697686336934566
0.000824538350570947
0.000824538350570947
0.000554977741558105
0.000650116766337305
0.000681829813402146
0.000380556186428294
0.000856251397635788
0.000808681885246187
0.000729399325791746
0.000840394874103367
0.000808681885246187
0.000697686336934566
0.000507408229168504
0.000713542802259326
0.000697686336934566
0.000602547253947705
0.000523264752700925
0.000412269175285473
0.000475695211207494
0.000856251397635788
0.000919677433557808
0.000903820910025388
0.000824538350570947
0.000554977741558105
0.000776968838181347
0.00164907670114189
0.00131609011441469
0.000935533898882568
0.000967246945947409
0.000983103411272168
0.00131609011441469
0.000919677433557808
0.000634260301012546
0.00107824243605137
0.00101481645833701
0.000650116766337305
0.000665973289869726
0.000634260301012546
0.000618403777480125
0.000570834265090525
0.000618403777480125
0.000586690788622946
0.000681829813402146
0.000745255849324167
0.000570834265090525
0.000443982193246484
0.000396412680856884
0.000539121218025684
0.000761112372856587
0.000681829813402146
0.000618403777480125
0.000586690788622946
0.000618403777480125
0.000523264752700925
0.000475695211207494
0.000491551705636084
0.000507408229168504
0.000523264752700925
0.000475695211207494
0.000507408229168504
0.000602547253947705
0.000745255849324167
0.000951390422414988
0.000856251397635788
0.000586690788622946
0.00114166853018105
0.000935533898882568
0.000554977741558105
0.000570834265090525
0.000919677433557808
0.00107824243605137
0.00115752499550581
0.000998959993012249
0.000665973289869726
0.000554977741558105
0.000729399325791746
0.000776968838181347
0.000650116766337305
0.000634260301012546
0.000729399325791746
0.000713542802259326
0.000681829813402146
0.000586690788622946
0.000745255849324167
0.000824538350570947
0.000491551705636084
0.000507408229168504
0.000523264752700925
0.000332986644934863
0.000396412680856884
0.000554977741558105
0.000792825361713767
0.000697686336934566
0.000491551705636084
0.000602547253947705
0.000776968838181347
0.000665973289869726
0.000396412680856884
0.000554977741558105
0.000665973289869726
0.000554977741558105
0.000634260301012546
0.000602547253947705
0.000634260301012546
0.000554977741558105
0.00115752499550581
0.00112581206485629
0.000887964386492968
0.00139537267386913
0.000951390422414988
0.00104652950540185
0.00130023353267461
0.000840394874103367
0.000554977741558105
0.000586690788622946
0.000554977741558105
0.000491551705636084
0.000491551705636084
0.000412269175285473
0.000364699662895873
0.000237847605603747
0.000428125698817894
0.000618403777480125
0.000665973289869726
0.000808681885246187
0.000919677433557808
0.000650116766337305
0.000665973289869726
0.000586690788622946
0.000428125698817894
0.000380556186428294
0.000396412680856884
0.000681829813402146
0.000554977741558105
0.000634260301012546
0.000729399325791746
0.000523264752700925
0.000554977741558105
0.000539121218025684
0.000475695211207494
0.000428125698817894
