% Type: Timesignal
% Date: 11-DEC-24 12:25:05
% NoOfItems: = 4096
% Unit_Y: = mm/s
% Unit_X: = Sec
% Min_X: = 0
% Max_X: = 1.60000002384186
% MinDisplay_X: = 0
% MaxDisplay_X: = 1.60000002384186
0.164410755038261
0.444504261016846
0.914682328701019
1.46610534191132
1.58264315128326
1.14136266708374
0.48560044169426
0.034845307469368
0.0314107574522495
0.189992234110832
0.169029638171196
-0.207349702715874
-0.595927596092224
-0.858137786388397
-0.855295360088348
-0.753324747085571
-0.657038927078247
-0.508642673492432
-0.342126190662384
-0.132855489850044
-0.0087379515171051
-0.0140674263238907
0.0837580412626266
0.214981555938721
0.499101758003235
1.16836535930634
1.89601624011993
2.31514978408813
2.15479183197021
1.65737426280975
1.08321213722229
0.879863142967224
1.06911873817444
1.42382478713989
1.16279900074005
0.353074163198471
-0.490877747535706
-1.09026598930359
-1.34762036800385
-1.34193563461304
-1.01186347007751
-0.743021130561829
-0.703227698802948
-0.889167129993439
-0.657394230365753
-0.0103960102424026
0.208112448453903
-0.340112835168839
-0.849847495555878
-0.321637332439423
0.729927241802216
1.23374021053314
1.01440274715424
1.10097706317902
1.67679727077484
2.41723895072937
2.77016854286194
2.48818016052246
1.95641696453094
1.34494864940643
0.826331496238708
0.490100860595703
0.269460618495941
0.0748755857348442
-0.107747748494148
-0.453926742076874
-0.974557161331177
-1.54315292835236
-1.74650192260742
-1.53154647350311
-1.11395251750946
-1.00191509723663
-1.0010861158371
-1.17269515991211
-1.06634259223938
-0.562055826187134
-0.12243340909481
-0.0334904007613659
-0.123736172914505
0.121893391013145
0.144869357347488
-0.116156473755836
-0.418160021305084
-0.331111937761307
-0.357877761125565
-0.588584780693054
-0.593440532684326
-0.332296282052994
-0.115090578794479
-0.344850152730942
-0.835990846157074
-1.36514842510223
-1.63126683235168
-1.54481101036072
-1.21533095836639
-0.965082585811615
-0.879692554473877
-0.678475260734558
-0.52297306060791
-0.447886645793915
-0.432845711708069
-0.312044262886047
-0.11745923012495
0.402697503566742
1.05893349647522
1.71635377407074
1.85148561000824
1.43791830539703
0.73276960849762
0.0333056822419167
-0.222627535462379
-0.105615958571434
0.0149486027657986
-0.188282027840614
-0.61369252204895
-1.06894814968109
-1.30664265155792
-1.35579228401184
-1.32239425182343
-1.19626331329346
-0.972306966781616
-0.741718351840973
-0.55412083864212
-0.407145798206329
0.0198043454438448
0.711925446987152
1.47522461414337
1.89222645759583
1.84473490715027
1.59768414497375
1.30527365207672
1.02198243141174
0.715833723545074
0.513550579547882
0.471270054578781
0.53024959564209
0.475415199995041
0.107207730412483
-0.364391565322876
-0.687831461429596
-0.953831434249878
-1.29941833019257
-1.45018315315247
-1.33755362033844
-1.08138358592987
-1.18003809452057
-1.13254654407501
-0.397197425365448
0.324768722057343
0.229667216539383
-0.706899106502533
-0.949212551116943
-0.294516235589981
0.560568392276764
0.821357309818268
0.641694843769073
0.716544330120087
0.973306596279144
1.72180163860321
2.39296007156372
2.47503399848938
2.15502882003784
1.46338140964508
0.848241567611694
0.0149486027657986
-0.521670281887054
-0.507339894771576
-0.217890217900276
-0.490996181964874
-1.33115828037262
-2.07692933082581
-2.24794626235962
-1.77930784225464
-1.65163731575012
-1.58590710163116
-1.85664439201355
-1.8564076423645
-1.40233635902405
-0.705359518527985
-0.343784242868423
-0.607534050941467
-0.724308729171753
-0.539198338985443
-0.315123528242111
-0.453926742076874
-0.589532256126404
-0.635602593421936
-0.916051387786865
-1.02512800693512
-0.916880428791046
-0.59083503484726
-0.544409394264221
-0.760430753231049
-1.20502734184265
-1.67354738712311
-1.85048592090607
-1.72684216499329
-1.48547613620758
-1.39830958843231
-1.23439872264862
-1.08316004276276
-1.02832567691803
-1.07984387874603
-0.94447523355484
-0.613810956478119
-0.0744681358337402
0.648090183734894
1.10737252235413
1.19785511493683
0.850018084049225
0.342059910297394
-0.164240181446075
-0.455940097570419
-0.456769108772278
-0.379550963640213
-0.345087021589279
-0.662605285644531
-1.10092496871948
-1.47884392738342
-1.59573709964752
-1.49222683906555
-1.38812446594238
-1.28769338130951
-1.18288040161133
-0.864414691925049
-0.490167170763016
0.00405278755351901
0.683146297931671
1.48031723499298
1.89258170127869
1.73423707485199
1.40073049068451
1.19335460662842
1.15604829788208
1.04057633876801
0.905089318752289
0.76249623298645
0.676040291786194
0.53439474105835
0.191294997930527
-0.199770003557205
-0.602086126804352
-0.852097690105438
-1.13965249061584
-1.33435595035553
-1.30759012699127
-1.15196943283081
-0.753680050373077
-0.845702350139618
-0.406316757202148
0.273842632770538
0.561160504817963
-0.0519659109413624
-0.994335472583771
-0.666276693344116
0.104010045528412
0.930789232254028
0.841017186641693
0.813067018985748
1.34151411056519
2.565753698349
3.49438500404358
3.05097270011902
2.27369832992554
1.47285604476929
1.02056121826172
0.635062575340271
0.300134718418121
0.0185015853494406
-0.116393335163593
-0.264552742242813
-0.678948998451233
-1.28923308849335
-1.57335329055786
-1.06290805339813
-0.571648895740509
-0.526762902736664
-0.770734369754791
-1.15090358257294
-1.09772729873657
-0.562292695045471
0.00784263573586941
-0.018094141036272
-0.0741128399968147
0.312096416950226
0.746626257896423
0.499693930149078
-0.0815741047263145
-0.238971248269081
-0.296766459941864
-0.288120865821838
-0.128591910004616
0.127696603536606
0.120472200214863
-0.292976588010788
-0.735915184020996
-1.06290805339813
-1.15765428543091
-1.06326329708099
-0.818107485771179
-0.704530477523804
-0.595335483551025
-0.54085636138916
-0.518472611904144
-0.52119654417038
-0.632404923439026
-0.582189440727234
0.142737567424774
1.4634997844696
2.30662274360657
2.34475803375244
1.77189874649048
1.18790674209595
0.627719759941101
0.190939694643021
0.150554120540619
0.319202393293381
0.371904969215393
0.0336609780788422
-0.581952571868896
-1.15635144710541
-1.46759283542633
-1.57915651798248
-1.46664535999298
-0.991611480712891
-0.561700522899628
-0.287765562534332
-0.165306076407433
0.0969040766358376
0.64524781703949
1.3000625371933
1.87588274478912
2.1396324634552
2.05447936058044
1.71848559379578
1.3912558555603
1.05111694335938
0.923564791679382
0.978991329669952
1.16765475273132
1.3711222410202
1.19430208206177
0.693331480026245
-0.0171466786414385
-0.503431618213654
-0.686410248279572
-0.840728163719177
-0.780327439308167
-0.539198338985443
-0.389025568962097
-0.476665824651718
-0.586571455001831
0.30274024605751
1.05786752700806
1.00717830657959
-0.109405808150768
-0.655973017215729
-0.159976601600647
0.489982426166534
0.940619111061096
0.871572852134705
1.40688896179199
2.47384977340698
3.9765248298645
4.27177762985229
3.47709369659424
2.49362802505493
1.85397267341614
1.51051759719849
0.991071462631226
0.676040291786194
0.468309253454208
0.456584393978119
0.00203943043015897
-0.702990829944611
-1.3348296880722
-1.16665518283844
-0.494904458522797
-0.33833634853363
-0.560042500495911
-1.0155348777771
-1.08884477615356
-0.650880455970764
0.0355559028685093
0.397604882717133
0.251103550195694
0.413119584321976
0.746389389038086
0.808448135852814
0.260933458805084
0.00571084627881646
0.177083060145378
0.270171225070953
0.349521189928055
0.454571038484573
0.710977971553802
0.561634242534637
0.12319615483284
-0.421002417802811
-0.686291813850403
-0.634062945842743
-0.482350587844849
-0.345323890447617
-0.286344349384308
-0.209955230355263
-0.236602604389191
-0.290015786886215
-0.224404022097588
0.162752702832222
1.20484268665314
2.08183717727661
2.25155138969421
1.78800559043884
1.36342406272888
1.10180616378784
0.904260277748108
0.648919224739075
0.481218427419662
0.47387558221817
0.30688539147377
-0.0106328753754497
-0.519183158874512
-0.85055810213089
-1.34844946861267
-1.56316804885864
-1.42732560634613
-0.896391570568085
-0.20770500600338
0.096548780798912
0.186439245939255
0.413593292236328
1.02008748054504
1.80920505523682
2.26031541824341
2.22490406036377
1.93427002429962
1.6030136346817
1.2378853559494
1.02056121826172
0.887087523937225
0.969043016433716
0.91136622428894
0.674619138240814
0.362904071807861
-0.0942464098334312
-0.4086854159832
-0.767892003059387
-1.24387335777283
-1.77646541595459
-2.01167297363281
-1.66584920883179
-1.08588397502899
-0.505089700222015
-0.466125309467316
-0.176675617694855
0.267684131860733
0.0329503826797009
-0.813607037067413
-1.95541739463806
-1.69747078418732
-0.889640867710114
-0.0580059848725796
0.286396503448486
0.439174771308899
1.2950884103775
2.43429327011108
3.10959696769714
2.42659497261047
1.56772065162659
0.942277193069458
0.664197027683258
0.144632488489151
-0.409159153699875
-0.645077228546143
-0.49229896068573
-0.360127985477448
-0.720637321472168
-1.3580424785614
-1.75917422771454
-1.3046293258667
-0.94542270898819
-0.998243749141693
-1.46652686595917
-1.81566667556763
-1.56139159202576
-0.937961459159851
-0.364391565322876
-0.35077178478241
-0.418752193450928
-0.216942757368088
-0.122907139360905
-0.576504647731781
-1.11561059951782
-1.05130159854889
-0.885495722293854
-0.779143095016479
-0.755693435668945
-0.620206356048584
-0.562766432762146
-0.887035369873047
-1.26850736141205
-1.54919302463531
-1.66146719455719
-1.56956338882446
-1.40245473384857
-1.20336925983429
-1.04301130771637
-0.873297154903412
-0.842386186122894
-0.886916935443878
-0.785893797874451
-0.0327798053622246
1.09304213523865
1.59117031097412
1.37834668159485
0.762733101844788
0.364088416099548
0.0415959767997265
-0.226891115307808
-0.48152157664299
-0.587755739688873
-0.79146009683609
-1.01825892925262
-1.36550378799438
-1.79470407962799
-2.1102089881897
-2.30728125572205
-2.26535582542419
-1.92734885215759
-1.44757771492004
-1.1160843372345
-0.844518005847931
-0.56418764591217
-0.19195345044136
0.306411653757095
0.795302093029022
1.21775186061859
1.25387382507324
0.935408055782318
0.609717965126038
0.497680574655533
0.542921900749207
0.519945919513702
0.372497141361237
0.219955727458
0.126867562532425
-0.218008652329445
-0.788499295711517
-1.30984032154083
-1.51472902297974
-1.38054466247559
-1.15185105800629
-0.811119973659515
-0.702280223369598
-0.463164478540421
-0.169451221823692
-0.145883098244667
0.134447261691093
-0.0955491736531258
-0.101115509867668
-0.67646187543869
-0.998125314712524
-0.683449447154999
-0.0805082097649574
0.336612015962601
0.0997464656829834
0.523735761642456
1.73032879829407
2.95752930641174
2.54538321495056
1.39717745780945
0.695818603038788
0.395236223936081
0.164292320609093
-0.274619519710541
-0.539908945560455
-0.412712126970291
-0.231391564011574
-0.292858153581619
-0.859677374362946
-1.41216623783112
-1.28911459445953
-0.789328336715698
-0.469322979450226
-0.551041603088379
-0.901721060276031
-1.13017785549164
-0.835635542869568
-0.113077223300934
0.208230882883072
-0.0300558507442474
-0.0680727660655975
0.210244238376617
-0.049597255885601
-0.714834094047546
-0.961174309253693
-0.750482380390167
-0.635721027851105
-0.640458345413208
-0.468612402677536
-0.284923166036606
-0.379077225923538
-0.703701436519623
-0.936895549297333
-1.08327841758728
-1.109215259552
-1.00629711151123
-0.843333661556244
-0.632878661155701
-0.329335451126099
-0.0734022408723831
-0.0441493503749371
-0.178096815943718
0.262354671955109
1.20353984832764
1.80186223983765
1.71635377407074
1.25754523277283
0.93706613779068
0.727321684360504
0.462269157171249
0.0599530562758446
-0.0314770415425301
-0.066059410572052
-0.0885616391897202
-0.522380888462067
-1.11253130435944
-1.37035953998566
-1.49483239650726
-1.21260702610016
-0.869507312774658
-0.28385728597641
0.0792575925588608
0.266144514083862
0.383866667747498
0.637549698352814
1.14645528793335
1.64624154567719
1.98484086990356
1.84793257713318
1.5520875453949
1.24925494194031
1.11968946456909
1.09244990348816
0.996045649051666
0.934815943241119
0.886376917362213
0.713346660137177
0.12153809517622
-0.260762870311737
-0.215284705162048
-0.0130015313625336
-0.114143118262291
-0.50698459148407
-0.688423633575439
-0.616653382778168
-0.412948995828629
-0.0259107034653425
-0.201191201806068
-0.016436081379652
0.0292789675295353
0.196387603878975
-0.0713888853788376
-0.816212594509125
-0.782932937145233
-0.107747748494148
0.809632480144501
0.917287886142731
0.794946849346161
1.40724420547485
2.43701720237732
2.56077933311462
1.73364496231079
1.06734216213226
0.804302990436554
0.631154298782349
-0.0490050949156284
-0.687120854854584
-0.756048738956451
-0.400039821863174
-0.156778916716576
-0.521078109741211
-1.26365160942078
-1.57015562057495
-1.16937911510468
-0.644721925258636
-0.521314978599548
-1.07179045677185
-1.64678156375885
-1.68846988677979
-1.10056960582733
-0.483890235424042
-0.386775344610214
-0.36818140745163
-0.235891997814178
-0.329335451126099
-0.929078996181488
-1.38397932052612
-1.37557053565979
-1.24695253372192
-1.20893561840057
-1.22385811805725
-1.0796070098877
-1.06515824794769
-1.16689205169678
-1.33565866947174
-1.48523926734924
-1.61966049671173
-1.75135767459869
-1.79091429710388
-1.73276376724243
-1.14521884918213
-0.761022925376892
-0.715544700622559
-1.03768181800842
-0.911787807941437
-0.0229498837143183
0.899404525756836
1.17677402496338
0.737270057201385
0.2033751308918
-0.210902690887451
-0.440306961536407
-0.691976606845856
-0.869625747203827
-0.94814670085907
-1.0972535610199
-1.33518493175507
-1.75550282001495
-2.06579661369324
-2.16717505455017
-2.0134494304657
-1.85332834720612
-1.61385726928711
-1.42187774181366
-1.22752952575684
-0.94033008813858
-0.612745046615601
-0.210428953170776
0.21000736951828
0.601782977581024
0.861624479293823
0.828226447105408
0.585083961486816
0.352481991052628
0.249445483088493
0.227180123329163
0.194255813956261
0.168082177639008
0.0447936616837978
-0.231036260724068
-0.658460140228271
-0.780682742595673
-0.565845727920532
-0.286936521530151
-0.382393330335617
-0.857308745384216
-1.07439601421356
-1.17305052280426
-0.907761096954346
-0.763865292072296
-0.730348825454712
-0.197519779205322
0.105194374918938
-0.0364512205123901
-1.12094008922577
-1.69853675365448
-1.1827620267868
-0.105734393000603
0.583425879478455
0.292081296443939
0.407079488039017
1.31664311885834
2.005211353302
1.61461997032166
0.824436604976654
0.478257596492767
0.260222882032394
-0.240866184234619
-0.817278444766998
-1.07013237476349
-0.808277606964111
-0.537421822547913
-0.504379093647003
-1.04703807830811
-1.56648421287537
-1.4768306016922
-1.01186347007751
-0.626720130443573
-0.898760199546814
-1.55381190776825
-1.92770409584045
-1.46119737625122
-0.644958794116974
-0.279830574989319
-0.445044279098511
-0.548080801963806
-0.531500220298767
-0.939145803451538
-1.4887923002243
-1.5798671245575
-1.57939338684082
-1.49270057678223
-1.39013779163361
-1.094766497612
-0.875784277915955
-0.956792294979095
-1.07877802848816
-1.40636301040649
-1.58946013450623
-1.75218677520752
-1.62131857872009
-1.18785464763641
-1.01695609092712
-0.711991727352142
-0.714834094047546
-0.597467243671417
-0.625535786151886
0.00701360683888197
0.701503336429596
1.04152381420135
0.762259364128113
0.236299455165863
0.112181909382343
-0.0954307392239571
-0.12492049485445
-0.399329215288162
-0.563240170478821
-0.769313216209412
-1.00854742527008
-1.16783940792084
-1.43987953662872
-1.3090113401413
-1.1550487279892
-0.884193003177643
-0.782696127891541
-0.799868822097778
-0.678356826305389
-0.406908929347992
-0.0167913790792227
0.110168546438217
0.351297676563263
0.570753574371338
0.915748238563538
0.9635950922966
0.803000271320343
0.688712656497955
0.523143589496613
0.506444573402405
0.437753587961197
0.450425893068314
0.371194362640381
0.210599541664124
0.126985996961594
0.0424250066280365
-0.0305295810103416
-0.24240580201149
-0.335967689752579
-0.725256204605103
-0.954423606395721
-0.940803825855255
-0.795368432998657
-0.447531372308731
-0.563713908195496
-0.0557557605206966
0.456347525119781
0.683975338935852
-0.0814556702971458
-1.04916977882385
-0.836583018302917
0.132907643914223
1.21858084201813
1.12205815315247
0.952344000339508
1.36283195018768
2.16888546943665
2.39580249786377
1.75306797027588
1.36425316333771
1.15782487392426
0.921906769275665
0.331164091825485
-0.194085240364075
-0.193966805934906
0.18691298365593
0.540434777736664
0.277869343757629
-0.257683634757996
-0.592611491680145
-0.31109681725502
0.0469254516065121
-0.00684302719309926
-0.509590148925781
-1.07344853878021
-0.801171600818634
-0.00163198541849852
0.685751795768738
0.63695752620697
0.353074163198471
0.313872903585434
0.111708171665668
-0.262894660234451
-0.562647998332977
-0.571412026882172
-0.60315203666687
-0.605402231216431
-0.41188308596611
0.00926382932811975
0.324294984340668
0.334480226039886
0.0321213528513908
-0.285515338182449
-0.315005093812943
-0.153107494115829
0.054623581469059
0.160028740763664
0.354376912117004
0.493298560380936
0.413474857807159
0.287580847740173
0.726729571819305
1.52638757228851
1.9328488111496
1.68520593643188
1.09517383575439
0.811764299869537
0.799447238445282
0.85783463716507
0.689541637897491
0.491522073745728
0.518051028251648
0.533091962337494
0.47387558221817
0.18193881213665
-0.00163198541849852
-0.0536239705979824
-0.0270950309932232
0.026910312473774
0.0324766524136066
0.115616455674171
0.16121307015419
0.244589745998383
0.388603985309601
0.784761607646942
1.31380081176758
1.74904119968414
1.97039210796356
1.88417303562164
1.81690323352814
1.79523003101349
1.77924156188965
1.73115789890289
1.64766275882721
1.46551311016083
1.11743927001953
0.787367105484009
0.737625360488892
1.37870192527771
2.11855149269104
2.30378031730652
1.70593166351318
0.738454401493073
0.278935253620148
0.300726860761642
0.701858639717102
0.883297681808472
1.06118369102478
1.45959150791168
1.63724064826965
1.03477323055267
-0.179044276475906
-0.560279369354248
0.0681249126791954
1.24297797679901
1.743119597435
1.60467171669006
1.83893167972565
2.57309651374817
2.97399139404297
2.44696545600891
1.86036801338196
2.05140018463135
2.3150315284729
2.03706979751587
1.14408659934998
0.546830177307129
0.576556801795959
0.974964618682861
1.1065434217453
0.833437442779541
0.489271849393845
0.496140956878662
0.683027863502502
0.7725630402565
0.52930212020874
-0.00565869966521859
-0.26230251789093
0.175069704651833
0.945474863052368
1.25221574306488
1.10310888290405
1.00516498088837
0.964661002159119
0.651761591434479
0.158962845802307
0.0897981151938438
0.130538985133171
0.236181020736694
0.4944828748703
0.691318154335022
0.782866656780243
0.652235329151154
0.6094810962677
0.518287897109985
0.376050114631653
0.307122230529785
0.264960169792175
0.216758042573929
0.293739348649979
0.557370662689209
0.639799892902374
0.50691831111908
0.521367132663727
1.03465473651886
1.56772065162659
1.68295574188232
1.48138320446014
1.30693173408508
1.29106163978577
1.35856831073761
1.22556841373444
1.0839227437973
1.22604215145111
1.37230658531189
1.40748107433319
1.05656480789185
0.610902309417725
0.484889835119247
0.537947714328766
0.485837280750275
0.325479328632355
0.161686807870865
0.219481989741325
0.367996692657471
0.520301222801208
0.762851536273956
1.04886662960052
1.3384348154068
1.68106079101563
1.86984264850616
1.91579449176788
1.82424604892731
1.70948469638824
1.61509370803833
1.50554347038269
1.26015079021454
1.10938584804535
1.16954970359802
1.40653359889984
1.69645702838898
1.77557015419006
1.69053542613983
1.27886307239532
0.635536313056946
0.12568324804306
0.142263829708099
0.338625371456146
0.699845314025879
0.591242432594299
0.911129355430603
1.44869565963745
1.58122193813324
0.731111586093903
-0.278527796268463
-0.106089688837528
0.748047471046448
1.52307152748108
1.26927006244659
1.11021482944489
1.63664853572845
2.59749364852905
2.91915702819824
2.38395929336548
2.03860926628113
1.70107591152191
1.29094326496124
0.586031436920166
-0.0500709861516953
-0.194322094321251
0.108036756515503
0.455873817205429
0.282488226890564
-0.327203661203384
-0.621509075164795
-0.41851532459259
-0.15062041580677
-0.245485052466393
-0.734138667583466
-1.29254913330078
-1.23534619808197
-0.529013097286224
0.106852434575558
0.269815921783447
0.216876477003098
0.252050995826721
0.00867166556417942
-0.617245495319366
-1.07155358791351
-1.14782428741455
-1.19472372531891
-1.32322323322296
-1.11407101154327
-0.525696992874146
0.0862451270222664
0.259512275457382
0.248379588127136
-0.0297005511820316
-0.582071006298065
-1.04099798202515
-1.02583861351013
-0.637852847576141
-0.362970352172852
-0.277461916208267
-0.440425395965576
-0.674448549747467
-0.520485937595367
-0.00103982153814286
0.302621811628342
0.0508337318897247
-0.232812747359276
-0.0421359911561012
0.308188140392303
0.312214851379395
-0.207112833857536
-0.657631099224091
-0.735915184020996
-0.536948084831238
-0.403829663991928
-0.462217032909393
-0.631694316864014
-0.931092381477356
-1.32843434810638
-1.69462847709656
-1.71310389041901
-1.40470504760742
-0.998362183570862
-0.722176969051361
-0.553410232067108
-0.357522457838058
-0.0255554039031267
0.358758926391602
0.643115997314453
0.701148092746735
0.630443692207336
0.589347541332245
0.539961040019989
0.46155858039856
0.309609323740005
-0.0148964552208781
-0.333243727684021
0.0132905431091785
0.840306580066681
1.37775444984436
1.15095567703247
0.528709948062897
-0.136408478021622
-0.712820768356323
-0.957029163837433
-0.946014881134033
-0.573662281036377
-0.503194749355316
-0.269290030002594
0.346678793430328
0.736441016197205
0.331400960683823
-0.973491311073303
-1.33494806289673
-0.721821665763855
0.35473221540451
0.619784772396088
0.319557696580887
0.560213088989258
1.35217297077179
2.11215615272522
1.96222019195557
1.71161639690399
1.55256128311157
1.22959506511688
0.609599530696869
-0.208889335393906
-0.413778036832809
-0.0666515752673149
0.505734026432037
0.561042129993439
-0.0240157786756754
-0.57662308216095
-0.612863481044769
-0.2547228038311
-0.0101591451093554
-0.0776658207178116
-0.539908945560455
-0.828174293041229
-0.498102158308029
0.42508128285408
0.973069727420807
0.790564835071564
0.432542532682419
0.158844411373138
-0.21670588850975
-0.533395111560822
-0.545356810092926
-0.482350587844849
-0.555778920650482
-0.517525136470795
-0.145409360527992
0.175780296325684
0.272895187139511
0.227890715003014
-0.0147780226543546
-0.347692549228668
-0.619969487190247
-0.684160053730011
-0.61878514289856
-0.445636451244354
-0.188518896698952
0.0643350705504417
0.0424250066280365
0.199585288763046
0.673316359519958
1.00137507915497
0.924393832683563
0.545172095298767
0.521604001522064
1.07539558410645
1.85231459140778
2.24089241027832
1.88322556018829
1.26311159133911
0.887916564941406
0.916814148426056
0.806671679019928
0.606520295143127
0.225522071123123
0.0147117367014289
-0.224640890955925
-0.409988164901733
-0.573188543319702
-0.490167170763016
-0.298069208860397
-0.0808635056018829
0.114550560712814
0.360298544168472
0.788906753063202
1.11838674545288
1.2624009847641
1.1838800907135
1.22770011425018
1.3152220249176
1.42252206802368
1.31948554515839
1.15296912193298
1.17641878128052
1.60526382923126
2.06194067001343
2.01610708236694
1.56523358821869
1.18494594097137
0.902602195739746
0.484889835119247
0.108392059803009
0.0230020303279161
0.193663656711578
0.379958391189575
0.295042097568512
0.67000025510788
1.24771535396576
1.26595389842987
0.3944071829319
-0.372326552867889
0.0359112024307251
0.940382242202759
1.47747492790222
1.21834397315979
1.11791300773621
1.82554876804352
2.67483019828796
2.86763882637024
2.45395302772522
2.24314284324646
1.97690582275391
1.55481147766113
0.947606682777405
0.442964643239975
0.416790992021561
0.642050087451935
0.829055488109589
0.497206836938858
0.0126983793452382
-0.233404919505119
-0.147659584879875
0.00109196838457137
0.0503600016236305
-0.0407148003578186
-0.293213456869125
-0.0979178249835968
0.476481109857559
1.04270815849304
0.911721527576447
0.685988664627075
0.715123116970062
0.595506012439728
0.058413427323103
-0.513616859912872
-0.583255290985107
-0.38049840927124
-0.0565847903490067
0.274671673774719
0.464993119239807
0.443675220012665
0.335901409387589
0.272303014993668
0.0389904528856277
-0.223693430423737
-0.42858213186264
-0.549265086650848
-0.454400449991226
-0.16305585205555
0.235233560204506
0.17862269282341
0.0314107574522495
0.171042993664742
0.48560044169426
0.648090183734894
0.691199719905853
1.18281412124634
1.74323797225952
1.88239645957947
1.39090049266815
0.814132928848267
0.572766959667206
0.653064370155334
0.787722408771515
0.629022538661957
0.222679674625397
-0.322466343641281
-0.684989035129547
-0.93073707818985
-1.07475125789642
-1.06610572338104
-0.85103178024292
-0.574846565723419
-0.324716567993164
-0.079560749232769
0.164055451750755
0.441661864519119
0.57880699634552
0.771023392677307
0.935171246528625
1.04258978366852
1.02648293972015
0.847294092178345
0.582596838474274
0.485955715179443
0.686343967914581
1.44064223766327
2.15408134460449
2.22241687774658
1.56511509418488
0.744376003742218
0.133381366729736
-0.17205673456192
-0.416620403528214
-0.555660486221313
-0.637615978717804
-0.720518887042999
-0.742547392845154
-0.500233948230743
0.281067043542862
0.731111586093903
0.064216636121273
-1.07771217823029
-1.36384570598602
-0.570819854736328
0.320742011070251
0.517814159393311
0.340520292520523
0.868138253688812
1.80790233612061
2.21732449531555
1.92763781547546
1.55954873561859
1.39220333099365
0.918472170829773
0.34809997677803
-0.258631080389023
-0.415436089038849
-0.213863506913185
0.0858898311853409
0.0119877830147743
-0.5756756067276
-1.01458740234375
-0.80472457408905
-0.142566978931427
-0.0220024213194847
-0.489574998617172
-1.43170762062073
-1.78759813308716
-1.11158394813538
0.0470438823103905
0.652827501296997
0.459308356046677
0.148777633905411
-0.0998127534985542
-0.395776242017746
-0.715781569480896
-0.60634970664978
-0.564306080341339
-0.715070962905884
-0.813370168209076
-0.625654220581055
-0.298069208860397
-0.190769121050835
-0.396605283021927
-0.898997068405151
-1.27324461936951
-1.34619927406311
-1.17553758621216
-0.978228628635406
-0.94542270898819
-0.877442300319672
-0.913564324378967
-0.839899122714996
-0.634062945842743
-0.216113731265068
-0.010277577675879
-0.129065647721291
0.0289236698299646
0.712280750274658
1.63439834117889
1.82128524780273
1.31273484230042
0.519709050655365
0.0992727354168892
0.123314589262009
0.219363555312157
0.0450305268168449
-0.385354161262512
-0.787907123565674
-1.23096418380737
-1.50489914417267
-1.6294903755188
-1.50371479988098
-1.29953670501709
-1.17861688137054
-1.0683559179306
-0.873060286045074
-0.507932066917419
-0.296174287796021
-0.137237504124641
0.0462148524820805
0.406724214553833
0.938368916511536
1.20792186260223
1.16741788387299
0.809277176856995
0.438819497823715
0.416909426450729
0.643471300601959
0.775642275810242
0.73182213306427
0.452202379703522
0.0735728219151497
-0.297358602285385
-0.773221492767334
-0.920314967632294
-0.889167129993439
-0.912853717803955
-0.871639132499695
-0.936895549297333
-0.299845695495605
0.447228223085403
0.430055469274521
-0.693516194820404
-1.46557939052582
-1.07877802848816
-0.155949890613556
0.397960186004639
0.135986894369125
0.239141836762428
0.691555023193359
1.47617208957672
1.86853992938995
1.6765604019165
1.24641251564026
0.508576393127441
-0.14067205786705
-0.613337218761444
-0.771326541900635
-0.692805647850037
-0.550449430942535
-0.643063843250275
-1.16926062107086
-1.77066230773926
-1.69948410987854
-0.949567854404449
-0.159858167171478
-0.0435571856796741
-0.544646203517914
-1.25109767913818
-1.30155003070831
-0.635128855705261
0.18608395755291
0.296344876289368
-0.0227130185812712
-0.259460121393204
-0.550686299800873
-0.999546527862549
-1.37533366680145
-1.41121876239777
-1.48062038421631
-1.40861332416534
-1.04620897769928
-0.590005993843079
-0.564424514770508
-0.880995273590088
-1.21438360214233
-1.57844591140747
-1.67935061454773
-1.48168635368347
-1.06930339336395
-0.938435196876526
-0.923275768756866
-1.04206383228302
-1.16464173793793
-1.12461149692535
-0.869507312774658
-0.532684504985809
-0.193493068218231
0.368944138288498
0.982781171798706
1.38865029811859
1.22675263881683
0.700911223888397
0.127104431390762
-0.17205673456192
-0.063690759241581
0.0240679252892733
-0.127881318330765
-0.588229477405548
-1.07996237277985
-1.59976375102997
-1.92912530899048
-2.02600336074829
-1.89454293251038
-1.58957850933075
-1.362424492836
-1.22243702411652
-1.08529186248779
-0.859085261821747
-0.436635553836823
0.0974962413311005
0.61540275812149
0.996164083480835
1.19501268863678
1.26879632472992
1.06473672389984
0.709556818008423
0.366812348365784
0.177319929003716
0.270289659500122
0.430884480476379
0.405776739120483
0.197216629981995
-0.0942464098334312
-0.446939200162888
-0.890943646430969
-1.33175039291382
-1.38208436965942
-1.28556168079376
-1.14983773231506
-1.05769693851471
-0.848544716835022
-0.0499525554478168
0.359351098537445
-0.159858167171478
-1.27786350250244
-1.61030423641205
-0.886087894439697
0.108392059803009
0.507036745548248
0.388603985309601
0.386235326528549
0.646787405014038
1.10760939121246
1.26891481876373
1.32445979118347
1.18577492237091
0.760601341724396
-0.0336088314652443
-0.778432548046112
-1.20609319210052
-1.10803091526031
-0.73283588886261
-0.755693435668945
-1.15765428543091
-1.55570673942566
-1.37059640884399
-0.816331028938293
-0.660947203636169
-1.07617247104645
-1.61018586158752
-1.79873085021973
-1.29456257820129
-0.506629288196564
-0.0845349207520485
-0.344021111726761
-0.618192970752716
-0.728809177875519
-0.879574120044708
-1.08979225158691
-1.23818850517273
-1.36230611801147
-1.71251177787781
-1.87630426883698
-1.61231768131256
-1.27099442481995
-1.18560433387756
-1.49660885334015
-1.78700602054596
-1.98526239395142
-1.94807457923889
-1.94025802612305
-1.89501667022705
-1.73607993125916
-1.4918714761734
-1.3234601020813
-1.39984929561615
-1.36763548851013
-1.33779048919678
-1.26246726512909
-1.0149427652359
-0.145172506570816
1.12513732910156
1.80766546726227
1.43661558628082
0.420343965291977
-0.466717481613159
-0.72869074344635
-0.532329201698303
-0.303043395280838
-0.360483288764954
-0.777248203754425
-1.37758386135101
-2.0976550579071
-2.65417075157166
-2.89210224151611
-2.77307724952698
-2.4055802822113
-2.0492160320282
-1.72222328186035
-1.47777807712555
-1.15149569511414
-0.795842111110687
-0.354087918996811
0.0779548361897469
0.541382253170013
0.935052812099457
0.990834593772888
0.621205925941467
-0.0179757066071033
-0.48981186747551
-0.445754855871201
-0.0690202340483665
0.165950387716293
0.106260269880295
-0.168859049677849
-0.466362178325653
-0.798802971839905
-1.22705590724945
-1.54125797748566
-1.58318316936493
-1.56814217567444
-1.4171404838562
-1.39155900478363
-0.857782483100891
-0.0903381332755089
-0.0649935156106949
-1.16357588768005
-2.11281442642212
-1.87346196174622
-0.949330985546112
-0.244182303547859
-0.379669398069382
-0.640221476554871
-0.608363091945648
0.245418772101402
1.22308123111725
1.65772950649261
1.66815161705017
1.21123802661896
0.322873800992966
-0.58301842212677
-1.26957321166992
-1.30119478702545
-0.991966784000397
-0.975978374481201
-1.43680024147034
-2.02896404266357
-2.16812252998352
-1.74756789207458
-1.43691873550415
-1.62037110328674
-2.00350117683411
-2.34766674041748
-2.12015748023987
-1.24505758285522
-0.529960572719574
-0.629562556743622
-1.07617247104645
-1.17352426052094
-0.953357696533203
-0.97017514705658
-1.31031405925751
-1.54078423976898
-1.97969615459442
-2.2561182975769
-2.0360701084137
-1.61208081245422
-1.43478691577911
-1.6659677028656
-1.9788670539856
-2.31343960762024
-2.62574696540833
-2.76052331924438
-2.69396424293518
-2.62515473365784
-2.50861692428589
-2.3164005279541
-2.24285364151001
-2.24759101867676
-2.26476383209229
-1.95198285579681
-1.11063647270203
-0.128710344433784
0.508813261985779
0.625232636928558
0.279882699251175
-0.279238402843475
-0.809935629367828
-1.01044225692749
-0.824976623058319
-0.728335440158844
-0.930500209331512
-1.40695524215698
-2.00859379768372
-2.46266484260559
-2.76668190956116
-2.88594365119934
-2.90276122093201
-2.69124007225037
-2.51844668388367
-2.45141386985779
-2.14846277236938
-1.57074773311615
-0.780327439308167
-0.0587165802717209
0.483113348484039
0.764628052711487
0.782748222351074
0.67592191696167
0.447465062141418
0.0772442370653152
-0.296529591083527
-0.272487729787827
-0.14481720328331
-0.121012218296528
-0.393881320953369
-0.671250879764557
-0.792644441127777
-0.949923157691956
-1.29207539558411
-1.8218252658844
-2.06650733947754
-2.04530787467957
-1.88471305370331
-1.81886434555054
-1.33388221263885
-0.356930285692215
0.274197936058044
-0.288949877023697
-1.55381190776825
-2.10594534873962
-1.64014935493469
-0.813133299350739
-0.385235726833344
-0.332888454198837
-0.22594365477562
0.271473973989487
0.972122251987457
1.2743626832962
1.26938843727112
1.01807415485382
0.455518513917923
-0.566793143749237
-1.56683945655823
-2.00054025650024
-1.80891609191895
-1.51922953128815
-1.69143068790436
-2.14834427833557
-2.46313858032227
-2.17830777168274
-1.68586444854736
-1.60331678390503
-1.80974507331848
-2.21289014816284
-2.375972032547
-1.90555715560913
-1.0048760175705
-0.513024687767029
-0.731296300888062
-0.990782499313354
-1.12780916690826
-1.26009857654572
-1.62593746185303
-1.76308250427246
-1.95885193347931
-2.29295086860657
-2.39314484596252
-1.99663197994232
-1.59099972248077
-1.66395437717438
-2.01025176048279
-2.27483057975769
-2.43459630012512
-2.51359105110168
-2.45058488845825
-2.3747878074646
-2.29768800735474
-2.19488835334778
-2.05703258514404
-1.99355268478394
-1.85167026519775
-1.56518137454987
-1.01328468322754
-0.12989467382431
0.624758958816528
1.0424712896347
0.900352001190186
0.357100874185562
-0.314649790525436
-0.832911610603333
-0.936895549297333
-0.83634614944458
-0.859203696250916
-1.23735952377319
-1.81389021873474
-2.46408605575562
-3.04440665245056
-3.40953493118286
-3.48971390724182
-3.09130597114563
-2.53775119781494
-2.16907000541687
-1.91337370872498
-1.64405763149261
-1.11738705635071
-0.612626671791077
-0.267868846654892
0.0042896531522274
0.314938813447952
0.506444573402405
0.432660967111588
0.0379245579242706
-0.472520679235458
-0.65585458278656
-0.576267778873444
-0.343784242868423
-0.353377312421799
-0.595927596092224
-0.869033575057983
-1.05971038341522
-1.11276817321777
-1.33175039291382
-1.73738265037537
-2.10559010505676
-2.26973795890808
-1.97566938400269
-1.59550023078918
-0.749653339385986
-0.0561110600829124
-0.143751308321953
-1.32085454463959
-2.36578702926636
-2.2031786441803
-1.46546101570129
-0.706662237644196
-0.713412940502167
-0.833503782749176
-0.356811851263046
1.19951319694519
2.53389525413513
2.67483019828796
1.90489876270294
1.00232255458832
0.231443703174591
-0.55826598405838
-0.97929447889328
-0.942580342292786
-0.77262932062149
-0.983202755451202
-1.57145833969116
-2.21348237991333
-2.17949223518372
-1.60923838615417
-1.28378510475159
-1.4548020362854
-1.86825084686279
-2.20685005187988
-1.9682080745697
-1.11122858524323
-0.290963232517242
-0.315005093812943
-0.689844787120819
-0.597704112529755
-0.319268673658371
-0.51195877790451
-0.918301641941071
-1.19946098327637
-1.54516625404358
-1.77859723567963
-1.52716445922852
-0.923512637615204
-0.704293608665466
-0.972425401210785
-1.31777536869049
-1.47292232513428
-1.57039248943329
-1.74673879146576
-1.61622595787048
-1.37793922424316
-1.16937911510468
-1.15729892253876
-1.12484836578369
-0.983676493167877
-0.594269573688507
0.0465701520442963
1.06189429759979
1.71978831291199
1.76348996162415
1.51928162574768
1.21538317203522
0.867546081542969
0.466295897960663
0.223627135157585
0.23902340233326
0.28189605474472
0.032595083117485
-0.401579439640045
-1.00286257266998
-1.58093297481537
-2.08735156059265
-2.29354286193848
-1.79825711250305
-1.06563198566437
-0.487087905406952
-0.215995296835899
0.0610189512372017
0.420580834150314
0.924393832683563
1.39042675495148
1.712327003479
1.84082663059235
1.83774733543396
1.78646600246429
1.52982211112976
1.2359904050827
1.05099844932556
1.10867524147034
1.32682836055756
1.40748107433319
1.29106163978577
1.2686779499054
1.2912985086441
1.1185051202774
0.621798098087311
-0.00186885090079159
-0.198111951351166
-0.114616848528385
0.191650301218033
0.471151620149612
1.04886662960052
1.75519967079163
1.78468942642212
0.933157861232758
-0.303161829710007
-0.583136856555939
0.0174356903880835
1.16848373413086
1.73115789890289
1.74880433082581
1.90241169929504
2.92815780639648
3.87846231460571
3.8011257648468
3.20813298225403
2.60921835899353
2.12589430809021
1.29816770553589
0.534750044345856
0.470085740089417
0.935171246528625
1.13070368766785
0.894075036048889
0.403881818056107
0.320623576641083
0.806197941303253
1.16694414615631
1.13413822650909
0.645958423614502
0.151383146643639
0.223153412342072
1.05348551273346
1.99064409732819
2.2973849773407
2.15230488777161
2.0900092124939
2.04891300201416
1.65784800052643
1.21514630317688
1.05265653133392
0.78405100107193
0.493298560380936
0.514379560947418
0.977925479412079
1.36981952190399
1.39919078350067
1.17902433872223
0.844688594341278
0.583307445049286
0.383511394262314
0.307477533817291
0.301555901765823
0.477191686630249
0.55819970369339
0.573596000671387
0.699608445167542
1.0907918214798
1.83158886432648
2.79349970817566
3.60583019256592
3.85122275352478
3.69406247138977
3.29731273651123
3.00016498565674
2.65836811065674
2.37258982658386
2.31917667388916
2.27038216590881
1.97133946418762
1.35015964508057
0.626772284507751
-0.0587165802717209
-0.624114632606506
-0.757943630218506
-0.244419157505035
0.49957549571991
1.05739378929138
1.21147489547729
1.29331195354462
1.5828800201416
2.07911324501038
2.65576243400574
3.14595580101013
3.47685694694519
3.50682044029236
3.35333156585693
3.03652381896973
2.73120427131653
2.40705370903015
2.2540385723114
2.36015439033508
2.46034836769104
2.3369414806366
1.94836354255676
1.71078741550446
1.64363598823547
1.46290767192841
1.01381063461304
0.744494438171387
0.753850638866425
0.77990585565567
0.887324392795563
0.823370695114136
1.33085513114929
1.76514804363251
1.39551937580109
0.411935240030289
-0.296411156654358
0.0938248261809349
1.1411257982254
1.86771082878113
1.70569479465485
1.5897490978241
2.49504923820496
3.81735110282898
4.05587482452393
3.35866093635559
2.74814009666443
2.22075891494751
1.45224869251251
0.685633361339569
0.342888951301575
0.668815910816193
0.962647616863251
0.841017186641693
0.327966421842575
-0.120538488030434
0.0440830625593662
0.450544327497482
0.594913899898529
0.382800787687302
-0.0261475685983896
-0.346981942653656
0.0395826175808907
1.01700830459595
1.65571618080139
1.58418273925781
1.44076073169708
1.6450572013855
1.51608395576477
0.838293194770813
0.385406315326691
0.206454396247864
0.042780302464962
-0.0544530004262924
0.284264713525772
0.660999357700348
0.705056369304657
0.560686826705933
0.419988662004471
0.284856885671616
-0.0282793585211039
-0.281014889478683
-0.404658704996109
-0.0608483701944351
0.232391163706779
0.335309237241745
0.190465971827507
0.253945916891098
0.792696595191956
1.88867342472076
2.82701635360718
3.08283114433289
2.92057824134827
2.5939404964447
2.33848118782043
2.01409363746643
1.67620503902435
1.58110356330872
1.6073956489563
1.38722908496857
1.06544721126556
0.432305693626404
-0.206165373325348
-0.862401366233826
-1.20727753639221
-0.732243716716766
0.192360892891884
0.910655617713928
1.197026014328
1.43673396110535
1.68520593643188
2.10291838645935
2.49185156822205
2.85828256607056
3.14192891120911
3.19249987602234
3.15412759780884
2.91738057136536
2.47633695602417
2.02155494689941
1.76822733879089
1.88192272186279
2.11831450462341
2.11144542694092
2.20216488838196
2.32332181930542
2.20654702186584
1.57008934020996
0.804066121578217
0.268157869577408
0.325242459774017
0.676158726215363
1.23125314712524
1.73648738861084
2.04488635063171
2.22964143753052
2.10741877555847
1.60715878009796
0.919419646263123
1.04069483280182
1.87789607048035
2.7479031085968
2.76732611656189
2.27192187309265
2.62828612327576
3.72059154510498
4.24252462387085
3.66919159889221
2.81256747245789
2.37176060676575
1.99869751930237
1.25825583934784
0.659578144550323
0.738572835922241
1.17322111129761
1.35169923305511
1.08593618869781
0.675329744815826
0.605691254138947
0.845280766487122
1.09280526638031
1.05052471160889
0.638615548610687
0.275619119405746
0.589110672473907
1.58809113502502
2.29181861877441
2.22549629211426
2.0063955783844
2.12352561950684
2.1257758140564
1.60621130466461
1.13638854026794
0.993558585643768
0.788906753063202
0.573951244354248
0.703516721725464
1.05786752700806
1.21301448345184
1.10133242607117
0.968924582004547
0.817685902118683
0.58887380361557
0.403289645910263
0.177675232291222
0.186676114797592
0.439648509025574
0.778484642505646
0.96679276227951
1.10820150375366
1.59211778640747
2.39509201049805
3.12499308586121
3.27279710769653
3.1733136177063
2.89629936218262
2.70266175270081
2.42422652244568
2.15526556968689
1.92526912689209
1.79286134243011
1.59638142585754
1.20306611061096
0.684212207794189
0.0553341768682003
-0.40205317735672
-0.330875098705292
-0.0306480135768652
0.326900511980057
0.531078636646271
0.61457371711731
0.78582751750946
1.0901997089386
1.44573485851288
1.87848818302155
2.19044017791748
2.30851769447327
2.31775546073914
2.25605177879333
2.34369206428528
2.30318808555603
2.01740980148315
1.68627178668976
1.52366364002228
1.47569835186005
1.28762710094452
0.9063920378685
0.549435675144196
0.710385799407959
1.27957367897034
1.60325050354004
1.03406262397766
0.462387591600418
0.239497140049934
0.516156077384949
1.13994145393372
1.25008392333984
1.7600554227829
1.77805721759796
1.35572600364685
0.378892511129379
-0.0710335895419121
0.486547887325287
1.49156832695007
1.95025849342346
1.46018373966217
1.46989512443542
2.24870896339417
3.40188884735107
3.31318283081055
2.59086132049561
2.08846950531006
1.85444641113281
1.38095211982727
0.769246935844421
0.509879171848297
0.755508720874786
1.00859951972961
0.948909401893616
0.615521192550659
0.425318151712418
0.595861315727234
0.902602195739746
0.930789232254028
0.601546108722687
0.214863121509552
0.207757145166397
0.829055488109589
1.59638142585754
1.77710974216461
1.38888716697693
1.25091302394867
1.49334490299225
1.39078211784363
0.808329701423645
0.521248698234558
0.476244240999222
0.388367116451263
0.235944151878357
0.384458839893341
0.744968175888062
1.02304828166962
1.10784614086151
1.00232255458832
0.776234447956085
0.406487345695496
0.17116142809391
0.198637828230858
0.330098211765289
0.575254023075104
0.706951260566711
0.847057223320007
1.03181231021881
1.41979813575745
1.97915613651276
2.37484002113342
2.43760943412781
2.35802245140076
2.33078289031982
2.09083819389343
1.75816059112549
1.45378828048706
1.3597526550293
1.29354882240295
1.02186405658722
0.702332377433777
0.380313694477081
0.222087517380714
0.125327944755554
0.171872019767761
0.295397400856018
0.52752560377121
0.684212207794189
0.915392935276031
1.10820150375366
1.36946415901184
1.76810884475708
2.0416886806488
2.17468857765198
2.13880348205566
2.22241687774658
2.43914890289307
2.56409549713135
2.32107138633728
1.97394502162933
1.66590142250061
1.43827366828918
1.21633064746857
1.21929144859314
1.76289784908295
2.25249886512756
2.22597002983093
1.60242140293121
0.735730409622192
0.106378696858883
0.152567476034164
0.48465296626091
1.12774288654327
1.2831267118454
1.12276875972748
1.20365834236145
1.15616679191589
0.803000271320343
0.140487343072891
0.412882715463638
1.3044445514679
2.09960222244263
1.8518408536911
1.4553279876709
1.99313116073608
3.05535459518433
3.38945341110229
2.83862257003784
2.43820142745972
2.44246506690979
1.96790492534637
1.09410798549652
0.470085740089417
0.522314608097076
0.834266483783722
0.915392935276031
0.712517619132996
0.272303014993668
0.0742834210395813
0.116682350635529
0.319202393293381
0.248853325843811
-0.0390567407011986
-0.200954332947731
0.105549670755863
0.767233550548553
1.16161465644836
1.10074019432068
1.04862976074219
1.23942506313324
1.23634576797485
0.707780301570892
0.313399195671082
0.298713505268097
0.200532749295235
0.0177909880876541
-0.0764814987778664
0.184425890445709
0.370010048151016
0.399026066064835
0.343954831361771
0.334006488323212
0.21581058204174
-0.10514222830534
-0.127289146184921
-0.0899828299880028
-0.00482967030256987
0.0604267865419388
0.2033751308918
0.400565713644028
0.734309256076813
1.2555319070816
1.62267339229584
1.66601979732513
1.27045440673828
0.976504266262054
0.781919240951538
0.693686783313751
0.605928122997284
0.490574598312378
0.553699254989624
0.460492670536041
0.118458844721317
-0.317255318164825
-0.382274895906448
-0.230088800191879
-0.0780211240053177
-0.0497156903147697
-0.102892003953457
-0.0811003744602203
-0.132381767034531
-0.0454521104693413
0.160739347338676
0.630206823348999
1.03773403167725
1.23895132541656
1.23859596252441
1.22355496883392
1.40712583065033
1.63522732257843
1.64730751514435
1.30527365207672
0.861624479293823
0.50691831111908
0.246247798204422
0.0785470008850098
0.101286090910435
0.549317240715027
1.0964766740799
1.21040892601013
0.510945022106171
-0.553410232067108
-0.979531347751617
-0.806974828243256
-0.0690202340483665
0.394051909446716
0.312333285808563
0.529538989067078
0.459189921617508
-0.00494810286909342
-1.02986526489258
-1.18761777877808
-0.380143105983734
0.66170996427536
0.877376019954681
0.370957493782043
0.3664570748806
1.14657366275787
1.89483189582825
1.73672425746918
1.35750246047974
1.20282924175262
0.928302109241486
0.186676114797592
-0.570938289165497
-0.816331028938293
-0.47737643122673
-0.195861726999283
-0.182123526930809
-0.612745046615601
-1.04111635684967
-1.03176021575928
-0.792644441127777
-0.640339910984039
-0.808632850646973
-0.972780704498291
-0.787907123565674
-0.244774460792542
0.214507818222046
0.108984224498272
-0.123262442648411
0.0350821726024151
0.311148971319199
-0.0175019763410091
-0.566911578178406
-0.751666724681854
-0.854347944259644
-1.07333016395569
-1.17731404304504
-0.794420957565308
-0.28800243139267
-0.0735206753015518
-0.243353262543678
-0.610139548778534
-1.0143506526947
-1.35081803798676
-1.50181984901428
-1.42436480522156
-1.14107370376587
-0.883837699890137
-0.74385017156601
-0.830069184303284
-0.871520698070526
-0.564424514770508
0.0792575925588608
0.616942346096039
0.664552330970764
0.401394724845886
0.0706120058894157
-0.167082563042641
-0.327795833349228
-0.468612402677536
-0.340586572885513
-0.125986397266388
-0.0435571856796741
-0.238023787736893
-0.355627536773682
-0.6627237200737
-1.09168720245361
-1.40055990219116
-1.25240051746368
-0.758417367935181
-0.373510867357254
-0.25732833147049
-0.528065621852875
-0.618666708469391
-0.520959675312042
-0.0770736560225487
0.378300338983536
0.663249552249908
0.81472510099411
0.796131134033203
0.796841740608215
0.52018278837204
0.241747349500656
-0.176083460450172
-0.548199236392975
-0.520367503166199
0.108628921210766
0.994624495506287
1.30799758434296
0.881402730941772
-0.0602562054991722
-1.06657946109772
-1.57133996486664
-1.29752337932587
-0.544054090976715
-0.0169098135083914
-0.239918723702431
-0.394947201013565
-0.181531354784966
-0.317492187023163
-1.00381004810333
-1.55014050006866
-1.10992586612701
-0.117222368717194
0.420343965291977
0.185018062591553
0.0353190377354622
0.615284323692322
1.42536449432373
1.47546148300171
1.03133857250214
0.935171246528625
0.974490880966187
0.420699268579483
-0.370431631803513
-0.86015111207962
-0.814080774784088
-0.614403128623962
-0.609310507774353
-0.919249057769775
-1.47221171855927
-1.66679668426514
-1.52870416641235
-1.38172900676727
-1.5459953546524
-1.67662668228149
-1.55144321918488
-1.16132569313049
-0.70074063539505
-0.581005096435547
-0.644721925258636
-0.646024703979492
-0.426924049854279
-0.436990857124329
-0.920788705348969
-1.23593831062317
-1.29136478900909
-1.26779675483704
-1.37095165252686
-1.29657590389252
-0.946251749992371
-0.629088819026947
-0.524275779724121
-0.740652441978455
-1.02299618721008
-1.38101840019226
-1.79719114303589
-1.92415118217468
-1.77480745315552
-1.48026514053345
-1.41879844665527
-1.50418853759766
-1.54753494262695
-1.3392117023468
-0.8147913813591
-0.279830574989319
-0.0430834554135799
-0.264908045530319
-0.653249084949493
-1.01766669750214
-1.00961327552795
-1.00002026557922
-0.920907139778137
-0.735796749591827
-0.778550922870636
-1.07036924362183
-1.46782970428467
-1.57524824142456
-1.54883766174316
-1.5924209356308
-1.75064706802368
-1.71334075927734
-1.57643246650696
-1.46368455886841
-1.42033815383911
-1.32263112068176
-0.996467232704163
-0.657631099224091
-0.437346130609512
-0.324835002422333
-0.235299840569496
-0.160568758845329
-0.0295821186155081
-0.0773105248808861
-0.35077178478241
-0.834214329719543
-1.36384570598602
-1.64808440208435
-1.28982520103455
-0.00565869966521859
1.19015693664551
1.2046058177948
0.131723314523697
-1.12911200523376
-2.05632209777832
-2.06413865089417
-1.65507185459137
-0.885258853435516
-0.725019335746765
-1.18347263336182
-1.09002912044525
-1.12946724891663
-1.46794807910919
-2.47012615203857
-2.56605672836304
-1.69723391532898
-0.547962367534637
-0.255196541547775
-0.647208988666534
-0.540974795818329
0.0164882279932499
0.537710845470428
0.379603087902069
0.404118686914444
0.644418776035309
0.380076825618744
-0.60871833562851
-1.52787506580353
-1.73501396179199
-1.43123400211334
-1.22077894210815
-1.33293473720551
-1.88198912143707
-2.31130790710449
-2.35560178756714
-2.09907627105713
-2.05833554267883
-2.18647980690002
-2.32492756843567
-2.23610305786133
-1.75846374034882
-1.29562842845917
-1.15966761112213
-1.23937284946442
-1.17174780368805
-1.23345124721527
-1.54350817203522
-1.8142454624176
-1.66028296947479
-1.50039863586426
-1.4755277633667
-1.52526950836182
-1.38966405391693
-1.19531583786011
-1.21947610378265
-1.45160436630249
-1.84598553180695
-2.15142369270325
-2.50008964538574
-2.65950012207031
-2.62503623962402
-2.41090989112854
-2.20613956451416
-2.20306038856506
-2.23195791244507
-2.05407190322876
-1.51496589183807
-1.00677084922791
-0.767062962055206
-0.907997965812683
-1.23001670837402
-1.37711012363434
-1.25097930431366
-0.915932953357697
-0.596164464950562
-0.332414716482162
-0.504615962505341
-1.07486975193024
-1.75348949432373
-2.10227394104004
-2.04791331291199
-1.99947440624237
-2.00361943244934
-2.08628559112549
-2.07562661170959
-2.10191869735718
-2.18280839920044
-2.12382888793945
-1.69225978851318
-1.10246455669403
-0.697187662124634
-0.588347911834717
-0.691147565841675
-0.737099468708038
-0.70216178894043
-0.615942776203156
-0.590953469276428
-0.668882191181183
-0.694582104682922
-0.574846565723419
-0.312044262886047
-0.127526015043259
-0.0821662694215775
-0.310149341821671
-0.825568735599518
-1.64026772975922
-2.39871120452881
-2.56724095344543
-2.07894277572632
-1.62996411323547
-1.5082151889801
-1.84776198863983
-1.85557854175568
-1.40281009674072
-1.49660885334015
-2.13661956787109
-2.63072109222412
-2.05999350547791
-1.06942188739777
-0.560516238212585
-0.715781569480896
-0.655973017215729
0.0234757624566555
0.721636950969696
0.816975295543671
0.473401844501495
0.277750909328461
0.0839949101209641
-0.459137767553329
-1.05876290798187
-1.40944230556488
-1.4498279094696
-1.37722861766815
-1.51437377929688
-1.94108700752258
-2.56593823432922
-2.9077353477478
-2.80339598655701
-2.64445924758911
-2.58619022369385
-2.60845565795898
-2.63261604309082
-2.37253761291504
-1.75194990634918
-0.996585667133331
-0.698727250099182
-0.727980136871338
-1.03862929344177
-1.42756247520447
-1.88222587108612
-2.00196146965027
-1.87997567653656
-1.92415118217468
-2.12584209442139
-2.07692933082581
-1.53000688552856
-1.08185732364655
-1.04135322570801
-1.30841910839081
-1.67070496082306
-2.13318490982056
-2.69052958488464
-2.65724992752075
-2.26867198944092
-1.86611902713776
-1.95790445804596
-2.2215359210968
-2.2768440246582
-1.99035501480103
-1.51271569728851
-1.2424521446228
-1.21130430698395
-1.3002473115921
-1.05378866195679
-0.696477055549622
-0.600546479225159
-0.875073671340942
-1.16795790195465
-1.17968273162842
-1.1512588262558
-1.25465071201324
-1.53391516208649
-1.79198014736176
-2.04222869873047
-2.40498828887939
-2.70166230201721
-2.63924813270569
-2.26476383209229
-1.9468902349472
-1.82170677185059
-1.67875838279724
-1.40044140815735
-1.05295968055725
-0.822252631187439
-0.659052312374115
-0.537303388118744
-0.376471698284149
-0.138895571231842
0.0434909015893936
0.0585318617522717
-0.166253536939621
-0.299727261066437
0.00369748915545642
0.451136499643326
0.389196157455444
-0.123262442648411
-0.664263308048248
-1.22397661209106
-2.00977802276611
-2.67856788635254
-2.44596600532532
-1.71630156040192
-1.11928200721741
-1.39274334907532
-1.73406648635864
-1.43869519233704
-1.42389106750488
-1.84835410118103
-2.57482075691223
-2.31497931480408
-1.3460807800293
-0.455584794282913
-0.421476155519485
-0.625772655010223
-0.222390666604042
0.702332377433777
1.32682836055756
1.03820776939392
0.586860418319702
0.0998649001121521
-0.414251744747162
-0.992085218429565
-1.1946052312851
-1.20988309383392
-1.09938538074493
-1.09796416759491
-1.33198726177216
-1.85190713405609
-2.34269261360168
-2.34423208236694
-2.16800427436829
-2.06176996231079
-2.13365864753723
-2.13436937332153
-1.91988754272461
-1.48476552963257
-0.905274033546448
-0.645195662975311
-0.553528666496277
-0.461743295192719
-0.480100363492966
-0.887153804302216
-1.49720096588135
-1.65519034862518
-1.5673131942749
-1.40091514587402
-1.27466583251953
-1.08138358592987
-1.04774868488312
-1.27656078338623
-1.56399703025818
-1.8564076423645
-2.13602733612061
-2.47391605377197
-2.57813692092896
-2.41576552391052
-2.11056423187256
-1.8267993927002
-1.81483769416809
-1.81223213672638
-1.66952061653137
-1.20514583587646
-0.768957912921906
-0.598533153533936
-0.764931201934814
-0.835753977298737
-0.323058515787125
0.302029639482498
0.697358191013336
0.665499806404114
0.428397387266159
-0.00494810286909342
-0.581715703010559
-1.02832567691803
-1.16629981994629
-1.11726868152618
-1.29373347759247
-1.64026772975922
-2.02837204933167
-2.16776728630066
-2.14846277236938
-2.11316990852356
-1.83615553379059
-1.3945198059082
-0.923038959503174
-0.705122649669647
-0.534934759140015
-0.21185015141964
0.326545208692551
0.899404525756836
1.08096194267273
0.984912991523743
0.5613973736763
0.161805242300034
0.117511384189129
0.476362675428391
0.723768711090088
0.584965527057648
0.2033751308918
-0.281843930482864
-0.84961062669754
-1.57524824142456
-1.7319347858429
-1.20775127410889
-0.707609713077545
-0.760430753231049
-1.31611728668213
-1.29491782188416
-0.757588326931
-0.851742386817932
-1.48820006847382
-1.87571215629578
-1.29929983615875
-0.335612386465073
0.0323582179844379
-0.0523212105035782
0.170213967561722
0.803474009037018
1.4465639591217
1.56168055534363
1.48872601985931
1.23089790344238
0.720926344394684
-0.0588350147008896
-0.573306977748871
-0.589176952838898
-0.400158256292343
-0.163529574871063
-0.255196541547775
-0.749890208244324
-1.50987327098846
-1.91562402248383
-1.70895874500275
-1.38350558280945
-1.23510932922363
-1.26590180397034
-1.17494547367096
-1.09145033359528
-0.934526920318604
-0.687949895858765
-0.483061194419861
-0.161160930991173
-0.0176204089075327
-0.208889335393906
-0.872823417186737
-1.27016532421112
-1.35058116912842
-1.1670104265213
-0.898878633975983
-0.512195646762848
-0.0544530004262924
0.0841133370995522
-0.11745923012495
-0.530908048152924
-0.886916935443878
-1.19531583786011
-1.41761422157288
-1.34939694404602
-1.03614223003387
-0.718031823635101
-0.729046046733856
-0.955015778541565
-1.10814929008484
-0.99990177154541
-0.658815443515778
-0.251762002706528
0.33483549952507
0.795775830745697
1.08889698982239
0.858071506023407
0.366220206022263
-0.00305317854508758
0.026318147778511
0.131486445665359
-0.00222414918243885
-0.413659602403641
-0.878626644611359
-1.05746006965637
-1.24446547031403
-1.40588927268982
-1.52420365810394
-1.34537017345428
-1.03981363773346
-0.844991743564606
-0.658104836940765
-0.458190321922302
-0.273672044277191
-0.209363058209419
-0.198467254638672
0.116919219493866
0.88163959980011
1.87327718734741
2.46626996994019
2.36347031593323
1.71434044837952
1.16718101501465
1.18103766441345
1.64612317085266
1.91070199012756
1.54628431797028
0.807145416736603
0.023357329890132
-0.601020216941833
-1.07498812675476
-1.31765687465668
-1.07818591594696
-0.71815025806427
-0.560042500495911
-0.808988153934479
-0.898404896259308
-0.259223252534866
-0.164713904261589
-0.755930304527283
-1.64926862716675
-1.37545216083527
-0.0537424050271511
1.03619432449341
1.07373750209808
0.771497130393982
1.09860849380493
1.8656975030899
2.41984438896179
2.44613647460938
2.1012601852417
1.36401629447937
0.574069678783417
0.0341347120702267
0.18691298365593
0.619192600250244
0.697831928730011
0.16701628267765
-0.445518016815186
-0.913801193237305
-1.18548595905304
-1.16535234451294
-1.07415914535522
-1.07747530937195
-1.03981363773346
-0.824502885341644
-0.470033586025238
-0.22179850935936
0.165713518857956
0.416435688734055
0.494838178157806
0.613034069538116
0.727558553218842
0.553225517272949
0.0473991818726063
-0.216469034552574
-0.347100377082825
-0.284449428319931
-0.0331351011991501
0.520301222801208
0.840780317783356
0.444385826587677
-0.272250860929489
-0.748469054698944
-0.955726385116577
-1.17127406597137
-1.24185991287231
-1.02512800693512
-0.671369314193726
-0.479508221149445
-0.376471698284149
-0.301622182130814
-0.187689870595932
0.0335425473749638
0.348810583353043
0.737270057201385
1.28881144523621
1.97453725337982
2.43879365921021
2.22241687774658
1.53988897800446
0.94808042049408
0.909589767456055
1.07610619068146
0.960042119026184
0.530012726783752
0.11905100941658
-0.192900910973549
-0.585150241851807
-0.869862616062164
-0.923038959503174
-0.704648911952972
-0.53031587600708
-0.459493070840836
-0.307306975126266
-0.1018261089921
0.311977982521057
0.671776711940765
1.12928247451782
1.67537605762482
2.38206434249878
2.94568586349487
2.92057824134827
2.3684446811676
1.71445882320404
1.56736528873444
1.92550599575043
2.3200056552887
2.20465207099915
1.76266098022461
1.31865656375885
0.892298579216003
0.306411653757095
-0.317136883735657
-0.338573217391968
0.243997573852539
0.570990443229675
0.453742027282715
-0.0113434726372361
0.310438364744186
1.08036983013153
1.01535022258759
0.274908542633057
-0.467901796102524
0.0463332869112492
1.10121393203735
1.69148290157318
1.62160754203796
1.54083645343781
1.86901354789734
2.24420857429504
2.48202157020569
2.52015686035156
2.27014541625977
2.29702973365784
2.09261465072632
1.78445255756378
1.45449888706207
1.20259237289429
1.07871174812317
0.812001168727875
0.444859564304352
-0.0491235256195068
-0.0533871054649353
0.108392059803009
0.11490585654974
-0.281133323907852
-0.52297306060791
-0.206165373325348
0.186439245939255
0.814369797706604
1.25778210163116
1.34992277622223
1.04483997821808
0.80785596370697
0.778010964393616
0.638023376464844
0.575017154216766
0.679356455802917
0.77351051568985
0.537118673324585
0.511537194252014
0.816619992256165
1.02186405658722
0.860203266143799
0.465940594673157
0.198874697089195
-0.194914266467094
-0.555897355079651
-0.566674709320068
-0.249274909496307
0.0443199276924133
0.142382264137268
0.185136497020721
0.238904967904091
0.358758926391602
0.735019862651825
1.4270224571228
2.13904023170471
2.59240102767944
2.59630918502808
2.2037045955658
1.64174115657806
1.19240725040436
1.08309376239777
1.10879361629486
0.976504266262054
0.607349336147308
0.258209496736526
0.0400563478469849
-0.174306958913803
-0.439241081476212
-0.543698787689209
-0.498457461595535
-0.237668499350548
0.0317660570144653
0.259512275457382
0.480626255273819
0.545172095298767
0.797789216041565
1.44762980937958
2.39260482788086
3.25929594039917
3.63306975364685
3.35593700408936
2.68608117103577
2.01338315010071
1.77012228965759
2.11049795150757
2.57439923286438
2.64652466773987
2.18025493621826
1.51110982894897
1.10701715946198
0.717728674411774
0.165713518857956
-0.264197438955307
-0.0435571856796741
0.269223749637604
0.595979750156403
0.335190802812576
0.356153398752213
0.994979739189148
1.10535907745361
0.683620035648346
-0.174543827772141
-0.0594271756708622
0.864585280418396
1.65038669109344
1.59306526184082
1.31865656375885
1.28182399272919
1.93592810630798
2.90541887283325
3.47460675239563
3.45352554321289
3.02515435218811
2.19648027420044
1.19998693466187
0.647734880447388
0.675092875957489
1.08380436897278
1.06781589984894
0.740467727184296
0.176609337329865
-0.235299840569496
-0.203678295016289
0.00132883386686444
0.076770506799221
0.0856529623270035
0.210717976093292
0.440832853317261
0.80323714017868
1.28052115440369
1.49843752384186
1.2931934595108
1.04969573020935
1.17393171787262
1.23504304885864
1.05159068107605
0.786893367767334
0.47802072763443
0.156949490308762
0.0889690816402435
0.571345746517181
0.987755358219147
0.850136518478394
0.34075716137886
0.0230020303279161
-0.262420952320099
-0.576267778873444
-0.677054047584534
-0.502957880496979
-0.0927067846059799
0.165595084428787
0.323110669851303
0.40103942155838
0.455992221832275
0.636720657348633
0.907576382160187
1.49133145809174
2.41818642616272
3.55431199073792
3.78821659088135
3.1318621635437
2.18736100196838
1.65678203105927
1.52686131000519
1.39611160755157
1.09564757347107
0.829647600650787
0.604625344276428
0.220192596316338
-0.344257980585098
-0.912261545658112
-1.14367914199829
-0.978465437889099
-0.654314994812012
-0.296174287796021
0.058413427323103
0.533921003341675
1.14029681682587
1.68260037899017
2.0881142616272
2.44163608551025
2.92282843589783
3.23643827438354
3.04990673065186
2.47112584114075
2.03434586524963
2.07378387451172
2.35671973228455
2.45122909545898
2.22620677947998
2.01977849006653
1.85788094997406
1.44514274597168
0.888745546340942
0.381024301052094
0.262828379869461
0.513550579547882
0.700792789459229
0.418922781944275
0.211310133337975
0.685870230197906
1.39859867095947
1.43235194683075
0.554765164852142
-0.19609859585762
-0.139724597334862
0.59301894903183
1.10737252235413
1.20436894893646
1.34968590736389
1.96529948711395
3.09870100021362
3.65533494949341
3.38424253463745
2.70668864250183
2.07638931274414
1.44834041595459
0.857005596160889
0.850254952907562
1.08368587493896
1.23492455482483
0.828700184822083
0.27869838476181
-0.203086122870445
-0.305293619632721
0.0488203726708889
0.313636034727097
0.385998457670212
0.215692147612572
0.0407669469714165
0.0440830625593662
0.489034980535507
1.15521931648254
1.49133145809174
1.47984349727631
1.32943391799927
1.25114989280701
0.91136622428894
0.516274511814117
0.274671673774719
0.1124187707901
0.0469254516065121
0.307951271533966
0.773273646831512
0.805487334728241
0.509879171848297
-0.0388198755681515
-0.383103936910629
-0.641050517559052
-0.761378228664398
-0.699082553386688
-0.443386226892471
-0.286462783813477
-0.18946635723114
-0.12077534943819
0.0228835977613926
0.322044759988785
0.721400082111359
1.53301978111267
2.3910653591156
2.85674285888672
2.79622364044189
2.32272958755493
1.67513918876648
1.17168140411377
1.00066459178925
0.93884265422821
0.789262056350708
0.390735775232315
-0.0390567407011986
-0.361312299966812
-0.708675622940063
-1.05663108825684
-1.33021080493927
-1.35898995399475
-1.06030249595642
-0.505918741226196
-0.112248189747334
0.237128481268883
0.839240670204163
1.69219350814819
2.45466375350952
2.77609014511108
2.93028974533081
2.97707056999207
2.71604466438293
2.14792275428772
1.55528521537781
1.38213646411896
1.60040807723999
1.85290670394897
1.64126741886139
1.27649450302124
0.976978003978729
0.820054590702057
0.449241578578949
-0.218719258904457
-0.807685434818268
-0.904918730258942
-0.553528666496277
0.0182647202163935
-0.0114619052037597
0.262591511011124
0.806790113449097
0.942750930786133
0.20017746090889
-0.785775363445282
-0.740178763866425
0.165831953287125
1.08226466178894
1.07338225841522
0.906984210014343
1.05016946792603
1.96470725536346
2.65777587890625
2.64439296722412
2.28293609619141
1.73909282684326
0.94713294506073
-0.0295821186155081
-0.391512662172318
-0.121367514133453
0.34146773815155
0.335309237241745
-0.0326613709330559
-0.541093230247498
-0.897339046001434
-0.688542068004608
-0.313228607177734
0.014001140370965
0.101878255605698
-0.0678359046578407
-0.205099478363991
-0.0246079433709383
0.399262934923172
0.660051882266998
0.637904942035675
0.67592191696167
0.80146062374115
0.535579085350037
0.00807950180023909
-0.372681856155396
-0.663552761077881
-0.8628751039505
-0.709623098373413
-0.258512675762177
-0.0524396449327469
-0.404066532850266
-0.920314967632294
-1.26294100284576
-1.43241822719574
-1.60355365276337
-1.51117610931396
-1.44130074977875
-1.06752693653107
-0.622811853885651
-0.371734380722046
-0.425502866506577
-0.445518016815186
-0.137119069695473
0.821357309818268
1.91662359237671
2.31858444213867
2.31491303443909
1.79582214355469
1.22485780715942
0.605099081993103
0.339217513799667
0.271710842847824
0.192005589604378
-0.22831229865551
-0.756285607814789
-1.12769079208374
-1.58697307109833
-2.03926777839661
-2.49440503120422
-2.34186339378357
-1.67923212051392
-1.11951887607574
-0.896746873855591
-0.758417367935181
-0.25152513384819
0.340638726949692
0.884600400924683
1.28727185726166
1.80884981155396
2.22229862213135
2.13086843490601
1.50649094581604
0.835095524787903
0.555594205856323
0.729927241802216
1.06864500045776
1.11270189285278
0.801697492599487
0.279172122478485
-0.298306077718735
-0.763391554355621
-0.819647133350372
-0.552225947380066
-0.0648750811815262
0.212139159440994
0.299187242984772
0.219008266925812
0.042780302464962
0.0920483320951462
-0.0764814987778664
-0.519538462162018
-0.883482396602631
-0.732599020004272
-0.420765548944473
-0.226891115307808
-0.482587456703186
-0.901365756988525
-0.329927623271942
0.817804336547852
2.06490135192871
2.41368579864502
2.03730654716492
1.4886075258255
0.801342189311981
-0.0599009096622467
-0.491825222969055
-0.330519795417786
-0.0973256602883339
-0.0604930706322193
-0.42858213186264
-0.973491311073303
-1.3787682056427
-1.39783585071564
-0.778669357299805
-0.31275486946106
-0.160687193274498
-0.165661364793777
-0.302569657564163
-0.460558980703354
-0.380735278129578
-0.0462811402976513
0.15872597694397
0.257735788822174
0.25880166888237
0.232272729277611
-0.182241961359978
-0.597940981388092
-0.89177268743515
-1.10530698299408
-1.14652156829834
-0.865599036216736
-0.526644468307495
-0.657986402511597
-1.14640307426453
-1.54398190975189
-1.57406389713287
-1.59775042533875
-1.62143695354462
-1.54327130317688
-1.38220274448395
-1.05686795711517
-0.879810988903046
-0.863467276096344
-0.93488222360611
-0.840135991573334
-0.292858153581619
0.655077695846558
1.31818282604218
1.56345701217651
1.430220246315
0.995216608047485
0.484297662973404
0.115616455674171
0.0565185025334358
0.0947722867131233
-0.0988652855157852
-0.573188543319702
-0.942106604576111
-1.21710753440857
-1.43573439121246
-1.82443070411682
-2.06046724319458
-1.68953585624695
-1.2242134809494
-0.895444095134735
-0.629088819026947
-0.422068327665329
0.0018025649478659
0.423423230648041
0.850728631019592
1.23184525966644
1.53266453742981
1.5156102180481
1.19335460662842
0.61042857170105
0.284027844667435
0.351416110992432
0.540079474449158
0.6094810962677
0.313043892383575
-0.0218839887529612
-0.0985099896788597
0.0476360470056534
0.125564813613892
-0.128591910004616
-0.371497511863708
-0.469796717166901
-0.526644468307495
-0.475126206874847
-0.727151155471802
-0.495022892951965
-0.09768096357584
0.00725047243759036
-0.501892030239105
-1.15268003940582
-1.16274690628052
-0.665684521198273
-0.077902689576149
0.0385167226195335
0.129473090171814
0.545527398586273
1.40215158462524
1.72653901576996
1.40475714206696
0.931499779224396
0.535105347633362
-0.00696145975962281
-0.619140446186066
-0.849373757839203
-0.681672930717468
-0.452623963356018
-0.507458329200745
-0.757469892501831
-1.02714133262634
-1.13384926319122
-0.927065670490265
-0.604454755783081
-0.405961453914642
-0.418396890163422
-0.665447652339935
-0.926947236061096
-0.784235715866089
-0.292384445667267
0.142026960849762
0.2663813829422
0.210954830050468
-0.0204627960920334
-0.439951658248901
-0.783169806003571
-0.968635559082031
-1.17269515991211
-1.35223925113678
-1.2675598859787
-0.972425401210785
-0.79927670955658
-0.902786910533905
-1.2499133348465
-1.62735855579376
-1.79813861846924
-1.86588215827942
-2.03938627243042
-1.9305465221405
-1.64666318893433
-1.18548595905304
-1.04810392856598
-0.849018454551697
-0.54358035326004
0.285093754529953
1.07847487926483
1.31119525432587
1.11874198913574
0.795065224170685
0.637786507606506
0.346205055713654
0.066466860473156
-0.277817189693451
-0.467428058385849
-0.751903593540192
-1.09417426586151
-1.51543962955475
-1.91005766391754
-1.96785283088684
-1.85664439201355
-1.65732204914093
-1.43644499778748
-1.25713777542114
-1.24801850318909
-1.22598993778229
-0.951581239700317
-0.385117292404175
0.298950374126434
0.753021597862244
0.935763359069824
0.908642292022705
0.871335983276367
0.877020716667175
0.754561245441437
0.577148973941803
0.515563905239105
0.638023376464844
0.696647644042969
0.403171211481094
-0.112248189747334
-0.576504647731781
-0.376708567142487
0.043609332293272
0.184899628162384
-0.242761105298996
-0.564542949199677
-0.724071860313416
-0.741363048553467
-0.59308522939682
-0.396960556507111
0.00713203940540552
0.212139159440994
-0.0378724113106728
-0.892009556293488
-1.27892935276031
-0.842623054981232
-0.272369295358658
-0.180347040295601
-0.515038013458252
-0.256025582551956
0.520419657230377
1.08214628696442
1.08498871326447
0.810106217861176
0.592782080173492
0.147593304514885
-0.469796717166901
-0.84049129486084
-0.798921406269073
-0.622930288314819
-0.54677802324295
-0.71957141160965
-0.968398690223694
-1.07877802848816
-0.835043370723724
-0.604691624641418
-0.475363075733185
-0.384525120258331
-0.472283810377121
-0.781393349170685
-0.87945568561554
-0.391512662172318
0.0545051470398903
0.0723884925246239
-0.0820478349924088
-0.278764665126801
-0.571175158023834
-0.965674698352814
-1.05947351455688
-1.17932748794556
-1.4724485874176
-1.57560348510742
-1.2694548368454
-0.960937440395355
-1.10471475124359
-1.20929098129272
-1.41512703895569
-1.58235418796539
-1.70848500728607
-1.772794008255
-1.61587059497833
-1.50785994529724
-1.20254027843475
-1.0558021068573
-0.933224141597748
-0.828292727470398
-0.24820901453495
0.541026949882507
0.866124927997589
0.903549671173096
0.719386696815491
0.671895146369934
0.392275393009186
0.0334241129457951
-0.395184069871902
-0.57153046131134
-0.591782450675964
-0.670895576477051
-0.893075466156006
-1.34572553634644
-1.78191339969635
-2.01262044906616
-2.06141471862793
-1.74472546577454
-1.17601132392883
-0.723953425884247
-0.532802939414978
-0.477968573570251
-0.291081666946411
0.10910265147686
0.51011598110199
0.781208634376526
0.931381344795227
0.959449946880341
0.97922819852829
0.69060754776001
0.284856885671616
0.0834027454257011
0.0810340866446495
0.134328827261925
-0.0140674263238907
-0.349942773580551
-0.470388889312744
-0.158436968922615
0.243405416607857
0.255011826753616
-0.242997974157333
-0.752495765686035
-0.899944543838501
-0.886680066585541
-0.844991743564606
-0.712820768356323
-0.31275486946106
0.297055453062057
0.473757147789001
-0.388433396816254
-1.27987682819366
-1.36135864257813
-0.65443342924118
-0.0594271756708622
-0.0516106151044369
-0.249748632311821
0.13065741956234
0.740349292755127
0.861150741577148
0.706003785133362
0.60628342628479
0.57738584280014
0.0959566161036491
-0.575201869010925
-0.878152906894684
-0.753680050373077
-0.583373725414276
-0.585505545139313
-0.753206312656403
-0.88585102558136
-0.794302523136139
-0.579110145568848
-0.559924066066742
-0.510063886642456
-0.435806512832642
-0.638089716434479
-0.792644441127777
-0.561108410358429
-0.0711520239710808
0.094890721142292
-0.131315872073174
-0.209481492638588
-0.290015786886215
-0.628378212451935
-0.995046079158783
-1.06113159656525
-1.2405571937561
-1.46877717971802
-1.45989465713501
-1.12022948265076
-0.781274914741516
-0.698135077953339
-0.916880428791046
-1.20869874954224
-1.47268545627594
-1.51780831813812
-1.43182611465454
-1.26151978969574
-1.01849579811096
-0.774405777454376
-0.723361253738403
-0.733546495437622
-0.453808307647705
0.118103541433811
0.615994930267334
0.775997579097748
0.76758885383606
0.614929020404816
0.331164091825485
-0.0832321643829346
-0.455466359853745
-0.645550966262817
-0.707017540931702
-0.76445746421814
-0.883719265460968
-1.00819206237793
-1.04324817657471
-1.1858412027359
-1.25417697429657
-1.23025357723236
-1.05544674396515
-0.706899106502533
-0.490522444248199
-0.39222326874733
-0.368299841880798
-0.15144944190979
0.186557680368423
0.55085688829422
0.712280750274658
0.832845330238342
1.00090146064758
0.9915452003479
0.75752204656601
0.39026203751564
0.234641388058662
0.207638710737228
0.0851792320609093
-0.157252639532089
-0.556607961654663
-0.469678282737732
0.336256712675095
1.15142941474915
1.00208568572998
0.0775995403528214
-0.528420925140381
-0.685818076133728
-0.424436986446381
-0.196690753102303
0.0363849326968193
0.576675236225128
0.670829296112061
-0.0157254841178656
-1.19851350784302
-1.5679053068161
-1.02287781238556
-0.388907134532928
-0.37481364607811
-0.628259778022766
-0.259578555822372
0.633996665477753
1.29781234264374
1.04235291481018
0.56234484910965
0.333059012889862
0.206217527389526
-0.059782475233078
-0.348403126001358
-0.394828766584396
-0.225706785917282
-0.137474372982979
-0.339046955108643
-0.612034499645233
-0.621035397052765
-0.344494849443436
-0.168030023574829
-0.210902690887451
-0.245129764080048
-0.459374636411667
-0.684041619300842
-0.565490424633026
-0.00921168271452188
0.290896952152252
0.101167656481266
-0.0340825654566288
-0.0615589655935764
-0.327795833349228
-0.904326558113098
-1.19886887073517
-1.27940309047699
-1.17541921138763
-0.933461010456085
-0.530552744865417
-0.383340805768967
-0.60137552022934
-0.878981947898865
-1.035076379776
-1.31410396099091
-1.48535776138306
-1.44449841976166
-1.22516095638275
-1.02619385719299
-0.802119076251984
-0.689963221549988
-0.64851176738739
