% Type: Timesignal
% Date: 11-DEC-24 12:29:12
% NoOfItems: = 4096
% Unit_Y: = mm/s
% Unit_X: = Sec
% Min_X: = 0
% Max_X: = 1.60000002384186
% MinDisplay_X: = 0
% MaxDisplay_X: = 1.60000002384186
0.765197515487671
0.926099896430969
0.925441801548004
0.592614054679871
0.0752750411629677
-0.384399056434631
-0.587748110294342
-0.572036266326904
-0.422732651233673
0.176126942038536
1.17057943344116
2.21512866020203
2.70030379295349
2.16001391410828
0.953739583492279
-0.0053406753577292
-0.0825014337897301
0.365491628646851
0.516193628311157
0.242676049470901
-0.0500083640217781
-0.151765137910843
-0.441734939813614
-0.678152859210968
-0.570720076560974
-0.0994471833109856
0.298695743083954
0.336700290441513
0.0216409116983414
-0.585609316825867
-0.891455471515656
-0.49265444278717
0.118873335421085
0.366478741168976
0.284382343292236
0.266120404005051
0.178265735507011
-0.292266815900803
-0.690985560417175
-0.902313888072968
-0.767899513244629
-0.542504549026489
-0.210828483104706
0.09172722697258
0.231406301259995
0.128251075744629
-0.263804525136948
-0.796115040779114
-1.16711187362671
-0.858880162239075
-0.402002900838852
-0.199147433042526
-0.408501505851746
-0.447575449943542
-0.343186318874359
-0.239866599440575
0.00905498862266541
0.606104850769043
1.2132728099823
1.32317340373993
1.16046130657196
0.881761252880096
0.668211877346039
0.486497461795807
0.255837798118591
0.12833334505558
0.0271523930132389
-0.0410419218242168
-0.144608438014984
-0.33421990275383
-0.683417558670044
-0.892442584037781
-0.737298488616943
-0.33578285574913
-0.0936066582798958
-0.0516535826027393
-0.0106053752824664
0.118379771709442
0.34961524605751
0.567195415496826
0.911621987819672
1.19969975948334
1.36685395240784
1.28377044200897
1.04085385799408
0.736899733543396
0.612356662750244
0.596891641616821
0.541941344738007
0.455896377563477
0.293595552444458
0.23370960354805
0.250490844249725
0.229596555233002
0.161731287837029
0.185175642371178
0.33176463842392
0.262089610099792
-0.315875709056854
-0.988934695720673
-0.835600316524506
-0.224319279193878
0.376925885677338
0.354550927877426
0.157453715801239
0.395023286342621
0.20746836066246
-0.0584812387824059
-0.39278969168663
-0.309294819831848
-0.142140612006187
0.168229892849922
0.828620672225952
1.65912711620331
2.41494059562683
2.33333778381348
1.58155500888824
0.632510602474213
0.200393915176392
0.360802739858627
0.39181512594223
0.290222853422165
0.0176923871040344
-0.109565280377865
-0.33298596739769
-0.683911144733429
-0.829842031002045
-0.738614618778229
-0.351823717355728
-0.132269293069839
-0.10594579577446
-0.586431920528412
-1.1438319683075
-1.08600258827209
-0.453909546136856
0.029784744605422
-0.0782238617539406
-0.0949228331446648
-0.144443914294243
-0.421910047531128
-0.930776178836823
-1.22856080532074
-1.13420748710632
-0.91555792093277
-0.576478362083435
-0.373047053813934
-0.239455297589302
-0.277953416109085
-0.374774545431137
-0.638503074645996
-0.926745414733887
-0.821040093898773
-0.467400342226028
-0.15875731408596
-0.134737119078636
-0.229254946112633
-0.206550925970078
-0.163281664252281
-0.0829127356410027
0.242100208997726
0.673805594444275
0.891468048095703
0.737228810787201
0.437798976898193
0.080457478761673
-0.147240787744522
-0.314065963029861
-0.3459832072258
-0.342281460762024
-0.381766706705093
-0.30797865986824
-0.339731365442276
-0.301151007413864
-0.277871161699295
-0.374445497989655
-0.507872700691223
-0.697401940822601
-0.682759463787079
-0.60666811466217
-0.424953699111938
-0.372964799404144
-0.322292059659958
-0.186067953705788
0.132035091519356
0.654309749603271
0.982777655124664
1.05187690258026
0.740436971187592
0.418549925088882
0.281749993562698
0.408431828022003
0.602238595485687
0.572377860546112
0.421017736196518
0.248187527060509
0.308073490858078
0.26151379942894
0.270727008581161
0.46231272816658
0.508461117744446
0.105793848633766
-0.66087806224823
-0.754902303218842
-0.355031907558441
0.259292751550674
0.165762066841125
-0.344255715608597
-0.375514894723892
-0.33282145857811
-0.253933221101761
-0.444696336984634
-0.49265444278717
-0.519471526145935
-0.340883016586304
0.171273544430733
0.994047403335571
1.9028662443161
2.34904956817627
1.94950819015503
0.905123353004456
0.220301061868668
0.291456788778305
0.622145712375641
0.646001398563385
0.394941031932831
0.218491330742836
0.0375172719359398
-0.431616842746735
-0.965408027172089
-1.08773005008698
-0.741411507129669
-0.285603672266006
-0.149544090032578
-0.331093966960907
-0.77365779876709
-1.02669239044189
-0.847445845603943
-0.308965772390366
-0.00838433019816875
-0.0560956709086895
-0.126181989908218
-0.251136362552643
-0.535347878932953
-0.930776178836823
-1.0406768321991
-0.935300529003143
-0.687941908836365
-0.326240569353104
0.0405609272420406
0.124960646033287
-0.207702577114105
-0.703324735164642
-1.00275444984436
-0.97536164522171
-0.695592164993286
-0.382013499736786
-0.248503997921944
-0.326734155416489
-0.360296607017517
-0.305675357580185
-0.295804023742676
-0.263804525136948
-0.0620184578001499
0.306757301092148
0.43434402346611
0.453346282243729
0.328885495662689
0.208537757396698
0.000499851070344448
-0.081514298915863
0.0821027010679245
0.433192372322083
0.871478617191315
0.9567009806633
0.837093532085419
0.485510319471359
0.0441804081201553
-0.361777305603027
-0.674204349517822
-0.741082489490509
-0.757534682750702
-0.60494065284729
-0.530494511127472
-0.567676424980164
-0.682101368904114
-0.535676896572113
-0.0690106377005577
0.437634468078613
0.749403417110443
0.754503548145294
0.662206828594208
0.528615057468414
0.400617033243179
0.251066654920578
0.175633385777473
0.35948657989502
0.694041788578033
1.00169765949249
0.957852602005005
0.679975152015686
0.525653660297394
0.487649112939835
0.270397990942001
-0.476119995117188
-1.06148886680603
-0.911198079586029
-0.357499748468399
-0.0783883854746819
-0.346970349550247
-0.412203252315521
-0.293994307518005
-0.257223665714264
-0.387442708015442
-0.594411253929138
-0.605845510959625
-0.571131408214569
-0.131528943777084
0.506486833095551
1.34340965747833
1.99047410488129
2.03283858299255
1.35056626796722
0.455814123153687
0.254521608352661
0.583483099937439
0.771367073059082
0.457952916622162
0.0176101252436638
-0.200710400938988
-0.415082395076752
-0.8012974858284
-1.07210052013397
-1.12014091014862
-0.884380996227264
-0.640970945358276
-0.548674166202545
-0.767488241195679
-1.19499826431274
-1.15658247470856
-0.755478143692017
-0.263886779546738
-0.110881455242634
-0.146418184041977
-0.239455297589302
-0.650266408920288
-1.07029068470001
-1.50174927711487
-1.42829036712646
-1.18241238594055
-0.604364812374115
-0.255413919687271
-0.17191906273365
-0.308389961719513
-0.589228808879852
-0.789040625095367
-0.913994967937469
-0.740506649017334
-0.57310563325882
-0.462135642766953
-0.501209616661072
-0.561918139457703
-0.54809832572937
-0.669926762580872
-0.644754946231842
-0.491749584674835
-0.134408086538315
-0.103477969765663
-0.216669023036957
-0.316122472286224
-0.156042709946632
0.167325019836426
0.137875616550446
0.125042900443077
0.0385866649448872
0.0850640907883644
0.102585673332214
-0.0211347751319408
-0.241429552435875
-0.425035953521729
-0.499153077602386
-0.727180361747742
-0.9445960521698
-1.12433612346649
-1.08188951015472
-1.00489330291748
-0.997407555580139
-0.817009329795837
-0.531810641288757
-0.072876900434494
0.332504987716675
0.564645349979401
0.548357665538788
0.45935133099556
0.400370240211487
0.390663474798203
0.396915286779404
0.294171392917633
0.158523112535477
-0.0451549664139748
0.0304428320378065
0.596644818782806
1.03534245491028
1.04077160358429
0.719213664531708
0.285698503255844
-0.430465191602707
-1.28564989566803
-1.38222420215607
-0.71821391582489
-0.121164068579674
-0.209841355681419
-0.621557354927063
-0.563152074813843
-0.563810169696808
-0.620817005634308
-0.837245523929596
-0.820957839488983
-0.678235113620758
-0.523995876312256
-0.0138135515153408
0.708848774433136
1.47502708435059
1.81764388084412
1.63050031661987
1.06684839725494
0.644356191158295
0.630618631839752
0.578053891658783
0.287096947431564
-0.167641505599022
-0.294816911220551
-0.247270077466965
-0.441323637962341
-0.845307052135468
-1.22592842578888
-1.23382544517517
-0.897296011447906
-0.437292844057083
-0.298518657684326
-0.471595644950867
-0.680949747562408
-0.63430780172348
-0.451770752668381
-0.310693264007568
-0.233943805098534
-0.037998266518116
-0.0484454035758972
-0.453745037317276
-1.08526217937469
-1.4732871055603
-1.34438419342041
-0.841440796852112
-0.301397770643234
0.071491040289402
0.171767115592957
-0.0725478604435921
-0.469456881284714
-0.813307583332062
-0.874098420143127
-0.747992396354675
-0.622379958629608
-0.47644904255867
-0.398136645555496
-0.301644563674927
-0.338497459888458
-0.473981231451035
-0.555913090705872
-0.331587553024292
0.00831464026123285
0.196280881762505
0.285863041877747
0.506569147109985
0.812908828258514
0.830183625221252
0.70210337638855
0.660397052764893
0.75787627696991
0.87485134601593
0.720694363117218
0.327733844518661
-0.0593038499355316
-0.301151007413864
-0.476037740707397
-0.673464000225067
-0.784351706504822
-0.862993180751801
-0.85731714963913
-0.808700978755951
-0.621310532093048
-0.4061159491539
-0.184669509530067
0.133844822645187
0.505335211753845
0.81471860408783
0.921822309494019
0.918038308620453
0.852311849594116
0.756889164447784
0.617785930633545
0.435495674610138
0.401933223009109
0.735748112201691
1.30655670166016
1.41341364383698
0.941811740398407
0.510682165622711
0.377830743789673
0.202861756086349
-0.387031406164169
-0.94352662563324
-0.848186194896698
-0.383823245763779
-0.0723833367228508
-0.160238012671471
-0.091467872262001
0.0997887998819351
-0.0946760475635529
-0.399288296699524
-0.614565134048462
-0.421169698238373
-0.260349571704865
0.018514996394515
0.512574195861816
1.27348780632019
2.03127551078796
2.32955360412598
1.94761621952057
1.13635885715485
0.64814019203186
0.558311223983765
0.511175751686096
0.237740382552147
0.0172810815274715
0.0816913917660713
-0.00385997840203345
-0.574997663497925
-1.1203054189682
-1.27832865715027
-1.07366347312927
-0.841523051261902
-0.638996660709381
-0.573763728141785
-0.683417558670044
-0.469868183135986
-0.0317464359104633
0.598290085792542
0.790533840656281
0.755079388618469
0.38901823759079
-0.294899165630341
-0.962857961654663
-1.48356962203979
-1.51359486579895
-1.40394103527069
-0.930447161197662
-0.508777618408203
-0.00130988948512822
-0.0131554640829563
-0.449796497821808
-0.901738107204437
-1.10895335674286
-0.903218805789948
-0.677001178264618
-0.441981703042984
-0.429149001836777
-0.404882043600082
-0.328872919082642
-0.33570060133934
-0.30649796128273
-0.278446972370148
-0.103148929774761
-0.0446614027023315
0.255755543708801
0.876990079879761
1.2210875749588
1.06553220748901
0.431958466768265
0.0142374271526933
-0.0639104619622231
0.20006488263607
0.552059412002563
0.466014474630356
0.0522419773042202
-0.586349666118622
-1.09266567230225
-1.35729908943176
-1.31246697902679
-1.06601321697235
-0.938261926174164
-0.819888472557068
-0.813060820102692
-0.681690096855164
-0.582072079181671
-0.364245146512985
-0.0262349527329206
0.398066937923431
0.891385793685913
1.23852694034576
1.35953271389008
1.15042543411255
0.821217179298401
0.510682165622711
0.516193628311157
1.08856523036957
1.69499289989471
1.60582196712494
0.773423612117767
0.0457433648407459
-0.0507487095892429
0.0796348676085472
-0.172741681337357
-0.981942474842072
-1.38419842720032
-1.11898922920227
-0.555995345115662
-0.175291761755943
-0.100681096315384
0.101845324039459
-0.106686145067215
-0.495862632989883
-0.784269452095032
-0.694769561290741
-0.416563093662262
-0.207291275262833
0.191509738564491
0.857165217399597
1.76294040679932
2.3941285610199
2.30125594139099
1.58550357818604
0.818913877010345
0.496286511421204
0.378242075443268
0.388113379478455
0.336535781621933
0.357347786426544
0.190769389271736
-0.325582504272461
-0.922138810157776
-1.3218446969986
-1.20454061031342
-0.370496958494186
0.470292061567307
0.651759684085846
-0.178499937057495
-1.08805906772614
-1.01320159435272
-0.128896594047546
0.597302913665771
0.645754635334015
0.516933977603912
0.116487771272659
-0.330600410699844
-0.853286385536194
-0.963022470474243
-0.842592477798462
-0.644672632217407
-0.199311956763268
0.234038650989532
0.323867589235306
-0.128732070326805
-0.693371117115021
-1.06477928161621
-1.06576633453369
-0.786901831626892
-0.357170701026917
-0.0420290529727936
-0.0949228331446648
-0.251136362552643
-0.335618317127228
-0.292760372161865
-0.190016478300095
-0.0741108134388924
-0.00106310669798404
0.0707506909966469
0.622392535209656
1.56518507003784
2.26530790328979
2.19036817550659
1.66644835472107
1.04233455657959
0.739778876304626
0.7903693318367
0.776220440864563
0.565467953681946
0.342787593603134
0.0798816531896591
-0.297613769769669
-0.826058030128479
-1.13790917396545
-1.15880346298218
-1.08559131622314
-0.965325772762299
-0.787148594856262
-0.615552306175232
-0.42092290520668
-0.0963212698698044
0.348381340503693
0.939014852046967
1.45289885997772
1.75932085514069
1.80662095546722
1.47914016246796
1.10789656639099
0.950860440731049
1.16687762737274
1.56658351421356
1.68322956562042
1.35015499591827
0.802543938159943
0.545067250728607
0.543586552143097
0.490692764520645
-0.0434274896979332
-0.775714337825775
-0.913994967937469
-0.595891952514648
-0.155795931816101
-0.0317464359104633
0.233462810516357
0.400699287652969
0.112950548529625
-0.275321066379547
-0.461313039064407
-0.228103280067444
-0.0481986217200756
0.252794146537781
0.756889164447784
1.48498070240021
2.25050091743469
2.61598634719849
2.39552688598633
1.66069006919861
1.0297486782074
0.649127304553986
0.517427563667297
0.514054894447327
0.519648611545563
0.453346282243729
0.0626891180872917
-0.63126415014267
-1.28079640865326
-1.68683648109436
-1.36577200889587
-0.421663254499435
0.298284441232681
0.255508750677109
-0.4469173848629
-0.836340665817261
-0.447739988565445
0.282901644706726
0.582989513874054
0.601827263832092
0.43426176905632
0.244979351758957
-0.121164068579674
-0.527121782302856
-0.725123882293701
-0.704887688159943
-0.503677427768707
0.0629359036684036
0.528944075107574
0.436811834573746
-0.152505487203598
-0.873769342899323
-1.23440134525299
-1.24180483818054
-0.931187510490417
-0.494381934404373
-0.29193776845932
-0.4646857380867
-0.676014065742493
-0.77522075176239
-0.733349919319153
-0.711304008960724
-0.591203033924103
-0.33282145857811
0.363846391439438
1.21944236755371
1.75397396087646
1.64785730838776
1.12846183776855
0.67610889673233
0.443228214979172
0.64805793762207
0.779510915279388
0.730976939201355
0.379146933555603
-0.202026575803757
-0.704476356506348
-1.10122084617615
-1.23777401447296
-1.2405709028244
-1.12803792953491
-1.05260467529297
-1.0601726770401
-1.17196524143219
-1.28054964542389
-1.09825944900513
-0.361036956310272
0.848939120769501
1.71399509906769
1.92779123783112
1.65122997760773
1.19229626655579
0.882583856582642
0.774081707000732
1.01082861423492
1.38552725315094
1.5882180929184
1.22297954559326
0.495546162128448
0.0042015933431685
-0.0150474654510617
0.210758805274963
-0.024836516007781
-0.86282867193222
-1.54090559482574
-1.31147980690002
-0.708424866199493
-0.181708112359047
-0.0301834773272276
0.106287412345409
-0.00443580513820052
-0.336111903190613
-0.484263837337494
-0.532139718532562
-0.434825003147125
-0.339155554771423
0.131130218505859
0.926017642021179
1.8591034412384
2.4878237247467
2.42078113555908
1.8013561964035
1.04480242729187
0.623379647731781
0.498918861150742
0.380298584699631
0.0937014892697334
-0.241265028715134
-0.461313039064407
-0.777112782001495
-1.09258341789246
-1.27627205848694
-1.03031194210052
-0.357664257287979
0.0728894770145416
0.0426174513995647
-0.512150287628174
-0.922303318977356
-0.749473094940186
-0.100352056324482
0.412215828895569
0.50336092710495
0.591709196567535
0.611534059047699
0.302973300218582
-0.258457571268082
-0.689340353012085
-0.841769874095917
-0.7458536028862
-0.295886307954788
0.0881077498197556
0.0958402752876282
-0.436799287796021
-0.931434273719788
-1.15773415565491
-1.14333844184875
-0.941305577754974
-0.701761722564697
-0.617115259170532
-0.814870536327362
-0.903712332248688
-0.736804902553558
-0.547769248485565
-0.556488931179047
-0.66219425201416
-0.468634247779846
0.286767899990082
1.35221147537231
2.2566704750061
2.41337752342224
1.9169328212738
1.19394147396088
0.802955269813538
0.790780663490295
1.07310020923615
1.14491403102875
0.859057247638702
0.249421432614326
-0.558134138584137
-1.15345656871796
-1.47419190406799
-1.55291569232941
-1.53416013717651
-1.44252145290375
-1.4382438659668
-1.3468519449234
-1.01657438278198
-0.409735441207886
0.332093685865402
0.954150855541229
1.26879894733429
1.32062327861786
1.28681409358978
1.31050527095795
1.13775730133057
0.854944169521332
0.577395796775818
0.507474005222321
0.825330257415771
1.24996113777161
1.28887057304382
0.860866963863373
0.455073773860931
0.325348287820816
0.3920618891716
-0.037998266518116
-1.08172500133514
-1.45354437828064
-1.07695388793945
-0.40628045797348
0.220876887440681
0.613426089286804
0.938932597637177
0.303302347660065
-0.432686239480972
-0.841523051261902
-0.769873797893524
-0.49100923538208
-0.222591802477837
0.150626063346863
0.468811362981796
1.29857742786407
2.03160452842712
2.49333524703979
2.2988703250885
1.83796238899231
1.2695392370224
0.544244647026062
0.229678809642792
0.19710348546505
0.227704554796219
-0.0389031358063221
-0.654050409793854
-1.21441185474396
-1.39382302761078
-0.888494074344635
-0.255002617835999
-0.0360240042209625
-0.477436184883118
-1.31921231746674
-1.33829689025879
-0.671901047229767
0.322140097618103
0.50179797410965
0.317780286073685
0.187149912118912
0.0263297837227583
-0.198571607470512
-0.378969848155975
-0.517908573150635
-0.826222538948059
-0.806891202926636
-0.396902710199356
0.196116358041763
0.140261173248291
-0.478752344846725
-0.959156215190887
-1.14671111106873
-1.00102698802948
-0.739930808544159
-0.507625937461853
-0.647798597812653
-0.97281152009964
-1.08616709709167
-1.00341260433197
-0.898365378379822
-0.875908136367798
-0.52161031961441
0.188054785132408
1.06372237205505
1.52783858776093
1.59241342544556
1.3210346698761
0.953575015068054
0.693712770938873
0.53058934211731
0.573858559131622
0.637775301933289
0.590063989162445
0.186245039105415
-0.301480025053024
-0.77341103553772
-1.13412523269653
-1.39332938194275
-1.59741878509521
-1.62431812286377
-1.56295144557953
-1.33574676513672
-1.1609423160553
-0.835271239280701
-0.222262755036354
0.67174905538559
1.31774425506592
1.42048811912537
1.20570480823517
0.876907825469971
0.706380903720856
0.579205513000488
0.562177538871765
0.556748270988464
0.671255528926849
0.840301752090454
0.866213917732239
0.623626410961151
0.349697530269623
0.322386890649796
0.464040219783783
0.50582879781723
-0.326734155416489
-1.28013837337494
-1.43380177021027
-0.819477140903473
0.0315122231841087
0.428997069597244
0.668129622936249
0.287343740463257
-0.478916883468628
-1.14687561988831
-1.2937114238739
-1.09019792079926
-0.837985873222351
-0.43095874786377
0.194142088294029
1.32736873626709
2.30874156951904
2.4058096408844
1.81608092784882
1.08033919334412
0.58981716632843
0.163952320814133
-0.209265530109406
-0.426187604665756
-0.385797500610352
-0.257552713155746
-0.497590094804764
-0.91983550786972
-1.15987288951874
-0.759015381336212
-0.0222041662782431
0.216188028454781
-0.125277116894722
-0.965079009532928
-1.51277232170105
-1.23111081123352
-0.344091206789017
0.43294557929039
0.481973111629486
0.454251170158386
0.322469145059586
0.0542985014617443
-0.450865894556046
-0.750624716281891
-0.904041409492493
-1.01632761955261
-0.860772132873535
-0.543244898319244
-0.260514080524445
-0.529425084590912
-0.943937957286835
-1.28869354724884
-1.30210208892822
-1.05079483985901
-0.786737322807312
-0.725699663162231
-0.929130971431732
-0.94640576839447
-0.902478456497192
-0.934642434120178
-1.34742784500122
-1.07226502895355
-0.0644040256738663
1.3342787027359
2.30240750312805
2.35949659347534
1.90426468849182
1.30746161937714
0.973235428333282
0.84433251619339
0.967394888401031
0.93202269077301
0.767253994941711
0.283971041440964
-0.408419251441956
-1.09727227687836
-1.62555205821991
-1.83877241611481
-1.85390841960907
-1.60605621337891
-1.18265914916992
-0.904452681541443
-0.789122879505157
-0.806562185287476
-0.610369861125946
-0.0196540784090757
0.704242169857025
1.15930962562561
1.26929247379303
1.11727428436279
0.84408575296402
0.541694521903992
0.232557952404022
0.172178417444229
0.40366068482399
0.922233641147614
1.17337620258331
0.807644128799438
0.228115856647491
0.112786024808884
0.467330664396286
0.87361741065979
0.709177792072296
-0.386620104312897
-1.14884996414185
-1.01895987987518
-0.376502007246017
0.285369455814362
0.67717832326889
0.605282247066498
-0.0475405342876911
-0.777606308460236
-1.01970028877258
-1.00382387638092
-1.01229679584503
-0.875085532665253
-0.14263416826725
1.28714311122894
2.80609130859375
3.20316481590271
2.53676891326904
1.6045880317688
0.981955051422119
0.67174905538559
0.394118428230286
0.065485991537571
-0.102902144193649
-0.200134575366974
-0.501291871070862
-1.04108810424805
-1.43503570556641
-1.18175435066223
-0.312996566295624
0.228444904088974
-0.0102763315662742
-0.823178887367249
-1.58927500247955
-1.61494040489197
-0.784927546977997
0.249503701925278
0.679563879966736
0.729167222976685
0.634155809879303
0.467741966247559
-0.0226154718548059
-0.312338471412659
-0.412120997905731
-0.490268886089325
-0.435236304998398
-0.155960440635681
0.186245039105415
0.0752750411629677
-0.315793454647064
-0.667458951473236
-0.77365779876709
-0.642780661582947
-0.431370049715042
-0.386291056871414
-0.786161482334137
-1.1351124048233
-1.26500236988068
-1.23308515548706
-1.12705075740814
-0.826880633831024
0.0813623517751694
1.22281503677368
1.68627321720123
1.48160803318024
1.16811156272888
0.990674734115601
0.874604523181915
0.662618100643158
0.551565825939178
0.67561537027359
0.674875020980835
0.371578931808472
-0.0865322202444077
-0.526545941829681
-0.867435276508331
-1.20569229125977
-1.44227468967438
-1.45239281654358
-1.02948927879333
-0.640970945358276
-0.387689501047134
0.0451675392687321
0.637199461460114
1.20669198036194
1.34324502944946
1.30746161937714
1.25580167770386
1.05960941314697
0.857987821102142
0.67717832326889
0.437058627605438
0.180651292204857
0.134420648217201
0.440102279186249
0.673805594444275
0.505581974983215
-0.0481986217200756
-0.346805810928345
-0.144361659884453
0.327158033847809
0.723655700683594
0.494970321655273
-0.34762841463089
-0.789616405963898
-0.47488608956337
0.236177429556847
0.722010493278503
0.879293441772461
0.335301846265793
-0.532633244991302
-1.09990465641022
-1.13807380199432
-0.921480715274811
-0.922385573387146
-0.536417245864868
0.58965265750885
2.22532916069031
3.34465360641479
3.08939790725708
1.90549862384796
0.830841720104218
0.299436092376709
0.136970743536949
0.0432755388319492
0.0279750023037195
0.0210650842636824
-0.0296899117529392
-0.4924076795578
-0.961377263069153
-1.06321632862091
-0.400275409221649
0.370262742042542
0.328967750072479
-0.43252170085907
-1.31172657012939
-1.56583058834076
-1.01402425765991
-0.133996769785881
0.421593576669693
0.461325615644455
0.426200181245804
0.387948840856552
0.0441804081201553
-0.488376885652542
-0.876977562904358
-0.934395670890808
-0.826304793357849
-0.43095874786377
-0.0797045603394508
0.0111115118488669
-0.372635751962662
-0.894910395145416
-1.07086658477783
-0.959567487239838
-0.664250791072845
-0.397314041852951
-0.368193656206131
-0.763704240322113
-1.04594147205353
-1.10418224334717
-1.00933539867401
-0.737545251846313
-0.056753758341074
1.12467777729034
1.80867743492126
1.72394871711731
1.26131319999695
0.985492289066315
0.829525530338287
0.694124042987823
0.547370553016663
0.558311223983765
0.629302442073822
0.32033035159111
-0.206550925970078
-0.924277603626251
-1.48579072952271
-1.83120441436768
-1.59906399250031
-1.0992466211319
-0.781637132167816
-0.683746576309204
-0.695921242237091
-0.537239849567413
-0.310611009597778
0.142153173685074
0.709671378135681
1.16276454925537
1.21549379825592
0.978253304958344
0.711481094360352
0.580274939537048
0.540131568908691
0.417562782764435
0.40341392159462
0.556254744529724
0.788148283958435
0.671420037746429
0.180980339646339
-0.357335209846497
-0.455061197280884
-0.160238012671471
0.384411633014679
0.819078385829926
0.600757896900177
0.436729580163956
0.462148219347
0.623050630092621
0.729496240615845
0.405717223882675
-0.0852983072400093
-0.578370332717896
-0.468881040811539
-0.353057652711868
-0.274087160825729
-0.57779449224472
-0.679880321025848
-0.0439210534095764
1.33337378501892
2.69989252090454
2.73041129112244
1.85778725147247
0.908660590648651
0.446436375379562
0.0561905056238174
-0.263310968875885
-0.389499247074127
-0.217491626739502
0.0658150315284729
0.00658716028556228
-0.46328729391098
-0.842674732208252
-0.57582026720047
0.00650489935651422
0.203437581658363
-0.118613980710506
-0.624518752098083
-0.963680565357208
-0.838972985744476
-0.241758599877357
0.46379342675209
0.701445281505585
0.662864923477173
0.598454594612122
0.336453497409821
-0.207949355244637
-0.630852818489075
-0.750048935413361
-0.66219425201416
-0.47924593091011
-0.203095957636833
0.0587405934929848
-0.0539568886160851
-0.532386481761932
-0.898858964443207
-0.939660370349884
-0.751694142818451
-0.646071076393127
-0.636199772357941
-0.786079227924347
-0.822274029254913
-0.844155430793762
-0.847116827964783
-0.654708504676819
-0.0796222984790802
0.84605997800827
1.26081967353821
1.19468188285828
0.891961574554443
0.832322418689728
0.793906569480896
0.691244900226593
0.520800232887268
0.483207017183304
0.578382909297943
0.489541113376617
0.0227925647050142
-0.552951693534851
-1.0601726770401
-1.40270721912384
-1.26524913311005
-0.826551556587219
-0.316122472286224
-0.162870362401009
-0.230571120977402
-0.220864325761795
0.0702571272850037
0.508707880973816
1.01156902313232
1.26287615299225
1.14326870441437
0.840384006500244
0.503772258758545
0.4197838306427
0.41674017906189
0.342376291751862
0.261349260807037
0.231982126832008
0.347394198179245
0.258305609226227
-0.230488851666451
-0.497507840394974
-0.175538554787636
0.523843944072723
0.758534371852875
0.562424302101135
-0.104053795337677
-0.586760938167572
-0.472171485424042
-0.0574941076338291
0.411228686571121
0.337111592292786
0.0149777755141258
-0.385797500610352
-0.327968060970306
-0.250149220228195
-0.233697026968002
-0.339731365442276
-0.588817477226257
-0.216586753726006
0.838162958621979
2.29780101776123
2.77738213539124
2.08803558349609
1.02785670757294
0.383671283721924
0.154410064220428
-0.12782721221447
-0.474310249090195
-0.583470523357391
-0.332245618104935
-0.147898867726326
-0.361283749341965
-0.759673416614532
-0.925100207328796
-0.63167542219162
-0.331669807434082
-0.413601696491241
-0.826551556587219
-1.32176244258881
-1.36305737495422
-0.784022688865662
0.0922207906842232
0.504019021987915
0.471608221530914
0.408020526170731
0.317944794893265
-0.156536266207695
-0.711879849433899
-0.868093371391296
-0.877717912197113
-0.850818574428558
-0.700281023979187
-0.437375098466873
-0.274087160825729
-0.394023597240448
-0.612426400184631
-0.737874269485474
-0.830088794231415
-1.03763318061829
-1.06749391555786
-0.955783486366272
-0.919177412986755
-0.944266974925995
-0.954220533370972
-0.611356973648071
-0.029360868036747
0.770791232585907
1.19369471073151
1.21458899974823
0.894347190856934
0.795305013656616
0.800734221935272
0.714936077594757
0.383589029312134
0.0377640537917614
-0.0469647087156773
-0.134572610259056
-0.332410156726837
-0.816844820976257
-1.29568564891815
-1.558509349823
-1.46144151687622
-1.09834170341492
-0.792248785495758
-0.584704458713531
-0.494381934404373
-0.336769968271255
-0.203671783208847
0.0263297837227583
0.400287985801697
0.801145553588867
1.09243154525757
0.981296956539154
0.798184156417847
0.584387958049774
0.53215229511261
0.475639015436172
0.466837078332901
0.417480528354645
0.435660183429718
0.304865300655365
-0.079128734767437
-0.298436373472214
-0.0472937524318695
0.698812901973724
1.08017456531525
0.854039311408997
0.037846315652132
-0.767405986785889
-0.787642180919647
-0.243897378444672
0.368123978376389
0.552882015705109
0.284217804670334
0.0255894362926483
-0.0836530849337578
-0.100516580045223
-0.208113878965378
-0.280832558870316
-0.513713240623474
-0.334877967834473
0.419537037611008
1.74640595912933
2.74990701675415
2.46635365486145
1.41226196289063
0.514877498149872
0.336535781621933
0.322057843208313
-0.00509389257058501
-0.403648108243942
-0.422814905643463
-0.200463607907295
-0.269480526447296
-0.550072610378265
-0.74560683965683
-0.622708976268768
-0.337345808744431
-0.256072014570236
-0.395339757204056
-0.766583383083344
-1.02331972122192
-0.749061763286591
-0.0491034910082817
0.489212065935135
0.526887595653534
0.472759872674942
0.472019523382187
0.166091114282608
-0.364327400922775
-0.77234160900116
-0.834037303924561
-0.701514959335327
-0.531646132469177
-0.293994307518005
-0.127415895462036
-0.0853805616497993
-0.386620104312897
-0.614729702472687
-0.786325991153717
-0.708836197853088
-0.841523051261902
-0.783035576343536
-0.696908354759216
-0.698553562164307
-0.599100112915039
-0.57458633184433
-0.299012213945389
-0.0340497419238091
0.481644064188004
0.717815220355988
0.918860912322998
0.880527317523956
0.84548419713974
0.709918141365051
0.309142887592316
0.136065870523453
0.0106179462745786
0.190275833010674
-0.0133199859410524
-0.313572406768799
-0.672065556049347
-1.11142122745514
-1.14909672737122
-0.913090109825134
-0.243157044053078
-0.0509132333099842
-0.031828697770834
0.00403707148507237
0.299271553754807
0.556172490119934
0.565961539745331
0.596398055553436
0.641312539577484
0.755161643028259
0.699964582920074
0.663605272769928
0.601827263832092
0.406375288963318
0.205329582095146
0.0127567304298282
0.121999248862267
0.114595770835876
0.102256625890732
0.0542162396013737
-0.0669541135430336
0.127346217632294
0.334232449531555
0.484358668327332
0.0955934897065163
-0.855836451053619
-1.35960245132446
-0.932256877422333
-0.0643217638134956
0.486579716205597
0.512985467910767
0.332093685865402
0.0265765674412251
-0.184587255120277
-0.342116951942444
-0.200545877218246
-0.192237511277199
-0.167888283729553
0.301163554191589
1.2671537399292
2.33753299713135
2.50073862075806
1.72205674648285
0.747758209705353
0.254686146974564
0.101763062179089
-0.0935243964195251
-0.338250666856766
-0.434578239917755
-0.311433613300323
-0.40619820356369
-0.781554877758026
-1.07020843029022
-0.997901141643524
-0.572118520736694
-0.330106854438782
-0.4045529961586
-0.798829674720764
-1.2086535692215
-1.08156049251556
-0.318919360637665
0.439361929893494
0.639996349811554
0.491844415664673
0.423074275255203
0.144127443432808
-0.411380648612976
-0.80170875787735
-0.851970195770264
-0.89055061340332
-0.91983550786972
-0.727098107337952
-0.404223948717117
-0.247187823057175
-0.428161889314651
-0.71533477306366
-0.857481718063354
-0.805986344814301
-0.63274484872818
-0.537075340747833
-0.622297704219818
-0.650924503803253
-0.69156140089035
-0.732527315616608
-0.629207611083984
-0.294981420040131
0.291703552007675
0.681044578552246
0.660479307174683
0.414765924215317
0.235108032822609
0.180733561515808
0.128826916217804
0.0340623110532761
-0.146994009613991
-0.178664460778236
-0.143950343132019
-0.152834534645081
-0.331340759992599
-0.566277980804443
-0.649279296398163
-0.678317368030548
-0.736311316490173
-0.839384317398071
-0.746593952178955
-0.559697091579437
-0.464521199464798
-0.567840933799744
-0.662852346897125
-0.465508341789246
-0.0130732031539083
0.425459831953049
0.695275723934174
0.772271931171417
0.693548202514648
0.56324690580368
0.467906475067139
0.438292533159256
0.399629890918732
0.279528945684433
-0.0684348121285439
-0.437457352876663
-0.3459832072258
0.552552998065948
1.68750715255737
1.91347789764404
1.15766441822052
-0.169944807887077
-1.14259815216064
-0.956935167312622
-0.418208301067352
0.356854230165482
0.512491881847382
0.179910942912102
-0.30814316868782
-0.624189674854279
-0.578534841537476
-0.636940121650696
-0.701432704925537
-0.906920492649078
-0.461477547883987
0.53404426574707
1.76795828342438
2.40630316734314
1.85400319099426
0.858810424804688
0.222768902778625
0.321070700883865
0.518826007843018
0.336618036031723
-0.0174330323934555
-0.228350073099136
-0.26405131816864
-0.449631989002228
-0.646317899227142
-0.762470304965973
-0.584210872650146
-0.246858775615692
-0.180062904953957
-0.452346593141556
-1.00481104850769
-1.15608894824982
-0.650924503803253
0.0918917506933212
0.444955676794052
0.379393726587296
0.443886280059814
0.439855515956879
0.0635939911007881
-0.554432392120361
-0.930035829544067
-1.02225029468536
-0.97124856710434
-0.789698660373688
-0.412943601608276
-0.0595506317913532
-0.0426871404051781
-0.43375563621521
-0.766747891902924
-0.820052981376648
-0.607737481594086
-0.392542898654938
-0.429724842309952
-0.533538162708282
-0.57746547460556
-0.592930555343628
-0.641793549060822
-0.599922716617584
-0.338744252920151
0.129649519920349
0.415917575359344
0.524995565414429
0.53215229511261
0.53231680393219
0.414930433034897
0.269328594207764
0.179993212223053
0.296556949615479
0.577395796775818
0.658422827720642
0.537910521030426
0.0637585073709488
-0.33430215716362
-0.566689312458038
-0.66227650642395
-0.652981042861938
-0.599017858505249
-0.503266096115112
-0.518319845199585
-0.555501818656921
-0.566936075687408
-0.380779594182968
0.0486224964261055
0.464533776044846
0.761495769023895
0.832816004753113
0.851324677467346
0.817021906375885
0.680221974849701
0.465932220220566
0.189370959997177
-0.0434274896979332
-0.215188324451447
-0.00904241763055325
0.565056622028351
1.18999302387238
1.49625039100647
1.21861982345581
0.56053227186203
-0.268328875303268
-1.1570760011673
-1.175008893013
-0.6009920835495
0.101680800318718
0.39189738035202
0.178512513637543
0.0527355447411537
-0.118613980710506
-0.137863039970398
-0.24792817234993
-0.27737757563591
-0.39311870932579
-0.255167126655579
0.446518629789352
1.42163980007172
2.22656297683716
2.18987464904785
1.64703476428986
1.07161951065063
0.906521797180176
0.758287608623505
0.406951129436493
-0.0987068340182304
-0.340883016586304
-0.289552211761475
-0.279680877923965
-0.569239377975464
-0.891290962696075
-1.06370985507965
-0.870725691318512
-0.565126359462738
-0.463698595762253
-0.623284816741943
-0.965243518352509
-0.869656324386597
-0.367206513881683
0.26003310084343
0.665250480175018
0.790862917900085
0.738544940948486
0.284300088882446
-0.21280275285244
-0.656929552555084
-0.737956583499908
-0.811333298683167
-0.77505624294281
-0.664991080760956
-0.466330945491791
-0.0899871736764908
0.011193772777915
-0.0476227961480618
-0.234108328819275
-0.519307017326355
-0.597948431968689
-0.472089231014252
-0.328461617231369
-0.359144955873489
-0.439102590084076
-0.505816221237183
-0.531728386878967
-0.420018047094345
-0.118778504431248
0.14889857172966
0.148158222436905
0.132528647780418
0.348874896764755
0.752940595149994
0.741341829299927
0.343116641044617
0.065239205956459
0.124384820461273
0.365244835615158
0.445284724235535
0.354221880435944
0.168229892849922
-0.179487079381943
-0.573516964912415
-0.873769342899323
-0.799734532833099
-0.572776615619659
-0.391802549362183
-0.447328686714172
-0.537980198860168
-0.500386953353882
-0.337592601776123
0.0955112278461456
0.555267572402954
0.917462468147278
1.02769219875336
1.13347971439362
1.16366946697235
1.05302846431732
0.751048624515533
0.331024289131165
-0.0463888831436634
-0.129801467061043
0.426446974277496
1.18941712379456
1.79362368583679
1.87201833724976
1.27612018585205
0.263405799865723
-0.91876608133316
-1.4662948846817
-0.919588685035706
-0.0145538998767734
0.627410411834717
0.427516371011734
0.0556969381868839
-0.306004405021667
-0.498412728309631
-0.462300181388855
-0.443215638399124
-0.320071011781693
-0.412532299757004
-0.0559311509132385
0.688694834709167
1.73949599266052
2.26983237266541
1.9458886384964
1.36117792129517
1.02168715000153
1.03978455066681
0.821628510951996
0.316381841897964
-0.17035610973835
-0.292595863342285
-0.16607853770256
-0.174057856202126
-0.485168695449829
-0.819477140903473
-0.931845605373383
-0.752352237701416
-0.582401156425476
-0.487142980098724
-0.542998135089874
-0.615140974521637
-0.394763946533203
0.031841266900301
0.418796718120575
0.550414204597473
0.646001398563385
0.623873233795166
0.132528647780418
-0.440171986818314
-0.774069130420685
-0.779416084289551
-0.811086535453796
-0.63282710313797
-0.144526183605194
0.370509535074234
0.245308399200439
-0.236411646008492
-0.472994089126587
-0.538720548152924
-0.545630514621735
-0.706286072731018
-0.751940906047821
-0.707931339740753
-0.606010019779205
-0.548838675022125
-0.557064771652222
-0.526628196239471
-0.379545658826828
-0.151107057929039
-0.020723469555378
0.10933106392622
0.229596555233002
0.503772258758545
0.866460680961609
0.984505176544189
0.994047403335571
1.11349034309387
1.21763265132904
1.13627660274506
0.683430135250092
0.174070417881012
-0.01735077239573
-0.288236021995544
-0.525229811668396
-0.835188984870911
-0.825317680835724
-0.798007011413574
-0.939495861530304
-1.07103109359741
-0.809605836868286
-0.389746010303497
-0.0391499176621437
0.207715138792992
0.280762851238251
0.518990516662598
0.854861915111542
1.18727838993073
1.27258288860321
1.04513144493103
0.637610793113708
0.233216032385826
0.14149509370327
0.643122255802155
1.35871016979218
1.61355447769165
1.41769123077393
0.843427658081055
0.201216533780098
-0.427668303251266
-0.995351016521454
-0.920082271099091
-0.396409153938293
0.0653214678168297
0.197843834757805
0.0264120455831289
0.0111115118488669
-0.244308695197105
-0.438691288232803
-0.610123038291931
-0.51601654291153
-0.395668804645538
-0.132927387952805
0.479093968868256
1.24979662895203
1.98389327526093
2.06812834739685
1.74303317070007
1.34933245182037
1.15848708152771
0.894840717315674
0.366478741168976
-0.173728808760643
-0.316698312759399
-0.0906452611088753
0.0607971176505089
-0.271537065505981
-0.89046835899353
-1.29009199142456
-1.16217625141144
-0.791508436203003
-0.574915409088135
-0.608806908130646
-0.805328249931335
-0.753339350223541
-0.327145457267761
0.27459329366684
0.621652185916901
0.623708665370941
0.565879225730896
0.305276602506638
-0.0534633211791515
-0.423061698675156
-0.662934601306915
-0.853615403175354
-0.873522579669952
-0.401920646429062
0.36261248588562
0.704900205135345
0.352494388818741
-0.137863039970398
-0.523337781429291
-0.716075122356415
-0.818160951137543
-0.818819046020508
-0.730882108211517
-0.673957526683807
-0.713113784790039
-0.806891202926636
-0.832885682582855
-0.720928549766541
-0.508859872817993
-0.345407366752625
-0.137863039970398
0.316381841897964
1.0281857252121
1.40288424491882
1.11867272853851
0.606269359588623
0.405799478292465
0.67734283208847
0.918202817440033
0.855437755584717
0.380134075880051
-0.24792817234993
-0.694358289241791
-0.875496864318848
-0.860772132873535
-0.849337875843048
-0.789534151554108
-0.8907151222229
-0.896308839321136
-0.83082914352417
-0.555172741413116
-0.260431826114655
-0.0468824468553066
0.187232166528702
0.46050301194191
0.836846768856049
1.19032204151154
1.43990170955658
1.32819128036499
0.956371903419495
0.661960005760193
0.869997918605804
1.53680503368378
1.95271635055542
1.79477536678314
1.3132199048996
0.743398368358612
0.149063095450401
-0.40603369474411
-0.997325301170349
-1.19976949691772
-0.796361804008484
-0.239702075719833
0.0549565888941288
-0.0781415998935699
-0.164762362837791
-0.344913810491562
-0.542504549026489
-0.653803646564484
-0.641875803470612
-0.452757894992828
-0.402660995721817
0.0447562336921692
0.866131663322449
1.90878903865814
2.46750521659851
2.31104493141174
1.85984373092651
1.42279136180878
0.981955051422119
0.374704837799072
-0.17183680832386
-0.339484602212906
-0.0811029970645905
0.168476685881615
-0.0185024254024029
-0.601814687252045
-1.08386373519897
-1.18233013153076
-0.828525841236115
-0.421992301940918
-0.332163363695145
-0.480479836463928
-0.763621985912323
-0.674697875976563
-0.187055081129074
0.339579433202744
0.574187636375427
0.637939810752869
0.568922936916351
0.282737106084824
-0.084146648645401
-0.385057151317596
-0.471513390541077
-0.506885588169098
-0.289881259202957
0.190851658582687
0.588830053806305
0.385069727897644
-0.189851954579353
-0.63003021478653
-0.815939903259277
-0.937932908535004
-1.05655312538147
-0.953727006912231
-0.808042883872986
-0.814870536327362
-0.906015634536743
-0.905604362487793
-0.799816787242889
-0.660219967365265
-0.474227994680405
-0.216833531856537
0.274099707603455
1.12582945823669
1.88707208633423
1.95979082584381
1.44738745689392
0.898871541023254
0.785022377967834
0.884804904460907
0.9567009806633
0.652253210544586
0.0490338020026684
-0.463534086942673
-0.764938116073608
-0.891208708286285
-1.00094473361969
-1.08114922046661
-1.06765842437744
-0.986055552959442
-0.874180674552917
-0.786408245563507
-0.697566449642181
-0.510587334632874
-0.0227799937129021
0.689599692821503
1.3225976228714
1.64785730838776
1.60105085372925
1.28418171405792
0.75820529460907
0.375445187091827
0.319507747888565
0.758287608623505
1.19780778884888
1.25423872470856
0.8473761677742
0.590228497982025
0.556336998939514
0.442076534032822
-0.16147193312645
-0.985315203666687
-1.16670060157776
-0.715663850307465
-0.260102778673172
-0.126840069890022
-0.10454735904932
-0.0210525132715702
-0.217573881149292
-0.455554783344269
-0.578370332717896
-0.466495484113693
-0.397396296262741
-0.197173178195953
0.430066466331482
1.27858793735504
2.09362936019897
2.36747598648071
2.20895910263062
1.69597995281219
1.10929501056671
0.508707880973816
0.0556146763265133
-0.106603883206844
-0.108084581792355
-0.11910754442215
-0.40307229757309
-0.880267977714539
-1.28186583518982
-1.41989970207214
-0.893512010574341
0.105218023061752
0.400699287652969
-0.0539568886160851
-0.854520320892334
-1.04865610599518
-0.689175844192505
-0.0137312905862927
0.403825223445892
0.585292816162109
0.67158454656601
0.33184689283371
-0.339402318000793
-1.14210450649261
-1.44153428077698
-1.33138692378998
-0.791097104549408
0.0574244186282158
0.667142450809479
0.613014757633209
-0.0865322202444077
-0.681114256381989
-0.965325772762299
-0.7751384973526
-0.524982988834381
-0.274169415235519
-0.256730079650879
-0.619171798229218
-1.07465052604675
-1.47427415847778
-1.45765745639801
-1.18874645233154
-0.802284598350525
-0.404223948717117
-0.0211347751319408
0.613179266452789
1.22010052204132
1.22824430465698
0.76100218296051
0.29088094830513
0.291209995746613
0.641312539577484
0.813320159912109
0.500728607177734
-0.100763358175755
-0.674122095108032
-0.989839553833008
-1.06749391555786
-1.13955450057983
-1.20602130889893
-1.09669649600983
-0.999464094638824
-0.908894777297974
-0.970096945762634
-0.982765078544617
-0.63274484872818
-0.0875193476676941
0.786585330963135
1.39556300640106
1.78449273109436
1.78112006187439
1.4108635187149
0.729167222976685
0.118462033569813
-0.0894936099648476
0.139685347676277
0.631194412708282
0.897884368896484
0.78584498167038
0.369604676961899
0.0394915342330933
-0.242992520332336
-0.584293127059937
-1.1508241891861
-1.53333759307861
-1.08797681331635
-0.421581000089645
0.0386689230799675
-0.0866967365145683
-0.168052807450294
-0.245213553309441
-0.430300652980804
-0.499564379453659
-0.529754161834717
-0.311433613300323
-0.249162092804909
0.108097150921822
0.61869078874588
1.3491678237915
1.96094238758087
2.15499591827393
2.02428340911865
1.53532433509827
0.971507906913757
0.286274343729019
-0.216175451874733
-0.384481310844421
-0.354949653148651
-0.398383408784866
-0.565455377101898
-1.0062917470932
-1.37844014167786
-1.40575087070465
-1.01928889751434
-0.810428440570831
-0.849666893482208
-1.03154587745667
-0.911033570766449
-0.589969158172607
-0.148886010050774
0.239879176020622
0.188301563262939
0.354797691106796
0.392884522676468
0.369686931371689
0.0428642332553864
-0.213543102145195
-0.464274436235428
-0.642862915992737
-0.403483599424362
0.192579135298729
0.752364814281464
0.447834819555283
-0.132845118641853
-0.701268196105957
-0.993705809116364
-1.1281201839447
-1.13634622097015
-0.944102466106415
-0.995762348175049
-1.08814132213593
-1.22913658618927
-1.19705486297607
-1.24731624126434
-1.22699785232544
-1.08082008361816
-0.811333298683167
0.126605868339539
1.43216919898987
2.34806251525879
2.11732053756714
1.14779305458069
0.328556448221207
0.192496865987778
0.437387675046921
0.67438143491745
0.551236808300018
0.0423706658184528
-0.535594642162323
-1.00719654560089
-1.28219485282898
-1.38395166397095
-1.38082575798035
-1.24427258968353
-0.985561966896057
-0.778099894523621
-0.613331258296967
-0.347792953252792
0.027316914871335
0.590146243572235
1.0007928609848
1.2711021900177
1.48498070240021
1.58089697360992
1.29668545722961
0.694041788578033
0.159510239958763
0.0946886241436005
0.506651401519775
0.975785493850708
1.09514605998993
0.781731963157654
0.458281964063644
0.143962919712067
-0.183929160237312
-0.685474097728729
-1.17517340183258
-1.1305056810379
-0.545712769031525
-0.0650621131062508
-0.0271398220211267
-0.294487863779068
-0.414588838815689
-0.524818480014801
-0.474474787712097
-0.379216611385345
-0.288811862468719
-0.337263554334641
-0.229090422391891
0.280680596828461
0.980638861656189
1.75652396678925
2.13188076019287
2.21800780296326
1.9645619392395
1.56024944782257
1.05903351306915
0.494476765394211
0.110647238790989
0.00370802753604949
0.0871206149458885
-0.0590570643544197
-0.553774297237396
-1.20018076896667
-1.45091211795807
-1.17196524143219
-0.899517059326172
-0.959649801254272
-1.1828236579895
-1.25258100032806
-1.08164274692535
-0.680702924728394
-0.251383125782013
-0.0716429874300957
-0.0825014337897301
-0.0459775775671005
0.0301960483193398
0.0408899709582329
0.0422061458230019
-0.160896107554436
-0.535183370113373
-0.704887688159943
-0.268082112073898
0.425953418016434
0.670761942863464
0.215200886130333
-0.348122000694275
-0.738121092319489
-0.873358070850372
-0.935382783412933
-0.869409561157227
-0.839548826217651
-0.968287169933319
-1.1156165599823
-1.29264199733734
-1.4022958278656
-1.39818286895752
-1.15460824966431
-0.414753347635269
0.485921621322632
1.16531467437744
1.41341364383698
1.09884786605835
0.478929460048676
-0.00328415189869702
-0.036682091653347
0.280433803796768
0.464040219783783
0.256824910640717
-0.22168692946434
-0.726851344108582
-1.10467576980591
-1.31962358951569
-1.43487119674683
-1.43190979957581
-1.20717287063599
-0.984903872013092
-0.918107986450195
-1.12178611755371
-1.34380829334259
-0.885450422763824
0.059234157204628
1.27686047554016
2.10489916801453
2.20394134521484
1.73916697502136
0.960731744766235
0.425295323133469
0.270233452320099
0.595164120197296
1.03896188735962
1.29750800132751
0.881349921226501
0.125947773456573
-0.273017764091492
-0.228432327508926
-0.105699017643929
-0.552622675895691
-1.2664008140564
-1.62004053592682
-1.15131771564484
-0.46180659532547
-0.148145660758018
-0.355031907558441
-0.6357062458992
-0.907496333122253
-0.986384570598602
-0.768804430961609
-0.559614837169647
-0.497425585985184
-0.66054904460907
-0.374939054250717
0.421922624111176
1.41744446754456
2.06500244140625
2.19670224189758
1.94613552093506
1.53853249549866
1.08239567279816
0.513149976730347
0.0774138271808624
-0.116310678422451
-0.0931953564286232
-0.120835028588772
-0.43260395526886
-0.891290962696075
-1.22979474067688
-1.22313153743744
-0.953233420848846
-1.04783344268799
-1.26714110374451
-1.31230235099792
-1.0688099861145
-0.698635816574097
-0.425529539585114
-0.212473705410957
-0.0825014337897301
0.0654037296772003
0.126441344618797
0.0800461769104004
-0.138109818100929
-0.300163865089417
-0.524653971195221
-0.666636347770691
-0.401427090167999
0.101104974746704
0.463217616081238
0.192085564136505
-0.40323680639267
-0.83362603187561
-0.955207705497742
-0.991813778877258
-1.045365691185
-1.09389960765839
-1.13815605640411
-1.15164685249329
-1.23555290699005
-1.39077937602997
-1.56418538093567
-1.33582901954651
-0.464274436235428
0.653651654720306
1.46268796920776
1.54593598842621
1.08807170391083
0.4344262778759
0.049116063863039
0.0945241004228592
0.456060916185379
0.647482097148895
0.440184533596039
-0.0965680554509163
-0.672805905342102
-1.05556607246399
-1.31534600257874
-1.50257194042206
-1.64883184432983
-1.4874359369278
-1.10196113586426
-0.920329034328461
-0.994363903999329
-1.0304764509201
-0.555913090705872
0.395845890045166
1.44459056854248
1.86321640014648
1.65863347053528
1.22462487220764
0.772107422351837
0.454580217599869
0.161155462265015
0.248845607042313
0.559380650520325
0.921575546264648
0.915323734283447
0.498672068119049
0.11072950065136
-0.0639104619622231
-0.178335413336754
-0.436141192913055
-0.816927075386047
-1.24032413959503
-1.09858846664429
-0.364491909742355
0.0841592252254486
0.091398186981678
-0.208936482667923
-0.543080389499664
-0.849995970726013
-0.948873579502106
-0.794469833374023
-0.584210872650146
-0.745277762413025
-0.973387360572815
-0.735570967197418
0.538733124732971
2.32831978797913
3.48869252204895
3.38849878311157
2.40597414970398
1.32638156414032
0.46379342675209
0.00329672289080918
-0.0732882097363472
0.0760976523160934
0.0839124396443367
-0.229501724243164
-0.896966934204102
-1.51721441745758
-1.74409008026123
-1.51013994216919
-1.17690086364746
-1.01130962371826
-0.952657580375671
-1.04972553253174
-1.02924251556396
-0.91424173116684
-0.63323837518692
-0.42092290520668
-0.0800336003303528
0.37593874335289
0.566537320613861
0.330366194248199
-0.111128240823746
-0.481137931346893
-0.760742843151093
-0.587665855884552
0.101022712886333
0.78691440820694
0.771284818649292
0.0788945183157921
-0.607737481594086
-0.903712332248688
-0.91876608133316
-0.861923813819885
-0.868586897850037
-0.968533933162689
-1.01978254318237
-1.05647087097168
-1.24550652503967
-1.37078988552094
-1.22683334350586
-0.527779877185822
0.46223047375679
1.04529595375061
1.1250067949295
0.862676680088043
0.470374315977097
0.00658716028556228
-0.229995280504227
-0.129965990781784
0.253452211618423
0.345666736364365
0.0246023051440716
-0.491667330265045
-0.94492506980896
-1.23884344100952
-1.43322598934174
-1.54320883750916
-1.40895903110504
-0.960719168186188
-0.674615621566772
-0.641217708587646
-0.60345995426178
-0.13523069024086
0.647153079509735
1.32958972454071
1.67664861679077
1.59759593009949
1.42673993110657
1.13528943061829
0.749403417110443
0.23231115937233
-0.0170217286795378
0.0364478789269924
0.480821460485458
0.828456163406372
0.635307490825653
0.146430745720863
-0.221522405743599
-0.412614554166794
-0.593588590621948
-0.636940121650696
-0.66120707988739
-0.482454091310501
-0.165831759572029
0.0774960890412331
0.0586583316326141
-0.191003605723381
-0.594246685504913
-0.995104253292084
-1.07851684093475
-0.880926072597504
-0.744784235954285
-0.784433960914612
-0.933243989944458
-0.562000393867493
0.473500221967697
1.92104589939117
2.82155632972717
2.85075902938843
2.14438438415527
1.2507838010788
0.428585767745972
-0.20548152923584
-0.451606243848801
-0.327803552150726
-0.043098445981741
0.00979533698409796
-0.266683667898178
-0.796361804008484
-1.20182597637177
-1.15172910690308
-0.787477612495422
-0.596879065036774
-0.559779345989227
-0.66235876083374
-0.811251044273376
-0.893018424510956
-0.729401409626007
-0.360461115837097
0.00436611520126462
0.3612140417099
0.53239905834198
0.25007951259613
-0.222756326198578
-0.645495295524597
-0.882489025592804
-0.864309370517731
-0.466413199901581
0.118873335421085
0.401933223009109
0.143387094140053
-0.469703644514084
-0.868751466274261
-1.01435327529907
-0.995268762111664
-0.979803681373596
-0.892689347267151
-0.865707814693451
-0.844402194023132
-1.25998449325562
-1.62653923034668
-1.38205969333649
-0.632169008255005
0.607585549354553
1.46556711196899
1.67393410205841
1.34563064575195
0.8750981092453
0.456554472446442
0.300011903047562
0.262747704982758
0.415341734886169
0.443804025650024
-0.00435354420915246
-0.616621673107147
-1.23711585998535
-1.57422125339508
-1.80422282218933
-1.90227782726288
-1.56509029865265
-1.04857385158539
-0.617197513580322
-0.60362446308136
-0.651500344276428
-0.499399840831757
-0.00139215041417629
0.769146025180817
1.46457993984222
1.76285815238953
1.57703065872192
1.22487163543701
0.875591695308685
0.585210561752319
0.404236525297165
0.365738391876221
0.635554254055023
0.943374693393707
0.911786496639252
0.437963515520096
-0.142963215708733
-0.436470240354538
-0.454320847988129
-0.418455094099045
-0.295392721891403
-0.0657202005386353
0.460173964500427
0.655790448188782
0.382026076316833
-0.0797868221998215
-0.57606703042984
-0.890057027339935
-1.26541364192963
-1.08114922046661
-0.697730958461761
-0.200628131628036
-0.218396499752998
-0.197419956326485
0.329214543104172
1.26723599433899
2.42423605918884
2.95950794219971
2.80559778213501
2.01548147201538
1.0648740530014
0.203355312347412
-0.27877601981163
-0.286179512739182
-0.0591393262147903
0.139356315135956
-0.0599619373679161
-0.46172434091568
-0.927485764026642
-1.03894937038422
-0.709000706672668
-0.49109148979187
-0.559779345989227
-0.681114256381989
-0.658821523189545
-0.567676424980164
-0.392213851213455
-0.0343787856400013
0.377666234970093
0.540460646152496
0.526723027229309
0.386221379041672
0.24547290802002
-0.0241784285753965
-0.2758968770504
-0.486238092184067
-0.390486359596252
-0.0328158289194107
0.348216831684113
0.480245620012283
0.115665160119534
-0.326240569353104
-0.685803115367889
-0.795127928256989
-0.909717381000519
-0.94755744934082
-0.86184149980545
-0.965819358825684
-0.9461590051651
-1.08707201480865
-0.94377338886261
-0.532386481761932
0.387866586446762
1.18152010440826
1.45215857028961
1.33617067337036
1.04348623752594
0.934408247470856
0.629713714122772
0.471443712711334
0.374704837799072
0.486908763647079
0.368946582078934
-0.0609490685164928
-0.557311534881592
-0.91564017534256
-1.10895335674286
-1.45008945465088
-1.46695291996002
-1.03697502613068
-0.277048528194427
0.0185972563922405
0.0602212883532047
0.214954107999802
0.644191682338715
1.28796577453613
1.74583005905151
1.97196543216705
1.83705747127533
1.49337124824524
1.10246729850769
0.81677508354187
0.579945862293243
0.407855987548828
0.432287484407425
0.609230756759644
0.619266629219055
0.371907979249954
0.203519836068153
0.306016951799393
0.408843129873276
0.225154459476471
-0.096403531730175
-0.29325395822525
-0.257470428943634
-0.0686815977096558
0.0644165948033333
0.301821649074554
0.193566262722015
-0.247434601187706
-0.527533113956451
-0.359474003314972
-0.0157055538147688
0.226306110620499
0.277472406625748
0.0949354022741318
0.262583196163177
0.944361805915833
1.92326688766479
2.47342801094055
2.2527220249176
1.59792494773865
0.897308588027954
0.266778498888016
-0.180474206805229
-0.327885806560516
-0.213872149586678
0.0768380016088486
0.169546067714691
-0.0305125210434198
-0.468222945928574
-0.740095317363739
-0.600745320320129
-0.316451519727707
-0.244473218917847
-0.28009220957756
-0.341458857059479
-0.339813649654388
-0.165091410279274
0.145279094576836
0.527874708175659
0.632839679718018
0.695933818817139
0.524831056594849
0.14733561873436
-0.240360170602798
-0.519965052604675
-0.672970414161682
-0.727756202220917
-0.555090487003326
-0.244473218917847
0.0328283980488777
-0.019983122125268
-0.269562810659409
-0.548756420612335
-0.892031311988831
-1.16201162338257
-1.12244415283203
-0.849008798599243
-0.591861128807068
-0.494135141372681
-0.545877277851105
-0.514206826686859
-0.228021025657654
0.472266316413879
1.12410199642181
1.39424681663513
1.22898459434509
1.01115775108337
0.852640867233276
0.622886061668396
0.272454500198364
-0.0570005439221859
-0.0972261428833008
-0.169286713004112
-0.305593073368073
-0.668610572814941
-1.09307706356049
-1.20388245582581
-1.11890697479248
-0.977253615856171
-0.83362603187561
-0.634965896606445
-0.432028144598007
-0.226540327072144
-0.0342965237796307
0.221699506044388
0.562342047691345
0.925688564777374
1.23194599151611
1.22659909725189
1.16786479949951
1.17864096164703
1.0633111000061
0.726288080215454
0.334314733743668
0.262336403131485
0.548522174358368
0.719707190990448
0.457048028707504
0.0330751799046993
-0.345571905374527
-0.171425506472588
0.497438162565231
1.01066410541534
0.922069072723389
0.181638434529305
-0.197502225637436
-0.138356611132622
0.107027761638165
0.49167987704277
0.843838930130005
0.572131097316742
-0.0463066212832928
-0.3213871717453
-0.179980635643005
0.174810767173767
0.10052914917469
-0.101915009319782
0.149638921022415
0.881267666816711
1.70519316196442
1.94695806503296
1.5053813457489
0.839561402797699
0.285698503255844
-0.129636943340302
-0.229419454932213
-0.109565280377865
0.126605868339539
0.194471135735512
-0.104876406490803
-0.512643873691559
-0.696332514286041
-0.449385195970535
-0.00550519721582532
0.262747704982758
0.201463311910629
0.112621508538723
-0.0449081845581532
0.00683394307270646
0.276567548513412
0.637281775474548
0.775315582752228
0.650361239910126
0.486579716205597
0.129238218069077
-0.172494888305664
-0.355443209409714
-0.493065744638443
-0.615058720111847
-0.680127143859863
-0.384810358285904
-0.0667073354125023
0.228609427809715
-0.0523939281702042
-0.503512918949127
-0.828443586826324
-0.893594264984131
-0.733925759792328
-0.637762725353241
-0.432192653417587
-0.335536062717438
-0.323855012655258
-0.454896688461304
-0.468222945928574
-0.0823369100689888
0.592696309089661
1.03904414176941
0.92955482006073
0.769146025180817
0.720283031463623
0.635636508464813
0.400699287652969
0.156877890229225
0.0846527889370918
0.0794703513383865
0.0381753593683243
-0.225388675928116
-0.530083179473877
-0.585197985172272
-0.406444996595383
-0.223825722932816
-0.216833531856537
-0.296133071184158
-0.245049044489861
-0.104053795337677
0.0941950529813766
0.219396203756332
0.3758564889431
0.621405363082886
0.895581066608429
1.0250598192215
1.03106486797333
1.082066655159
1.01535296440125
0.780004441738129
0.417233735322952
0.228938460350037
0.339003592729568
0.469058126211166
0.399876683950424
0.3612140417099
0.487731367349625
0.791603267192841
0.98902952671051
0.804435968399048
0.258634656667709
-0.453827291727066
-0.668363809585571
-0.269316017627716
0.220712378621101
0.64509654045105
0.535524964332581
0.240455001592636
-0.305264055728912
-0.547440230846405
-0.387031406164169
0.080128438770771
0.365820676088333
0.169628337025642
0.171026766300201
0.657353401184082
1.55227017402649
1.87547338008881
1.60738492012024
1.04110062122345
0.542270362377167
0.252876400947571
-0.0314173921942711
-0.0693396851420403
0.0465659759938717
0.199735835194588
0.0820204392075539
-0.247352346777916
-0.523502290248871
-0.586349666118622
-0.369756609201431
-0.206797704100609
-0.162130013108253
-0.228514596819878
-0.328626155853271
-0.237810075283051
-0.0102763315662742
0.276814341545105
0.342294037342072
0.345173180103302
0.381779283285141
0.220712378621101
-0.246694251894951
-0.602637350559235
-0.737133920192719
-0.859126925468445
-0.921974241733551
-0.743550300598145
-0.369263052940369
-0.144197136163712
-0.149050533771515
-0.648127615451813
-0.853533148765564
-0.737216234207153
-0.424542397260666
-0.23632937669754
-0.0775657743215561
0.159263461828232
-0.0736995115876198
-0.116475194692612
-0.103560231626034
0.353728294372559
0.664592385292053
0.864404201507568
0.768817007541656
0.569498717784882
0.542599439620972
0.350437879562378
0.170121893286705
-0.269151479005814
-0.430218398571014
-0.330435901880264
-0.184834033250809
-0.221111103892326
-0.508119523525238
-0.611356973648071
-0.696332514286041
-0.622544467449188
-0.638256311416626
-0.51881343126297
-0.298436373472214
-0.253028362989426
-0.271125763654709
-0.448315799236298
-0.30370107293129
0.14157734811306
0.768487930297852
1.23383808135986
1.43545961380005
1.51072835922241
1.45001983642578
1.2437915802002
0.793001711368561
0.508214354515076
0.437223166227341
0.517427563667297
0.504019021987915
0.346818387508392
0.34961524605751
0.692232072353363
1.28632056713104
1.35467934608459
0.807973206043243
-0.0291140861809254
-0.527862131595612
-0.351494699716568
0.0649101659655571
0.418632179498672
0.374869376420975
0.0912336632609367
-0.255660712718964
-0.427339255809784
-0.256154268980026
0.00724524771794677
0.0745346918702126
-0.172494888305664
-0.134572610259056
0.39197963476181
1.26419234275818
1.90870678424835
1.96250545978546
1.47634327411652
0.882912874221802
0.56184846162796
0.348957180976868
0.205329582095146
0.0717378184199333
0.147829189896584
0.272289991378784
0.136394917964935
-0.147405311465263
-0.345736414194107
-0.300821959972382
-0.239208519458771
-0.141482517123222
0.000335329212248325
0.0830898284912109
0.0107824681326747
-0.0875193476676941
0.00716298678889871
0.219889760017395
0.545807600021362
0.705640554428101
0.609230756759644
0.212074980139732
-0.140495389699936
-0.357417464256287
-0.60535192489624
-0.808207392692566
-0.694275975227356
-0.104053795337677
0.399876683950424
0.291785806417465
-0.258786618709564
-0.74716979265213
-0.799816787242889
-0.749226331710815
-0.708836197853088
-0.592272460460663
-0.337016761302948
-0.124536767601967
-0.128073990345001
-0.249162092804909
-0.283135861158371
0.0586583316326141
0.503936767578125
0.808878064155579
0.847622931003571
0.746442019939423
0.616634249687195
0.368699789047241
0.157124668359756
-0.0375869609415531
-0.0539568886160851
0.0676247701048851
0.210429757833481
0.364915788173676
0.379805028438568
0.349779784679413
0.062853641808033
-0.345407366752625
-0.470773041248322
-0.342528253793716
-0.0823369100689888
-0.000734062923584133
-0.0478695780038834
-0.178911253809929
-0.204494401812553
0.0651569440960884
0.494641274213791
0.949791014194489
1.15050768852234
1.14902698993683
0.87526261806488
0.498507559299469
0.17818346619606
-0.0310060866177082
0.0145664708688855
0.197514787316322
0.650443494319916
0.9859858751297
1.12805044651031
1.04908001422882
0.841782450675964
0.556748270988464
0.0468127578496933
-0.4484803378582
-0.516510128974915
-0.103971533477306
0.214296013116837
0.34961524605751
0.137052997946739
-0.180062904953957
-0.44568344950676
-0.437786400318146
-0.188700303435326
-0.0957454442977905
-0.237974599003792
-0.386702358722687
0.0870383530855179
0.862758994102478
1.4991295337677
1.56279957294464
1.19945299625397
0.877730429172516
0.608983993530273
0.439937770366669
0.235437080264091
0.12989629805088
0.106205150485039
0.127346217632294
-0.0365998297929764
-0.311022311449051
-0.539707720279694
-0.589640080928802
-0.500386953353882
-0.396409153938293
-0.344749301671982
-0.250478267669678
-0.276801764965057
-0.298189610242844
-0.19240203499794
0.0274814367294312
0.274922341108322
0.398313730955124
0.266202658414841
-0.135395213961601
-0.567182838916779
-0.670831620693207
-0.728825569152832
-0.926005065441132
-1.05836284160614
-0.799158692359924
-0.233779296278954
0.148405015468597
-0.0369288735091686
-0.537980198860168
-0.88939893245697
-0.938837766647339
-0.842921495437622
-0.724959313869476
-0.571624934673309
-0.393036454916
-0.326651871204376
-0.407020807266235
-0.396902710199356
-0.167065680027008
0.311446189880371
0.566126048564911
0.433110117912292
0.119366899132729
-0.118449456989765
-0.253850966691971
-0.140906691551208
-0.0165281631052494
-0.0412064418196678
-0.036682091653347
-0.0660492479801178
-0.137287214398384
-0.244226425886154
-0.316122472286224
-0.366301655769348
-0.512643873691559
-0.723643183708191
-0.831322729587555
-0.736722648143768
-0.669597744941711
-0.652405202388763
-0.792742311954498
-0.758110463619232
-0.387771755456924
0.241688907146454
0.87238347530365
1.25292253494263
1.27241837978363
1.03715217113495
0.690998136997223
0.413285225629807
0.305852442979813
0.285451740026474
0.279775738716125
0.327322542667389
0.692807853221893
1.18949937820435
1.5350775718689
1.55786383152008
1.20266115665436
0.407609224319458
-0.511409938335419
-0.944102466106415
-0.558627724647522
-0.0266462564468384
0.251313447952271
-0.0555198453366756
-0.550154864788055
-0.880761563777924
-0.768146336078644
-0.39139124751091
-0.182119429111481
-0.330024570226669
-0.733596742153168
-0.63019472360611
0.133680298924446
1.19978201389313
1.79732549190521
1.65303981304169
1.18374109268188
0.782554566860199
0.624037742614746
0.404318779706955
0.260362148284912
0.187807992100716
0.238645255565643
0.145196840167046
-0.118778504431248
-0.321880757808685
-0.438197702169418
-0.479081392288208
-0.471513390541077
-0.377571403980255
-0.0931130945682526
0.139109522104263
0.128826916217804
-0.18647925555706
-0.439678400754929
-0.34746390581131
0.0866270512342453
0.390005379915237
0.325019240379333
-0.0997762307524681
-0.568828105926514
-0.833132445812225
-0.857563972473145
-0.657176315784454
-0.461971133947372
-0.110552407801151
0.091480441391468
-0.00361319561488926
-0.428408652544022
-0.845965147018433
-0.917614459991455
-0.938179671764374
-0.912678778171539
-0.776948213577271
-0.529754161834717
-0.388676643371582
-0.455143451690674
-0.479986280202866
-0.390568643808365
-0.0557666271924973
0.147829189896584
0.24103082716465
0.0862157419323921
-0.0268107783049345
0.0973209738731384
0.384576141834259
0.659409940242767
0.714195728302002
0.851077914237976
0.741506338119507
0.40653982758522
-0.0301834773272276
-0.244884520769119
-0.26265287399292
-0.332656919956207
-0.508037269115448
-0.721586644649506
-0.74313896894455
-0.704476356506348
-0.727838456630707
-0.734090268611908
-0.598030686378479
-0.236740678548813
0.169710591435432
0.623626410961151
0.863170266151428
0.981379210948944
1.05714154243469
1.00219130516052
0.75804078578949
0.395681381225586
0.244979351758957
0.310705840587616
0.562259793281555
0.881514489650726
1.12443101406097
1.12122285366058
0.975291907787323
0.73138827085495
0.322551399469376
-0.183188810944557
-0.703818261623383
-0.662852346897125
-0.495533585548401
-0.20112170279026
-0.191661685705185
-0.42067614197731
-0.415740489959717
-0.299999356269836
0.175633385777473
0.225072205066681
-0.0168572068214417
-0.565702140331268
-0.587583541870117
0.240372732281685
1.26863443851471
1.92968332767487
1.76910996437073
1.36907505989075
0.938685834407806
0.845237374305725
0.766513645648956
0.532892644405365
0.225318983197212
0.0732185170054436
0.115418374538422
-0.0863676965236664
-0.457611292600632
-0.765678465366364
-0.865460991859436
-0.894087791442871
-0.796444058418274
-0.556735694408417
-0.341376602649689
-0.015376509167254
0.267272055149078
0.452030122280121
0.442652374505997
0.574927985668182
0.64822244644165
0.559545159339905
0.091398186981678
-0.317109614610672
-0.614400625228882
-0.817749679088593
-0.931434273719788
-0.953068912029266
-0.632169008255005
0.0682828575372696
0.500152766704559
0.166008844971657
-0.494875490665436
-0.736722648143768
-0.604611575603485
-0.495944887399673
-0.541928768157959
-0.522679686546326
-0.502690315246582
-0.508448541164398
-0.416645348072052
-0.227116152644157
0.069187730550766
0.169875115156174
0.00189828698057681
-0.263557761907578
-0.19240203499794
0.370427280664444
0.937534153461456
1.00408327579498
0.670926451683044
0.382355123758316
0.346653878688812
0.354386389255524
0.282654851675034
0.0644165948033333
-0.163363933563232
-0.40776115655899
-0.674780189990997
-0.806808948516846
-0.821451425552368
-0.693206608295441
-0.650348663330078
-0.668857395648956
-0.627809166908264
-0.400028645992279
-0.00468258792534471
0.402262270450592
0.707697093486786
0.956618666648865
1.29314815998077
1.56033170223236
1.49501645565033
1.13380873203278
0.725876748561859
0.608079135417938
0.848363280296326
1.32144594192505
1.75068354606628
1.55185878276825
1.02645826339722
0.56209522485733
0.28923574090004
0.0612084195017815
-0.421169698238373
-0.796690881252289
-0.685391843318939
-0.340142667293549
-0.0269753001630306
-0.128978863358498
-0.278200209140778
-0.356019049882889
-0.23476642370224
-0.0157055538147688
-0.0903162211179733
-0.403977155685425
-0.77324652671814
-0.256236523389816
0.824260830879211
1.88847053050995
2.34329128265381
2.05068922042847
1.44590675830841
0.806327939033508
0.50196248292923
0.411886781454086
0.377913028001785
0.377583980560303
0.454744726419449
0.407280176877975
-0.0873548239469528
-0.571624934673309
-0.876483976840973
-0.870561182498932
-0.671983301639557
-0.27565011382103
0.236095175147057
0.464780569076538
0.206398963928223
-0.261830270290375
-0.301562309265137
0.158111795783043
0.818584859371185
0.935148596763611
0.473582476377487
-0.22588224709034
-0.65915060043335
-0.836587429046631
-0.898941218852997
-0.775714337825775
-0.389334708452225
0.170039638876915
0.501222133636475
0.204918280243874
-0.433179795742035
-0.896966934204102
-0.942539513111115
-0.897296011447906
-0.826058030128479
-0.576396107673645
-0.345407366752625
-0.348039716482162
-0.57294112443924
-0.616292655467987
-0.383494198322296
-0.0502551458775997
0.0245200432837009
-0.173811063170433
-0.347052603960037
0.0869560912251472
1.01535296440125
1.62934863567352
1.79313015937805
1.48827111721039
1.07655513286591
0.695357978343964
0.436153769493103
0.276403039693832
0.0983081012964249
-0.122644767165184
-0.429642587900162
-0.819477140903473
-1.15460824966431
-1.21153271198273
-1.16735863685608
-1.0796685218811
-0.911773920059204
-0.752105414867401
-0.496602982282639
-0.0518181025981903
0.604212820529938
1.21376633644104
1.4733818769455
1.45059561729431
1.325723528862
1.00597524642944
0.652170956134796
0.511093497276306
0.590639770030975
0.864815473556519
1.17987489700317
1.28887057304382
1.20126271247864
1.08009231090546
0.87534487247467
0.534620106220245
-0.0138958124443889
-0.68720155954361
-0.793647229671478
-0.599758207798004
-0.174222379922867
-0.107837796211243
-0.375679403543472
-0.377406895160675
-0.271125763654709
0.11813298612833
0.115500636398792
-0.253768712282181
-0.88923442363739
-0.857481718063354
0.0510903261601925
1.18900585174561
2.08458065986633
2.1105751991272
1.76738250255585
1.20767903327942
0.828044831752777
0.607996881008148
0.467001616954803
0.541776776313782
0.678494453430176
0.879211127758026
0.292690694332123
-0.512068033218384
-1.01764369010925
-1.11413586139679
-1.09784817695618
-0.850324988365173
-0.103148929774761
0.64822244644165
0.828702926635742
0.216105759143829
-0.251876682043076
-0.263228714466095
0.260279893875122
0.720036268234253
0.915817260742188
0.573282718658447
-0.170520633459091
-0.757945954799652
-1.06272268295288
-1.07465052604675
-0.878293693065643
-0.309706121683121
0.357183277606964
0.465767711400986
-0.0458953157067299
-0.721339821815491
-1.02850222587585
-1.0929948091507
-0.980215013027191
-0.741411507129669
-0.363916099071503
-0.131940260529518
-0.239373028278351
-0.430136144161224
-0.620158910751343
-0.611521482467651
-0.615470051765442
-0.494628727436066
0.0311831794679165
0.971919238567352
1.76162421703339
1.54881513118744
0.835366070270538
0.186162784695625
0.0433577969670296
0.167242765426636
0.165433019399643
0.106205150485039
-0.116804242134094
-0.387771755456924
-0.802449107170105
-1.11158573627472
-1.24254512786865
-1.19631445407867
-1.00415289402008
-0.813225328922272
-0.623778402805328
-0.663921713829041
-0.759015381336212
-0.779416084289551
-0.466001898050308
0.0402318835258484
1.0609256029129
2.14923763275146
2.60627937316895
2.13582921028137
1.22446024417877
0.632099330425262
0.583729863166809
0.943868219852448
1.32012975215912
1.37771236896515
0.906192719936371
0.453346282243729
0.283724248409271
0.262583196163177
-0.249902427196503
-1.03171038627625
-1.48496806621552
-1.28647243976593
-0.985561966896057
-0.653639078140259
-0.446012496948242
-0.394188106060028
-0.625094532966614
-0.717226803302765
-0.423802047967911
-0.316369265317917
-0.470279484987259
-0.751858651638031
-0.255660712718964
0.718308746814728
1.58196628093719
1.78243625164032
1.51344299316406
1.20891296863556
0.95587831735611
0.817350924015045
0.584305703639984
0.463957965373993
0.376679092645645
0.361707627773285
0.144291967153549
-0.366383910179138
-0.931845605373383
-1.22140407562256
-1.06140661239624
-0.665073394775391
-0.352564066648483
-0.0988713577389717
-0.0747689008712769
-0.355278700590134
-0.588323891162872
-0.514782667160034
-0.0282914768904448
0.455320566892624
0.568758368492126
0.231735333800316
-0.245707124471664
-0.476695835590363
-0.503512918949127
-0.69189041852951
-0.823014378547668
-0.564632773399353
0.0311831794679165
0.31703993678093
-0.119272068142891
-0.880432486534119
-1.34010660648346
-1.37276422977448
-1.33550000190735
-1.15773415565491
-0.865460991859436
-0.653063297271729
-0.712949216365814
-0.855425179004669
-0.834695398807526
-0.681936860084534
-0.443544685840607
-0.342775017023087
-0.111950844526291
0.381532490253448
1.24436748027802
1.90393567085266
1.70124471187592
0.979158163070679
0.367219090461731
0.211087837815285
0.363928645849228
0.477777779102325
0.277225643396378
-0.0687638595700264
-0.481713742017746
-0.987783014774323
-1.46563673019409
-1.71538102626801
-1.60687875747681
-1.32332539558411
-1.14901447296143
-1.2172087430954
-1.37597239017487
-1.22206211090088
-0.630441546440125
0.297297298908234
1.19048655033112
1.75438523292542
1.8373042345047
1.46770584583282
0.979734003543854
0.572953701019287
0.529108643531799
0.830594956874847
1.17362308502197
1.23005402088165
0.976937115192413
0.714113473892212
0.629137933254242
0.570650398731232
0.354879945516586
-0.106768406927586
-0.765020430088043
-1.04117035865784
-1.02101647853851
-0.793976247310638
-0.600416302680969
-0.542586863040924
-0.510587334632874
-0.622297704219818
-0.513630986213684
-0.392049342393875
-0.583223760128021
-1.041499376297
-1.11849558353424
-0.533291339874268
0.368453025817871
1.18801867961884
1.51401877403259
1.47946918010712
1.29100942611694
1.27077317237854
1.17987489700317
0.990263402462006
0.84745842218399
0.742164433002472
0.522280931472778
0.26307675242424
-0.3036188185215
-0.866448163986206
-0.967875897884369
-0.693371117115021
-0.327474504709244
-0.233450248837471
-0.27877601981163
-0.51741498708725
-0.798007011413574
-0.784927546977997
-0.3621886074543
0.106616459786892
0.22202855348587
0.0934547036886215
-0.266436874866486
-0.582812428474426
-0.674286603927612
-0.728825569152832
-0.772506177425385
-0.775961101055145
-0.374610006809235
0.0829253047704697
0.00740976957604289
-0.699622988700867
-1.37613689899445
-1.5592497587204
-1.38658404350281
-1.05762255191803
-0.793729484081268
-0.666225016117096
-0.742316365242004
-0.94311535358429
-0.97124856710434
-0.905604362487793
-0.721751153469086
-0.513630986213684
0.0371059663593769
0.629796028137207
1.29076266288757
1.60187351703644
1.35270512104034
0.717403888702393
0.139191791415215
0.0236974339932203
0.160003796219826
0.230172380805016
-0.0110989408567548
-0.36054340004921
-0.812155902385712
-1.18101394176483
-1.53218591213226
-1.74392557144165
-1.76004862785339
-1.5616352558136
-1.34224534034729
-1.28153681755066
-1.39431655406952
-1.46604812145233
-1.04429626464844
0.00477741984650493
1.28286552429199
2.0355532169342
2.12291431427002
1.69902360439301
1.06191265583038
0.522939026355743
0.391157031059265
0.657764732837677
0.974058032035828
1.07721316814423
0.784364283084869
0.301492601633072
0.0690232068300247
0.123315423727036
0.138286918401718
0.00485968077555299
-0.505651652812958
