% Type: Timesignal
% Date: 11-DEC-24 14:49:38
% NoOfItems: = 4096
% Unit_Y: = mm/s
% Unit_X: = Sec
% Min_X: = 0
% Max_X: = 1.60000002384186
% MinDisplay_X: = 0
% MaxDisplay_X: = 1.60000002384186
0.360567450523376
0.277378380298615
0.329426825046539
0.429038941860199
0.51140683889389
0.596048712730408
0.662372589111328
0.774870455265045
0.877767145633698
0.8075270652771
0.7782182097435
0.845742225646973
0.906318008899689
0.859954476356506
0.914340019226074
1.05216729640961
1.03909206390381
0.96531468629837
0.789651215076447
0.541410505771637
0.387791812419891
0.292411804199219
0.108094647526741
0.12003293633461
0.301570802927017
0.180292904376984
0.129065617918968
0.0971038341522217
-0.0758435055613518
-0.141914695501328
-0.0380073264241219
-0.0122989388182759
-0.0633998885750771
-0.0385126508772373
-0.106352478265762
-0.130039572715759
-0.130165904760361
-0.173055320978165
-0.139072254300117
-0.0686426311731339
-0.115764148533344
-0.363246858119965
-0.520402848720551
-0.530951499938965
-0.518065690994263
-0.571251094341278
-0.644144177436829
-0.745082795619965
-0.901670217514038
-0.89788031578064
-1.20385432243347
-1.60842978954315
-1.96057796478271
-2.17527770996094
-1.62839019298553
-1.23316311836243
-0.86585533618927
-1.10967445373535
-1.39278256893158
-1.60666120052338
-1.63761234283447
-1.0270539522171
-0.616919815540314
-0.357372462749481
-0.650144934654236
-1.10689520835876
-1.44350457191467
-1.34136581420898
-0.923399209976196
-0.589063823223114
-0.603781402111053
-0.681411862373352
-0.401335716247559
-0.223335117101669
-0.110142417252064
0.0479610189795494
0.389055132865906
0.23442579805851
-0.139072254300117
-0.509285688400269
-0.753294289112091
-0.738134562969208
-0.703519821166992
-0.715900301933289
-0.954287171363831
-0.980437695980072
-0.99029153585434
-0.938369452953339
-0.729859888553619
-0.594180226325989
-0.462732642889023
-0.596769988536835
-0.793278098106384
-1.04935133457184
-1.03469693660736
-0.718237400054932
-0.718742728233337
-0.945759773254395
-1.00500905513763
-0.905460178852081
-0.772180795669556
-0.447825580835342
-0.0184259992092848
0.276936233043671
0.433081537485123
0.463906317949295
0.521829187870026
0.647718131542206
0.885283887386322
1.02494299411774
1.07920217514038
0.887431502342224
0.659782767295837
0.762489974498749
0.777333915233612
0.941185414791107
1.04534542560577
1.09069836139679
1.07061171531677
1.00296139717102
1.08387649059296
1.12777650356293
1.17672979831696
1.09644639492035
0.880925476551056
0.672731697559357
0.529282689094543
0.500921368598938
0.47079136967659
0.489235728979111
0.383622884750366
0.252175331115723
0.235562771558762
0.223245486617088
0.276557236909866
0.329679489135742
0.387602299451828
0.481024205684662
0.614303588867188
0.650244772434235
0.644749343395233
0.700524568557739
0.796409904956818
0.762489974498749
0.755857586860657
0.844099938869476
0.882188737392426
0.829824507236481
0.654919028282166
0.521197497844696
0.439524412155151
0.387854963541031
0.22709858417511
0.214844465255737
0.239668533205986
0.189009740948677
0.322415441274643
0.151173561811447
0.125970497727394
0.0124619659036398
-0.0387021489441395
-0.0649790316820145
-0.152526512742043
-0.104899674654007
-0.18088786303997
-0.233252122998238
-0.394829660654068
-0.287637680768967
-0.219418853521347
-0.259276330471039
-0.117532789707184
-0.231483489274979
-0.457553088665009
-0.685580790042877
-0.699477195739746
-0.709331035614014
-0.738387227058411
-0.778181552886963
-0.913987517356873
-1.03949749469757
-1.25710296630859
-1.61316728591919
-1.89899146556854
-1.95400869846344
-1.69521939754486
-1.27434706687927
-1.09356725215912
-1.1346880197525
-1.45771682262421
-1.58284783363342
-1.54633808135986
-1.07878649234772
-0.674400508403778
-0.581989228725433
-0.607445001602173
-1.02263236045837
-1.31294131278992
-1.18092525005341
-0.81507021188736
-0.62689995765686
-0.539415657520294
-0.531456768512726
-0.461343020200729
-0.133576840162277
0.0111354887485504
0.151489391922951
0.345091879367828
0.231899172067642
-0.254159927368164
-0.550722301006317
-0.59885448217392
-0.750009655952454
-0.757652699947357
-0.747735738754272
-0.942664682865143
-1.14738428592682
-1.10380005836487
-0.887205302715302
-0.76510626077652
-0.709583699703217
-0.726259410381317
-0.850127100944519
-0.958645582199097
-1.07215416431427
-1.04050815105438
-0.78721421957016
-0.727522730827332
-0.974057972431183
-1.10177874565125
-0.983217000961304
-0.810901284217834
-0.506001055240631
-0.0900557637214661
0.181050881743431
0.372000426054001
0.483740329742432
0.543494939804077
0.73273903131485
0.916929841041565
0.996834278106689
0.959629774093628
0.869492471218109
0.664141178131104
0.670584082603455
0.810053706169128
0.924383342266083
1.0726330280304
1.11918604373932
1.1400306224823
1.09196162223816
1.11274313926697
1.17666661739349
1.16794979572296
1.05020916461945
0.843531429767609
0.665215015411377
0.551453828811646
0.516396939754486
0.470917701721191
0.439713925123215
0.375285029411316
0.27876803278923
0.287548035383224
0.309529662132263
0.367262989282608
0.420132577419281
0.453736662864685
0.54469507932663
0.710946917533875
0.755920767784119
0.719790041446686
0.73305481672287
0.773291289806366
0.812264442443848
0.855090737342834
0.93758499622345
0.918256282806396
0.859891295433044
0.793883264064789
0.623967885971069
0.505911409854889
0.432323545217514
0.278010040521622
0.134687349200249
0.134624183177948
0.184967145323753
0.174923822283745
0.14030909538269
0.013725277967751
-0.123470351099968
-0.126249641180038
-0.128839418292046
-0.174255475401878
-0.156253278255463
-0.169454887509346
-0.282079100608826
-0.418390423059464
-0.470249354839325
-0.44125634431839
-0.375879973173141
-0.27772068977356
-0.233757436275482
-0.345118343830109
-0.53512042760849
-0.687349438667297
-0.766180098056793
-0.770159482955933
-0.825050413608551
-0.875898659229279
-0.918345928192139
-1.04183459281921
-1.48102486133575
-1.81163346767426
-2.02058529853821
-1.93613278865814
-1.49523711204529
-1.09445154666901
-0.920367240905762
-1.15805923938751
-1.40383648872375
-1.42840790748596
-1.04834067821503
-0.647176146507263
-0.634479820728302
-0.595001339912415
-0.813364744186401
-1.37560153007507
-1.48291981220245
-1.09495687484741
-0.66435718536377
-0.528235375881195
-0.558870673179626
-0.455847591161728
-0.167180925607681
-0.0219001062214375
-0.0106566343456507
0.221919015049934
0.200379550457001
-0.273867577314377
-0.439993053674698
-0.569798290729523
-0.827134847640991
-0.973679006099701
-0.972541987895966
-1.05781555175781
-1.18743133544922
-1.07145929336548
-0.971531331539154
-0.837430834770203
-0.80755352973938
-0.829408824443817
-0.819744467735291
-0.868255615234375
-0.942727863788605
-1.0815657377243
-0.976395130157471
-0.856443703174591
-0.954034507274628
-1.00260877609253
-0.937421917915344
-0.774328410625458
-0.532783269882202
-0.144378155469894
0.144099026918411
0.390950083732605
0.559917986392975
0.605776190757751
0.671784222126007
0.778976202011108
0.910486936569214
0.982432544231415
0.961587905883789
0.806769073009491
0.691618204116821
0.74859356880188
0.796536266803741
0.856290876865387
0.909349977970123
1.00498259067535
1.09417247772217
1.11779630184174
1.16624438762665
1.18064606189728
1.11684882640839
0.90556001663208
0.694586992263794
0.582278609275818
0.576530575752258
0.581015288829803
0.528587877750397
0.456831783056259
0.379201292991638
0.392971396446228
0.417479634284973
0.450325727462769
0.490120053291321
0.43554499745369
0.380906760692596
0.474960297346115
0.613671898841858
0.707156956195831
0.809548377990723
0.82995080947876
0.771206855773926
0.746256470680237
0.846058070659637
0.885536551475525
0.863175928592682
0.915982365608215
0.776260077953339
0.501237154006958
0.405793994665146
0.332964092493057
0.132602885365486
0.172713026404381
0.169870585203171
0.196652784943581
0.16064840555191
0.0135357808321714
0.00330295786261559
-0.0534828938543797
-0.0808335840702057
-0.184804126620293
-0.172928988933563
-0.169960215687752
-0.318588823080063
-0.421485543251038
-0.384912669658661
-0.251191139221191
-0.242853283882141
-0.166612431406975
-0.168696895241737
-0.296670347452164
-0.39217671751976
-0.505053579807281
-0.576178014278412
-0.709773242473602
-0.855875194072723
-1.02528524398804
-0.998187243938446
-1.02313768863678
-1.27099931240082
-1.54766452312469
-1.74006688594818
-1.73583483695984
-1.40307855606079
-1.12072849273682
-0.954792499542236
-0.969131052494049
-1.11535942554474
-1.15831196308136
-1.00595664978027
-0.633090198040009
-0.644460022449493
-0.672821342945099
-0.826376855373383
-1.11877036094666
-1.38450789451599
-1.15490102767944
-0.86680281162262
-0.723669648170471
-0.606497526168823
-0.43828758597374
-0.112542703747749
0.0779015049338341
0.190462559461594
0.269040524959564
0.206001281738281
-0.167180925607681
-0.461090356111526
-0.55672299861908
-0.797952353954315
-0.930663228034973
-1.04436123371124
-1.0408239364624
-1.03899216651917
-0.989912509918213
-0.944306969642639
-0.904133677482605
-0.775086402893066
-0.811280310153961
-0.89516419172287
-0.917145788669586
-0.929905235767365
-1.0265486240387
-1.04290843009949
-0.897627651691437
-0.913671672344208
-0.979742884635925
-0.963003993034363
-0.831493258476257
-0.564050257205963
-0.24367444217205
0.0736694112420082
0.317235857248306
0.490246385335922
0.59611189365387
0.701156198978424
0.784850597381592
0.865449905395508
0.899875104427338
0.882630944252014
0.742213845252991
0.66369903087616
0.739181876182556
0.816938698291779
0.91838264465332
1.04098701477051
1.1543060541153
1.18367803096771
1.20660710334778
1.28682744503021
1.31714689731598
1.19530045986176
0.958619117736816
0.745751142501831
0.653718888759613
0.649107813835144
0.58171010017395
0.508880198001862
0.396634995937347
0.286347895860672
0.319320321083069
0.395561188459396
0.479824066162109
0.464790642261505
0.422911882400513
0.389181464910507
0.561812996864319
0.805568933486938
0.894632399082184
0.940869569778442
0.880230605602264
0.77790242433548
0.749983191490173
0.869050323963165
0.897348523139954
0.850795447826385
0.85862797498703
0.760974049568176
0.552969813346863
0.45405250787735
0.340038627386093
0.102662406861782
0.328858315944672
0.170060068368912
0.146057158708572
0.308898001909256
0.0123356347903609
-0.0574623234570026
-0.203627467155457
-0.123028188943863
-0.101425565779209
-0.189478382468224
-0.258202522993088
-0.292880415916443
-0.342086404561996
-0.539605140686035
-0.416305959224701
-0.248854011297226
-0.123470351099968
-0.146967947483063
-0.259718507528305
-0.462606310844421
-0.594117045402527
-0.692971169948578
-0.800415813922882
-0.786835193634033
-0.918093264102936
-0.995976448059082
-1.10329473018646
-1.31104636192322
-1.50963890552521
-1.5903012752533
-1.49113142490387
-1.36934816837311
-1.19659030437469
-1.08181846141815
-1.22867846488953
-1.23303687572479
-1.28451681137085
-0.988838732242584
-0.685707151889801
-0.670105218887329
-0.67029470205307
-0.862507581710815
-0.989786207675934
-1.15629065036774
-0.908997416496277
-0.847726821899414
-0.835851728916168
-0.52501392364502
-0.507769703865051
-0.184804126620293
0.176060810685158
0.301697134971619
0.34433388710022
0.151110395789146
-0.0618839152157307
-0.371395230293274
-0.335643529891968
-0.721143007278442
-1.04947769641876
-1.13835167884827
-1.14877390861511
-1.06880629062653
-1.04808807373047
-0.892637550830841
-0.85303270816803
-0.915124475955963
-0.947212636470795
-0.940390706062317
-0.867497682571411
-0.871098101139069
-0.980816721916199
-1.10146296024323
-0.981132507324219
-0.93312668800354
-0.933252990245819
-0.868192493915558
-0.721522033214569
-0.487367212772369
-0.217713385820389
0.0432867668569088
0.272767305374146
0.5548015832901
0.664962351322174
0.708104431629181
0.750867545604706
0.776070594787598
0.750425398349762
0.788198411464691
0.806642711162567
0.716758131980896
0.738929212093353
0.764069139957428
0.899117112159729
1.05602037906647
1.14438903331757
1.21083927154541
1.21058654785156
1.26440370082855
1.31019866466522
1.19807982444763
0.942069709300995
0.76621675491333
0.662562072277069
0.622704565525055
0.54728490114212
0.477992236614227
0.401877731084824
0.234552130103111
0.27049332857132
0.362146586179733
0.45228385925293
0.454620987176895
0.305866062641144
0.246932581067085
0.452094376087189
0.792240977287292
0.912192404270172
0.945417523384094
0.876188039779663
0.768869698047638
0.777018070220947
0.871892750263214
0.946996629238129
0.949586451053619
0.955839812755585
0.868039667606354
0.623336255550385
0.447799116373062
0.358798801898956
0.226530104875565
0.215476125478745
0.217623755335808
0.1597640812397
0.113779544830322
-0.00844583939760923
-0.151958018541336
-0.207985892891884
-0.177287414669991
-0.189415216445923
-0.271719962358475
-0.333306401968002
-0.391608208417892
-0.492673128843307
-0.518886864185333
-0.367542117834091
-0.204701274633408
-0.0944773480296135
-0.190236359834671
-0.435445129871368
-0.724806606769562
-0.885563015937805
-0.872235059738159
-0.721016705036163
-0.603212893009186
-0.769969999790192
-0.88891077041626
-1.12034940719604
-1.3535567522049
-1.59731268882751
-1.44685232639313
-1.19014739990234
-1.04095029830933
-0.987322747707367
-1.31995260715485
-1.45702195167542
-1.50622797012329
-1.23322629928589
-0.831240594387054
-0.363310039043427
-0.42653876543045
-0.812290966510773
-1.0537097454071
-1.34218692779541
-1.0734806060791
-0.847474157810211
-0.575546383857727
-0.574093580245972
-0.544658422470093
-0.488062053918839
-0.266224563121796
0.168796762824059
0.252427995204926
0.237584069371223
0.0969143360853195
-0.132313534617424
-0.464438110589981
-0.540363132953644
-0.662272691726685
-0.97203665971756
-1.17536664009094
-1.38602387905121
-1.33050131797791
-1.14561569690704
-0.947465300559998
-0.874761700630188
-0.862697064876556
-0.831619620323181
-0.887394785881042
-0.903059899806976
-0.881204605102539
-0.899333119392395
-0.926999628543854
-0.855054020881653
-0.904765367507935
-0.939569592475891
-0.786708891391754
-0.588305830955505
-0.38952374458313
-0.144693985581398
0.125780999660492
0.308708518743515
0.513049125671387
0.653276741504669
0.74650913476944
0.858059525489807
0.873408734798431
0.821739315986633
0.764069139957428
0.744677305221558
0.723011493682861
0.777523398399353
0.853890597820282
0.981737732887268
1.17944598197937
1.24545395374298
1.31285166740417
1.33300149440765
1.3636999130249
1.41018974781036
1.2450749874115
0.9811692237854
0.78655606508255
0.734255015850067
0.743919312953949
0.689091622829437
0.672731697559357
0.549369335174561
0.351661115884781
0.283000111579895
0.433523684740067
0.543558120727539
0.506037771701813
0.41362652182579
0.338080495595932
0.46605396270752
0.76590096950531
0.962851226329803
1.06132638454437
1.0287960767746
0.86696583032608
0.798810184001923
0.879220008850098
1.07054853439331
1.16706550121307
1.17957234382629
1.07806515693665
0.779418349266052
0.514691472053528
0.330311149358749
0.164691001176834
0.225708946585655
0.354124546051025
0.197031781077385
0.13847728073597
0.0389283411204815
-0.290353804826736
-0.287195533514023
-0.250938475131989
-0.182656496763229
-0.235841915011406
-0.302860587835312
-0.299639135599136
-0.375374674797058
-0.35067692399025
-0.247780203819275
-0.0579044856131077
-0.00535072572529316
-0.13938806951046
-0.306145191192627
-0.417948246002197
-0.395398139953613
-0.435508280992508
-0.466838419437408
-0.51301246881485
-0.682991027832031
-0.797194361686707
-0.929905235767365
-1.18035674095154
-1.45885372161865
-1.63830721378326
-1.37686479091644
-1.2354371547699
-0.84279990196228
-0.78993034362793
-1.04360330104828
-1.39170873165131
-1.5381897687912
-1.31016194820404
-0.888721287250519
-0.410494714975357
-0.532214760780334
-0.678379952907562
-0.988775551319122
-1.05996310710907
-0.916135132312775
-0.813301563262939
-0.569671988487244
-0.437529593706131
-0.381312221288681
-0.227377727627754
0.0945140495896339
0.347429007291794
0.38406503200531
0.353366583585739
0.138666778802872
-0.132187202572823
-0.341265261173248
-0.62096244096756
-0.807174503803253
-0.904133677482605
-1.06027901172638
-1.07101714611053
-0.991618037223816
-0.815007090568542
-0.870655953884125
-0.887710630893707
-0.802437126636505
-0.790940999984741
-0.749820172786713
-0.684949159622192
-0.61729884147644
-0.719563901424408
-0.723922312259674
-0.759105503559113
-0.839325785636902
-0.76239013671875
-0.677685081958771
-0.480419009923935
-0.218787208199501
0.0480873510241508
0.246932581067085
0.476855278015137
0.646833837032318
0.66628885269165
0.761037170886993
0.838667690753937
0.891095101833344
0.897601187229156
0.882125616073608
0.885789215564728
0.970431089401245
1.10301566123962
1.2629508972168
1.38561844825745
1.44613099098206
1.49982178211212
1.48952579498291
1.53045701980591
1.56740891933441
1.43103444576263
1.24482238292694
1.02014243602753
0.900633096694946
0.897727489471436
0.886041879653931
0.817254543304443
0.72730678319931
0.591311275959015
0.554233074188232
0.720548033714294
0.744803667068481
0.651318609714508
0.528145730495453
0.518291890621185
0.688144087791443
0.868166029453278
1.07547545433044
1.18405699729919
1.18475186824799
1.16801297664642
1.13750398159027
1.23591601848602
1.32636904716492
1.30861949920654
1.22713601589203
1.15885400772095
1.00940418243408
0.875303685665131
0.713094532489777
0.385644167661667
0.178334757685661
0.231962338089943
0.20303250849247
0.184082835912704
0.292917102575302
0.269735366106033
0.175934478640556
0.0398758240044117
-0.0936561971902847
-0.22699873149395
-0.271151453256607
-0.284732073545456
-0.318083494901657
-0.249106675386429
-0.0952985063195229
0.102157078683376
0.195831626653671
0.187304273247719
0.0695636421442032
-0.0857605040073395
-0.130671232938766
-0.159474730491638
-0.189288884401321
-0.251570135354996
-0.421106547117233
-0.655514001846313
-0.876277685165405
-1.01764225959778
-1.01720011234283
-1.24491190910339
-1.31717336177826
-0.953339695930481
-0.745019614696503
-0.627278983592987
-0.896553814411163
-1.03671824932098
-1.26234567165375
-1.18559944629669
-0.354972183704376
-0.41636911034584
-0.286184877157211
-0.491851985454559
-0.801615953445435
-1.12533950805664
-0.935463786125183
-0.575104236602783
-0.566197872161865
-0.282900273799896
-0.355666995048523
-0.200027033686638
0.184019669890404
0.480455696582794
0.52997750043869
0.492646664381027
0.491825520992279
0.00500842835754156
-0.19750040769577
-0.357940971851349
-0.635553658008575
-0.704719960689545
-0.759926676750183
-0.821892082691193
-0.817849516868591
-0.598159670829773
-0.544026732444763
-0.657914280891418
-0.656461477279663
-0.669663071632385
-0.611550748348236
-0.424201637506485
-0.421485543251038
-0.535499393939972
-0.609718918800354
-0.636058986186981
-0.765169441699982
-0.674905836582184
-0.483514130115509
-0.379859417676926
-0.144757151603699
0.110937096178532
0.325068384408951
0.575646221637726
0.765142977237701
0.847953021526337
0.896527349948883
0.977695107460022
1.02791178226471
1.04957759380341
1.07459115982056
1.11861753463745
1.16649699211121
1.23149442672729
1.34405541419983
1.50436961650848
1.59709668159485
1.62305784225464
1.68489682674408
1.7295548915863
1.79903709888458
1.7066890001297
1.54384815692902
1.33053803443909
1.1238602399826
1.01609981060028
0.94718611240387
0.899053990840912
0.811316967010498
0.702356398105621
0.659782767295837
0.762553155422211
0.826729416847229
0.742403328418732
0.596743524074554
0.477929085493088
0.535283446311951
0.850100636482239
1.10592126846313
1.28467977046967
1.36774253845215
1.31897866725922
1.25979256629944
1.30135548114777
1.42509686946869
1.42389678955078
1.37424862384796
1.28000557422638
1.09151947498322
0.910929083824158
0.850732326507568
0.768617033958435
0.549685180187225
0.412173718214035
0.28059983253479
0.169112592935562
0.155342489480972
0.107652485370636
0.21781325340271
0.333658903837204
0.290453672409058
0.0441079176962376
-0.113869182765484
-0.176529437303543
-0.26300311088562
-0.22238764166832
-0.0738222077488899
0.181429877877235
0.283189624547958
0.227793410420418
0.0763223618268967
-0.015583548694849
-0.0140675753355026
-0.10698413848877
-0.18827822804451
-0.294712215662003
-0.471512675285339
-0.679201066493988
-0.704025149345398
-0.767569720745087
-0.837178170681
-0.907039284706116
-1.17536664009094
-1.08371341228485
-0.75487345457077
-0.532341122627258
-0.483829945325851
-0.783803284168243
-0.993702471256256
-1.13955175876617
-0.655008673667908
-0.329200625419617
-0.219355687499046
0.00576641503721476
-0.500758349895477
-0.857833325862885
-0.927189111709595
-0.550722301006317
-0.394071668386459
-0.225861743092537
-0.0893609374761581
-0.0671898201107979
0.181429877877235
0.265692740678787
0.486077457666397
0.6765216588974
0.728001594543457
0.459105730056763
0.146941468119621
-0.145641461014748
-0.508022367954254
-0.594432890415192
-0.620457112789154
-0.561839461326599
-0.532909631729126
-0.47618693113327
-0.488125205039978
-0.530130326747894
-0.438224405050278
-0.340570420026779
-0.332422077655792
-0.375564157962799
-0.432792156934738
-0.499684512615204
-0.503411293029785
-0.470375686883926
-0.49658939242363
-0.450036376714706
-0.386302292346954
-0.423191010951996
-0.255107402801514
0.0954615324735641
0.385707348585129
0.532883107662201
0.676963806152344
0.760468721389771
0.779544711112976
0.879788458347321
0.973905205726624
1.01578390598297
1.06947469711304
1.08008646965027
1.04528224468231
1.13630390167236
1.31499922275543
1.55515480041504
1.74250388145447
1.73782968521118
1.74509370326996
1.72993397712708
1.80415344238281
1.69670879840851
1.62533175945282
1.51921355724335
1.34715056419373
1.2562552690506
1.11375379562378
1.07452797889709
0.954134345054626
0.844731569290161
0.762111008167267
0.798052191734314
0.879346311092377
0.820602297782898
0.942890882492065
0.809864163398743
0.901517450809479
1.18513083457947
1.29251229763031
1.38921880722046
1.30375576019287
1.32719027996063
1.28196370601654
1.24469602108002
1.3779753446579
1.41410601139069
1.39686191082001
1.35694122314453
1.21709263324738
0.879788458347321
0.699640274047852
0.58714234828949
0.496941924095154
0.538125872612
0.465927630662918
0.328163504600525
0.19475781917572
0.218065917491913
0.109736949205399
-0.0069930306635797
0.0885764807462692
0.0285060219466686
-0.0730642229318619
-0.159727394580841
-0.174255475401878
-0.211649492383003
-0.144314989447594
0.127423316240311
0.446409463882446
0.571666777133942
0.341301947832108
0.0929349064826965
-0.134271666407585
-0.217334389686584
-0.198321551084518
-0.124228335916996
-0.197879403829575
-0.38567066192627
-0.551417112350464
-0.716658234596252
-0.763021767139435
-0.701940655708313
-0.936600804328918
-0.862444400787354
-0.581862926483154
-0.388828933238983
-0.500253021717072
-0.82069194316864
-0.908049941062927
-1.02831721305847
-0.654250681400299
-0.202237814664841
-0.194026291370392
-0.130923882126808
-0.539668321609497
-0.906912982463837
-0.99509209394455
-0.618877947330475
-0.427296757698059
-0.299765467643738
-0.223587781190872
-0.275320380926132
-0.0275218430906534
0.18471448123455
0.351597934961319
0.450262576341629
0.392908215522766
0.390444755554199
0.176692456007004
-0.114942997694016
-0.387944608926773
-0.445046275854111
-0.432602673768997
-0.583252549171448
-0.611108601093292
-0.527414202690125
-0.413337171077728
-0.430265545845032
-0.397482603788376
-0.277341693639755
-0.254349410533905
-0.304123908281326
-0.412010699510574
-0.565629363059998
-0.57131427526474
-0.502526938915253
-0.614393174648285
-0.665683627128601
-0.542952954769135
-0.422306686639786
-0.241653144359589
0.0664685294032097
0.317362189292908
0.387791812419891
0.535157084465027
0.599586009979248
0.670647263526917
0.759458065032959
0.921730399131775
1.08229732513428
1.08968770503998
1.06776916980743
1.05690479278564
1.1876574754715
1.31600987911224
1.46653354167938
1.70340442657471
1.71610069274902
1.80017411708832
1.77156007289886
1.92145192623138
1.89928078651428
1.80952250957489
1.61794137954712
1.33527541160583
1.20667028427124
1.05722057819366
1.03801822662354
0.998287081718445
0.896969497203827
0.695976674556732
0.656435012817383
0.708925604820251
0.692565679550171
0.66995245218277
0.674184501171112
0.781881809234619
1.02342700958252
1.15335857868195
1.19978523254395
1.17129755020142
1.16340184211731
1.09019303321838
1.03372299671173
1.1598014831543
1.20269083976746
1.21658730506897
1.21027076244354
1.13807249069214
0.921667218208313
0.759458065032959
0.554169952869415
0.398593127727509
0.521197497844696
0.530798673629761
0.475212961435318
0.3386490046978
0.306876718997955
0.225835278630257
0.130013093352318
0.225519448518753
0.194884151220322
0.118264302611351
-0.054998867213726
-0.174318641424179
-0.149747222661972
-0.0264480281621218
0.128118127584457
0.285400420427322
0.399793267250061
0.208338409662247
-0.0642842054367065
-0.287700831890106
-0.452120840549469
-0.486861914396286
-0.490841329097748
-0.556975662708282
-0.65058708190918
-0.68968653678894
-0.842484056949615
-0.937548279762268
-0.923462331295013
-1.15894365310669
-1.0284435749054
-0.796941697597504
-0.581483960151672
-0.590074479579926
-0.75885283946991
-0.945064961910248
-1.13595139980316
-0.874888002872467
-0.243169113993645
-0.0560726821422577
-0.13111338019371
-0.311324775218964
-0.746661901473999
-0.931926548480988
-0.773633599281311
-0.523182094097137
-0.350740075111389
-0.247148543596268
-0.280752629041672
-0.266477197408676
-0.113363862037659
0.0255372393876314
0.238657891750336
0.314014405012131
0.280347168445587
0.194441989064217
-0.149747222661972
-0.390281736850739
-0.560133993625641
-0.572324931621552
-0.678253591060638
-0.742429792881012
-0.614582717418671
-0.582241892814636
-0.491725653409958
-0.352571874856949
-0.237357884645462
-0.327431976795197
-0.47618693113327
-0.545100569725037
-0.74925172328949
-0.819428622722626
-0.748935878276825
-0.728786051273346
-0.755505084991455
-0.675347983837128
-0.528235375881195
-0.294270068407059
-0.000739638926461339
0.193178668618202
0.219834551215172
0.261586993932724
0.28603208065033
0.31944665312767
0.490688532590866
0.764763951301575
1.00157165527344
1.00870943069458
0.920214414596558
0.889831781387329
0.952555239200592
1.09335124492645
1.13200855255127
1.43286621570587
1.48788344860077
1.48554635047913
1.58206331729889
1.76941239833832
1.88058388233185
1.71066844463348
1.54744863510132
1.24501180648804
1.08615040779114
0.95552396774292
0.977189779281616
1.01698410511017
0.897474825382233
0.678227126598358
0.607355356216431
0.702924847602844
0.796409904956818
0.820160150527954
0.812138140201569
0.749983191490173
0.88907378911972
0.998792409896851
1.02753269672394
1.07970750331879
1.06031572818756
0.94895476102829
0.869176626205444
0.937774479389191
0.995760440826416
1.02835392951965
1.02285850048065
0.933984518051147
0.725159168243408
0.560549676418304
0.459421575069427
0.285526752471924
0.207833081483841
0.464664310216904
0.39777198433876
0.248069554567337
0.1670912951231
-0.109952919185162
-0.153726667165756
-0.112858533859253
0.0305273197591305
0.0379808582365513
-0.0909400805830956
-0.243042781949043
-0.255802243947983
-0.0675056502223015
-0.0117936143651605
0.166775465011597
0.340733468532562
0.160332575440407
-0.232241466641426
-0.497663199901581
-0.504232406616211
-0.551480293273926
-0.584389567375183
-0.667136430740356
-0.785508751869202
-0.90621817111969
-1.05952095985413
-1.08971416950226
-0.919735610485077
-0.956371605396271
-1.08882987499237
-1.0641952753067
-0.837936162948608
-0.814880728721619
-0.798141837120056
-0.950939357280731
-1.09097743034363
-1.07815480232239
-0.728407084941864
-0.422559350728989
-0.475176274776459
-0.38383886218071
-0.870971739292145
-1.12338137626648
-1.04530870914459
-0.834525227546692
-0.55817586183548
-0.401841044425964
-0.395524471998215
-0.356172323226929
-0.120375238358974
-0.105783991515636
0.044613242149353
0.253375470638275
0.227414414286613
0.0329907797276974
-0.362994223833084
-0.647997260093689
-0.899269938468933
-0.859854638576508
-0.836799204349518
-0.912661015987396
-0.84936910867691
-0.752662658691406
-0.728659749031067
-0.713499963283539
-0.611929714679718
-0.595127701759338
-0.666567981243134
-0.773001968860626
-1.02086365222931
-1.1303927898407
-0.9755739569664
-0.928768277168274
-1.01858973503113
-0.871034920215607
-0.694613456726074
-0.533920228481293
-0.270835638046265
-0.0375651679933071
0.133487209677696
0.26948270201683
0.366631329059601
0.375095516443253
0.488225072622299
0.716063320636749
0.873092949390411
0.878588318824768
0.817254543304443
0.792493641376495
0.856227695941925
0.954008042812347
1.012815117836
1.35258281230927
1.40880012512207
1.49003112316132
1.52072954177856
1.67914879322052
1.70965778827667
1.56804060935974
1.43172931671143
1.13232445716858
0.959756076335907
0.806705892086029
0.843026101589203
0.826982021331787
0.690670728683472
0.444388151168823
0.327847689390182
0.341428279876709
0.360314786434174
0.454557836055756
0.540147185325623
0.554106771945953
0.662877917289734
0.839046657085419
0.959945559501648
0.934553027153015
0.857933163642883
0.768806576728821
0.73836076259613
0.788514196872711
0.839551985263824
0.887620985507965
0.946491301059723
0.851679801940918
0.596806704998016
0.402446210384369
0.303528934717178
0.170123234391212
0.0912294387817383
0.175050154328346
0.290580004453659
0.255080938339233
0.231772840023041
0.157490119338036
0.0674791783094406
0.0755643770098686
-0.0262585319578648
-0.175266116857529
-0.2925646007061
-0.352192908525467
-0.402725368738174
-0.336085677146912
-0.157453432679176
-0.0435658991336823
0.0110723236575723
-0.0781806334853172
-0.239505514502525
-0.428181082010269
-0.627152621746063
-0.784308612346649
-0.880825579166412
-0.922262191772461
-0.983280122280121
-1.03937113285065
-1.15837514400482
-1.07960760593414
-1.06293189525604
-1.11340129375458
-1.13784635066986
-1.23025751113892
-1.02553796768188
-1.03286516666412
-0.8831627368927
-0.948602259159088
-1.02831721305847
-0.922451674938202
-0.802058100700378
-0.552554070949554
-0.703961968421936
-0.467912226915359
-0.834525227546692
-1.13367736339569
-1.09887313842773
-0.934705853462219
-0.579525828361511
-0.611298084259033
-0.484145790338516
-0.361036062240601
-0.0928982123732567
-0.0352912098169327
0.0418339595198631
0.288495540618896
0.180419236421585
-0.100351750850677
-0.501705825328827
-0.723164319992065
-0.92112523317337
-1.01126253604889
-0.984796106815338
-0.879246473312378
-0.696761131286621
-0.67926424741745
-0.708573043346405
-0.798394501209259
-0.840273320674896
-0.864276230335236
-0.894974648952484
-0.949549734592438
-1.07815480232239
-1.1587541103363
-1.14864766597748
-1.08939826488495
-1.08074462413788
-0.859728276729584
-0.719058573246002
-0.708130896091461
-0.47353395819664
-0.234010100364685
-0.0124884359538555
0.18187204003334
0.329489976167679
0.357409179210663
0.409583926200867
0.511154174804688
0.601607263088226
0.669826090335846
0.711389064788818
0.716821312904358
0.756615579128265
0.772280633449554
0.847005546092987
1.21260786056519
1.18096196651459
1.29983949661255
1.37563824653625
1.543532371521
1.56267154216766
1.4594589471817
1.35510945320129
1.08008646965027
0.888821125030518
0.733117997646332
0.752509832382202
0.7317915558815
0.621946573257446
0.403962194919586
0.357282847166061
0.499279052019119
0.59276407957077
0.610197782516479
0.58139431476593
0.534778118133545
0.583984076976776
0.740571558475494
0.84100478887558
0.833677589893341
0.807842910289764
0.721306025981903
0.678732454776764
0.721558690071106
0.832098484039307
0.824581742286682
0.706398963928223
0.551706492900848
0.334227412939072
0.157616451382637
0.0229474510997534
-0.0787491202354431
-0.0553146935999393
0.0449290722608566
0.0830179154872894
0.0208629872649908
-0.0277745053172112
-0.125049486756325
-0.146841615438461
-0.0525354109704494
-0.100793905556202
-0.196868747472763
-0.300776124000549
-0.331158757209778
-0.385165333747864
-0.366720974445343
-0.218597710132599
-0.0909400805830956
-0.0887292847037315
-0.224724769592285
-0.363625854253769
-0.535878360271454
-0.646418154239655
-0.709141552448273
-0.816965222358704
-0.950307726860046
-1.10045230388641
-1.13910961151123
-1.23145771026611
-1.2547025680542
-1.04101347923279
-1.0672904253006
-1.09994697570801
-1.29594969749451
-1.1909054517746
-1.19096851348877
-1.12173914909363
-1.05857348442078
-1.11984407901764
-0.980121850967407
-0.818733811378479
-0.594306528568268
-0.741545498371124
-0.551353931427002
-0.942096173763275
-1.27403128147125
-1.1489634513855
-1.0327388048172
-0.864149868488312
-0.717353105545044
-0.411000043153763
-0.307092666625977
-0.0878449678421021
-0.0189313236624002
0.0257267374545336
0.211307197809219
-0.0360491946339607
-0.371079415082932
-0.574598908424377
-0.7061727643013
-0.952644824981689
-1.11997044086456
-0.982016861438751
-0.871413946151733
-0.855117201805115
-0.856191039085388
-0.959782540798187
-0.984164476394653
-0.948791742324829
-0.961614370346069
-1.09002995491028
-1.10209465026855
-1.1494687795639
-1.35014581680298
-1.27990567684174
-1.16058588027954
-1.11270642280579
-1.04088711738586
-0.904639005661011
-0.773254632949829
-0.538026034832001
-0.240389823913574
-0.0240477360785007
0.200190052390099
0.324563056230545
0.374653369188309
0.490056872367859
0.618409335613251
0.711957514286041
0.719663739204407
0.765521943569183
0.775249421596527
0.848521530628204
0.838099181652069
1.01205718517303
1.36256301403046
1.26206648349762
1.37949132919312
1.31859970092773
1.52799355983734
1.49287354946136
1.44796276092529
1.29364931583405
0.995507776737213
0.810874819755554
0.640138268470764
0.701914191246033
0.637106359004974
0.526313900947571
0.320836305618286
0.170375898480415
0.296328067779541
0.399287939071655
0.474581301212311
0.471486210823059
0.423164546489716
0.522966146469116
0.721242904663086
0.849784851074219
0.826224088668823
0.807906031608582
0.719853222370148
0.670205116271973
0.73305481672287
0.895958840847015
0.880104303359985
0.754720628261566
0.620430648326874
0.416089981794357
0.274472773075104
0.11447437107563
0.0543407425284386
-0.0117304492741823
0.117695815861225
0.1837038397789
0.040254820138216
0.150162920355797
0.0207366570830345
-0.0984567850828171
-0.193394646048546
-0.225230097770691
-0.241400480270386
-0.350613743066788
-0.358004122972488
-0.391229212284088
-0.298691660165787
-0.282837092876434
-0.244937747716904
-0.205017104744911
-0.307534843683243
-0.398619592189789
-0.673705697059631
-0.758094906806946
-0.790877819061279
-0.741482317447662
-0.768390893936157
-1.00715672969818
-1.08541893959045
-1.12755036354065
-1.11839127540588
-1.19646394252777
-1.0989363193512
-1.08605051040649
-1.16172289848328
-1.30801439285278
-1.32228982448578
-1.28344297409058
-1.28754878044128
-1.20221197605133
-1.1199072599411
-0.808564186096191
-0.680653870105743
-0.758600175380707
-0.622857391834259
-0.769527852535248
-0.847410976886749
-0.817217826843262
-0.857706964015961
-0.840462803840637
-0.742429792881012
-0.530067145824432
-0.319094121456146
0.104873202741146
0.304602742195129
0.274030596017838
0.230572700500488
0.116685166954994
-0.224598437547684
-0.471133679151535
-0.63586950302124
-0.98037451505661
-1.14940559864044
-1.14365756511688
-1.06849050521851
-0.915882468223572
-0.942917346954346
-1.01877915859222
-1.12041258811951
-1.08857715129852
-1.05333077907562
-1.10664248466492
-1.08327126502991
-1.16197550296783
-1.27523148059845
-1.26202988624573
-1.12439203262329
-1.09123015403748
-1.05731022357941
-0.96180385351181
-0.901101768016815
-0.69511878490448
-0.389018416404724
-0.103257365524769
0.134434685111046
0.316162049770355
0.420322090387344
0.502058327198029
0.633884906768799
0.69768214225769
0.713094532489777
0.774175643920898
0.718526780605316
0.779860556125641
0.780429005622864
1.01729989051819
1.33274877071381
1.22157740592957
1.34904551506042
1.35782551765442
1.58629536628723
1.56191349029541
1.55060684680939
1.42320191860199
1.1345351934433
0.913708388805389
0.7982417345047
0.803547620773315
0.695471346378326
0.599080681800842
0.413184374570847
0.252364814281464
0.348692327737808
0.434723824262619
0.458979427814484
0.486519604921341
0.497889399528503
0.557075560092926
0.751625537872314
0.902717590332031
0.8334881067276
0.815170109272003
0.757689416408539
0.694902837276459
0.791735649108887
0.921540915966034
0.868797659873962
0.729896545410156
0.58985847234726
0.443124860525131
0.352292746305466
0.253754466772079
0.173723682761192
0.115232355892658
0.174102678894997
0.194694653153419
0.14024592936039
0.128244459629059
-0.00939332228153944
-0.168823227286339
-0.259339511394501
-0.28062629699707
-0.357119798660278
-0.431655198335648
-0.393819004297256
-0.396914124488831
-0.381754398345947
-0.31201958656311
-0.234073266386986
-0.187457084655762
-0.273046433925629
-0.347834467887878
-0.523750603199005
-0.729165017604828
-0.82694536447525
-0.813996434211731
-0.808816850185394
-0.758410692214966
-0.74779886007309
-0.758158028125763
-0.807427167892456
-1.09091424942017
-1.15736448764801
-1.12394988536835
-0.924725651741028
-0.983595967292786
-1.02983319759369
-1.14359438419342
-1.41312193870544
-1.46504402160645
-1.34256589412689
-0.674716293811798
-0.282521277666092
-0.438919216394424
-0.56139725446701
-0.70231968164444
-0.988586068153381
-0.955550491809845
-0.616919815540314
-0.533099114894867
-0.411884367465973
-0.433234333992004
-0.305955708026886
-0.08121258020401
0.1597009152174
0.222613826394081
0.183514341711998
0.242258325219154
-0.149115577340126
-0.514465272426605
-0.67654812335968
-0.82403975725174
-1.09148275852203
-1.24598574638367
-1.11687529087067
-1.04834067821503
-1.02219009399414
-1.09634649753571
-1.10417902469635
-1.03337049484253
-0.995660603046417
-1.02686440944672
-1.06046843528748
-1.03861320018768
-1.16961860656738
-1.1718293428421
-1.11952829360962
-1.12034940719604
-0.961109042167664
-0.850127100944519
-0.702698647975922
-0.484335273504257
-0.179308712482452
0.0396231636404991
0.194441989064217
0.37654834985733
0.441545724868774
0.513996601104736
0.619483113288879
0.779860556125641
0.810748517513275
0.852943122386932
0.878209352493286
0.951986730098724
0.883515238761902
1.03580749034882
1.35169851779938
1.20528066158295
1.30944073200226
1.31739962100983
1.54549050331116
1.56462967395782
1.58560061454773
1.46261727809906
1.17041325569153
0.929752469062805
0.886294543743134
0.937458634376526
0.807274401187897
0.687386155128479
0.558970510959625
0.420069426298141
0.514249265193939
0.595606565475464
0.588405668735504
0.529724836349487
0.479634553194046
0.533198952674866
0.733749687671661
0.892863750457764
0.856985688209534
0.814159452915192
0.74379301071167
0.766974747180939
0.809674680233002
0.910234272480011
0.890526592731476
0.739055573940277
0.674816191196442
0.647781312465668
0.604386568069458
0.493151992559433
0.32671070098877
0.0149254240095615
0.20404314994812
0.185409307479858
0.107715651392937
0.302834123373032
0.0891449749469757
-0.0512720979750156
-0.287321865558624
-0.323642045259476
-0.313093394041061
-0.341960072517395
-0.341202080249786
-0.378280282020569
-0.267803698778152
-0.285490036010742
-0.176718935370445
-0.0587888024747372
-0.0588519684970379
-0.160801202058792
-0.412263363599777
-0.590263962745667
-0.692971169948578
-0.64338618516922
-0.630816221237183
-0.639848947525024
-0.672000229358673
-0.764790415763855
-0.817596852779388
-0.766559064388275
-0.797194361686707
-0.881330907344818
-0.764285087585449
-0.770475327968597
-0.959403574466705
-1.212571144104
-1.47331869602203
-1.48708879947662
-1.26512491703033
-0.69031822681427
-0.259086847305298
-0.293575257062912
-0.409105092287064
-0.691139340400696
-0.854232907295227
-0.842863082885742
-0.587611019611359
-0.4567950963974
-0.439235061407089
-0.315114706754684
-0.2186608761549
0.0384861826896667
0.326837033033371
0.421838045120239
0.282936960458755
0.216423600912094
0.0297061689198017
-0.254349410533905
-0.426917761564255
-0.618625283241272
-0.801489651203156
-0.964204132556915
-1.02509582042694
-0.99862939119339
-0.934200525283813
-0.94064337015152
-1.0258537530899
-1.01303112506866
-1.00380897521973
-0.986754238605499
-0.96723610162735
-0.947717905044556
-1.07070136070251
-1.16557598114014
-1.10613715648651
-1.06811153888702
-0.961740672588348
-0.79555207490921
-0.644775807857513
-0.442898660898209
-0.162317171692848
0.0645735636353493
0.196968615055084
0.384001880884171
0.501742482185364
0.617777645587921
0.754278481006622
0.863933920860291
0.982179880142212
1.04869318008423
1.07238030433655
1.16213858127594
1.0473667383194
1.24349582195282
1.4613538980484
1.42983424663544
1.60928773880005
1.710289478302
1.87805724143982
1.82474541664124
1.80977523326874
1.63341689109802
1.37279582023621
1.10901629924774
1.04534542560577
1.09234058856964
0.990959882736206
0.867471158504486
0.72376948595047
0.570719301700592
0.663446366786957
0.728570103645325
0.650623738765717
0.583289265632629
0.60539722442627
0.654476881027222
0.837783336639404
0.997339606285095
1.01104652881622
0.979211091995239
0.861407279968262
0.782260835170746
0.827613711357117
0.879725277423859
0.842394471168518
0.717137098312378
0.720548033714294
0.723516821861267
0.662246227264404
0.655045330524445
0.491383343935013
0.284073948860168
0.203222006559372
0.23998436331749
0.23714192211628
0.320267796516418
0.379074960947037
0.274030596017838
0.15603731572628
-0.0249320548027754
-0.147662758827209
-0.214744612574577
-0.230914995074272
-0.267108857631683
-0.260729134082794
-0.183161824941635
-0.0800755992531776
0.0374123677611351
0.00728238886222243
-0.0836760401725769
-0.255991727113724
-0.464122295379639
-0.575104236602783
-0.576493859291077
-0.569735109806061
-0.585779190063477
-0.618119955062866
-0.650460720062256
-0.587547838687897
-0.635932683944702
-0.711668193340302
-1.07316482067108
-1.04341375827789
-0.690760374069214
-0.514275789260864
-0.47448143362999
-0.773823082447052
-1.12015998363495
-1.33252263069153
-0.923083364963531
-0.274751901626587
-0.25289660692215
0.000713169283699244
-0.223587781190872
-0.929020941257477
-0.906470835208893
-0.63858562707901
-0.296417683362961
-0.349034607410431
-0.212849631905556
-0.246074736118317
-0.129723742604256
0.176313459873199
0.216360434889793
0.342249423265457
0.383180737495422
0.266766577959061
-0.164717465639114
-0.456668764352798
-0.576367497444153
-0.809953808784485
-0.85208523273468
-0.943296313285828
-0.875456511974335
-0.789993464946747
-0.805911242961884
-0.847537338733673
-0.840841770172119
-0.772433459758759
-0.740598022937775
-0.788414359092712
-0.829598307609558
-0.935590147972107
-1.01094663143158
-0.89421671628952
-0.820755124092102
-0.734660446643829
-0.640796422958374
-0.51509690284729
-0.433550149202347
-0.131555542349815
0.203411504626274
0.308013677597046
0.522713482379913
0.618472516536713
0.65075010061264
0.714736819267273
0.887242019176483
1.07212769985199
1.13674604892731
1.1159645318985
1.1745822429657
1.10958480834961
1.23673713207245
1.50039029121399
1.47007071971893
1.63505923748016
1.69544553756714
1.86472928524017
1.85039067268372
1.83403074741364
1.72210144996643
1.40778946876526
1.11413276195526
1.012815117836
1.07497012615204
1.00681447982788
0.869492471218109
0.784345269203186
0.632242560386658
0.696987271308899
0.81409627199173
0.791104018688202
0.701219379901886
0.672289550304413
0.706651628017426
0.84820568561554
1.08305525779724
1.15594840049744
1.12670266628265
1.04345047473907
0.940869569778442
0.881809771060944
0.888947486877441
0.899369776248932
0.819212675094604
0.854016900062561
0.88616818189621
0.703682839870453
0.569203317165375
0.493278324604034
0.459358394145966
0.465990781784058
0.372189909219742
0.215791955590248
0.118959121406078
0.0766381919384003
-0.0326382555067539
-0.0104039721190929
0.066847525537014
0.00286079873330891
-0.167433589696884
-0.294143736362457
-0.350550591945648
-0.422433018684387
-0.317578166723251
-0.0738222077488899
0.210549205541611
0.224508807063103
0.0523194447159767
-0.171855181455612
-0.439677208662033
-0.57485157251358
-0.62209939956665
-0.541500151157379
-0.563229084014893
-0.553564727306366
-0.520023822784424
-0.514402091503143
-0.493999600410461
-0.50675904750824
-0.780771315097809
-1.10740053653717
-0.69575047492981
-0.545795381069183
-0.478145062923431
-0.739145219326019
-0.924662470817566
-1.1713240146637
-1.07095396518707
-0.371142566204071
-0.211712658405304
-0.0546830408275127
-0.318146646022797
-0.893079698085785
-1.12060213088989
-0.854422390460968
-0.437845408916473
-0.358762115240097
-0.180635198950768
-0.22883053123951
-0.243105947971344
-0.0500719510018826
0.164059340953827
0.232025504112244
0.227477580308914
0.205559134483337
-0.082665391266346
-0.436961084604263
-0.68968653678894
-0.840841770172119
-0.869076788425446
-0.914998173713684
-0.945191323757172
-0.841915607452393
-0.766116917133331
-0.805911242961884
-0.851453602313995
-0.739587366580963
-0.725817263126373
-0.793341279029846
-0.876846134662628
-0.995660603046417
-1.06577444076538
-0.932747721672058
-0.799973666667938
-0.805848062038422
-0.714573800563812
-0.612182378768921
-0.494378596544266
-0.297744184732437
-0.0490613020956516
0.145172834396362
0.287105888128281
0.403204202651978
0.47641310095787
0.580952107906342
0.76716423034668
0.927794337272644
0.987485766410828
0.923372745513916
1.02102673053741
1.01129925251007
1.12108099460602
1.44221472740173
1.48213541507721
1.7252596616745
1.74578845500946
1.85392796993256
1.84135806560516
1.81899738311768
1.70087778568268
1.4446781873703
1.15405344963074
1.00877261161804
1.01635241508484
0.961714208126068
0.84631073474884
0.73577094078064
0.549937844276428
0.561118125915527
0.661235570907593
0.629715979099274
0.537494242191315
0.508880198001862
0.547221720218658
0.674121379852295
0.820033848285675
0.879472613334656
0.907391846179962
0.864186584949493
0.711262702941895
0.582973420619965
0.578615009784698
0.626431345939636
0.653655707836151
0.759963393211365
0.838478207588196
0.738423943519592
0.548421859741211
0.397582471370697
0.283884435892105
0.336248695850372
0.344649732112885
0.152500048279762
-0.111216232180595
-0.113806016743183
-0.261550307273865
-0.38207021355629
-0.106541976332664
-0.0770436525344849
-0.152021184563637
-0.377648621797562
-0.49570506811142
-0.467343747615814
-0.49387326836586
-0.377395957708359
-0.146209955215454
0.0759433656930923
-0.112163715064526
-0.415990114212036
-0.576809704303741
-0.615024864673615
-0.55369108915329
-0.523182094097137
-0.45407897233963
-0.511180639266968
-0.618309438228607
-0.626141965389252
-0.572640776634216
-0.630058228969574
-0.856822669506073
-1.16999757289886
-1.15913307666779
-0.920619904994965
-0.831619620323181
-0.81235408782959
-1.05674171447754
-1.34831404685974
-1.27194678783417
-0.79732072353363
-0.616225004196167
-0.380806893110275
-0.307913839817047
-0.739208400249481
-1.10923230648041
-1.07531237602234
-0.782413601875305
-0.624373376369476
-0.550659120082855
-0.535878360271454
-0.423064678907394
-0.238305360078812
-0.181077361106873
-0.139324903488159
0.00848253536969423
0.0485926754772663
-0.199648037552834
-0.50499039888382
-0.807111382484436
-0.99477630853653
-1.13077175617218
-1.07910227775574
-1.0439190864563
-0.986185789108276
-0.922641217708588
-0.989407241344452
-0.973552644252777
-0.923336029052734
-0.791509449481964
-0.814312219619751
-0.914682328701019
-1.01322066783905
-1.07834434509277
-1.04638254642487
-0.92302018404007
-0.798141837120056
-0.786708891391754
-0.758663356304169
-0.71337366104126
-0.57339870929718
-0.343665540218353
-0.193963125348091
-0.000865970097947866
0.186293631792068
0.297717690467834
0.370484441518784
0.535030782222748
0.710820555686951
0.798052191734314
0.808727204799652
0.890968799591064
0.82691890001297
0.906444370746613
1.21330273151398
1.1821620464325
1.38839769363403
1.41783285140991
1.5349417924881
1.46501755714417
1.52028739452362
1.54681694507599
1.34336066246033
1.08027601242065
0.982558846473694
1.03662860393524
0.952934205532074
0.794451773166656
0.710125744342804
0.528461515903473
0.45973739027977
0.536483585834503
0.561812996864319
0.485572129487991
0.377622157335281
0.28716903924942
0.343954890966415
0.590300619602203
0.728759586811066
0.747014403343201
0.742719173431396
0.663320064544678
0.521260678768158
0.508438050746918
0.603944420814514
0.600722968578339
0.662814736366272
0.730212390422821
0.606028854846954
0.409647107124329
0.245227113366127
0.179471746087074
0.102030754089355
0.107399821281433
0.107462987303734
-0.0089511638507247
-0.197058245539665
-0.331979900598526
-0.370574086904526
-0.329832285642624
-0.275067716836929
-0.323263049125671
-0.406262636184692
-0.531014621257782
-0.605234205722809
-0.613508880138397
-0.479787349700928
-0.285237401723862
-0.258392006158829
-0.249043509364128
-0.324842214584351
-0.441066861152649
-0.533730745315552
-0.500316143035889
-0.527287840843201
-0.612498223781586
-0.6690314412117
-0.749378025531769
-0.653176844120026
-0.687917947769165
-0.742114007472992
-0.855812013149261
-1.28439044952393
-1.36284208297729
-1.08693480491638
-0.799278855323792
-0.751652002334595
-0.975194931030273
-1.25944006443024
-1.32241606712341
-0.993512988090515
-0.705983281135559
-0.503600776195526
-0.37840661406517
-0.640417397022247
-1.22160387039185
-1.32355308532715
-1.02256917953491
-0.845452845096588
-0.59550666809082
-0.657914280891418
-0.599928259849548
-0.423443675041199
-0.331537753343582
-0.2925646007061
-0.131366044282913
-0.101930886507034
-0.375690490007401
-0.547185003757477
-0.846905648708344
-1.11030614376068
-1.21010768413544
-1.10386323928833
-1.10057866573334
-1.20410704612732
-1.12344455718994
-1.1216127872467
-1.11548566818237
-1.04897236824036
-0.881773054599762
-0.808564186096191
-0.929147243499756
-0.868002951145172
-1.17574560642242
-1.13904643058777
-0.913229525089264
-0.90716564655304
-0.888089656829834
-0.942791044712067
-0.847095191478729
-0.725943624973297
-0.491030842065811
-0.346571147441864
-0.162569835782051
0.106010183691978
0.165638491511345
0.282115817070007
0.436555624008179
0.682838201522827
0.777649760246277
0.766911566257477
0.863870739936829
0.795020282268524
1.08078134059906
1.0905088186264
1.14577865600586
1.41726434230804
1.48327231407166
1.51264441013336
1.44695222377777
1.53367853164673
1.43911957740784
1.25612890720367
1.04073441028595
1.01717364788055
1.04812467098236
0.850858628749847
0.662877917289734
0.575014591217041
0.443503856658936
0.362904578447342
0.387854963541031
0.37749582529068
0.25305962562561
0.186104133725166
0.143656864762306
0.204674810171127
0.410910397768021
0.566739857196808
0.605144560337067
0.63887494802475
0.577288508415222
0.502437353134155
0.510901510715485
0.566866219043732
0.568255841732025
0.614745736122131
0.670520901679993
0.531935632228851
0.299549490213394
0.234488964080811
0.133424043655396
0.101967588067055
0.0839022323489189
-0.00914066005498171
-0.0280903335660696
-0.194405287504196
-0.332422077655792
-0.405630975961685
-0.426222950220108
-0.397545784711838
-0.378280282020569
-0.35724613070488
-0.500253021717072
-0.566766381263733
-0.609024107456207
-0.517181396484375
-0.301597267389297
-0.252959787845612
-0.238305360078812
-0.340191423892975
-0.505432605743408
-0.674337327480316
-0.648123621940613
-0.582747220993042
-0.57883095741272
-0.668968260288239
-0.805658578872681
-0.82403975725174
-0.864149868488312
-0.938369452953339
-1.04019236564636
-1.10803210735321
-1.26120865345001
-1.30359280109406
-1.25324976444244
-1.12957167625427
-1.0069671869278
-1.17233467102051
-1.1211074590683
-1.01315748691559
-0.764790415763855
-0.755757749080658
-0.716721415519714
-0.709646880626678
-0.955045163631439
-1.12382352352142
-1.16488122940063
-0.979932367801666
-0.781529307365417
-0.643070340156555
-0.60656064748764
-0.543647766113281
-0.414537310600281
-0.426159769296646
-0.32130491733551
-0.227567210793495
-0.372405886650085
-0.519771158695221
-0.763906121253967
-1.12546586990356
-1.35772562026978
-1.29683411121368
-1.14416289329529
-1.12578165531158
-1.14479458332062
-1.1866101026535
-1.20417010784149
-1.13525652885437
-1.01517879962921
-0.940517067909241
-0.861244261264801
-0.82069194316864
-1.01821076869965
-1.01991617679596
-0.824797749519348
-0.697329580783844
-0.769085705280304
-0.833072423934937
-0.839199483394623
-0.771359622478485
-0.584200024604797
-0.385417997837067
-0.171602517366409
-0.0239214040338993
0.109673783183098
0.232530832290649
0.332648277282715
0.485824793577194
0.596554040908813
0.744424641132355
0.771901667118073
0.691870868206024
0.941627562046051
0.967399120330811
1.13838827610016
1.31259894371033
1.44985783100128
1.46084856987
1.37045860290527
1.36723721027374
1.26787781715393
1.22688329219818
1.12442874908447
1.10427892208099
1.12019670009613
0.928173303604126
0.740508377552032
0.630347609519958
0.5362309217453
0.509701371192932
0.521134316921234
0.474328637123108
0.348755478858948
0.367768317461014
0.363283574581146
0.436429291963577
0.652202904224396
0.778091907501221
0.746698617935181
0.63584303855896
0.556507050991058
0.509259223937988
0.498963207006454
0.591753423213959
0.60204941034317
0.543873965740204
0.689533770084381
0.461758702993393
0.259123533964157
0.275104433298111
0.0881974920630455
0.00778771378099918
-0.099783256649971
-0.0600521117448807
-0.0519037544727325
-0.109700255095959
-0.120564736425877
-0.317072838544846
-0.357372462749481
-0.546174347400665
-0.625194489955902
-0.599296629428864
-0.5658820271492
-0.493367969989777
-0.543142437934875
-0.415863782167435
-0.250559478998184
-0.102309882640839
-0.0957406610250473
-0.164275318384171
-0.127007618546486
-0.23716838657856
-0.441066861152649
-0.603149712085724
-0.60176008939743
-0.525771915912628
-0.551164448261261
-0.5213503241539
-0.514465272426605
-0.649197399616241
-0.898954093456268
-1.19501113891602
-1.37358021736145
-1.33050131797791
-1.11889660358429
-1.0284435749054
-0.926810145378113
-1.09236705303192
-1.10765314102173
-1.00911486148834
-0.849242806434631
-0.743124663829803
-0.799468338489532
-0.833135604858398
-1.12546586990356
-1.13115072250366
-1.29841315746307
-1.00962018966675
-0.692465841770172
-0.674400508403778
-0.775149583816528
-0.711857676506042
-0.414284646511078
-0.413147687911987
-0.149115577340126
-0.104394346475601
-0.28334242105484
-0.449531048536301
-0.709078371524811
-0.999197900295258
-1.19911694526672
-1.02054786682129
-1.00412476062775
-1.04448759555817
-1.04897236824036
-1.05105686187744
-1.06722724437714
-0.979490220546722
-0.860738933086395
-0.841536581516266
-0.804268896579742
-0.859917759895325
-1.07575452327728
-1.15439569950104
-0.877288341522217
-0.850569307804108
-0.896869659423828
-0.902365028858185
-0.887015819549561
-0.778434216976166
-0.682233035564423
-0.462985306978226
-0.190741688013077
-0.0140044093132019
0.0534564256668091
0.221919015049934
0.457147598266602
0.622388780117035
0.772280633449554
0.929815590381622
0.886484026908875
0.810306310653687
1.05589413642883
1.0157208442688
1.21064972877502
1.42174911499023
1.62109971046448
1.59008538722992
1.56033432483673
1.57966303825378
1.53652095794678
1.44373071193695
1.25972938537598
1.21014440059662
1.14508390426636
0.919645965099335
0.72825425863266
0.626431345939636
0.554548919200897
0.486266940832138
0.487088084220886
0.402762055397034
0.261650145053864
0.300181150436401
0.310729801654816
0.35987263917923
0.533893764019012
0.724148511886597
0.721116542816162
0.560928642749786
0.464474827051163
0.428849428892136
0.422406554222107
0.496183931827545
0.518418192863464
0.5176602602005
0.572235286235809
0.474518150091171
0.327152848243713
0.318309664726257
0.244469121098518
0.108726300299168
-0.0133727537468076
0.00854570046067238
0.0506771393120289
0.0306536518037319
-0.0587256364524364
-0.225293263792992
-0.323894709348679
-0.38567066192627
-0.370005577802658
-0.326105505228043
-0.322757750749588
-0.351055920124054
-0.439929872751236
-0.361794054508209
-0.185751602053642
-0.106352478265762
-0.105973489582539
-0.190615355968475
-0.301218271255493
-0.410115718841553
-0.433360666036606
-0.580157458782196
-0.663599193096161
-0.674842655658722
-0.701245844364166
-0.778118371963501
-0.748872697353363
-0.784687578678131
-0.872361421585083
-1.10291576385498
-1.28483259677887
-1.30150830745697
-1.2656934261322
-1.07152247428894
-1.01094663143158
-0.848990142345428
-0.776602387428284
-0.755568265914917
-0.68854957818985
-0.63327968120575
-0.56411337852478
-0.599612474441528
-0.665999472141266
-0.902807235717773
-1.02515888214111
-0.922514855861664
-0.766748547554016
-0.631700575351715
-0.609529435634613
-0.486040741205215
-0.430391877889633
-0.400956720113754
-0.25940266251564
-0.118859261274338
-0.206596240401268
-0.347392320632935
-0.502021610736847
-0.761947989463806
-1.0784707069397
-1.02875936031342
-1.02440094947815
-0.997429251670837
-0.973363161087036
-1.1384779214859
-1.2075811624527
-1.19804310798645
-1.02250599861145
-0.92655748128891
-0.802247643470764
-0.749441206455231
-0.884362876415253
-0.932747721672058
-0.899459421634674
-0.747735738754272
-0.766306400299072
-0.727206885814667
-0.701245844364166
-0.698150753974915
-0.511749148368835
-0.313346058130264
-0.105341829359531
0.0138516090810299
0.137719303369522
0.310729801654816
0.471296697854996
0.619167327880859
0.789903879165649
1.06530570983887
1.05513608455658
1.1733820438385
1.18329906463623
1.17325568199158
1.27337312698364
1.42926585674286
1.60511875152588
1.54062676429749
1.71262657642365
1.67491674423218
1.63916504383087
1.53203618526459
1.44145679473877
1.3415287733078
1.23250508308411
1.05279898643494
0.811001181602478
0.719474256038666
0.666099309921265
0.608492314815521
0.612029612064362
0.626747190952301
0.574761927127838
0.563518464565277
0.558023035526276
0.432007700204849
0.623904705047607
0.747772395610809
0.713789343833923
0.621314942836761
0.575835704803467
0.562634110450745
0.516902267932892
0.604386568069458
0.64898145198822
0.643486082553864
0.651760756969452
0.590869128704071
0.43933492898941
0.343639075756073
0.358230322599411
0.243963792920113
0.152373716235161
0.136140167713165
0.202021852135658
0.163617178797722
-0.050198283046484
-0.210765168070793
-0.420538038015366
-0.405378311872482
-0.284921556711197
-0.217650219798088
-0.145704627037048
-0.142041027545929
-0.212344318628311
-0.190931186079979
-0.0089511638507247
0.12091726064682
0.0881343260407448
-0.0263848621398211
-0.18373030424118
-0.3165043592453
-0.252580791711807
-0.196237087249756
-0.210512518882751
-0.345434188842773
-0.422875165939331
-0.436961084604263
-0.511496484279633
-0.611866593360901
-0.759610831737518
-0.968625724315643
-1.15243756771088
-1.17157673835754
-1.11700165271759
-1.03690767288208
-0.950560390949249
-0.880888760089874
-0.695371448993683
-0.60813981294632
-0.536446869373322
-0.403041183948517
-0.440498381853104
-0.508653998374939
-0.657787919044495
-0.773823082447052
-0.840020656585693
-0.928452432155609
-0.901417553424835
-0.727838575839996
-0.574093580245972
-0.376069486141205
-0.176466271281242
-0.0397127978503704
-0.00737202446907759
0.017831040546298
-0.163264662027359
-0.33690682053566
-0.413274019956589
-0.629552960395813
-0.896553814411163
-1.00860953330994
-0.99768191576004
-0.954287171363831
-0.910197556018829
-0.924157202243805
-0.949549734592438
-0.943928003311157
-0.870213747024536
-0.821260452270508
-0.761316299438477
-0.698403418064117
-0.796625852584839
-0.927378594875336
-0.874256372451782
-0.73099684715271
-0.720448195934296
-0.717163562774658
-0.708762586116791
-0.595948874950409
-0.447951912879944
-0.256876051425934
-0.0373756736516953
0.109610617160797
0.299360007047653
0.452978670597076
0.660224914550781
0.824265956878662
0.96834659576416
1.13560903072357
1.03719711303711
1.1424309015274
1.17173969745636
1.25088620185852
1.35548841953278
1.4668493270874
1.59475958347321
1.5904643535614
1.77250754833221
1.7696019411087
1.81249129772186
1.74054574966431
1.57227265834808
1.40381002426147
1.25998210906982
1.13251388072968
0.962661683559418
0.885347068309784
0.810243189334869
0.648918271064758
0.610324144363403
0.584047257900238
0.545958399772644
0.539199709892273
0.589479506015778
0.602238953113556
0.686249136924744
0.823507964611053
0.793820142745972
0.720927059650421
0.683280348777771
0.631168782711029
0.642980754375458
0.73002290725708
0.786998212337494
0.7782182097435
0.781944990158081
0.790788173675537
0.664330720901489
0.507301092147827
0.397077143192291
0.248069554567337
0.171828716993332
0.18452499806881
0.242700487375259
0.255712598562241
0.165701657533646
0.0265478901565075
-0.0589783005416393
-0.00825634226202965
0.0474556945264339
0.0269268825650215
-0.0347858853638172
-0.0612522587180138
-0.0854446738958359
-0.0370598435401917
0.0929349064826965
0.176755622029305
0.168417766690254
0.0475820265710354
-0.133955836296082
-0.260602802038193
-0.221945479512215
-0.161180198192596
-0.222892969846725
-0.340128272771835
-0.458058387041092
-0.445046275854111
-0.396471977233887
-0.516107559204102
-0.713057816028595
-0.9941446185112
-1.26013481616974
-1.30624568462372
-1.10544240474701
-0.804079413414001
-0.611234903335571
-0.514717936515808
-0.619509637355804
-0.580220639705658
-0.299765467643738
-0.124228335916996
-0.103446863591671
-0.175897777080536
-0.261739790439606
-0.380048900842667
-0.731628477573395
-0.739713668823242
-0.617235660552979
-0.404936164617538
-0.381564885377884
-0.221376985311508
0.184840813279152
0.265755921602249
0.277631044387817
0.229562044143677
0.283821284770966
-0.0232897493988276
-0.304187059402466
-0.514402091503143
-0.822713255882263
-0.883415400981903
-1.0055775642395
-0.877919971942902
-0.819302320480347
-0.879309594631195
-0.956434786319733
-0.982522189617157
-0.807932496070862
-0.789109170436859
-0.743440449237823
-0.702761828899384
-0.90381783246994
-0.898954093456268
-0.872866749763489
-0.770222663879395
-0.609403133392334
-0.694676637649536
-0.698845565319061
-0.637511789798737
-0.411505371332169
-0.139198571443558
0.138793110847473
0.378759145736694
0.485382616519928
0.666667819023132
0.830961465835571
1.05090403556824
1.21210253238678
1.31961035728455
1.28954350948334
1.3005975484848
1.32099997997284
1.34885597229004
1.45623755455017
1.54391133785248
1.66386270523071
1.68931841850281
1.87054049968719
1.93743288516998
1.96427822113037
1.93130576610565
1.76985454559326
1.55022788047791
1.37443804740906
1.21974563598633
1.07282245159149
1.01218354701996
0.912002921104431
0.753331005573273
0.75213086605072
0.785355925559998
0.78061854839325
0.78061854839325
0.838730871677399
0.820602297782898
0.764637649059296
0.885915517807007
0.894632399082184
0.843026101589203
0.814159452915192
0.763121664524078
0.782134473323822
0.811948657035828
0.860965132713318
0.824265956878662
0.80114734172821
0.780555367469788
0.689849615097046
0.507364213466644
0.427901953458786
0.378948628902435
0.197284430265427
0.293738275766373
0.293927758932114
0.27699938416481
0.133929371833801
-0.20577509701252
-0.24272695183754
-0.113048031926155
0.0352015718817711
0.0624890998005867
0.12552835047245
0.114790193736553
0.00867203157395124
0.0679845064878464
0.197158113121986
0.415774166584015
0.354819387197495
0.287421703338623
0.0633734166622162
-0.162822499871254
-0.177666410803795
-0.084434024989605
-0.0224685966968536
-0.129092082381248
-0.187520235776901
-0.224408939480782
-0.25100165605545
-0.395082324743271
-0.50966465473175
-0.930094718933105
-1.13569867610931
-1.13260352611542
-1.20189619064331
-0.905018031597137
-0.689497053623199
-0.66454666852951
-0.807806193828583
-0.753736436367035
-0.428686410188675
-0.235589250922203
-0.121006891131401
-0.27405709028244
-0.323389381170273
-0.48370361328125
-0.698782384395599
-0.828208684921265
-0.637385487556458
-0.38118588924408
-0.289153665304184
-0.130229070782661
0.149720758199692
0.299802154302597
0.183956503868103
0.176439791917801
0.296833395957947
0.185156643390656
-0.131366044282913
-0.363689035177231
-0.655766665935516
-0.92864191532135
-0.894153535366058
-0.87690931558609
-0.851264119148254
-0.912850558757782
-1.07398593425751
-1.06312143802643
-1.00349318981171
-0.774075746536255
-0.672821342945099
-0.667325973510742
-0.820439279079437
-0.96338301897049
-0.902175545692444
-0.793214917182922
-0.720258712768555
-0.792077958583832
-0.796625852584839
-0.730365216732025
-0.579462647438049
-0.24651688337326
0.131150081753731
0.480708360671997
0.657319307327271
0.743919312953949
0.926720499992371
1.14527332782745
1.26591968536377
1.36445796489716
1.3939563035965
1.36306822299957
1.39022946357727
1.41865396499634
1.56273460388184
1.66222047805786
1.76416969299316
1.73302900791168
1.8234189748764
1.90073370933533
1.89220631122589
1.89056396484375
1.75185239315033
1.53247833251953
1.35713076591492
1.21317636966705
1.04648244380951
0.924699187278748
0.855785548686981
0.72376948595047
0.661867260932922
0.699387609958649
0.661614596843719
0.651760756969452
0.706525325775146
0.715684294700623
0.786682426929474
0.97201019525528
1.00024521350861
0.913013577461243
0.859196484088898
0.82786637544632
0.841636478900909
0.92381489276886
1.03486001491547
1.05728375911713
1.02544832229614
0.98003226518631
0.807274401187897
0.581457436084747
0.404972851276398
0.283442288637161
0.169238924980164
0.231962338089943
0.332648277282715
0.317235857248306
0.231393843889236
-0.0263216961175203
-0.152716010808945
-0.198574215173721
-0.0113514559343457
0.0739220678806305
-0.0842445269227028
0.0621732734143734
0.000207844670512713
-0.041418269276619
-0.00111863238271326
0.168291434645653
0.365747034549713
0.283126443624496
0.0695636421442032
-0.126312807202339
-0.0156467147171497
-0.0909400805830956
-0.168002083897591
-0.0902452617883682
-0.0900557637214661
-0.109447591006756
-0.267045706510544
-0.267993181943893
-0.565566182136536
-1.01353645324707
-1.33365964889526
-1.30908823013306
-0.93969589471817
-0.734218299388885
-0.60813981294632
-0.783866405487061
-1.10392642021179
-1.13216137886047
-0.65797746181488
-0.198258385062218
-0.0210157874971628
0.0926190838217735
-0.283784568309784
-0.783803284168243
-0.875267028808594
-0.948602259159088
-0.761189997196198
-0.406578451395035
-0.129786908626556
-0.0350385457277298
0.0795438066124916
0.274788588285446
0.234552130103111
0.369979113340378
0.334290564060211
0.132666051387787
0.0144832646474242
-0.2944595515728
-0.657535254955292
-0.94689679145813
-0.882278382778168
-0.872298240661621
-0.968625724315643
-1.00286149978638
-1.08895611763
-1.03867638111115
-1.0055775642395
-0.926494300365448
-0.805658578872681
-0.736176431179047
-0.790625154972076
-0.970520734786987
-0.985427796840668
-0.777044534683228
-0.70137220621109
-0.775339066982269
-0.893206059932709
-0.821576297283173
-0.598601818084717
-0.308482319116592
0.0338119305670261
0.359114646911621
0.594343245029449
0.667173147201538
0.791546165943146
0.961272060871124
1.14988446235657
1.35826766490936
1.41499042510986
1.35845720767975
1.37191140651703
1.42762351036072
1.50165355205536
1.57239902019501
1.66651570796967
1.69683516025543
1.77926623821259
1.87780451774597
1.8772360086441
1.87148797512054
1.82316637039185
1.61061418056488
1.41391658782959
1.25139153003693
1.05210411548615
0.909665763378143
0.841762781143188
0.786429762840271
0.739245057106018
0.79280948638916
0.733749687671661
0.635148227214813
0.6026811003685
0.615251064300537
0.650307953357697
0.772849142551422
0.819781184196472
0.753267824649811
0.750741183757782
0.747961938381195
0.824581742286682
0.925078213214874
0.964114487171173
0.929247140884399
0.879535794258118
0.825023889541626
0.733117997646332
0.523155629634857
0.342186272144318
0.134434685111046
0.00443993834778666
0.0410128049552441
0.130644753575325
0.231267511844635
0.205053806304932
0.0866183489561081
-0.149747222661972
-0.231483489274979
-0.219545185565948
-0.210070356726646
-0.145325645804405
-0.13199770450592
-0.0668739974498749
-0.0639683827757835
-0.00939332228153944
0.0260425638407469
0.0312853083014488
0.08586036413908
-0.0257532056421041
-0.0978882908821106
-0.161748692393303
-0.211080998182297
-0.217397555708885
-0.221124336123466
-0.194026291370392
-0.202427312731743
-0.179056063294411
-0.311766922473907
-0.536573231220245
-1.06520593166351
-1.74177241325378
-1.50344860553741
-1.1358882188797
-0.769654154777527
-0.516549706459045
-0.587421476840973
-1.02459049224854
-1.37136948108673
-1.02206385135651
-0.563165903091431
-0.143683329224586
-0.0283429957926273
-0.223714113235474
-0.878172636032104
-1.05737340450287
-0.84614771604538
-0.585147559642792
-0.328758478164673
-0.204322278499603
-0.15688493847847
-0.123470351099968
0.00526109058409929
0.0444237478077412
0.187177941203117
0.345786690711975
0.152563214302063
-0.273551762104034
-0.691581547260284
-0.817407369613647
-0.993070840835571
-0.957571744918823
-1.00305092334747
-1.06653237342834
-1.15496420860291
-1.30687737464905
-1.24737536907196
-1.23291051387787
-0.919293403625488
-0.882531046867371
-0.917966961860657
-0.961424887180328
-1.13380372524261
-1.01562094688416
-0.877098798751831
-0.775465428829193
-0.882025718688965
-0.95074987411499
-0.912597894668579
-0.789045989513397
-0.327179342508316
0.124517694115639
0.412300050258636
0.621125459671021
0.739750385284424
0.791104018688202
0.943775177001953
1.18721532821655
1.39420890808105
1.44493091106415
1.32504260540009
1.32908523082733
1.39225077629089
1.49350523948669
1.62116277217865
1.69967758655548
1.63227999210358
1.58793771266937
1.67251646518707
1.71805882453918
1.79448914527893
1.76802277565002
1.56342947483063
1.33060121536255
1.14994764328003
0.979337394237518
0.841699600219727
0.788261532783508
0.708357095718384
0.65618234872818
0.684796333312988
0.664646506309509
0.59276407957077
0.606092035770416
0.60173362493515
0.622009754180908
0.706209480762482
0.729707062244415
0.640264630317688
0.593585252761841
0.713726162910461
0.806642711162567
0.886357665061951
0.888063132762909
0.840436339378357
0.798431217670441
0.807969212532043
0.757815718650818
0.621378123760223
0.570213973522186
0.480329364538193
0.228425070643425
0.0657105445861816
0.0288218501955271
0.0972933322191238
0.0786594897508621
-0.0793807804584503
-0.0322592593729496
-0.0796966105699539
-0.19383679330349
-0.199142709374428
-0.203501135110855
-0.210512518882751
-0.229462191462517
-0.213481292128563
-0.10521549731493
0.0314748026430607
0.0353279039263725
-0.0484928116202354
-0.101046569645405
-0.153031840920448
-0.122522868216038
-0.0808967500925064
-0.0551883652806282
-0.0756540074944496
-0.150189384818077
-0.230599164962769
-0.272856920957565
-0.280120968818665
-0.358509451150894
-0.81026965379715
-1.51810312271118
-1.53534722328186
-0.992881298065186
-0.583126246929169
-0.544847905635834
-0.852274775505066
-1.15900683403015
-1.24295377731323
-0.932368695735931
-0.449783712625504
-0.0103408060967922
0.0681740045547485
-0.371711045503616
-0.967741429805756
-1.11554884910583
-0.756326258182526
-0.446056932210922
-0.398366928100586
-0.362488895654678
-0.279931485652924
-0.120312072336674
0.0350120775401592
0.0903451219201088
0.168291434645653
0.308582186698914
0.240110695362091
-0.138693258166313
-0.468922883272171
-0.594496011734009
-0.772117614746094
-0.848611176013947
-0.986312091350555
-1.10026276111603
-1.14068877696991
-1.2392270565033
-1.22514116764069
-1.09116697311401
-0.879562258720398
-0.790372490882874
-0.836609661579132
-0.985427796840668
-1.12496054172516
-1.05352032184601
-0.908807933330536
-0.852211594581604
-0.941211879253387
-1.02819085121155
-0.995155274868011
-0.826629519462585
-0.432413190603256
0.0209261532872915
0.307508379220963
0.462769359350204
0.547095417976379
0.722190380096436
0.967904448509216
1.2229038476944
1.39945161342621
1.42629706859589
1.32434773445129
1.33369624614716
1.41524302959442
1.47082877159119
1.63708055019379
1.67118990421295
1.6511664390564
1.70296227931976
1.88007855415344
1.92991614341736
1.91481959819794
1.83996832370758
1.59993922710419
1.34923505783081
1.16062259674072
1.03088057041168
0.924383342266083
0.82628720998764
0.7503622174263
0.658708989620209
0.658077299594879
0.680943250656128
0.632432103157043
0.61373507976532
0.580762624740601
0.570403516292572
0.643486082553864
0.70886242389679
0.637548506259918
0.62384158372879
0.665593981742859
0.706398963928223
0.810306310653687
0.854585409164429
0.818960011005402
0.734318137168884
0.594469547271729
0.537557363510132
0.547221720218658
0.463969498872757
0.34698686003685
0.284452944993973
0.18465131521225
0.124770358204842
0.00734555441886187
-0.0459030233323574
-0.111279398202896
-0.188594058156013
-0.16604395210743
-0.119806744158268
0.000144679099321365
-0.0847498551011086
-0.120312072336674
-0.152084350585938
-0.154674142599106
-0.0952985063195229
-0.0821600630879402
-0.0414814352989197
-0.066179171204567
-0.0934035405516624
-0.182593330740929
-0.148041754961014
-0.105720825493336
-0.0976356267929077
-0.102499380707741
-0.235526084899902
-0.316630691289902
-0.362678378820419
-0.3091139793396
-0.338991284370422
-0.759800374507904
-1.33448076248169
-1.67506957054138
-1.27024137973785
-0.725185632705688
-0.444730460643768
-0.275130897760391
-0.70794141292572
-0.981764197349548
-1.03930807113647
-0.441635340452194
-0.106920972466469
-0.00686669955030084
-0.0336489044129848
-0.652924180030823
-1.01732635498047
-1.03052794933319
-0.672505497932434
-0.610855937004089
-0.387312948703766
-0.30551353096962
-0.243105947971344
-0.0786227956414223
-0.126060143113136
-0.0481769852340221
0.0934402346611023
0.164185672998428
-0.100099086761475
-0.388070940971375
-0.63763815164566
-0.97172087430954
-1.15521681308746
-1.0586998462677
-1.02888572216034
-1.10929548740387
-1.15117430686951
-1.15155327320099
-0.969257414340973
-0.877288341522217
-0.696950614452362
-0.729670345783234
-0.809764325618744
-0.973994791507721
-1.14030981063843
-0.957508623600006
-0.793467581272125
-0.739397883415222
-0.867560803890228
-0.880509734153748
-0.736176431179047
-0.388323605060577
0.0388651750981808
0.326015889644623
0.573182761669159
0.682901382446289
0.750046372413635
0.925709843635559
1.16194903850555
1.38467085361481
1.44518351554871
1.33249616622925
1.2488648891449
1.30880904197693
1.30741941928864
1.44000399112701
1.53551030158997
1.5725884437561
1.61756241321564
1.73328173160553
1.78343522548676
1.75962173938751
1.70751011371613
1.46034324169159
1.26181387901306
1.10162591934204
0.952428877353668
0.837151706218719
0.732170522212982
0.679616749286652
0.568634867668152
0.576656877994537
0.605902552604675
0.565729260444641
0.55751770734787
0.515954732894897
0.513364970684052
0.59276407957077
0.734065473079681
0.74316132068634
0.714610517024994
0.730401873588562
0.720548033714294
0.761289834976196
0.810938000679016
0.789082705974579
0.71353667974472
0.599522829055786
0.616009056568146
0.553538262844086
0.456579118967056
0.285526752471924
0.188883408904076
0.131023749709129
0.0604046359658241
0.0550355650484562
-0.0863289907574654
-0.154800474643707
-0.354782670736313
-0.416621774435043
-0.302544742822647
-0.161369696259499
-0.0696532800793648
-0.139640733599663
-0.180951029062271
-0.240263491868973
-0.241842642426491
-0.28245809674263
-0.223966777324677
-0.0894241034984589
-0.0450818724930286
-0.0512720979750156
-0.0790649503469467
-0.0924560502171516
-0.139956563711166
-0.185246288776398
-0.299639135599136
-0.426159769296646
-0.457489907741547
-0.451236516237259
-0.547816693782806
-0.822271108627319
-1.13576185703278
-1.46390700340271
-1.33290159702301
-0.723416984081268
-0.235652416944504
-0.108436942100525
-0.528740704059601
-0.968499422073364
-1.09697818756104
