% Type: Timesignal
% Date: 10-DEC-24 16:40:13
% NoOfItems: = 4096
% Unit_Y: = mm/s
% Unit_X: = Sec
% Min_X: = 0
% Max_X: = 1.60000002384186
% MinDisplay_X: = 0
% MaxDisplay_X: = 1.60000002384186
-1.48329949378967
-1.26035964488983
-1.06266379356384
-1.12087368965149
-1.01484858989716
-1.01643252372742
-1.39350974559784
-1.79226720333099
-1.89482736587524
-1.34064567089081
-0.741024553775787
-1.04454743862152
-1.61377668380737
-1.2267998456955
-0.185258895158768
0.324473470449448
-0.222778528928757
-1.19126009941101
-1.18482530117035
-0.314350187778473
0.0189706422388554
-0.328407675027847
-0.590550065040588
-0.0426051057875156
1.02417993545532
1.35789668560028
0.949140667915344
0.465147346258163
0.148655906319618
0.0125358775258064
-0.133087798953056
-0.0419121310114861
0.404660552740097
0.833710849285126
1.04962193965912
1.08931946754456
1.65290594100952
2.81047058105469
3.14062356948853
2.32014155387878
0.950328588485718
0.138558268547058
0.714519202709198
1.36680638790131
1.12723517417908
0.67402970790863
0.757780611515045
1.56410622596741
2.29925322532654
2.23460865020752
1.63241362571716
1.16455674171448
0.943497836589813
0.708678424358368
0.684028327465057
0.964485108852386
1.29424202442169
1.2608802318573
0.629778325557709
0.318236708641052
0.727190732955933
1.26276123523712
1.40689992904663
0.653141438961029
-0.205850139260292
-0.0944792106747627
0.323879510164261
0.315563797950745
0.0358990244567394
-0.271484732627869
-0.00973830837756395
0.970226883888245
1.39937615394592
0.91340297460556
0.484847605228424
0.0760915577411652
-0.134473755955696
0.186769515275955
0.0685678273439407
-0.450371205806732
-0.81705379486084
-1.305006980896
-1.17423272132874
-0.359591513872147
-0.0906183496117592
-0.408000737428665
-0.676577925682068
-0.72795706987381
-0.395230233669281
-0.0128071960061789
-0.29544186592102
-0.927137792110443
-1.33767580986023
-1.5497260093689
-1.52230405807495
-1.28184175491333
-1.33242893218994
-1.51973009109497
-1.59635329246521
-1.70505130290985
-1.52537286281586
-1.32530117034912
-1.26035964488983
-1.18363738059998
-1.4192488193512
-1.74781775474548
-1.69158780574799
-1.27025926113129
-0.861701190471649
-1.07286047935486
-1.79434609413147
-1.89542138576508
-1.15383946895599
-0.610052347183228
-0.901695728302002
-1.41578388214111
-1.20234775543213
-0.402753949165344
-0.0331014543771744
-0.509274065494537
-0.965053379535675
-0.702614009380341
-0.227530345320702
-0.0727000087499619
-0.169221475720406
0.0279793124645948
0.70521354675293
1.03427755832672
0.780747771263123
0.432775527238846
0.193798258900642
0.188254460692406
0.0363940075039864
-0.140512526035309
0.344470739364624
1.19267177581787
1.71943151950836
1.54915773868561
1.05971956253052
1.47887027263641
2.51971817016602
2.77809882164001
1.84367191791534
0.494252264499664
0.223101183772087
1.13010597229004
1.78407609462738
1.65448987483978
1.32334697246552
1.5064902305603
2.03651690483093
2.15273857116699
1.78011631965637
1.41759157180786
1.15416216850281
0.680167496204376
0.386742204427719
0.892910718917847
1.63330459594727
1.78526413440704
1.17435741424561
0.326156407594681
0.326651394367218
1.13456082344055
1.59311211109161
1.20237338542938
0.252503097057343
-0.426909059286118
-0.0232018157839775
0.672247767448425
0.629976332187653
0.351598471403122
0.275767266750336
0.426736742258072
0.840343594551086
0.881823122501373
0.483065694570541
0.30427822470665
0.0436207428574562
-0.334446430206299
-0.422256231307983
-0.444035440683365
-0.241488844156265
0.0160997472703457
-0.501156330108643
-1.19205212593079
-1.17601466178894
-0.868630945682526
-0.502245306968689
-0.429680973291397
-0.874669671058655
-0.967528283596039
-0.632029592990875
-0.38513258099556
-0.396022200584412
-0.75181519985199
-1.37539339065552
-1.69544875621796
-1.65307819843292
-1.69673562049866
-1.59734332561493
-1.67555046081543
-1.87849295139313
-1.58803761005402
-1.17858862876892
-0.874966681003571
-0.76349675655365
-1.16621398925781
-1.65090036392212
-1.77187395095825
-1.69406270980835
-1.4271684885025
-1.30471003055573
-1.49963390827179
-1.33490383625031
-0.802501320838928
-0.596687853336334
-0.804580271244049
-0.876253664493561
-0.626089751720428
-0.491355717182159
-0.849128603935242
-1.3336169719696
-0.989406526088715
-0.200999319553375
-0.0454760007560253
-0.286136209964752
-0.229312285780907
0.642746865749359
1.59390413761139
1.33215761184692
0.423766851425171
-0.184367924928665
-0.244557723402977
-0.0590385049581528
-0.247527614235878
-0.197237461805344
0.568598568439484
1.39482235908508
1.81456696987152
1.66953730583191
1.57212483882904
2.12927651405334
2.51892638206482
2.17382478713989
1.21237206459045
0.288834780454636
0.257749915122986
0.708183467388153
1.00893449783325
1.34908604621887
1.89524900913239
2.50130486488342
2.61168599128723
1.88683438301086
1.03873240947723
0.912512004375458
1.02269494533539
0.735110461711884
0.45633664727211
0.518803358078003
1.06298649311066
1.51945877075195
0.987155258655548
0.542661488056183
0.848164319992065
1.12456226348877
1.24286293983459
0.861132860183716
0.00303222518414259
-0.161301761865616
0.389118105173111
0.627897381782532
0.448812931776047
0.108562365174294
-0.130909875035286
0.316355764865875
1.01061737537384
1.09684324264526
0.86489474773407
0.420301973819733
-0.279503434896469
-0.607775449752808
-0.50660115480423
-0.28603720664978
-0.202583253383636
-0.541051864624023
-0.809629082679748
-0.585600256919861
-0.280295431613922
-0.33880227804184
-0.744786441326141
-1.01861047744751
-0.906942486763
-0.659253597259522
-0.616883099079132
-0.774584352970123
-0.951391875743866
-1.175816655159
-1.35341620445251
-1.34163558483124
-1.38073921203613
-1.43330633640289
-1.6437726020813
-2.00312948226929
-1.83097469806671
-1.54398417472839
-1.41796183586121
-1.26748728752136
-1.36499881744385
-1.67228353023529
-1.78424847126007
-1.41568493843079
-1.00257301330566
-1.09612464904785
-1.6868360042572
-1.86314857006073
-1.17680668830872
-0.722710251808167
-1.12394261360168
-1.52091813087463
-1.10444033145905
-0.308707386255264
-0.163182705640793
-0.698555111885071
-0.960697531700134
-0.54441773891449
-0.0595334880053997
-0.036764319986105
-0.245151698589325
-0.0120152244344354
0.791241407394409
1.19514667987823
0.817673444747925
0.265867620706558
-0.129127949476242
-0.139522567391396
-0.0568605847656727
0.0125358775258064
0.542562484741211
1.2345472574234
1.66448855400085
1.55668139457703
1.10832679271698
1.42085838317871
2.18738746643066
2.48378252983093
1.96929836273193
0.79559725522995
0.400403708219528
0.933796226978302
1.07140111923218
0.973196744918823
1.30424070358276
2.07274961471558
2.78483057022095
2.53674554824829
1.47936522960663
0.891920745372772
0.96339613199234
0.888356864452362
0.755800724029541
0.854896068572998
1.04714703559875
1.30839848518372
1.16891264915466
0.660368204116821
0.666703939437866
1.0363564491272
1.10743582248688
0.675910651683807
0.104899503290653
0.0329291336238384
0.449604898691177
0.865191698074341
0.761245489120483
0.307842075824738
0.213795527815819
0.439804255962372
0.606811165809631
0.635619103908539
0.34199583530426
-0.125861063599586
-0.375034958124161
-0.431165903806686
-0.436214715242386
-0.270494788885117
-0.0674531981348991
-0.166152596473694
-0.50026535987854
-0.810817003250122
-0.856058359146118
-0.657966613769531
-0.610448360443115
-0.814380884170532
-0.907239496707916
-0.739440619945526
-0.636286437511444
-0.584214329719543
-0.636880397796631
-0.969805240631103
-1.37945222854614
-1.5212150812149
-1.2707542181015
-1.01484858989716
-1.25243985652924
-1.99639773368835
-2.24369072914124
-1.68475711345673
-1.05256617069244
-0.782108068466186
-1.14760267734528
-1.65436518192291
-1.80701756477356
-1.60100615024567
-1.09285771846771
-0.995643258094788
-1.69851756095886
-2.21547675132751
-1.7387101650238
-0.842990875244141
-0.522143602371216
-1.06107985973358
-1.4864673614502
-0.965944349765778
-0.27663254737854
-0.291185021400452
-0.727858066558838
-0.828834354877472
-0.466507613658905
-0.219016656279564
-0.353750735521317
-0.338505297899246
0.307050108909607
0.908849120140076
0.772036135196686
0.326453417539597
0.0428287722170353
0.0404528565704823
-0.0871534794569016
-0.453440099954605
-0.240300878882408
0.522367238998413
1.29364800453186
1.69398939609528
1.33215761184692
1.16218090057373
1.81090414524078
2.48051571846008
2.53397369384766
1.47797930240631
0.19221431016922
0.0651029571890831
0.478214859962463
0.597109496593475
0.681553423404694
1.2143520116806
2.31241989135742
3.03053951263428
2.49942398071289
1.51005411148071
1.07278716564178
0.750553905963898
0.391791015863419
0.488708466291428
0.801042079925537
1.09585332870483
1.00220274925232
0.489500433206558
0.527713060379028
1.18594002723694
1.64657020568848
1.2718688249588
0.249137237668037
-0.363353371620178
-0.0355763621628284
0.830641984939575
1.26434516906738
0.728774726390839
0.147269949316978
0.325661420822144
0.894791603088379
1.33532547950745
1.15436017513275
0.306060135364532
-0.453638076782227
-0.700139045715332
-0.525014460086823
-0.0559696182608604
0.219933301210403
-0.151303127408028
-0.710236728191376
-0.797749519348145
-0.446807324886322
-0.149224206805229
-0.337812304496765
-0.870412826538086
-1.214524269104
-1.06969261169434
-0.737064719200134
-0.74191552400589
-1.07048451900482
-1.33628988265991
-1.33015203475952
-1.04306256771088
-0.747063338756561
-1.07058358192444
-1.63318002223969
-1.94214773178101
-2.0352041721344
-1.8432502746582
-1.68743002414703
-1.66862070560455
-1.51864111423492
-1.17037189006805
-1.17264878749847
-1.28332674503326
-0.97317111492157
-0.935948431491852
-1.43459320068359
-1.94571149349213
-1.83186566829681
-1.15581941604614
-0.926246821880341
-1.47122192382813
-1.71742594242096
-0.970003187656403
-0.12902894616127
-0.106358774006367
-0.715483486652374
-1.01672947406769
-0.440372556447983
0.120441935956478
-0.0836886018514633
-0.523034572601318
-0.416712433099747
0.405650496482849
0.984086394309998
0.790746450424194
0.384960263967514
0.0831203013658524
-0.0432980805635452
-0.187931790947914
-0.200306341052055
0.287250846624374
1.01398324966431
1.58182656764984
1.49282872676849
1.23514115810394
1.77972030639648
2.47249698638916
2.60970592498779
1.8703019618988
0.633441209793091
0.303387254476547
0.623442530632019
0.628788352012634
0.5800821185112
0.940923929214478
1.94484627246857
2.87194728851318
2.74147009849548
1.80120253562927
1.01358723640442
0.662942111492157
0.323384523391724
0.149645864963531
0.548304319381714
1.30820047855377
1.78467011451721
1.45144832134247
0.716103136539459
0.482570707798004
0.878061234951019
1.08615159988403
0.486728549003601
-0.303559571504593
-0.487593829631805
0.0814373567700386
1.06922328472137
1.49381875991821
1.00408363342285
0.382287353277206
0.103810541331768
0.231416881084442
0.60394024848938
0.506131827831268
-0.14496736228466
-0.567384898662567
-0.566889941692352
-0.34464305639267
0.14806193113327
0.360805153846741
-0.173478320240974
-0.855464398860931
-1.08949184417725
-0.842099905014038
-0.428295016288757
-0.365828305482864
-0.709642708301544
-0.992574393749237
-0.922187983989716
-0.814875900745392
-0.719146370887756
-0.602924644947052
-0.780326128005981
-1.23877835273743
-1.6806982755661
-1.60694587230682
-1.18512237071991
-1.09919345378876
-1.63209104537964
-2.38990831375122
-2.43277382850647
-1.72494959831238
-1.04593348503113
-0.761714816093445
-1.02257025241852
-1.67050158977509
-1.74494683742523
-1.09553062915802
-0.744687438011169
-1.21224737167358
-1.90858793258667
-2.00025844573975
-1.35519814491272
-0.844079792499542
-1.11493396759033
-1.23719441890717
-0.746172368526459
-0.398596107959747
-0.431264907121658
-0.670242190361023
-0.600944697856903
-0.189911723136902
-0.240300878882408
-0.595400929450989
-0.482842028141022
0.299427390098572
1.07625198364258
0.977651596069336
0.341599851846695
-0.0895293951034546
-0.121901206672192
-0.0789367780089378
-0.223669484257698
-0.116852395236492
0.445150077342987
1.27167081832886
1.80654835700989
1.55777037143707
1.46946561336517
1.92613589763641
2.19332718849182
1.89188313484192
0.790746450424194
0.036591999232769
0.555234014987946
1.20435333251953
1.24959468841553
1.0091325044632
1.33186066150665
2.33875274658203
2.77780175209045
2.12907862663269
1.16564571857452
0.676405608654022
0.385356247425079
0.0297612473368645
0.261808753013611
1.1664377450943
2.02542924880981
2.00206613540649
1.15436017513275
0.62195760011673
0.743921160697937
1.1321849822998
0.976463675498962
-0.0550786517560482
-0.790522754192352
-0.488682806491852
0.626610457897186
1.73091506958008
1.68379282951355
0.819158375263214
0.229436948895454
0.145092040300369
0.402680605649948
0.546918332576752
0.0527284070849419
-0.696377217769623
-0.920010030269623
-0.439877599477768
0.394661903381348
0.817970454692841
0.223695158958435
-0.778049230575561
-1.14750373363495
-0.689546465873718
-0.0915093198418617
-0.229906260967255
-1.0721675157547
-1.79305911064148
-1.68000531196594
-0.811015009880066
-0.102893903851509
-0.349493891000748
-1.16007626056671
-1.58318674564362
-1.33826971054077
-0.750033259391785
-0.800026416778564
-1.62209236621857
-2.39307618141174
-2.53028512001038
-1.90462803840637
-1.16116523742676
-0.948125004768372
-1.29976010322571
-1.60189712047577
-1.64604949951172
-1.41271507740021
-0.884569346904755
-0.814479887485504
-1.47607266902924
-2.14132833480835
-1.99669468402863
-1.02415418624878
-0.373154014348984
-0.919317066669464
-1.59170043468475
-1.17839062213898
-0.326328724622726
0.0257023964077234
-0.333555459976196
-0.75488406419754
-0.423444181680679
0.000458319234894589
-0.123287156224251
-0.332763493061066
-0.164865642786026
0.363577038049698
0.603544294834137
0.342094838619232
0.105097495019436
0.178750798106194
0.277747184038162
0.0181786715984344
-0.0653742775321007
0.454950720071793
1.22553849220276
1.79793560504913
1.56450212001801
1.12921512126923
1.47698938846588
1.86703515052795
1.70487904548645
0.925876498222351
0.146477982401848
0.501578032970428
1.30364668369293
1.55489945411682
1.46451580524445
1.44501352310181
1.87109398841858
2.2169873714447
1.9326696395874
1.28602528572083
0.787578523159027
0.425746768712997
-0.0805207192897797
-0.174072295427322
0.658091306686401
1.95454788208008
2.58139300346374
1.67943692207336
0.447129994630814
-0.039437223225832
0.334967106580734
1.03704941272736
0.605128228664398
-0.493731617927551
-0.596093893051148
0.31457382440567
1.68201088905334
2.39567565917969
1.53569424152374
0.206469789147377
-0.341277182102203
-0.223966479301453
0.183106645941734
0.216468423604965
-0.562930107116699
-1.10156941413879
-0.569463849067688
0.423172861337662
1.25434648990631
1.1655467748642
-0.169320479035378
-1.26105260848999
-1.15621542930603
-0.589461147785187
-0.427602022886276
-0.9528768658638
-1.50250470638275
-1.30797684192657
-0.428394019603729
0.228545978665352
-0.0202319249510765
-0.852692484855652
-1.57912790775299
-1.77593278884888
-1.35252523422241
-0.812400996685028
-1.08177018165588
-1.8155312538147
-2.23646402359009
-1.95343327522278
-1.13423824310303
-0.646582007408142
-0.91248631477356
-1.43013834953308
-1.68178725242615
-1.75296556949615
-1.35460412502289
-0.773594379425049
-1.11097407341003
-2.06223034858704
-2.37258386611938
-1.58160281181335
-0.434333801269531
-0.388399481773376
-1.3331218957901
-1.57615804672241
-0.829428374767303
-0.149521201848984
-0.219709634780884
-0.769238531589508
-0.839822947978973
-0.343554109334946
-0.0982410758733749
-0.19773243367672
-0.253764390945435
-0.0205289144068956
0.360706150531769
0.36506199836731
0.118066020309925
0.0453036800026894
0.124599784612656
0.134895399212837
0.117274053394794
0.387237191200256
0.993986010551453
1.7560601234436
2.01216387748718
1.436598777771
1.18613803386688
1.56222522258759
1.86911404132843
1.60647666454315
0.573152363300323
0.173009008169174
1.05447280406952
1.85129463672638
1.92484903335571
1.48589897155762
1.39769327640533
2.05423736572266
2.32667541503906
1.72933113574982
0.98675924539566
0.550185203552246
0.293685615062714
0.268738508224487
0.771046161651611
1.79318380355835
2.65465021133423
2.29895639419556
1.06298649311066
0.223893150687218
0.0421357974410057
0.370011806488037
0.351202487945557
-0.446609348058701
-0.692813336849213
0.119352973997593
1.34007740020752
2.27697920799255
2.01067876815796
0.92884635925293
0.208548709750175
-0.223570495843887
-0.448391288518906
-0.340287238359451
-0.512639939785004
-0.823191583156586
-0.563128054141998
0.00382419629022479
0.628392398357391
1.02022004127502
0.465543329715729
-0.620149970054626
-1.24402523040771
-1.26808130741119
-0.971389174461365
-0.742608547210693
-0.856454372406006
-1.07672131061554
-0.954262793064117
-0.594410955905914
-0.275939583778381
-0.437897652387619
-1.23244261741638
-1.7650431394577
-1.82008516788483
-1.51864111423492
-1.2848117351532
-1.62139940261841
-2.01877093315125
-2.13796257972717
-1.93383193016052
-1.45973825454712
-1.13760411739349
-1.18522131443024
-1.38687694072723
-1.59734332561493
-1.63228905200958
-1.2478860616684
-0.851207554340362
-1.12671446800232
-1.70534837245941
-1.74534285068512
-1.25006401538849
-0.799927413463593
-1.04246854782104
-1.49072420597076
-1.09246170520782
-0.321675896644592
-0.072007030248642
-0.362165421247482
-0.57540363073349
-0.186743840575218
0.134895399212837
-0.178428143262863
-0.498483449220657
-0.268415868282318
0.299724370241165
0.535434782505035
0.162911385297775
-0.252675443887711
-0.134968727827072
0.182512670755386
0.201321974396706
0.319226682186127
0.73847633600235
1.27295780181885
1.71190774440765
1.41333472728729
0.985175311565399
1.37650799751282
1.78961992263794
1.74319064617157
1.14881634712219
0.397631794214249
0.775402009487152
1.66726040840149
1.78744196891785
1.33720648288727
0.97428572177887
1.40640497207642
2.13422632217407
2.00285816192627
1.16049790382385
0.656507313251495
0.684622287750244
0.620769619941711
0.671653807163239
1.20692718029022
1.82565462589264
1.97345626354218
1.00269770622253
-0.0879454463720322
-0.115763433277607
0.466731280088425
1.00685548782349
0.730160653591156
-0.062800370156765
-0.134770736098289
0.66739696264267
1.47570240497589
1.5003525018692
0.802922964096069
-0.0143911382183433
-0.214660823345184
0.178552806377411
0.328334331512451
0.197065129876137
-0.146452307701111
-0.638464331626892
-0.530756294727325
0.0591631717979908
0.494054287672043
0.509398698806763
-0.26861384510994
-1.1995757818222
-1.16760003566742
-0.638464331626892
-0.544912755489349
-0.842792868614197
-1.10275733470917
-0.868432939052582
-0.150412172079086
0.0356020331382751
-0.603914618492126
-1.35826706886292
-1.84473526477814
-1.7760317325592
-1.28263378143311
-0.877540588378906
-1.01366066932678
-1.62823009490967
-2.19864726066589
-2.09895801544189
-1.42449557781219
-1.01296758651733
-1.1714608669281
-1.60417401790619
-1.94878041744232
-1.84760618209839
-1.21917712688446
-0.579264521598816
-0.667668282985687
-1.62555730342865
-2.20429015159607
-1.52883780002594
-0.677765905857086
-0.820419669151306
-1.71653497219086
-2.03599619865417
-1.08414602279663
0.0454026758670807
0.188155457377434
-0.253764390945435
-0.337911307811737
-0.0496338494122028
-0.00261056865565479
-0.253764390945435
-0.361868441104889
-0.0982410758733749
0.134202435612679
-0.00993630103766918
-0.122000202536583
0.0476795919239521
0.368724852800369
0.441982179880142
0.283191978931427
0.576716244220734
1.31423926353455
1.96761536598206
1.87178695201874
0.910730063915253
0.521179258823395
1.17158555984497
1.9322737455368
2.07720446586609
1.20623421669006
0.6161168217659
1.29374706745148
1.98810768127441
1.96939730644226
1.51856780052185
1.25276255607605
1.51243007183075
1.55093967914581
1.1264431476593
0.942507863044739
1.10090208053589
1.00685548782349
0.73263555765152
0.925876498222351
1.61697018146515
2.12244582176209
1.55291962623596
0.126480713486671
-0.7764652967453
-0.416613429784775
0.608593106269836
1.07288610935211
0.596614539623261
0.0227325055748224
0.231812864542007
1.1413916349411
1.64241230487823
1.10951483249664
0.179146781563759
-0.400675028562546
-0.377212882041931
-0.0226078368723392
0.195679187774658
0.133014470338821
-0.0844805762171745
-0.282671332359314
-0.239508911967278
0.088961087167263
0.363181054592133
0.175879910588264
-0.579660475254059
-1.25620174407959
-1.1235466003418
-0.704494893550873
-0.807253181934357
-1.11631989479065
-1.17977654933929
-0.796858549118042
-0.171201407909393
-0.134671747684479
-0.621040940284729
-1.06236684322357
-1.39232182502747
-1.590611577034
-1.3423285484314
-1.12641751766205
-1.48706126213074
-1.99679362773895
-2.31417608261108
-1.92898118495941
-1.03880572319031
-0.756864011287689
-1.10325229167938
-1.49517905712128
-1.77276492118835
-1.55685377120972
-0.896448910236359
-0.663609385490418
-1.24085736274719
-2.04609394073486
-1.98847794532776
-1.02455019950867
-0.460171848535538
-1.03197491168976
-1.8063246011734
-1.54556822776794
-0.521351635456085
0.12994559109211
-0.0656712651252747
-0.44304546713829
-0.291779011487961
-0.112991534173489
-0.256140291690826
-0.326625734567642
-0.181398034095764
0.114403150975704
0.116482079029083
-0.222085550427437
-0.207929059863091
0.207954734563828
0.469503164291382
0.357043296098709
0.340114891529083
0.809258759021759
1.47896933555603
1.70784890651703
1.05892765522003
0.390405058860779
0.666109979152679
1.61380231380463
2.33449602127075
1.8303074836731
0.691651046276093
0.415649145841599
1.00348961353302
1.7420027256012
2.00553107261658
1.83100044727325
1.83109939098358
1.84614682197571
1.46926760673523
0.950031638145447
0.850342273712158
0.978245556354523
0.876279294490814
0.787380576133728
1.13238298892975
1.90712869167328
2.10947728157043
1.00477659702301
-0.169617459177971
-0.329892605543137
0.351895481348038
1.05962061882019
0.92508453130722
0.398621767759323
0.48019477725029
1.2015814781189
1.83703923225403
1.45847702026367
0.286062866449356
-0.43146288394928
-0.248319581151009
0.353380411863327
0.648983597755432
0.20884570479393
-0.418791353702545
-0.484524965286255
-0.0638893321156502
0.529890954494476
0.942012906074524
0.489104449748993
-0.666480302810669
-1.33569586277008
-1.014155626297
-0.275939583778381
-0.0611174292862415
-0.671232104301453
-1.18462741374969
-0.967924296855927
-0.511451959609985
-0.370184123516083
-0.640147268772125
-1.09978747367859
-1.22749280929565
-1.1675009727478
-1.11651790142059
-1.01969945430756
-1.29154348373413
-1.69396376609802
-2.00134754180908
-2.02669048309326
-1.55823969841003
-1.26045858860016
-1.29372143745422
-1.26639842987061
-1.37539339065552
-1.54616212844849
-1.27342712879181
-0.903576612472534
-1.01653146743774
-1.66654169559479
-2.16815638542175
-1.69109284877777
-0.899418771266937
-1.00306797027588
-1.66871964931488
-1.595858335495
-0.629554629325867
0.194788217544556
0.140736192464828
-0.463933706283569
-0.552238464355469
-0.0946772024035454
0.0191686358302832
-0.168528497219086
-0.245646685361862
-0.0100352969020605
0.351697474718094
0.206865772604942
-0.0953701809048653
0.0792594403028488
0.377634525299072
0.499202102422714
0.614433884620666
0.897167563438415
1.39333736896515
1.72655928134918
1.2657310962677
0.527119100093842
0.56335175037384
1.37046921253204
2.41765308380127
2.54496240615845
1.47520744800568
0.845689415931702
1.12971007823944
1.39808928966522
1.34284925460815
1.06853032112122
1.302161693573
2.17273592948914
2.33538699150085
1.56103730201721
0.887960910797119
0.699075758457184
0.893702685832977
1.08090484142303
1.09377431869507
1.3558177947998
1.44491457939148
0.863508760929108
0.225279107689857
0.0359980203211308
0.377733528614044
0.829949021339416
0.617601752281189
0.17488993704319
0.403769582509994
0.985769331455231
1.43432188034058
1.39036750793457
0.614829838275909
-0.0384472571313381
0.00263623963110149
0.208944693207741
0.486728549003601
0.459999531507492
-0.124871097505093
-0.257922232151031
0.0129318637773395
-0.00825336202979088
0.0366909950971603
0.136974334716797
-0.127840995788574
-0.529865324497223
-0.683507680892944
-0.487890839576721
-0.178725138306618
-0.546595692634583
-1.33421087265015
-1.34480357170105
-0.818934738636017
-0.506007194519043
-0.665193378925324
-1.10958814620972
-0.957232654094696
-0.482941001653671
-0.664698362350464
-1.0303909778595
-1.36361277103424
-1.76177632808685
-1.9499683380127
-2.22458434104919
-2.22220849990845
-1.75385653972626
-1.42647552490234
-1.12107169628143
-0.774485349655151
-0.917535126209259
-1.14483082294464
-0.891895055770874
-0.775772333145142
-1.14631581306458
-1.78890132904053
-2.14172434806824
-1.71307003498077
-1.26689338684082
-1.5352725982666
-1.64515852928162
-0.896349906921387
0.0280783101916313
0.325760424137115
-0.120515257120132
-0.469576507806778
-0.157440915703774
-0.0526037402451038
-0.536795020103455
-0.866650998592377
-0.630148649215698
0.0279793124645948
0.387732177972794
0.108760364353657
-0.0554746352136135
0.234683752059937
0.575825273990631
0.730061650276184
0.674128711223602
0.594337642192841
0.845392465591431
1.0412073135376
0.686503231525421
0.508804738521576
0.990620136260986
1.98226690292358
2.84145641326904
2.38825106620789
1.23147833347321
0.866082668304443
1.08526062965393
1.20326435565948
1.00754857063293
0.79282534122467
1.43214404582977
2.40250658988953
2.38587522506714
1.75190234184265
1.27424478530884
0.986561298370361
0.957456350326538
1.00764751434326
1.17930722236633
1.55123662948608
1.26117718219757
0.304080218076706
-0.147343277931213
0.241613507270813
1.01259732246399
1.28533232212067
0.667297959327698
0.0857931971549988
0.309426039457321
1.14248061180115
1.78843200206757
1.35868871212006
0.235277742147446
-0.345435053110123
-0.100122004747391
0.432676523923874
0.692542016506195
0.286062866449356
-0.32652673125267
-0.462052762508392
-0.235252067446709
0.238049641251564
0.690463125705719
0.458019584417343
-0.285938203334808
-0.805669188499451
-0.783890008926392
-0.471556425094604
-0.556396305561066
-1.20937645435333
-1.59556138515472
-1.24719309806824
-0.704296946525574
-0.562237143516541
-0.860810220241547
-1.01375961303711
-0.632722556591034
-0.428591996431351
-0.732213914394379
-1.18749821186066
-1.74445188045502
-2.189044713974
-2.4442572593689
-2.32595658302307
-1.74009609222412
-1.35826706886292
-1.38737189769745
-1.3423285484314
-1.0901848077774
-0.89803284406662
-0.798937439918518
-0.886747241020203
-1.21591019630432
-1.69534969329834
-2.00926733016968
-1.70742726325989
-1.18957722187042
-1.27461504936218
-1.75633144378662
-1.47468674182892
-0.388498455286026
0.268441528081894
-0.00330354319885373
-0.583917319774628
-0.60203367471695
-0.144472390413284
-0.0957661643624306
-0.514223873615265
-0.695585250854492
-0.301183670759201
0.286557853221893
0.432577520608902
0.301704317331314
0.421885907649994
0.677593588829041
0.716796159744263
0.60166335105896
0.6943239569664
1.01774513721466
1.18306910991669
0.820346355438232
0.347143650054932
0.678187549114227
1.65300488471985
2.46596312522888
2.34726643562317
1.27226483821869
0.670168817043304
1.03308951854706
1.33710741996765
1.23821008205414
0.906671226024628
1.11139571666718
2.07819437980652
2.47229886054993
1.8004105091095
0.91716480255127
0.558203935623169
0.513160586357117
0.366546928882599
0.438616305589676
1.20019543170929
2.01147079467773
1.63320565223694
0.497321158647537
-0.0587415173649788
0.189640402793884
0.942012906074524
1.02437794208527
0.141231179237366
-0.220600605010986
0.237653642892838
1.19207775592804
2.00899600982666
1.59707200527191
0.496727168560028
-0.239211916923523
-0.526499450206757
-0.261189103126526
0.214488491415977
-0.011916228570044
-0.546991646289825
-0.516995787620544
-0.156450942158699
0.482471704483032
1.01329028606415
0.499202102422714
-0.400180041790009
-0.739737629890442
-0.73152095079422
-0.6883584856987
-1.10166835784912
-1.8155312538147
-1.74019503593445
-0.868927896022797
-0.139324575662613
-0.203870207071304
-0.80487722158432
-0.929711699485779
-0.625594794750214
-0.603320598602295
-0.837942063808441
-1.36975061893463
-2.01778101921082
-2.40089702606201
-2.45326590538025
-1.83166766166687
-1.04632937908173
-0.843584835529327
-0.94654107093811
-1.06989061832428
-1.23640251159668
-1.23511552810669
-0.990594446659088
-1.01405656337738
-1.59962022304535
-2.29308986663818
-2.23002910614014
-1.33529984951019
-0.772604405879974
-1.09751057624817
-1.31520354747772
-0.703207969665527
0.100840650498867
0.165683284401894
-0.517490744590759
-0.963667452335358
-0.698060154914856
-0.453935086727142
-0.623713850975037
-0.768743574619293
-0.460864812135696
0.229337960481644
0.589288771152496
0.431389570236206
0.38397029042244
0.553749084472656
0.675910651683807
0.640469908714294
0.495341241359711
0.520090341567993
0.83519583940506
1.06080853939056
0.850936233997345
0.73926830291748
1.32433688640594
2.16234135627747
2.41765308380127
1.57519376277924
0.549987256526947
0.811139702796936
1.73962676525116
2.01087689399719
1.50243139266968
1.07070815563202
1.62686991691589
2.3483555316925
2.1391761302948
1.38076484203339
0.787677526473999
0.495737224817276
0.193501263856888
0.164891302585602
1.03506946563721
2.20312786102295
2.29974818229675
1.11010873317719
-0.0358733534812927
-0.178824126720428
0.514348566532135
1.07258915901184
0.509299695491791
-0.312865227460861
-0.147838264703751
0.765799343585968
1.88564646244049
2.16461825370789
1.16188383102417
0.102919571101666
-0.480763107538223
-0.673014044761658
-0.240795865654945
-0.0114212464541197
-0.377410858869553
-0.459973841905594
-0.157143920660019
0.418322056531906
1.15040028095245
1.02952575683594
0.0321371629834175
-0.643711149692535
-0.757853984832764
-0.715681493282318
-0.940205276012421
-1.54883503913879
-1.78048658370972
-1.35658407211304
-0.79398763179779
-0.523232519626617
-0.596786856651306
-0.696278214454651
-0.560554146766663
-0.594113945960999
-0.91555517911911
-1.22660183906555
-1.79365313053131
-2.33456945419312
-2.34140014648438
-1.9566011428833
-1.38361012935638
-1.03751873970032
-1.16185820102692
-1.21858310699463
-1.06781160831451
-1.20591163635254
-1.38311505317688
-1.34510052204132
-1.46567809581757
-1.77860569953918
-1.83245968818665
-1.4671630859375
-1.06622767448425
-1.1363171339035
-1.47349882125854
-1.03504383563995
0.0143178123980761
0.331601202487946
-0.25049751996994
-0.858236312866211
-0.83814001083374
-0.409584701061249
-0.455915004014969
-0.929711699485779
-0.984060704708099
-0.36345237493515
0.379515469074249
0.567608594894409
0.43386447429657
0.44910991191864
0.556916952133179
0.544344425201416
0.451782822608948
0.615720808506012
0.927559435367584
1.0842707157135
0.97200882434845
0.694224953651428
1.10773289203644
2.04285264015198
2.28559184074402
1.61994016170502
0.466533273458481
0.11262121796608
1.17089259624481
2.03414106369019
1.77833437919617
1.17980217933655
1.28483736515045
2.0921528339386
2.46695327758789
1.93276870250702
1.08169674873352
0.622452557086945
0.355261355638504
-0.0975480973720551
0.0614400915801525
1.01487421989441
1.9045547246933
1.95088505744934
0.971612811088562
0.347440630197525
0.573152363300323
0.786489605903625
0.698580801486969
0.0319391675293446
-0.476704239845276
0.261214792728424
1.39957416057587
1.97692108154297
1.85980832576752
1.07654893398285
0.44831794500351
0.348727583885193
0.0577772259712219
-0.396814167499542
-0.694496273994446
-1.00613689422607
-0.856949329376221
-0.124376118183136
0.661952137947082
1.33918642997742
1.15277624130249
0.175285935401917
-0.0965581312775612
0.0228315014392138
-0.540556907653809
-1.52755081653595
-2.36634707450867
-2.2061710357666
-1.04128062725067
-0.240300878882408
-0.401565998792648
-0.785671949386597
-0.766169667243958
-0.412752568721771
-0.161994740366936
-0.501057326793671
-1.33074605464935
-2.19528150558472
-2.91419315338135
-2.89132499694824
-1.9126467704773
-1.02593612670898
-0.711721658706665
-0.832002282142639
-1.04702234268188
-0.986733615398407
-0.822696566581726
-0.749241292476654
-1.01247262954712
-1.84701216220856
-2.66828608512878
-2.38862133026123
-1.34529852867126
-0.837249040603638
-1.1073112487793
-1.27421903610229
-0.527093410491943
0.542859494686127
0.588298857212067
-0.260595142841339
-0.905952572822571
-0.985644638538361
-0.786661922931671
-0.78002917766571
-0.950401902198792
-0.737559735774994
-0.0796297565102577
0.439309269189835
0.739367306232452
1.00339066982269
0.991709113121033
0.737585365772247
0.303288251161575
-0.0035015360917896
0.333482146263123
0.889841794967651
1.13020503520966
0.973493754863739
0.840739607810974
1.5886572599411
2.62544631958008
2.75523066520691
1.75764405727386
0.574340343475342
0.725210845470428
1.76595973968506
2.00939178466797
1.25335657596588
0.648488640785217
1.06922328472137
1.90306973457336
2.26935648918152
2.10611128807068
1.76813769340515
1.33057367801666
0.426043778657913
-0.327318698167801
0.124401792883873
1.29364800453186
1.84099900722504
1.10426795482636
0.0407498478889465
-0.0118172317743301
0.798963129520416
1.53836715221405
1.31790220737457
0.224190145730972
-0.356819629669189
0.148754894733429
1.02893173694611
1.44224166870117
0.905285239219666
0.0280783101916313
-0.148630231618881
0.25299808382988
0.597307503223419
0.551769196987152
-0.0910143405199051
-0.819726705551148
-0.854870438575745
-0.184169933199882
0.742634177207947
0.971216857433319
0.0641129910945892
-0.675884962081909
-0.473932355642319
-0.111704580485821
-0.406515806913376
-1.33559679985046
-1.90650904178619
-1.65327620506287
-1.01395761966705
-0.58758020401001
-0.532835185527802
-0.527291417121887
-0.528380334377289
-0.710830688476563
-1.0220752954483
-1.12948644161224
-1.23412561416626
-1.68545007705688
-2.23923587799072
-2.46930336952209
-2.07450580596924
-1.33985364437103
-0.874966681003571
-0.816954791545868
-1.09246170520782
-1.42687153816223
-1.25253891944885
-0.760823845863342
-0.77874219417572
-1.51478028297424
-2.14538717269897
-1.88334381580353
-1.17403471469879
-1.019402384758
-1.36004900932312
-1.14819669723511
-0.299599707126617
0.273886322975159
0.144597053527832
-0.299599707126617
-0.402951925992966
-0.315241128206253
-0.687269568443298
-1.16205620765686
-1.01009678840637
-0.293164938688278
0.365457981824875
0.508111774921417
0.5539470911026
0.874200403690338
1.10337698459625
0.87380439043045
0.348925590515137
0.138162285089493
0.426340758800507
0.784212648868561
0.886376917362213
0.661358177661896
0.849847257137299
1.88109254837036
2.66633176803589
2.4590334892273
1.40491998195648
0.703530609607697
1.47887027263641
2.33132815361023
1.7982325553894
0.722933888435364
0.475343972444534
1.22959744930267
1.96434855461121
2.07047271728516
1.88643836975098
1.89406108856201
1.45699203014374
0.302991271018982
-0.0878464505076408
0.691453039646149
1.5275764465332
1.56024527549744
0.723131895065308
0.151229813694954
0.634728133678436
1.36631143093109
1.49569964408874
0.93320220708847
0.197461113333702
0.207954734563828
0.908057153224945
1.27483868598938
0.94310188293457
0.327740371227264
0.0276823248714209
0.339619934558868
0.627105414867401
0.39476090669632
-0.0458719879388809
-0.495711535215378
-0.591045081615448
-0.0168660469353199
0.782034754753113
1.06476843357086
0.230228915810585
-0.969706237316132
-1.05761504173279
-0.431165903806686
-0.330882579088211
-0.955945730209351
-1.77721965312958
-1.88532376289368
-1.09820353984833
-0.381271719932556
-0.199415370821953
-0.271682739257813
-0.47551628947258
-0.802798330783844
-1.18423140048981
-1.2900584936142
-1.22402787208557
-1.49181318283081
-2.16409754753113
-2.67679977416992
-2.25596618652344
-1.31955945491791
-0.796462535858154
-0.702515006065369
-0.934166550636291
-1.43093037605286
-1.44795775413513
-0.96327143907547
-0.81348991394043
-1.37014663219452
-2.22884130477905
-2.23280096054077
-1.23085868358612
-0.651234865188599
-1.10493528842926
-1.46439111232758
-0.924365878105164
-0.0811147019267082
0.193105280399322
-0.219412639737129
-0.567681908607483
-0.499077409505844
-0.610745370388031
-0.985248625278473
-1.04870533943176
-0.554416418075562
0.216567426919937
0.5750333070755
0.588397800922394
0.913204967975617
1.26493906974792
1.19534468650818
0.666703939437866
0.00154727941844612
-0.0309235341846943
0.565925657749176
1.00160872936249
0.950130581855774
0.74481213092804
1.24246692657471
2.30647993087769
2.7362232208252
2.16867709159851
1.29097509384155
1.3127543926239
2.11947584152222
2.17471575737
1.20029449462891
0.412976235151291
0.64581573009491
1.32631683349609
1.76566278934479
1.94029247760773
1.9274228811264
1.76180195808411
0.920926690101624
-0.18981271982193
0.025306411087513
1.03576242923737
1.28038251399994
0.84331351518631
0.304179221391678
0.343183785676956
1.18603897094727
1.79942059516907
1.28097653388977
0.325562447309494
-0.0804217234253883
0.169445142149925
0.773422062397003
0.891326785087585
0.205578818917274
-0.334941416978836
-0.245943680405617
0.329522281885147
1.04506814479828
1.05625474452972
0.305961161851883
-0.422454237937927
-0.604508578777313
-0.103091895580292
0.664823055267334
0.694224953651428
-0.20783007144928
-0.88229238986969
-0.673410058021545
-0.138136610388756
-0.396022200584412
-1.63288295269012
-2.32843160629272
-1.81533336639404
-0.644503116607666
0.303387254476547
0.00788304768502712
-0.627178728580475
-0.65509569644928
-0.806956171989441
-1.00613689422607
-1.09166979789734
-1.62743818759918
-2.2157735824585
-2.46762037277222
-2.31665110588074
-1.66792774200439
-1.04642844200134
-1.03959763050079
-1.321737408638
-1.343714594841
-1.34133863449097
-1.04939830303192
-0.725383162498474
-1.18690431118011
-1.87324619293213
-2.05134057998657
-1.44528484344482
-0.634999454021454
-0.806758165359497
-1.43182134628296
-1.26699233055115
-0.438986629247665
0.145092040300369
-0.168231517076492
-0.80992603302002
-0.819726705551148
-0.511451959609985
-0.612923264503479
-0.853682458400726
-0.745281398296356
-0.258219212293625
0.358231246471405
0.573350369930267
0.639677941799164
0.949338614940643
0.973790764808655
0.677296578884125
0.314474850893021
0.0744086131453514
0.35288542509079
0.712440311908722
0.704223573207855
0.510289669036865
0.771046161651611
1.89960491657257
2.79146337509155
2.4981369972229
1.38116085529327
0.790746450424194
1.65963768959045
2.62901020050049
2.16689515113831
0.881724119186401
0.452574789524078
1.28612434864044
2.07116556167603
2.1523425579071
1.83614826202393
1.40353405475616
0.816980481147766
-0.0145891308784485
-0.0368633158504963
1.09149742126465
1.78556108474731
1.32681179046631
0.473067045211792
0.161228448152542
0.763423442840576
1.59449803829193
1.54292094707489
0.607702136039734
-0.0858665257692337
0.0695577934384346
0.875190377235413
1.54183197021484
1.11822640895844
0.0226335078477859
-0.630445599555969
-0.503235280513763
0.281806021928787
0.975275695323944
0.833017885684967
0.0214455518871546
-0.86912590265274
-0.860711216926575
0.330314248800278
1.30909144878387
0.89993941783905
-0.318013042211533
-1.06672263145447
-1.00415694713593
-0.844574809074402
-1.20323872566223
-1.63436794281006
-1.67545139789581
-1.46429216861725
-0.998019158840179
-0.496998488903046
-0.0530987232923508
0.199045062065125
-0.151204138994217
-1.019402384758
-1.69901251792908
-1.86681139469147
-1.93878185749054
-2.08816742897034
-2.13132977485657
-1.98491406440735
-1.6046689748764
-1.27897095680237
-1.15819537639618
-1.00128602981567
-1.09295666217804
-1.33866572380066
-1.27362513542175
-1.1406729221344
-1.42063474655151
-1.91611158847809
-1.90947890281677
-1.42261469364166
-1.21699917316437
-1.49409008026123
-1.40984416007996
-0.596390843391418
0.0500555075705051
-0.0902223661541939
-0.596588850021362
-0.706474840641022
-0.369194179773331
-0.448787271976471
-1.11127102375031
-1.43419718742371
-0.921297013759613
0.0562922768294811
0.665911972522736
0.638687968254089
0.685315310955048
0.963891088962555
1.00160872936249
0.736694395542145
0.350014537572861
0.22399215400219
0.440299242734909
0.53721672296524
0.477026909589767
0.544443428516388
1.25553441047668
2.36033415794373
2.67177677154541
2.02909207344055
1.28958916664124
1.36146056652069
1.98810768127441
1.8703019618988
0.977948606014252
0.535533785820007
1.10060513019562
1.75101137161255
1.75081336498261
1.47689032554626
1.39412939548492
1.40274202823639
0.748079001903534
-0.074382945895195
0.297942459583282
1.33829545974731
1.59449803829193
0.905681252479553
0.136578351259232
0.034216083586216
0.818960428237915
1.5095591545105
1.12515616416931
0.466830283403397
-0.00152160844299942
0.0239204615354538
0.96923691034317
1.41858148574829
0.819257378578186
0.0661919191479683
-0.669648170471191
-0.610448360443115
0.392978966236114
0.758968591690063
0.448218941688538
0.0914359912276268
-0.444827407598495
-0.162093743681908
0.983294427394867
1.10694086551666
0.0357010327279568
-1.06800961494446
-1.58526575565338
-1.08721494674683
-0.551743507385254
-1.14631581306458
-1.77860569953918
-1.64169371128082
-1.05405116081238
-0.296332836151123
0.00590312015265226
-0.10081497579813
-0.285443216562271
-0.924068868160248
-1.74950075149536
-1.99421977996826
-1.77147793769836
-1.65119731426239
-1.92611026763916
-2.37426686286926
-2.25854015350342
-1.51507723331451
-0.939512312412262
-0.80992603302002
-1.28877151012421
-1.9864981174469
-1.76791405677795
-1.07543432712555
-0.909219443798065
-1.3471794128418
-1.89839124679565
-1.78276348114014
-1.19294309616089
-1.09157073497772
-1.35549509525299
-1.13433718681335
-0.670440137386322
-0.499077409505844
-0.533726155757904
-0.561148166656494
-0.256140291690826
-0.0787387862801552
-0.679349839687347
-1.21729612350464
-0.954064786434174
-0.172983348369598
0.51712042093277
0.461484462022781
0.188452452421188
0.460791498422623
0.904988288879395
1.0992192029953
0.812030673027039
0.226170063018799
0.186274528503418
0.642647862434387
0.810545682907105
0.528406023979187
0.443962097167969
1.2960239648819
2.39399290084839
2.64574074745178
2.10947728157043
1.54232692718506
1.58044052124023
1.76774168014526
1.30998241901398
0.751345872879028
0.989630162715912
1.65488588809967
1.8342672586441
1.49688768386841
1.28008556365967
1.39165449142456
1.0891215801239
0.210924625396729
0.137766301631927
1.20514523983002
1.91346442699432
1.33671152591705
0.16251540184021
-0.453935086727142
0.0183766651898623
1.06308543682098
1.35205590724945
0.650468587875366
0.114403150975704
0.348034620285034
1.21098601818085
1.81357705593109
1.17851531505585
-0.178230151534081
-1.08899688720703
-1.0629608631134
-0.395428210496902
0.187759473919868
0.242306485772133
0.0301572345197201
-0.0156780909746885
0.3073470890522
0.832027912139893
0.856084048748016
0.0194656252861023
-0.928127765655518
-1.1512656211853
-0.907635509967804
-1.17977654933929
-2.06460618972778
-2.36763405799866
-1.6129846572876
-0.358898550271988
0.624432504177094
0.323384523391724
-0.582828342914581
-0.921494960784912
-1.1745297908783
-1.47894358634949
-1.66248285770416
-2.02372074127197
-2.25458025932312
-2.21943664550781
-2.00085258483887
-1.27699100971222
-0.562237143516541
-0.592431008815765
-1.08464097976685
-1.4675589799881
-1.68168818950653
-1.64733648300171
-1.42172372341156
-1.46359920501709
-1.83236074447632
-2.15865278244019
-1.79642498493195
-0.818835735321045
-0.508779048919678
-1.10414326190948
-1.41024017333984
-0.940205276012421
-0.252675443887711
-0.170706421136856
-0.646879017353058
-0.763298749923706
-0.469378501176834
-0.472546398639679
-0.80537223815918
-0.966538310050964
-0.679844796657562
-0.0729969963431358
0.271411418914795
0.301704317331314
0.649181604385376
1.01784408092499
0.946962714195251
0.656903326511383
0.358825206756592
0.499796062707901
0.927163422107697
0.897464513778686
0.547809302806854
0.346846669912338
0.896375596523285
1.98840463161469
2.2899477481842
1.66943836212158
1.12565124034882
1.35264992713928
2.03493285179138
1.99929428100586
1.00269770622253
0.431983560323715
1.07753896713257
1.83199036121368
1.84951269626617
1.46629774570465
1.15020227432251
0.995965957641602
0.395948857069015
-0.361472457647324
0.177265852689743
1.5583643913269
1.96474456787109
1.21900475025177
0.332888156175613
0.0905450284481049
0.59809947013855
1.09298241138458
0.804308950901032
0.206865772604942
0.125490754842758
0.680662453174591
1.51401400566101
1.76120793819427
0.929638385772705
0.0213465560227633
-0.199316382408142
-0.139027580618858
-0.249210551381111
-0.5007603764534
-0.442946463823318
0.07500259578228
0.572459399700165
0.969335913658142
1.22078669071198
0.700857698917389
-0.369590163230896
-0.972478091716766
-0.878827571868897
-0.674202024936676
-1.16957986354828
-2.15687084197998
-2.16934442520142
-0.973270118236542
0.25438404083252
0.642350852489471
-0.0522077567875385
-0.802798330783844
-0.922385931015015
-1.2848117351532
-1.83750855922699
-1.86730647087097
-1.8063246011734
-1.90403401851654
-1.97501444816589
-1.84859609603882
-1.1876962184906
-0.575007677078247
-0.768545567989349
-1.33658683300018
-1.72821652889252
-1.80038487911224
-1.27491211891174
-0.76478374004364
-1.14849364757538
-1.99144792556763
-2.31486916542053
-1.62545824050903
-0.670440137386322
-0.785671949386597
-1.44112694263458
-1.32599425315857
-0.56451404094696
0.0765865370631218
-0.0244887694716454
-0.51244193315506
-0.538181006908417
-0.472546398639679
-0.830913305282593
-1.11047911643982
-0.95158988237381
-0.468388557434082
0.0340180918574333
0.197560116648674
0.440398246049881
1.00339066982269
1.20237338542938
0.90983909368515
0.391395032405853
0.0196636170148849
0.38248535990715
0.920827686786652
0.884891986846924
0.570083498954773
0.651260554790497
1.70101821422577
2.81938028335571
2.57129526138306
1.48263216018677
0.9900261759758
1.39165449142456
1.83179235458374
1.52292370796204
0.79054844379425
0.895682573318481
1.71428370475769
1.97405016422272
1.7701176404953
1.63112676143646
1.37551808357239
0.723626911640167
-0.202880248427391
-0.352166801691055
0.846778392791748
2.00582814216614
1.73863673210144
0.687691211700439
0.0681718438863754
0.20231194794178
0.848065316677094
1.15574610233307
0.61918568611145
0.0410468354821205
0.174592956900597
0.890237808227539
1.45253729820251
1.16534876823425
0.20231194794178
-0.496998488903046
-0.382657676935196
0.0916339904069901
0.251810133457184
-0.0173610299825668
-0.348503917455673
-0.349790871143341
0.335066080093384
1.43699479103088
1.57608473300934
0.141231179237366
-1.41984272003174
-1.77345788478851
-1.1754207611084
-0.602924644947052
-1.00395894050598
-1.78513944149017
-1.47448873519897
-0.354146718978882
0.446437031030655
0.359518200159073
-0.409386694431305
-1.041379570961
-1.28976154327393
-1.61199474334717
-1.84582424163818
-1.66446280479431
-1.53923237323761
-1.63100206851959
-1.66703677177429
-1.49270415306091
-1.16769897937775
-0.993366360664368
-0.959905564785004
-0.928127765655518
-1.22907674312592
-1.55348789691925
-1.45607542991638
-1.30530393123627
-1.44379985332489
-1.81850123405457
-1.87433516979218
-1.394202709198
-1.03761768341064
-1.15294849872589
-1.02653014659882
-0.357512593269348
0.0517384447157383
-0.166746571660042
-0.616289138793945
-0.66935122013092
-0.282176345586777
-0.464824676513672
-1.2246218919754
-1.42766344547272
-0.786661922931671
0.178156822919846
0.592753648757935
0.468117237091064
0.673831701278686
1.02952575683594
1.11931538581848
0.884496033191681
0.315860778093338
0.071735717356205
0.381396383047104
0.646805703639984
0.699075758457184
0.775995969772339
1.31117045879364
2.36904573440552
2.811856508255
2.08858895301819
1.33710741996765
1.35136294364929
1.70666098594666
1.56598711013794
0.622452557086945
0.224487125873566
1.26988887786865
2.21966028213501
2.13353323936462
1.64518415927887
1.36650943756104
1.49292778968811
1.11763250827789
0.0509464740753174
0.00897200778126717
1.06664931774139
1.5517315864563
1.28780722618103
0.72907167673111
0.294477581977844
0.679672479629517
1.19999742507935
1.16673469543457
0.940824925899506
0.61027604341507
0.473661035299301
0.715014219284058
0.718974053859711
0.401591658592224
0.144993036985397
0.0589651800692081
0.105988465249538
0.133212462067604
0.0917329862713814
0.24210849404335
0.354568362236023
0.242504477500916
0.484847605228424
0.815396547317505
0.271114438772202
-0.779534161090851
-1.36470174789429
-1.23729348182678
-0.776663303375244
-0.767159640789032
-1.36410784721375
-1.45053160190582
-0.695387244224548
0.0858921930193901
0.196273162961006
-0.472942382097244
-1.09661960601807
-1.34777343273163
-1.52774882316589
-1.42588150501251
-1.13809907436371
-1.12126970291138
-1.56457543373108
-2.23072218894958
-2.20468616485596
-1.53467857837677
-1.11473596096039
-1.11394393444061
-1.24986600875854
-1.4021223783493
-1.47310280799866
-1.03464782238007
-0.584907293319702
-0.891103088855743
-1.76771605014801
-2.39713501930237
-1.93957376480103
-1.10434126853943
-1.2175931930542
-1.65812706947327
-1.24818301200867
-0.290789037942886
0.242207482457161
0.0220395307987928
-0.404733866453171
-0.464230686426163
-0.434729784727097
-0.85259348154068
-1.25560772418976
-0.999801099300385
-0.323556840419769
0.200035020709038
0.327938348054886
0.5539470911026
1.13050198554993
1.38729858398438
1.03091168403625
0.381396383047104
-0.0315175130963326
0.275767266750336
0.779064834117889
0.783222734928131
0.550779223442078
0.720162034034729
1.74269568920135
2.94401669502258
2.88709378242493
1.88485443592072
1.39987123012543
1.5174788236618
1.49936258792877
0.933499217033386
0.260818809270859
0.612750947475433
1.44451856613159
1.5618292093277
1.4832261800766
1.68824768066406
1.90841555595398
1.58271753787994
0.479204833507538
-0.108932681381702
0.717291116714478
1.5144100189209
1.19425570964813
0.447328001260757
-0.056959580630064
0.270718455314636
1.20969915390015
1.41006779670715
0.99537193775177
0.655913352966309
0.336452037096024
0.564638674259186
0.795795261859894
0.214092507958412
-0.344841063022614
-0.403446912765503
-0.0857675299048424
0.570974469184876
0.752137839794159
0.342688798904419
0.235772714018822
0.251018166542053
0.22260619699955
0.662645101547241
0.670861840248108
-0.521549582481384
-1.59962022304535
-1.75662851333618
-1.09751057624817
-0.0579495467245579
-0.203474223613739
-1.28560364246368
-1.23333358764648
-0.251190483570099
0.367338895797729
0.00976397935301065
-1.09978747367859
-1.63634788990021
-1.3621279001236
-1.10849916934967
-0.976437985897064
-0.939017355442047
-1.15284955501556
-1.59942221641541
-1.91234982013702
-1.67931222915649
-1.31460964679718
-1.25837969779968
-1.41350698471069
-1.5136913061142
-1.45231354236603
-1.11651790142059
-0.655986666679382
-0.718156397342682
-1.32322227954864
-1.88136386871338
-1.8322616815567
-1.20106077194214
-1.01455163955688
-1.63555586338043
-1.7597963809967
-0.802996337413788
0.186472520232201
0.304872184991837
-0.198821395635605
-0.523925542831421
-0.409881681203842
-0.541546881198883
-1.11265695095062
-1.22600781917572
-0.663312435150146
-0.0173610299825668
0.314969837665558
0.476036936044693
0.949536621570587
1.46204090118408
1.37571609020233
0.777777910232544
0.138261288404465
-0.0272606685757637
0.368031889200211
0.656408369541168
0.466929256916046
0.353380411863327
1.05447280406952
2.46071648597717
3.39227223396301
2.93352317810059
1.93128371238709
1.61746525764465
1.66656744480133
1.23335921764374
0.321206599473953
-0.0165690593421459
0.868161618709564
1.74239861965179
1.82803046703339
1.81357705593109
2.00058126449585
1.94989502429962
1.10258507728577
0.0308502092957497
0.0502534992992878
0.949239671230316
1.2648401260376
0.731150627136231
0.259333848953247
0.244583398103714
0.780054807662964
1.38274478912354
1.28483736515045
0.956466376781464
0.816584467887878
0.656111359596252
0.603742241859436
0.373575687408447
-0.232975155115128
-0.556891322135925
-0.325041770935059
0.122718848288059
0.656804323196411
1.02724874019623
0.992006063461304
0.617205798625946
0.0582722052931786
-0.0988350510597229
0.245375365018845
0.0229304973036051
-0.866254985332489
-1.41251707077026
-1.23254156112671
-0.746865391731262
-0.687269568443298
-1.03207397460938
-0.95871764421463
-0.484326958656311
-0.197435453534126
-0.432155877351761
-0.98257577419281
-1.07008850574493
-0.871699810028076
-1.07682025432587
-1.29421639442444
-1.23798644542694
-1.24768805503845
-1.44053304195404
-1.83275663852692
-1.9767963886261
-1.62476527690887
-1.45627343654633
-1.61941945552826
-1.46498513221741
-1.11047911643982
-0.845564782619476
-0.580353438854217
-0.687863528728485
-1.15096855163574
-1.7228707075119
-2.02906656265259
-1.62684416770935
-1.26125061511993
-1.52913475036621
-1.62634921073914
-0.868036925792694
0.237158671021461
0.586714863777161
-0.0726010128855705
-0.702712953090668
-0.634900450706482
-0.49660250544548
-0.865364015102386
-1.31253063678741
-1.22076106071472
-0.457795917987823
0.45188182592392
0.866082668304443
1.12000834941864
1.45847702026367
1.41006779670715
0.921718657016754
0.282795995473862
-0.0929942652583122
0.0811403691768646
0.358726233243942
0.373971670866013
0.453762739896774
1.03467357158661
2.14115619659424
3.08706641197205
2.96223211288452
2.17164707183838
1.85287857055664
1.83129739761353
1.40759289264679
0.478709846735001
-0.282770335674286
0.311702936887741
1.53539717197418
1.94870710372925
1.90792059898376
1.97989094257355
2.07027459144592
1.70042419433594
0.673435747623444
-0.0151831088587642
0.469998151063919
1.11416757106781
0.806387841701508
0.202608928084373
0.0931189358234406
0.649577617645264
1.60588264465332
1.86159026622772
1.35433280467987
0.918946743011475
0.609979033470154
0.535335779190063
0.362785071134567
-0.330585569143295
-0.866849005222321
-0.724096179008484
0.0390669070184231
1.05011689662933
1.55153357982635
1.46332788467407
1.02645683288574
0.179641768336296
-0.428888976573944
-0.221095576882362
0.0332261212170124
-0.326724708080292
-0.975349009037018
-1.23897635936737
-0.717562437057495
-0.151105135679245
-0.415920466184616
-0.806461215019226
-0.536399066448212
-0.0914103239774704
-0.0495348535478115
-0.746667385101318
-1.54556822776794
-1.37331449985504
-0.870511829853058
-0.684398651123047
-0.619160056114197
-0.931196630001068
-1.4118241071701
-1.818204164505
-2.14370441436768
-1.81365036964417
-1.23036372661591
-1.27124917507172
-1.59021556377411
-1.59269046783447
-1.35232722759247
-0.836358070373535
-0.50660115480423
-1.03543984889984
-1.81483829021454
-2.29992055892944
-2.05658745765686
-1.17660868167877
-1.02445125579834
-1.58764159679413
-1.54438018798828
-0.661827504634857
0.224289134144783
0.195778176188469
-0.532439231872559
-0.863681077957153
-0.585897266864777
-0.490563720464706
-0.830715298652649
-1.04019165039062
-0.784879982471466
-0.138532593846321
0.408818393945694
0.696897864341736
1.18405902385712
1.53737711906433
1.25147557258606
0.620571672916412
0.00134928664192557
-0.100418992340565
0.338926941156387
0.541374564170837
0.406541466712952
0.510883688926697
1.35651075839996
2.78077173233032
3.57353472709656
2.93253326416016
1.95702278614044
1.65349996089935
1.48639404773712
0.926272511482239
0.0549063310027122
-0.181299030780792
0.85044127702713
1.80536031723022
1.98345482349396
1.99711632728577
1.98177194595337
1.78585803508759
1.1716845035553
0.59889143705368
0.949536621570587
1.63370060920715
1.25543546676636
0.151031821966171
-0.375430941581726
-0.0941822230815887
0.786489605903625
1.46402084827423
1.18485105037689
0.780945777893066
0.779856860637665
1.08714163303375
1.44659745693207
0.787182569503784
-0.678854823112488
-1.32332134246826
-0.748350322246552
0.372288733720779
1.1615868806839
0.997549891471863
0.592951655387878
0.590575754642487
0.566519618034363
0.521476268768311
0.209934666752815
-0.911199331283569
-1.9557101726532
-1.95947206020355
-1.16314518451691
-0.229213282465935
-0.127840995788574
-0.794779598712921
-0.872194766998291
-0.242676794528961
0.132618486881256
-0.367214232683182
-1.34272456169128
-1.64753448963165
-1.08464097976685
-0.553525447845459
-0.771317481994629
-1.44498789310455
-1.81216537952423
-1.65575110912323
-1.34906041622162
-1.29193949699402
-1.53180766105652
-1.88047289848328
-1.8976982831955
-1.26511144638062
-0.720928311347961
-0.74241054058075
-0.992673397064209
-1.3318350315094
-1.47033095359802
-1.56012070178986
-1.62318134307861
-1.33440887928009
-1.24560916423798
-1.66713571548462
-1.7008935213089
-0.888826191425324
-0.118931315839291
-0.161202773451805
-0.767654597759247
-1.02078831195831
-0.4516581594944
0.0645089745521545
-0.28603720664978
-0.899319767951965
-0.91555517911911
-0.200702324509621
0.621462643146515
0.773719072341919
0.65393340587616
0.861132860183716
1.02081406116486
0.864003777503967
0.493856281042099
0.203796893358231
0.310019999742508
0.479600816965103
0.481283754110336
0.619086682796478
1.10377299785614
2.0209743976593
2.82037019729614
2.69157600402832
2.13729524612427
1.94177734851837
1.72586619853973
1.09050750732422
0.20884570479393
-0.189911723136902
0.776094973087311
1.97820806503296
2.09551882743835
1.70161211490631
1.51005411148071
1.65528178215027
1.5047082901001
0.441289216279984
-0.261090129613876
0.47079011797905
1.40640497207642
1.56024527549744
1.15930998325348
0.397532820701599
0.115987099707127
0.770650148391724
1.09971415996552
0.958743274211884
0.831037938594818
0.427330732345581
0.505141854286194
1.1110987663269
0.955179452896118
0.283092975616455
-0.156351953744888
-0.31850802898407
0.00402218895033002
0.455346703529358
0.682840406894684
0.961020231246948
0.887663900852203
0.34704464673996
0.246365338563919
0.415451139211655
-0.00369952875189483
-0.763892769813538
-1.29827523231506
-1.27431809902191
-0.948521018028259
-1.01613557338715
-1.10137140750885
-0.685487627983093
-0.124970093369484
0.0983657389879227
-0.448391288518906
-1.13126826286316
-1.10859811306
-0.992376387119293
-1.12334859371185
-1.25986456871033
-1.51666128635406
-1.63931775093079
-1.69812154769897
-1.96838176250458
-1.8625545501709
-1.39093577861786
-1.18512237071991
-1.18046951293945
-1.15245354175568
-1.34628844261169
-1.33232998847961
-1.03167796134949
-1.3067889213562
-1.91888356208801
-2.24329471588135
-1.94897842407227
-1.11938869953156
-0.831804275512695
-1.2588746547699
-1.19611096382141
-0.471556425094604
0.0100609678775072
-0.24693363904953
-0.961687505245209
-1.28906857967377
-0.946046113967896
-0.713701605796814
-0.919911026954651
-0.943670153617859
-0.507690131664276
0.225378096103668
0.776094973087311
0.840442597866058
0.944883823394775
1.13683784008026
0.973988711833954
0.509299695491791
-0.0985380634665489
-0.297223806381226
0.224388137459755
0.663437068462372
0.65165650844574
0.732041597366333
1.40798890590668
2.68098330497742
3.416823387146
2.68207240104675
1.67250716686249
1.37591409683228
1.15970599651337
0.696402907371521
0.102127604186535
0.148556903004646
1.37215220928192
2.18520951271057
1.94256937503815
1.79318380355835
1.89020025730133
1.83981108665466
1.13762974739075
-0.0204299166798592
-0.191792652010918
0.724121868610382
1.12753212451935
0.69076007604599
0.303189247846603
0.239534586668015
0.654428422451019
1.30602264404297
1.31661522388458
0.823217272758484
0.34704464673996
0.111433260142803
0.356152325868607
0.496628195047379
0.045501671731472
-0.320388942956924
-0.241983816027641
0.083615280687809
0.607009172439575
0.937063097953796
0.924688518047333
0.481184750795364
-0.298708736896515
-0.383350640535355
0.139449238777161
0.0554013103246689
-0.64470112323761
-1.1907651424408
-1.07850325107574
-0.432650864124298
-0.266831904649734
-0.882985413074493
-1.10939013957977
-0.691328406333923
-0.249507546424866
-0.266831904649734
-1.06068384647369
-1.57229721546173
-1.1767076253891
-0.849425613880157
-0.742608547210693
-0.789136826992035
-1.28401970863342
-1.76425123214722
-2.14568424224854
-2.10529375076294
-1.51082038879395
-1.20393168926239
-1.31540155410767
-1.41479396820068
-1.3950936794281
-1.2496680021286
-0.790621757507324
-0.702712953090668
-1.37638330459595
-2.09381008148193
-2.29714870452881
-1.61753857135773
-0.887341260910034
-1.23462057113647
-1.59348237514496
-1.04484450817108
-0.184268936514854
0.251216143369675
-0.284849256277084
-1.01078975200653
-0.945650100708008
-0.688952505588531
-0.804679274559021
-0.985446631908417
-0.901992678642273
-0.399982035160065
0.178255826234818
0.405056536197662
0.719865024089813
1.23642814159393
1.25949430465698
0.769660234451294
0.163406357169151
-0.224362462759018
0.045501671731472
0.396542847156525
0.30289226770401
0.315266817808151
0.781242787837982
1.81931889057159
2.90491318702698
2.83779358863831
2.03087401390076
1.71883749961853
1.60627865791321
1.1062479019165
0.232802823185921
-0.399289071559906
0.373872667551041
1.8544625043869
2.22866892814636
1.78526413440704
1.71814453601837
1.98949360847473
1.8153589963913
0.779361844062805
-0.310093343257904
-0.148729234933853
0.818267405033112
1.09377431869507
0.836383759975433
0.678286552429199
0.736100435256958
1.07842993736267
1.30245876312256
1.06783735752106
0.65244847536087
0.31734573841095
0.185581550002098
0.217359393835068
0.164495319128037
-0.00558046018704772
0.157565578818321
0.596812546253204
0.715707182884216
0.577904224395752
0.4706911444664
0.314771831035614
0.113611184060574
-0.0154800983145833
0.0685678273439407
0.0623310580849647
-0.456409990787506
-0.993564367294312
-0.853484451770782
-0.328704655170441
-0.179220110177994
-0.692021369934082
-1.23610544204712
-1.05306112766266
-0.528776347637177
-0.542437851428986
-1.10285639762878
-1.41449701786041
-1.11770582199097
-0.789928793907166
-0.83734804391861
-1.13611912727356
-1.39935052394867
-1.48468542098999
-1.7382150888443
-2.01540493965149
-1.7861293554306
-1.52171003818512
-1.50468266010284
-1.55843770503998
-1.63129901885986
-1.47122192382813
-1.0431615114212
-0.848732650279999
-1.24135231971741
-1.93531692028046
-2.28457617759705
-1.80424571037292
-1.11414194107056
-1.17225277423859
-1.63931775093079
-1.50735557079315
-0.565108001232147
0.309129029512405
0.124599784612656
-0.714790523052216
-1.14007902145386
-0.990891456604004
-0.693407297134399
-0.773099422454834
-1.01712548732758
-0.743004500865936
-0.143878400325775
0.342391818761826
0.775797963142395
1.20851111412048
1.43115401268005
1.16227984428406
0.452574789524078
-0.227728337049484
-0.304747521877289
0.125787734985352
0.340411901473999
0.29487356543541
0.551571190357208
1.5055992603302
2.94302678108215
3.56957483291626
2.69286298751831
1.65379691123962
1.27513575553894
0.986066281795502
0.489104449748993
-0.0869554877281189
0.0524314194917679
1.20217537879944
1.95326089859009
1.92841279506683
2.00741195678711
2.29064059257507
2.17382478713989
1.13099694252014
-0.113288521766663
-0.27801850438118
0.509992718696594
1.02487289905548
0.708975434303284
0.246959313750267
0.392286002635956
1.03031766414642
1.52846741676331
1.48777997493744
0.915283858776093
0.279826104640961
0.172316044569015
0.291309684514999
0.209241688251495
0.0726266801357269
-0.0949741899967194
0.137766301631927
0.753622770309448
0.876873314380646
0.669376850128174
0.546720325946808
0.179542779922485
-0.179220110177994
-0.128632962703705
0.00243824697099626
-0.0730959922075272
-0.523034572601318
-1.11226105690002
-0.976536989212036
-0.32078492641449
-0.299797713756561
-0.907734513282776
-1.24065935611725
-0.873679757118225
-0.148927226662636
-0.129226937890053
-1.00306797027588
-1.53715348243713
-1.3893518447876
-1.06751465797424
-0.760130882263184
-0.75260716676712
-1.10800421237946
-1.51418626308441
-1.98323118686676
-1.90126216411591
-1.22095906734467
-1.09067976474762
-1.40370631217957
-1.71772289276123
-1.85512983798981
-1.39222276210785
-0.720235347747803
-0.660144507884979
-1.14057397842407
-1.76187527179718
-1.9095778465271
-1.2768919467926
-0.952183842658997
-1.54408323764801
-1.95115637779236
-1.44449281692505
-0.41700941324234
0.162218406796455
-0.350582838058472
-0.983862698078156
-0.86328512430191
-0.560356199741364
-0.622822880744934
-0.909417450428009
-0.923771917819977
-0.457993924617767
0.0693598017096519
0.39337494969368
0.85271817445755
1.34007740020752
1.2288054227829
0.596614539623261
-0.108932681381702
-0.453242093324661
-0.0110252611339092
0.526822090148926
0.514249563217163
0.48158073425293
0.903404295444489
2.05928611755371
3.37742280960083
3.21279191970825
1.96236860752106
1.2441498041153
0.980324506759644
0.75015789270401
0.273094356060028
-0.149125218391418
0.657200336456299
1.91257345676422
2.13412737846374
1.92682886123657
2.05621719360352
2.29499650001526
1.96811044216156
0.76362144947052
-0.302371621131897
-0.119426302611828
0.488312482833862
0.476828902959824
0.379911452531815
0.477125883102417
0.917362809181213
1.5706399679184
1.71497666835785
1.44639945030212
0.875487327575684
0.124698780477047
-0.255348324775696
-0.412455588579178
-0.525806427001953
-0.375529944896698
0.127470672130585
0.750454902648926
0.994975984096527
0.915778875350952
0.745505094528198
0.379713445901871
-0.213076874613762
-0.56015819311142
-0.287522166967392
-0.0140941487625241
-0.457201957702637
-1.1077071428299
-0.992079377174377
-0.315637141466141
-0.157440915703774
-0.787651896476746
-1.39974653720856
-1.26649737358093
-0.558475255966186
-0.397210150957108
-1.11245906352997
-1.51903712749481
-1.34183359146118
-1.17185688018799
-1.02643120288849
-1.04543840885162
-1.15344345569611
-1.13968300819397
-1.41489291191101
-1.62021148204803
-1.35648512840271
-1.40529024600983
-1.82008516788483
-1.97313356399536
-1.85097205638886
-1.58170187473297
-1.1494836807251
-0.88862818479538
-0.97980386018753
-1.36004900932312
-1.6279331445694
-1.15611636638641
-0.609161376953125
-1.04395353794098
-1.92205142974854
-1.95679914951324
-0.925553858280182
0.0625290498137474
-0.0618104040622711
-0.709840714931488
-0.76072484254837
-0.343950092792511
-0.12467310577631
-0.396220177412033
-0.762605786323547
-0.603914618492126
-0.0999240130186081
0.278935134410858
0.624432504177094
1.07031226158142
1.25454449653625
0.85628205537796
0.219042330980301
-0.170904412865639
0.0198616106063128
0.562460780143738
0.649775564670563
0.421291947364807
0.618591725826263
1.50233244895935
2.83155679702759
3.30277967453003
2.24153852462769
1.1778222322464
0.88469398021698
0.788865506649017
0.655616402626038
0.381000399589539
0.613146901130676
1.57707464694977
1.97771310806274
1.84723579883575
1.99305748939514
2.12670254707336
1.81328010559082
0.859449923038483
-0.17526026070118
-0.0925982818007469
0.814307570457459
0.960525214672089
0.477125883102417
0.353875398635864
0.621363639831543
1.25632643699646
1.64270925521851
1.30315172672272
0.759661555290222
0.317543715238571
0.229337960481644
0.392681986093521
0.335561066865921
0.0550053268671036
-0.161895751953125
0.143706083297729
0.709173440933228
0.961317181587219
0.913303971290588
0.397136807441711
-0.37790584564209
-0.594410955905914
0.120342940092087
0.958248317241669
0.609979033470154
-0.713206589221954
-1.59605634212494
-1.28451466560364
-0.324150830507278
-0.000927630113437772
-0.660045564174652
-1.21521723270416
-0.884173333644867
-0.285146236419678
-0.394834220409393
-1.05712008476257
-1.32203435897827
-1.09404563903809
-0.91327828168869
-1.00682985782623
-1.22165203094482
-1.29837417602539
-1.35252523422241
-1.52814483642578
-1.48122048377991
-1.3648008108139
-1.48161649703979
-1.54685509204865
-1.45805537700653
-1.50567257404327
-1.41697192192078
-1.07068252563477
-1.01762044429779
-1.22798776626587
-1.60615396499634
-1.69742858409882
-1.219771027565
-1.11394393444061
-1.58655261993408
-1.71920788288116
-1.14235591888428
-0.373055040836334
-0.23891493678093
-0.719146370887756
-0.878431558609009
-0.460765808820724
-0.146650299429894
-0.412059605121613
-0.907536506652832
-0.903378665447235
-0.310291320085526
0.236465692520142
0.455247700214386
0.721053004264831
0.986066281795502
0.922312617301941
0.584437966346741
0.045699667185545
-0.289205104112625
0.172613024711609
0.862518787384033
1.07407402992249
1.10832679271698
1.29354906082153
2.00572896003723
2.91619873046875
2.54565525054932
1.39551532268524
0.938944041728973
0.87152749300003
0.821534335613251
0.649577617645264
0.62195760011673
1.51391506195068
2.34726643562317
2.10492348670959
1.64855003356934
1.67666506767273
1.86772811412811
1.4273921251297
0.298734426498413
-0.308608382940292
0.320315629243851
1.12377023696899
1.13465988636017
0.824108242988586
0.607801139354706
0.704619586467743
1.07575702667236
1.15921092033386
0.997351884841919
0.647399663925171
0.259432852268219
0.358726233243942
0.554343104362488
0.391494035720825
0.116086095571518
0.144795045256615
0.568004548549652
0.809357762336731
0.630174279212952
0.177958831191063
-0.299401730298996
-0.446015357971191
-0.164568647742271
0.347440630197525
0.476333916187286
-0.219016656279564
-0.994455337524414
-0.91020941734314
-0.299698710441589
-0.171003416180611
-0.768149614334106
-1.33064699172974
-1.23858034610748
-0.680636763572693
-0.421266257762909
-0.718156397342682
-0.848237633705139
-0.785770952701569
-1.04078567028046
-1.4223176240921
-1.53685653209686
-1.3950936794281
-1.22689878940582
-1.36093997955322
-1.5805139541626
-1.37648236751556
-1.15918529033661
-1.19314110279083
-1.09622359275818
-1.04078567028046
-1.30223512649536
-1.56229853630066
-1.68851900100708
-1.56625843048096
-1.41855585575104
-1.46825194358826
-1.22967076301575
-0.892786026000977
-0.976734936237335
-1.18116247653961
-0.946937084197998
-0.45027220249176
-0.348404943943024
-0.822993576526642
-1.14690971374512
-0.636286437511444
0.00649709859862924
-0.0890344083309174
-0.62034797668457
-0.852197527885437
-0.318310022354126
0.576221287250519
0.842521548271179
0.578795194625854
0.579092144966125
0.681157469749451
0.487520515918732
0.102721579372883
-0.28960108757019
-0.073788970708847
0.690859079360962
1.14158964157104
1.37680506706238
1.60994148254395
1.80110347270966
2.20916652679443
2.16729116439819
1.49253177642822
1.28325343132019
1.21306502819061
0.745307087898254
0.3433817923069
0.21825036406517
1.12179028987885
2.58307600021362
2.78304862976074
2.00176906585693
1.48688900470734
1.51381599903107
1.52341866493225
0.872319459915161
-0.134968727827072
-0.313855201005936
0.546423375606537
1.19682955741882
1.32384192943573
1.29345011711121
1.04417717456818
0.926371455192566
1.05170094966888
1.02180397510529
0.823514223098755
0.728675723075867
0.707490503787994
0.52068430185318
0.320711612701416
0.245672360062599
0.475046962499619
1.05179989337921
0.955278396606445
0.158456549048424
-0.0457729920744896
0.244880393147469
0.349618554115295
0.257155925035477
-0.00657042395323515
-0.14348241686821
-0.0547816604375839
-0.260991126298904
-0.507492125034332
-0.409881681203842
-0.541051864624023
-0.946145057678223
-1.08691799640656
-0.842297852039337
-0.319101989269257
-0.24406273663044
-0.922781944274902
-1.17165887355804
-0.569364845752716
-0.261090129613876
-0.93406754732132
-2.02876949310303
-2.37951374053955
-1.54299426078796
-0.647472977638245
-0.770327508449554
-1.4113290309906
-1.83810245990753
-1.67396652698517
-0.939512312412262
-0.600647687911987
-1.11810183525085
-1.64614844322205
-1.80790853500366
-1.70406138896942
-1.46399509906769
-1.54804313182831
-1.6024911403656
-1.3950936794281
-1.39341068267822
-1.38667893409729
-1.10493528842926
-0.725779116153717
-0.466210633516312
-0.698456108570099
-1.13156533241272
-0.859919250011444
-0.0904203578829765
0.214785486459732
-0.249408543109894
-0.94347220659256
-0.868927896022797
0.0582722052931786
0.750256896018982
0.728378713130951
0.469206184148788
0.375555604696274
0.512170612812042
0.610572993755341
0.316454768180847
0.0271873418241739
0.411788284778595
1.01586425304413
1.38531875610352
1.61310935020447
1.67270517349243
2.0460205078125
2.40092253684998
1.833376288414
1.32790076732636
1.380863904953
1.23137938976288
0.891623735427856
0.356350302696228
0.410897314548492
1.79872763156891
2.75433969497681
2.37755942344666
1.73457789421082
1.41184973716736
1.60578370094299
1.39472341537476
0.270124465227127
-0.175755247473717
0.602653324604034
1.35680770874023
1.47659337520599
1.1765353679657
0.754414737224579
0.605623185634613
0.719865024089813
0.672643780708313
0.573944330215454
0.440893232822418
0.354865372180939
0.758968591690063
1.10505998134613
0.887366890907288
0.568202555179596
0.581666052341461
0.797280192375183
0.751147866249084
0.302397280931473
-0.16159875690937
-0.286334186792374
-0.0294385887682438
0.492074340581894
0.816287517547607
0.494351267814636
-0.368996173143387
-1.1287933588028
-0.957232654094696
-0.158628866076469
0.0180796757340431
-0.621931910514831
-1.20502066612244
-1.07899820804596
-0.424929141998291
-0.219313651323318
-0.870313882827759
-1.23412561416626
-0.873778700828552
-0.725779116153717
-1.02524316310883
-1.47013294696808
-1.73465120792389
-1.42954444885254
-1.10048043727875
-1.17601466178894
-1.35430717468262
-1.67822337150574
-1.7500946521759
-1.23353159427643
-0.870412826538086
-0.909813404083252
-0.990396440029144
-1.11424088478088
-1.16017520427704
-1.31460964679718
-1.51586925983429
-1.35391116142273
-1.3177775144577
-1.63763475418091
-1.65545415878296
-1.03722178936005
-0.210403978824615
-0.00686741294339299
-0.632326543331146
-1.01098775863647
-0.41700941324234
0.269035488367081
0.0742106214165688
-0.730332970619202
-1.16680800914764
-0.619061052799225
0.365161001682281
0.714915215969086
0.538008689880371
0.540483593940735
0.664526045322418
0.640964925289154
0.385752230882645
-0.00775838037952781
0.0932179316878319
0.639875948429108
0.945576786994934
1.18485105037689
1.43392598628998
1.77239453792572
2.38250923156738
2.31133079528809
1.76457381248474
1.71715462207794
1.57400584220886
1.06645131111145
0.328532338142395
-0.336723357439041
0.453069776296616
2.13422632217407
2.72553181648254
2.21797728538513
1.61568331718445
1.6176632642746
1.85624444484711
1.16604173183441
0.0313451886177063
-0.0113222505897284
0.802922964096069
1.21059012413025
1.15535008907318
0.87024050951004
0.637104034423828
0.859350919723511
0.974483728408813
0.814604580402374
0.697392821311951
0.555630028247833
0.72629976272583
0.946764707565308
0.723824858665466
0.431587547063828
0.383277326822281
0.637005031108856
0.789459466934204
0.55751097202301
0.324869453907013
0.0766855329275131
-0.192584618926048
-0.0629983618855476
0.356647312641144
0.536226749420166
0.0686668232083321
-0.862394154071808
-1.19809091091156
-0.610052347183228
-0.193475589156151
-0.506403148174286
-0.970003187656403
-0.977328956127167
-0.476209253072739
-0.174765273928642
-0.649749934673309
-1.13473320007324
-1.01494753360748
-0.945650100708008
-1.2909494638443
-1.69376575946808
-1.74088799953461
-1.19175505638123
-0.664401352405548
