% Type: Timesignal
% Date: 10-DEC-24 16:39:57
% NoOfItems: = 4096
% Unit_Y: = mm/s
% Unit_X: = Sec
% Min_X: = 0
% Max_X: = 1.60000002384186
% MinDisplay_X: = 0
% MaxDisplay_X: = 1.60000002384186
-1.40150165557861
-1.1758599281311
-0.915335059165955
-0.935118138790131
-1.30373311042786
-1.71936881542206
-1.95982396602631
-1.38592374324799
-0.773604154586792
-1.05649256706238
-1.75415647029877
-2.1083402633667
-1.75042915344238
-1.11421704292297
-0.67612236738205
-0.755063474178314
-1.26464486122131
-1.74698865413666
-1.62695217132568
-0.78507262468338
-0.567172110080719
-1.43303990364075
-1.99317800998688
-1.57448410987854
-0.509160876274109
0.0291871912777424
-0.593071639537811
-1.0515228509903
-0.830277383327484
-0.582941234111786
-0.519960284233093
-0.697721242904663
-0.750093817710876
-0.338280975818634
0.091785803437233
0.368557661771774
0.909008264541626
1.44697403907776
1.36067402362823
0.713853538036346
0.0406556390225887
-0.0371386632323265
0.463267922401428
0.720065593719482
0.559411764144897
0.566101670265198
1.18950736522675
2.36636137962341
3.18807554244995
2.70229125022888
1.59281444549561
0.993970334529877
0.705252170562744
0.429053723812103
0.192708134651184
0.249094679951668
1.13780379295349
1.97719860076904
1.8514279127121
1.57350921630859
1.6735714673996
1.75968039035797
1.29922223091125
0.346672058105469
-0.28323245048523
0.0818464830517769
0.743767082691193
0.808277070522308
0.698944509029388
0.941406607627869
1.53145825862885
1.92941343784332
1.85295712947845
1.5739871263504
1.06517028808594
0.73554801940918
0.546414196491241
0.0835667476058006
-0.0788073614239693
0.130013957619667
0.490792214870453
1.04108655452728
1.13350307941437
0.827391147613525
0.777981281280518
0.721116840839386
0.381555259227753
0.248425677418709
0.29630646109581
-0.0998328477144241
-0.643437266349793
-0.924892067909241
-0.885899364948273
-0.401835292577744
-0.239652335643768
-0.787461876869202
-1.1017929315567
-0.812788009643555
-0.510020971298218
-0.76786994934082
-1.25795495510101
-1.16878771781921
-0.742543756961822
-0.830086231231689
-1.47451746463776
-1.86109972000122
-1.5441882610321
-0.987108409404755
-0.882649958133698
-1.24887573719025
-1.54523956775665
-1.68008935451508
-1.56626498699188
-1.04492855072021
-0.864778280258179
-1.28729498386383
-1.42300498485565
-1.31567943096161
-1.1072404384613
-0.981852054595947
-1.32686114311218
-1.39815664291382
-1.23100411891937
-1.52564764022827
-1.75979506969452
-1.36977231502533
-0.733464598655701
-0.479056179523468
-0.848149061203003
-1.21361029148102
-0.838400900363922
-0.296516716480255
-0.482401132583618
-1.10475552082062
-1.29159569740295
-0.66905015707016
0.246705412864685
0.637301623821258
0.681550741195679
0.887122631072998
1.02512633800507
0.874507367610931
0.437177211046219
-0.0844460129737854
-0.0518565066158772
0.538386285305023
0.905567765235901
0.967401802539825
1.19275677204132
1.73817706108093
2.61618232727051
2.94752478599548
2.03654789924622
1.21626710891724
0.955455482006073
0.505318939685822
0.134888052940369
0.0692311897873879
0.699613511562347
1.8820104598999
2.1330738067627
1.59826195240021
1.52744436264038
1.8631831407547
1.74486696720123
0.764505803585053
-0.362842589616775
-0.48144543170929
0.37486532330513
0.980208218097687
1.03764605522156
1.01461350917816
1.04987907409668
1.3923077583313
1.69383239746094
1.64079082012177
1.37118673324585
0.733254313468933
0.201882898807526
0.0686577633023262
-0.0142973391339183
0.122941754758358
0.486013680696487
0.866766154766083
1.12251257896423
0.949530124664307
0.68728494644165
0.667979717254639
0.374960899353027
-0.229808583855629
-0.447422385215759
-0.220729395747185
-0.0232809577137232
-0.198843777179718
-0.618111133575439
-0.652229726314545
-0.451627492904663
-0.619831383228302
-0.876629054546356
-0.928141474723816
-0.789468824863434
-0.828557133674622
-1.40809607505798
-1.6755975484848
-1.02122700214386
-0.256663858890533
-0.35318997502327
-1.3227516412735
-2.04402136802673
-1.84169888496399
-1.28643488883972
-1.10236632823944
-1.30172622203827
-1.55919277667999
-1.73121953010559
-1.40675806999207
-0.725245535373688
-0.629388391971588
-0.954614460468292
-1.26454925537109
-1.54323256015778
-1.42090249061584
-1.43122410774231
-1.46954774856567
-1.08325219154358
-1.17327952384949
-1.50337970256805
-1.19841456413269
-0.540507972240448
-0.0286328997462988
-0.323467582464218
-1.23243761062622
-1.35543668270111
-0.64496636390686
-0.345544338226318
-0.765193939208984
-1.21533048152924
-0.942094743251801
0.123132891952991
0.930511593818665
0.946471869945526
0.897539794445038
0.940642058849335
0.768710911273956
0.348870158195496
-0.238887771964073
-0.397439062595367
0.169962391257286
0.737363815307617
1.04022645950317
1.4002400636673
1.78787362575531
2.2821638584137
2.679354429245
2.19806170463562
1.48223948478699
1.19151437282562
0.632427513599396
-0.00158647657372057
-0.36666539311409
-0.136054024100304
1.44649612903595
2.82595920562744
2.53762340545654
1.75901138782501
1.35016119480133
1.29769313335419
1.16389453411102
0.379357129335403
-0.333980321884155
0.0590051561594009
0.661289811134338
0.854533135890961
1.22123670578003
1.44592273235321
1.56662821769714
1.75213027000427
1.41686940193176
1.11085295677185
1.17736995220184
1.07979261875153
0.831405103206634
0.301084965467453
-0.212414771318436
0.0725761502981186
0.935099005699158
1.49542820453644
1.21808290481567
0.521757006645203
0.214211478829384
0.445013999938965
0.631280720233917
0.381077408790588
-0.0641850903630257
-0.552358686923981
-0.90157288312912
-0.815272867679596
-0.377560406923294
-0.0261480696499348
-0.311521261930466
-1.04521524906158
-1.29092669487
-0.891060173511505
-0.467014312744141
-0.487466365098953
-0.868792235851288
-0.986248254776001
-0.818331122398376
-1.18016064167023
-1.79678082466126
-1.74402594566345
-1.28194308280945
-0.892589271068573
-1.12740576267242
-1.84236788749695
-1.80796253681183
-1.22211599349976
-0.854169964790344
-0.744837462902069
-1.21494829654694
-1.84647738933563
-1.68209636211395
-1.14518189430237
-1.00736939907074
-1.47394406795502
-2.07087683677673
-1.85154271125793
-1.07895159721375
-0.943623900413513
-1.31472373008728
-1.36833870410919
-1.15970849990845
-0.93177318572998
-0.982903301715851
-1.10752713680267
-0.711005508899689
-0.389411151409149
-0.622698485851288
-0.856368124485016
-0.708234012126923
-0.0622736774384975
0.583113193511963
0.517265200614929
0.307201474905014
0.648674488067627
0.995881736278534
0.765270411968231
0.121125914156437
-0.426874756813049
-0.0607445538043976
1.0897319316864
1.72890675067902
1.73454535007477
1.63457870483398
1.61699378490448
2.06560111045837
2.18219709396362
1.52467274665833
1.20508539676666
1.00171160697937
0.468428730964661
0.122941754758358
0.178181439638138
1.12614417076111
2.36444973945618
2.37811636924744
1.6225368976593
1.21932530403137
1.30992603302002
1.25917816162109
0.511148691177368
-0.260008841753006
0.0200124327093363
1.00534319877625
1.45939815044403
1.34414029121399
1.15233051776886
1.05628228187561
1.33525228500366
1.44439363479614
1.01767182350159
0.719301044940948
0.664825916290283
0.854437589645386
1.08686482906342
0.762976706027985
0.374483048915863
0.56428587436676
0.963196694850922
1.05312848091125
0.779128074645996
0.312075555324554
0.0602475702762604
0.161456614732742
0.222334966063499
0.348201185464859
0.508759438991547
0.0592918656766415
-0.710814416408539
-0.950982809066772
-0.611707866191864
-0.272146284580231
-0.612185776233673
-1.42013788223267
-1.60210394859314
-0.874430894851685
-0.192249417304993
-0.331686615943909
-0.865256130695343
-0.941330194473267
-0.869843542575836
-1.19153344631195
-1.55642127990723
-1.69251346588135
-1.49028658866882
-1.20606017112732
-1.47566425800323
-1.58451902866364
-1.15693700313568
-0.972677290439606
-0.897558927536011
-0.973250687122345
-1.45224952697754
-1.49219799041748
-1.05008935928345
-0.954423367977142
-1.17299282550812
-1.51054751873016
-1.5500180721283
-0.979080498218536
-0.687781929969788
-1.06815207004547
-1.27200376987457
-1.10743153095245
-0.831997632980347
-0.770832598209381
-1.12530326843262
-1.07608449459076
-0.515850782394409
-0.333215743303299
-0.539361119270325
-0.695714294910431
-0.42840388417244
0.233421131968498
0.515831649303436
0.263908088207245
0.2603719830513
0.610541939735413
0.681072890758514
0.327366828918457
-0.149147167801857
-0.182787954807282
0.658900558948517
1.43454992771149
1.46044945716858
1.36669492721558
1.37701654434204
1.74056625366211
2.21593356132507
1.81482446193695
1.35331499576569
1.44009292125702
1.16571033000946
0.588943004608154
-0.0379032269120216
0.0086395563557744
1.47096216678619
2.635009765625
2.29602146148682
1.55668890476227
1.32990026473999
1.43120491504669
1.08074831962585
0.175123184919357
-0.215377449989319
0.583877801895142
1.35455751419067
1.24446034431458
1.05513536930084
0.965777099132538
1.07902801036835
1.46962428092957
1.25774466991425
0.804549813270569
0.680690586566925
0.650968194007874
0.98508232831955
1.23968183994293
0.761638700962067
0.236861661076546
0.34724548459053
0.822039186954498
1.17842125892639
1.00371849536896
0.180761843919754
-0.43815204501152
-0.151440858840942
0.673044979572296
1.30323612689972
0.768137514591217
-0.787652969360352
-1.68333876132965
-1.26961445808411
-0.429359585046768
-0.171988502144814
-0.777331411838531
-1.3215092420578
-1.05849945545197
-0.48268786072731
-0.297663569450378
-0.560195446014404
-0.81603741645813
-0.983094453811646
-1.4759509563446
-2.12764549255371
-2.21948862075806
-1.65935063362122
-0.904822289943695
-0.581125378608704
-0.86391818523407
-1.24858903884888
-1.50175499916077
-1.58920192718506
-1.38859963417053
-1.20902287960052
-1.4119188785553
-1.52383172512054
-1.34482836723328
-1.21810209751129
-1.11737084388733
-1.10074162483215
-1.0599330663681
-1.03785634040833
-1.51054751873016
-1.83032608032227
-1.30984961986542
-0.727539241313934
-0.695905387401581
-1.08860421180725
-1.24581754207611
-0.494347453117371
0.307583749294281
0.0646438077092171
-0.693611741065979
-1.00555348396301
-0.534009158611298
0.35087713599205
0.640455424785614
0.256644725799561
0.294681757688522
0.657084703445435
0.703149616718292
0.631376266479492
0.436699360609055
0.598117768764496
1.15730011463165
1.16752624511719
1.07625651359558
1.28775370121002
1.43196952342987
1.75155687332153
1.64079082012177
1.19256567955017
1.55487298965454
1.78644013404846
1.09422373771667
0.285506993532181
-0.101648680865765
0.739657521247864
2.19443011283874
2.34103512763977
1.55582869052887
1.14325129985809
1.20451200008392
1.24149763584137
0.712706685066223
-0.0193625707179308
0.257122576236725
1.19839549064636
1.37567853927612
1.18061935901642
1.00381410121918
0.632427513599396
0.95373523235321
1.22897791862488
0.774349570274353
0.70506101846695
0.771960318088531
0.802638411521912
1.17937695980072
0.961380839347839
0.291719079017639
0.469575583934784
0.928504645824432
0.816113829612732
0.461643248796463
0.00758828176185489
-0.0666699185967445
0.442529171705246
0.452659636735916
0.0351125560700893
-0.0328379981219769
0.0166674684733152
-0.0294930320233107
-0.259530991315842
-0.598710298538208
-0.92183381319046
-1.37044131755829
-1.30640912055969
-0.440254598855972
0.125522151589394
-0.175906881690025
-1.1561723947525
-1.97932028770447
-1.4295037984848
-0.596990048885345
-0.985197007656097
-1.60133934020996
-1.77422618865967
-1.47069466114044
-0.633689105510712
-0.613714873790741
-1.43313550949097
-1.66957664489746
-1.54887115955353
-1.36413359642029
-0.969332337379456
-1.17758023738861
-1.54801106452942
-1.28146529197693
-1.10332202911377
-1.11316573619843
-1.10026371479034
-1.2013772726059
-1.10876953601837
-1.1992746591568
-1.6479777097702
-1.45072042942047
-0.827219128608704
-0.586095035076141
-0.788799822330475
-1.2620644569397
-1.0967276096344
-0.219869270920753
-0.000152920663822442
-0.608840763568878
-1.0921403169632
-0.941425740718842
-0.165202990174294
0.509715139865875
0.417680859565735
0.186496064066887
0.380503982305527
0.530836224555969
0.471391409635544
0.333674490451813
0.278817057609558
0.740039825439453
1.1826263666153
1.09833323955536
1.04605627059937
1.23289632797241
1.79628384113312
2.20905232429504
1.63362300395966
1.14535391330719
1.19724857807159
0.949530124664307
0.543738186359406
0.166904136538506
0.451226055622101
1.80555415153503
2.62182092666626
2.07487154006958
1.36182081699371
1.24216663837433
1.23538112640381
0.744436025619507
-0.115506388247013
-0.274535536766052
0.840962171554565
1.6752917766571
1.41342878341675
1.10808145999908
0.913882374763489
0.879477024078369
1.17326045036316
0.993874788284302
0.515353798866272
0.380026131868362
0.54402494430542
1.08113050460815
1.50861692428589
1.11792516708374
0.517838656902313
0.473780691623688
0.668457567691803
0.714522540569305
0.48964536190033
-0.144368648529053
-0.590969145298004
-0.386161744594574
0.148076772689819
0.775687575340271
0.806652367115021
-0.107956327497959
-0.988159716129303
-1.05161845684052
-0.569752514362335
-0.459177553653717
-1.05630135536194
-1.49152898788452
-1.31156992912292
-0.822440624237061
-0.489855647087097
-0.60415780544281
-0.773890852928162
-0.901477336883545
-1.47365736961365
-2.00741791725159
-1.75444316864014
-1.24342823028564
-0.791093528270721
-0.784594714641571
-1.3809540271759
-1.65992403030396
-1.52000892162323
-1.25938844680786
-0.848053514957428
-0.848722457885742
-1.37713122367859
-1.60783815383911
-1.28920638561249
-0.855412423610687
-0.852640867233276
-1.26521825790405
-1.55393648147583
-1.5596706867218
-1.58442342281342
-1.38668823242188
-0.771597146987915
-0.429646283388138
-0.722282826900482
-1.28681719303131
-1.2754442691803
-0.43509379029274
0.023644108325243
-0.539361119270325
-1.28423678874969
-1.26980566978455
-0.319358050823212
0.656702399253845
0.642940282821655
0.111282162368298
0.0978067368268967
0.446256399154663
0.579481542110443
0.392354696989059
0.0592918656766415
0.259989708662033
0.91684502363205
1.28144609928131
1.56337881088257
1.79465913772583
1.90255808830261
2.14731383323669
1.76445889472961
1.06717729568481
1.04013085365295
0.838286161422729
0.232656568288803
-0.104420222342014
0.0799350738525391
1.35627770423889
2.76288294792175
2.66062259674072
1.67261576652527
1.18224406242371
1.33592128753662
1.30142033100128
0.422363817691803
-0.7137770652771
-0.487561941146851
0.901075899600983
1.61919188499451
1.51616704463959
1.14057528972626
0.782186329364777
0.893716990947723
1.13723039627075
0.981928467750549
0.601558327674866
0.355942368507385
0.373622894287109
0.66673731803894
0.984795570373535
1.04940116405487
1.18568456172943
1.33936178684235
0.910824120044708
0.40248516201973
0.376585572957993
0.425517618656158
0.14282038807869
-0.353094398975372
-0.391322553157806
0.0511683821678162
0.123037323355675
-0.336369574069977
-0.618684530258179
-0.515372931957245
-0.440732449293137
-0.559335291385651
-0.730024039745331
-0.700110495090485
-0.615530729293823
-1.08181869983673
-1.76419126987457
-1.59369373321533
-0.812214612960815
-0.554556787014008
-1.17499983310699
-1.89474046230316
-1.66632723808289
-0.703551054000855
-0.465102910995483
-1.3888863325119
-2.32260918617249
-2.55236029624939
-1.89139556884766
-0.740154504776001
-0.378516137599945
-1.02189600467682
-1.51207661628723
-1.33966755867004
-0.683290123939514
-0.416935414075851
-1.07952499389648
-1.70618009567261
-1.89388036727905
-1.9932736158371
-1.91977989673614
-1.45922613143921
-0.815463960170746
-0.532766759395599
-0.878253757953644
-1.17318403720856
-0.61428827047348
0.120743632316589
0.0197257213294506
-0.784021317958832
-1.43217980861664
-1.02352070808411
0.000420501717599109
0.421694815158844
0.194523975253105
-0.0297797434031963
0.181621968746185
0.610159635543823
0.664348065853119
0.266966342926025
0.103732101619244
0.640551030635834
1.12509298324585
1.22047221660614
1.22228801250458
1.23624134063721
1.8459804058075
2.26046919822693
1.55793130397797
1.03707265853882
0.884159982204437
0.568968772888184
0.467090755701065
0.4070725440979
0.905567765235901
2.04113531112671
2.22587275505066
1.42059659957886
1.03984415531158
1.41973650455475
1.69067859649658
1.06956648826599
-0.057017307728529
-0.352043122053146
0.678588032722473
1.58488214015961
1.50833022594452
0.982979774475098
0.511053144931793
0.539341986179352
0.876323223114014
1.16867303848267
1.11180865764618
0.54402494430542
0.322301596403122
0.596588671207428
0.758198201656342
0.813342332839966
0.623730659484863
0.502069532871246
0.728284657001495
0.666355013847351
0.514398097991943
0.639595329761505
0.283404439687729
-0.648311376571655
-0.924223065376282
-0.241372600197792
0.475214242935181
0.532174170017242
-0.301390826702118
-1.02122700214386
-0.781154215335846
-0.489664494991302
-0.661882340908051
-0.964649379253387
-1.15875279903412
-1.15961301326752
-1.19076895713806
-1.10121941566467
-0.692178189754486
-0.398012489080429
-0.784499168395996
-1.63536238670349
-1.83500897884369
-1.11115884780884
-0.407378375530243
-0.700779497623444
-1.76552927494049
-2.44837975502014
-2.25743007659912
-1.26454925537109
-0.33445817232132
-0.587624132633209
-1.33249986171722
-1.56655168533325
-1.2440972328186
-0.67229950428009
-0.719702422618866
-1.27496647834778
-1.54390156269073
-1.59598743915558
-1.55078268051147
-1.27209937572479
-0.86391818523407
-0.656148135662079
-0.897367835044861
-1.38420343399048
-1.2541321516037
-0.431939989328384
-0.0609356947243214
-0.486606240272522
-1.0611754655838
-0.9354048371315
0.043809462338686
0.679161489009857
0.364352583885193
-0.108338609337807
-0.129459664225578
0.195192977786064
0.383084386587143
0.142915964126587
-0.0707794427871704
0.437368363142014
1.15892481803894
1.3358256816864
1.35216820240021
1.31795394420624
1.4973396062851
2.09064078330994
1.87971675395966
1.18788266181946
1.05475318431854
0.776452124118805
0.38346666097641
0.203412026166916
0.324212998151779
1.44171762466431
2.51717138290405
2.12370800971985
1.15921151638031
0.979061365127564
1.45194375514984
1.54177987575531
0.670082271099091
-0.465102910995483
-0.358255207538605
0.795279502868652
1.41753840446472
1.35513091087341
0.902031660079956
0.446925401687622
0.589229702949524
0.941024363040924
1.2102462053299
1.25029015541077
0.92640209197998
0.645902991294861
0.497864425182343
0.522426009178162
0.768424212932587
0.981546223163605
1.01805412769318
0.795183956623077
0.494328320026398
0.376012176275253
0.339313119649887
0.172925069928169
-0.105758212506771
-0.145611062645912
-0.0755579620599747
-0.279027342796326
-0.606738209724426
-0.663889348506927
-0.420758247375488
-0.238314345479012
-0.348507016897202
-0.63493150472641
-0.831041932106018
-0.948975801467896
-1.30946731567383
-1.6822874546051
-1.44001650810242
-0.905682444572449
-1.01109659671783
-1.70063698291779
-1.94223892688751
-1.32590544223785
-0.423912078142166
-0.347073465585709
-1.36891210079193
-2.1920599937439
-2.1874725818634
-1.56827199459076
-0.735949397087097
-0.685488224029541
-1.40350866317749
-1.74526834487915
-1.3633691072464
-0.667998850345612
-0.534104704856873
-1.16085541248322
-1.61987996101379
-1.65246951580048
-1.57276380062103
-1.52268493175507
-1.33202195167542
-0.925083220005035
-0.755636930465698
-1.05209624767303
-1.16200220584869
-0.581889927387238
-0.0214651189744473
-0.195881098508835
-0.889817774295807
-1.31262123584747
-0.769303500652313
0.18640048801899
0.505414485931396
0.159449636936188
-0.118564642965794
0.12255947291851
0.468046456575394
0.490983366966248
0.261709958314896
0.363110154867172
1.11658716201782
1.58841824531555
1.42174351215363
1.14105319976807
0.983266472816467
1.38275074958801
1.70396280288696
1.33697247505188
1.24044644832611
1.3161381483078
1.01298880577087
0.686138093471527
0.552530705928802
1.16876864433289
2.14903426170349
2.08471536636353
1.22773551940918
0.817356288433075
1.24532055854797
1.68054807186127
1.21091520786285
0.190318882465363
-0.0611268356442451
0.740422070026398
1.31432235240936
1.26032507419586
1.0039097070694
0.579863846302033
0.557309210300446
0.893047988414764
0.929364740848541
0.944942712783814
0.921719133853912
0.755904495716095
0.745869576931
0.636441469192505
0.396273076534271
0.58483350276947
1.02359712123871
0.97151130437851
0.571453630924225
0.24871239066124
0.090161107480526
0.212586790323257
0.186018213629723
-0.0656186416745186
-0.0224208235740662
-0.0914226472377777
-0.473226398229599
-0.442930579185486
-0.140259116888046
-0.244430854916573
-0.604540109634399
-0.981660902500153
-1.00249528884888
-0.389219999313354
-0.207445114850998
-1.12243604660034
-1.93640923500061
-1.73657143115997
-0.930721879005432
-0.415788590908051
-0.655861437320709
-1.17758023738861
-1.30067491531372
-1.18178534507751
-1.37091910839081
-1.52870583534241
-1.57142579555511
-1.57916700839996
-1.33756506443024
-1.0833477973938
-0.902815341949463
-0.894978582859039
-0.954901218414307
-1.05458116531372
-1.40771377086639
-1.65237390995026
-1.42644548416138
-0.991886913776398
-0.877298057079315
-1.38210082054138
-1.80891823768616
-1.36107540130615
-0.605686962604523
-0.538118660449982
-1.13199317455292
-1.40150165557861
-0.832379937171936
-0.100406266748905
-0.0365652404725552
-0.551594138145447
-0.764142692089081
-0.361313462257385
0.108701765537262
0.172447219491005
0.0111243864521384
0.0932193547487259
0.201787322759628
0.108606189489365
0.1081283390522
0.317331939935684
0.975811958312988
1.53422975540161
1.35063910484314
1.07300710678101
1.04433596134186
1.515784740448
2.17072868347168
1.77659630775452
1.01958322525024
0.898208796977997
0.94054651260376
0.949243426322937
0.678205788135529
0.541157782077789
1.44248223304749
2.26907062530518
1.94652056694031
1.26940429210663
1.12327706813812
1.42508840560913
1.37596523761749
0.615893840789795
0.059674147516489
0.63969087600708
1.41304659843445
1.20747458934784
0.623443901538849
0.247565552592278
0.284360140562058
0.791838943958282
1.03420543670654
0.907096862792969
0.817834138870239
0.908434867858887
1.36000502109528
1.66066944599152
1.22123670578003
0.363110154867172
-0.0618913993239403
0.334152340888977
0.966159343719482
1.2584136724472
0.87536746263504
-0.0499450974166393
-0.685966074466705
-0.555703639984131
0.135365903377533
0.623730659484863
0.227304622530937
-0.743021607398987
-1.04856014251709
-0.454972445964813
-0.167209982872009
-0.408142954111099
-0.674879908561706
-0.933015584945679
-0.882554411888122
-1.02629232406616
-1.69690978527069
-1.76763188838959
-1.24218583106995
-1.07656228542328
-1.06165337562561
-1.03862082958221
-1.10504233837128
-0.903579890727997
-1.01453709602356
-1.60305964946747
-1.6885951757431
-1.61405026912689
-1.61892426013947
-1.24925804138184
-1.00631809234619
-1.036900639534
-0.879305005073547
-0.826550126075745
-0.903006494045258
-1.09290480613708
-1.46734964847565
-1.33269095420837
-1.03909873962402
-1.31405472755432
-1.6119476556778
-1.43476021289825
-0.919540166854858
-0.576251268386841
-0.963120222091675
-1.36766970157623
-0.838496446609497
-0.095818892121315
0.0370239652693272
-0.402982145547867
-0.95967972278595
-0.703742206096649
0.108988471329212
0.286080420017242
-0.00206432864069939
-0.0375209450721741
0.201978474855423
0.465561628341675
0.481235176324844
0.324786424636841
0.601271569728851
1.15653562545776
1.21884751319885
1.06153857707977
0.96052074432373
1.04232895374298
1.62301468849182
1.75709998607635
1.47153568267822
1.73741245269775
1.83040249347687
1.38131713867188
0.722932696342468
0.175409898161888
0.849659025669098
2.11615800857544
2.13240504264832
1.26108956336975
0.7115598320961
0.980208218097687
1.6061943769455
1.51043283939362
0.758676052093506
0.538290679454803
1.13684809207916
1.51416003704071
1.25774466991425
0.760874152183533
0.294872909784317
0.268208742141724
0.537334978580475
0.682601988315582
0.700282514095306
0.828729152679443
1.32473945617676
1.59281444549561
1.2521059513092
0.643991529941559
0.128198117017746
0.360434174537659
0.92640209197998
0.881675124168396
0.520514607429504
0.0434271804988384
-0.360644459724426
-0.0316911526024342
0.824428498744965
1.18530225753784
0.507803738117218
-0.816897511482239
-1.6462574005127
-1.07885599136353
-0.0785206481814385
-0.0604578405618668
-0.601673007011414
-0.929670631885529
-0.654236733913422
-0.105853781104088
-0.633402347564697
-1.59168672561646
-1.58690822124481
-1.1637225151062
-0.848149061203003
-1.09816122055054
-1.76170647144318
-1.71306121349335
-1.26407146453857
-1.10408663749695
-1.02466762065887
-1.2332022190094
-1.61022746562958
-1.62332057952881
-1.4901909828186
-1.50787150859833
-1.42300498485565
-1.27898037433624
-1.27534878253937
-1.21408808231354
-1.22307169437408
-1.03594493865967
-0.680518567562103
-0.951747357845306
-1.58834183216095
-1.83367097377777
-1.51408362388611
-1.02925491333008
-1.09261810779572
-1.53979206085205
-1.42042458057404
-0.544235169887543
0.290381073951721
0.328895956277847
-0.294031888246536
-0.631395399570465
-0.286864101886749
0.0539399236440659
-0.0233765281736851
-0.205438137054443
-0.168834671378136
0.102585256099701
0.329947233200073
0.360720902681351
0.56141871213913
1.20995950698853
1.61814057826996
1.34901440143585
0.854150891304016
0.579194843769074
1.13904619216919
1.88497316837311
1.57360482215881
1.05733346939087
1.05762028694153
1.19753527641296
1.25459086894989
0.841822266578674
0.722359299659729
1.68484878540039
2.44750046730042
2.14349102973938
1.44238662719727
1.00027799606323
0.958418190479279
0.81037962436676
0.220327988266945
0.177321314811707
1.15949833393097
1.85429501533508
1.60275375843048
1.06010508537292
0.670273423194885
0.720256745815277
0.970555603504181
0.777694523334503
0.416534006595612
0.295064032077789
0.60222727060318
1.44620943069458
1.97500050067902
1.42461061477661
0.263812512159348
-0.322989732027054
0.315420538187027
1.32588636875153
1.51138854026794
0.392641425132751
-1.2963742017746
-1.72883021831512
-0.351756423711777
1.35666000843048
1.63830602169037
0.114435985684395
-1.54801106452942
-1.45244073867798
0.0126535128802061
0.756669044494629
-0.189191162586212
-1.79506051540375
-2.53238606452942
-1.81809306144714
-0.815368413925171
-0.551880836486816
-0.659970939159393
-1.05630135536194
-1.52086913585663
-1.33985877037048
-0.671439409255981
-0.349940568208694
-0.803804397583008
-1.93210852146149
-2.63588881492615
-2.00359511375427
-1.04617094993591
-0.688164234161377
-0.936073839664459
-1.57649111747742
-1.81140303611755
-1.30335080623627
-0.635027050971985
-0.41942024230957
-1.10351312160492
-1.88107395172119
-1.6345978975296
-0.863153636455536
-0.602437555789948
-1.13285326957703
-1.5977076292038
-1.42682778835297
-1.04760444164276
-0.876342296600342
-0.800937294960022
-0.48144543170929
-0.238887771964073
-0.392182677984238
-0.705366909503937
-0.752578675746918
-0.238314345479012
0.117016389966011
-0.198557063937187
-0.449620515108109
-0.0550103299319744
0.723601698875427
0.993492484092712
0.534276723861694
0.112524576485157
0.48563140630722
1.3106906414032
1.51683604717255
1.12251257896423
0.616371691226959
0.599455773830414
1.42566180229187
1.86299192905426
1.62110328674316
1.55114579200745
1.36994433403015
1.04538726806641
0.769953370094299
0.579003691673279
1.16743063926697
2.05346369743347
2.05432391166687
1.44802534580231
1.09374582767487
1.29807531833649
1.41667819023132
0.768710911273956
-0.127930536866188
0.00988197140395641
1.17870795726776
1.97280240058899
1.75002777576447
0.861031949520111
0.0682754814624786
0.134410202503204
0.661003112792969
0.962145388126373
0.952492773532867
0.793941497802734
0.90250951051712
1.23270523548126
1.31307995319366
1.13646578788757
0.896393001079559
0.656129002571106
0.523572862148285
0.600029170513153
0.681072890758514
0.370373517274857
-0.389219999313354
-0.814317166805267
-0.109485454857349
0.98508232831955
1.12490177154541
0.230362877249718
-0.654714584350586
-0.718746721744537
-0.335222721099854
-0.243666291236877
-0.62480103969574
-1.11593735218048
-1.27324616909027
-1.37101471424103
-1.71545040607452
-1.62857687473297
-0.866211891174316
-0.332451194524765
-0.513843834400177
-1.13476467132568
-1.60353744029999
-1.36604499816895
-1.08783960342407
-1.4504337310791
-1.81637275218964
-1.97396838665009
-1.84055209159851
-1.28691279888153
-0.949740409851074
-1.08697950839996
-1.19086456298828
-1.08975100517273
-0.982807755470276
-0.999532580375671
-1.25136053562164
-1.3173041343689
-1.16257572174072
-1.35887730121613
-1.72624981403351
-1.61099195480347
-1.00727379322052
-0.560864448547363
-0.773986458778381
-1.29216909408569
-1.13132417201996
-0.323372006416321
0.119310073554516
-0.218244567513466
-0.939992189407349
-1.10704922676086
-0.473513096570969
0.00319204316474497
-0.0277727656066418
-0.122196316719055
0.0619678385555744
0.500922679901123
0.760587453842163
0.619716703891754
0.50627464056015
0.89906895160675
1.21808290481567
1.04548275470734
0.780752778053284
0.750456988811493
1.44525372982025
2.07764315605164
1.53786146640778
1.00123369693756
1.01375341415405
0.929269194602966
0.8582603931427
0.698466658592224
0.913500070571899
1.93744134902954
2.4725399017334
2.02230787277222
1.55946040153503
1.4814749956131
1.35159480571747
0.643704831600189
-0.495207577943802
-0.916290760040283
0.281588613986969
1.83116698265076
2.27165102958679
1.92406141757965
1.2621408700943
0.752177238464355
0.581201791763306
0.553199708461761
0.408983945846558
-0.0663832053542137
0.00166291685309261
0.925733089447021
1.6765341758728
1.86452114582062
1.40807688236237
0.947427570819855
1.03649914264679
0.836470365524292
0.168337687849998
-0.528274953365326
-1.22918820381165
-1.41966009140015
-0.545382022857666
0.800344705581665
1.41600918769836
0.905185461044312
-0.00512258149683476
-0.16501185297966
0.288851976394653
0.116920813918114
-0.836967349052429
-2.00799131393433
-2.45726776123047
-1.70732688903809
-1.06308686733246
-0.956908166408539
-0.69666999578476
-0.493965178728104
-0.374311029911041
-0.362555861473084
-0.777331411838531
-1.11756205558777
-1.39567184448242
-2.15994834899902
-2.35730123519897
-1.67951595783234
-1.22909271717072
-0.876342296600342
-0.619257926940918
-0.813648164272308
-0.920591413974762
-0.853596568107605
-0.964458227157593
-1.00813388824463
-1.33622705936432
-1.90009248256683
-1.75205385684967
-1.35744369029999
-1.30048370361328
-1.23215091228485
-1.00431108474731
-0.573097467422485
-0.299288272857666
-0.704411208629608
-1.10733592510223
-0.771692752838135
-0.427543729543686
-0.655383586883545
-1.2110298871994
-1.45024251937866
-0.688164234161377
0.196339815855026
0.184297949075699
-0.0417260453104973
0.144731804728508
0.628795862197876
0.810188472270966
0.318000942468643
-0.178869560360909
0.0997181460261345
0.84478497505188
1.22047221660614
1.23939514160156
1.19715297222137
1.52323925495148
2.25808000564575
2.12256121635437
1.27408719062805
0.808277070522308
0.482859879732132
0.335108041763306
0.368653237819672
0.527586817741394
1.3885805606842
2.31284189224243
2.24317097663879
1.68848037719727
1.54407358169556
1.79972434043884
1.6752917766571
0.517934203147888
-0.961591124534607
-1.16410481929779
0.115296117961407
1.52199685573578
2.08605337142944
1.71715152263641
1.1738338470459
1.06937539577484
1.01098191738129
0.930607199668884
0.631758570671082
0.0522196553647518
0.0461987219750881
0.4126156270504
0.74931013584137
1.24235785007477
1.58182382583618
1.71428442001343
1.53317856788635
0.771960318088531
0.0284226275980473
-0.168643534183502
-0.267272174358368
-0.645253121852875
-0.876724600791931
-0.690457880496979
-0.249209374189377
0.290667802095413
0.815540432929993
1.20460748672485
0.922961533069611
-0.295561015605927
-1.6935647726059
-2.32375597953796
-2.00531554222107
-1.63106179237366
-1.76342678070068
-1.49860119819641
-0.725245535373688
-0.400019466876984
-0.507345020771027
-0.70641815662384
-0.839165449142456
-0.774082005023956
-1.30440211296082
-2.58141374588013
-3.07513046264648
-2.53544449806213
-1.67712664604187
-0.839834451675415
-0.794629633426666
-1.24983143806458
-1.04970705509186
-0.506962716579437
-0.321173876523972
-0.689215481281281
-1.60812485218048
-2.14169430732727
-1.86415791511536
-1.53434455394745
-1.64367699623108
-1.76275777816772
-1.3730217218399
-0.631013095378876
-0.19941720366478
-0.410341054201126
-0.587815284729004
-0.446371108293533
-0.445033133029938
-0.691987037658691
-1.09739661216736
-1.06088876724243
-0.504382312297821
-0.216237589716911
-0.0559660345315933
0.30825275182724
0.830258250236511
1.14086210727692
0.709361732006073
-0.0163043178617954
-0.162909314036369
0.521852612495422
1.13140058517456
0.992058932781219
0.678779184818268
0.88893848657608
1.92463493347168
2.71337747573853
2.09475016593933
1.12069666385651
0.650012493133545
0.497099846601486
0.624877452850342
0.700760364532471
0.918660879135132
1.63457870483398
1.91307091712952
1.54665398597717
1.54111087322235
1.90733659267426
1.84531140327454
0.973327159881592
-0.290686935186386
-0.894022822380066
-0.151918709278107
0.989382982254028
1.48835599422455
1.60973048210144
1.48806929588318
1.22611081600189
1.23088932037354
1.11658716201782
0.682601988315582
0.32211047410965
0.299746990203857
0.666832864284515
0.990338683128357
0.940355360507965
0.814298033714294
1.03468334674835
1.29329681396484
0.835132360458374
0.0331055782735348
-0.33598729968071
-0.288966655731201
-0.0909447968006134
-0.0849238634109497
-0.133473619818687
0.0837578848004341
0.142438113689423
0.00328761362470686
0.0489702634513378
0.0614899843931198
-0.200564041733742
-0.82272732257843
-1.61959326267242
-1.77470409870148
-1.31281232833862
-1.2914046049118
-1.61089634895325
-1.30277740955353
-0.525790095329285
-0.162718161940575
-0.465389609336853
-1.04808235168457
-1.22756350040436
-1.06729197502136
-1.48942637443542
-2.2029550075531
-2.20448422431946
-1.74498164653778
-1.14910018444061
-0.75764387845993
-1.02036690711975
-1.26177775859833
-0.939801096916199
-0.596703350543976
-0.667043149471283
-1.20261967182159
-1.69155776500702
-1.59799444675446
-1.3005793094635
-1.42673230171204
-1.79295802116394
-1.72137582302094
-1.19277596473694
-0.709476411342621
-0.69963264465332
-0.850251615047455
-0.568127810955048
-0.245004281401634
-0.395240932703018
-0.97659569978714
-1.38621044158936
-1.01453709602356
-0.520342588424683
-0.435667216777802
-0.259339839220047
0.250145941972733
0.853099584579468
0.918087482452393
0.369704514741898
0.0742008462548256
0.570689082145691
1.3261730670929
1.37376713752747
0.813055574893951
0.46689960360527
0.958035886287689
2.06779932975769
2.29630827903748
1.40578317642212
0.716529488563538
0.647527635097504
1.07520520687103
1.39450585842133
1.22190570831299
1.37481844425201
1.72699534893036
1.4739248752594
1.09948003292084
1.2303159236908
1.61699378490448
1.48577558994293
0.495570719242096
-0.529899656772614
-0.442261576652527
0.563043415546417
1.26787507534027
1.39249897003174
1.30763244628906
1.13130497932434
1.07291150093079
0.969504356384277
0.676772177219391
0.605954527854919
0.787251591682434
1.09259903430939
1.22429502010345
0.769093215465546
0.257982730865479
0.517551898956299
1.33420097827911
1.70281600952148
0.996646344661713
-0.383676916360855
-1.29293370246887
-0.864873886108398
0.171969369053841
0.717963039875031
0.396081954240799
-0.544999778270721
-0.840694546699524
0.145400792360306
1.21101069450378
0.938730657100678
-0.73709625005722
-2.491290807724
-2.77054762840271
-1.53807175159454
-0.830755233764648
-1.39806115627289
-1.6868748664856
-1.28070068359375
-0.61103892326355
-0.199608340859413
-0.622316181659698
-1.17729353904724
-1.44154560565948
-1.80117702484131
-1.94730424880981
-1.66785633563995
-1.49621188640594
-1.39777445793152
-1.0490380525589
-0.899183630943298
-1.04120123386383
-0.943337202072144
-0.875004351139069
-1.01941120624542
-1.40360414981842
-1.82162916660309
-1.37780022621155
-0.70307320356369
-0.853023171424866
-1.48426556587219
-1.7538697719574
-1.18121194839478
-0.453443318605423
-0.473130822181702
-0.9046311378479
-0.837731897830963
-0.241085886955261
0.165566146373749
-0.128695100545883
-0.961973428726196
-1.30841612815857
-0.883032262325287
-0.456214845180511
-0.160233333706856
0.105834648013115
0.451321631669998
0.79375034570694
0.671229124069214
0.427046746015549
0.638448476791382
1.14889001846313
1.34748530387878
1.0528416633606
0.79040539264679
1.04395365715027
1.66831505298614
1.82094097137451
1.16226983070374
0.706399023532867
1.01413571834564
1.43990182876587
1.52075433731079
1.24608504772186
1.09689962863922
1.4911276102066
1.65120792388916
1.28784930706024
1.25525987148285
1.67997467517853
1.80737006664276
1.16876864433289
0.135939329862595
-0.369054645299911
0.291910201311111
1.17861235141754
1.18339085578918
0.913691222667694
0.913786768913269
0.835227906703949
0.961380839347839
1.03410995006561
0.661672055721283
0.682028591632843
1.25267946720123
1.5588870048523
1.43120491504669
0.820701241493225
0.164514869451523
0.420739114284515
0.91627162694931
0.863421201705933
0.76957106590271
0.341606825590134
-0.540699064731598
-0.799216985702515
-0.220633834600449
0.527013421058655
0.857686996459961
0.251579493284225
-0.45048063993454
-0.0103789530694485
0.686711549758911
0.376967877149582
-0.807913899421692
-2.13108611106873
-2.23793387413025
-1.2344446182251
-0.859426379203796
-0.99026221036911
-0.891824722290039
-0.833048939704895
-0.794342935085297
-0.869461238384247
-0.941043496131897
-0.807818353176117
-1.13830077648163
-2.01592373847961
-2.28275632858276
-1.76495587825775
-1.254514336586
-0.893258273601532
-1.18016064167023
-1.76552927494049
-1.44336152076721
-0.762326836585999
-0.347551316022873
-0.562680304050446
-1.71516370773315
-2.26306867599487
-1.70063698291779
-1.19086456298828
-1.18388783931732
-1.68697047233582
-1.88680815696716
-1.24811112880707
-0.59689450263977
-0.481063157320023
-0.480107456445694
-0.316108644008636
-0.214135035872459
-0.369628071784973
-0.890391170978546
-1.22507870197296
-0.937698543071747
-0.701161801815033
-0.572715163230896
-0.206011563539505
0.361103177070618
1.09393703937531
1.18788266181946
0.522712707519531
0.244220584630966
0.676772177219391
1.26711058616638
1.34012627601624
0.750743687152863
0.308443903923035
0.842204570770264
1.9117329120636
2.1984441280365
1.66850626468658
1.32263696193695
1.35627770423889
1.49800860881805
1.28737151622772
0.866097152233124
1.09670853614807
1.50632321834564
1.32435727119446
1.11180865764618
1.41639149188995
2.01284646987915
1.92606842517853
0.858069241046905
-0.0571128763258457
0.213542491197586
1.25755345821381
1.68207716941834
1.25201046466827
0.671993672847748
0.363970279693604
0.558742761611938
0.887504935264587
1.02503073215485
0.98125946521759
0.892092287540436
1.2144513130188
1.68226838111877
1.54569828510284
0.722741544246674
-0.131848931312561
-0.0979214385151863
0.768328666687012
1.38552224636078
0.896106243133545
-0.402313143014908
-1.16028201580048
-0.587624132633209
0.770526766777039
1.5132999420166
0.628604710102081
-0.947446703910828
-1.35094487667084
-0.3098965883255
0.61942994594574
0.00529459211975336
-1.59159123897552
-2.42467832565308
-1.74125444889069
-0.744646310806274
-0.609318614006042
-0.861720025539398
-1.20711147785187
-1.40714025497437
-1.05477225780487
-0.601099610328674
-0.572332918643951
-1.12406075000763
-1.9819962978363
-2.28877711296082
-1.72863912582397
-1.09395611286163
-1.09844791889191
-1.47356176376343
-1.66422462463379
-1.46161544322968
-0.749998271465302
-0.101075261831284
-0.134047046303749
-0.876246750354767
-1.74584186077118
-1.68935966491699
-1.03441572189331
-0.957768321037293
-1.65657901763916
-2.07986044883728
-1.49544739723206
-0.564687252044678
-0.213657185435295
-0.456405997276306
-0.44340842962265
-0.0498495288193226
0.0440006032586098
-0.406231552362442
-1.07598888874054
-1.18006503582001
-0.770832598209381
-0.575677871704102
-0.430984258651733
0.0366416834294796
0.800153613090515
1.24598944187164
0.856253385543823
0.373240619897842
0.507421433925629
1.04185116291046
1.24140214920044
0.803116261959076
0.342944800853729
0.47062686085701
1.14812541007996
1.67796766757965
1.66640365123749
1.72862005233765
1.98379302024841
1.8577356338501
1.30333173274994
0.700951516628265
0.686520397663116
1.28402650356293
1.43091821670532
1.00534319877625
0.973996162414551
1.53891277313232
1.91440880298614
1.38494884967804
0.252439647912979
-0.23315355181694
0.542782485485077
1.54158878326416
1.61489117145538
0.893525838851929
0.221952676773071
0.207521557807922
0.706781327724457
1.33353197574615
1.35388851165771
0.877470016479492
0.931085050106049
1.25239276885986
1.43091821670532
1.33859717845917
0.640359878540039
0.140717849135399
0.223290666937828
0.340555548667908
0.655077695846558
0.802829563617706
0.202551886439323
-0.482018858194351
-0.397725760936737
0.373814046382904
0.98833167552948
0.745391726493835
-0.041821613907814
-0.415501862764359
-0.36293813586235
-0.805429100990295
-1.60640454292297
-1.90984058380127
-1.32045793533325
-0.449524939060211
-0.581698775291443
-1.25852835178375
-1.26129984855652
-0.893353879451752
-0.571186065673828
-0.595843195915222
-1.02877712249756
-1.26894557476044
-1.4650559425354
-1.80977845191956
-1.73819613456726
-1.52870583534241
-1.57907140254974
-1.57448410987854
-1.50175499916077
-1.35419428348541
-0.956621468067169
-0.547102332115173
-0.485459387302399
-0.788895428180695
-1.33335995674133
-1.51312792301178
-1.22440969944
-1.31128323078156
-1.92780780792236
-2.33369541168213
-1.84733760356903
-0.73413360118866
-0.0907536596059799
-0.403173297643662
-0.748851418495178
-0.457552850246429
-0.0483204014599323
-0.134429335594177
-0.946586549282074
-1.67206144332886
-1.41172766685486
-0.778478264808655
-0.288297683000565
0.167477563023567
0.617709696292877
1.10817694664001
1.20737910270691
0.813437879085541
0.573365032672882
0.827391147613525
1.07635200023651
0.785913586616516
0.227878049015999
0.0912123769521713
0.836374759674072
1.83852601051331
2.01093506813049
1.65053904056549
1.71017491817474
2.0473473072052
1.96983969211578
1.30237603187561
0.693783760070801
0.831691801548004
1.21588480472565
1.14583170413971
1.0411821603775
1.44554042816162
2.01504445075989
1.8355633020401
0.807894766330719
-0.0540546253323555
0.125522151589394
1.04424035549164
1.49886882305145
1.13426768779755
0.596110761165619
0.284933567047119
0.43994876742363
0.891901195049286
1.17201805114746
1.09814214706421
0.914264619350433
1.01394462585449
1.27685868740082
1.22056782245636
0.686233699321747
0.24316930770874
0.399809181690216
0.626597762107849
0.559794068336487
0.288182973861694
0.00577244395390153
-0.0169733110815287
0.286749422550201
0.82051008939743
1.00496089458466
0.657849252223969
-0.0170688815414906
-0.703837752342224
-0.639614462852478
-0.256472736597061
-0.610847771167755
-1.32609665393829
-1.64749991893768
-1.51312792301178
-1.13476467132568
-0.905108988285065
-0.728017091751099
-0.381765514612198
-0.361886888742447
-0.925943374633789
-1.22813701629639
-1.05849945545197
-1.07484209537506
-1.45846164226532
-1.93660032749176
-2.02834796905518
-1.62379837036133
-1.15177619457245
-1.00364208221436
-1.12004685401916
-1.13476467132568
-0.952416360378265
-0.611899018287659
-0.355388075113297
-0.721231579780579
-1.33555805683136
-1.49047768115997
-1.40178835391998
-1.4219536781311
-1.72672772407532
-1.79792761802673
-1.19000434875488
-0.512505829334259
-0.29517874121666
-0.45353889465332
-0.395909935235977
-0.0578774400055409
-0.191962704062462
-0.967325329780579
-1.65868163108826
-1.53549134731293
-0.916673004627228
-0.56334924697876
-0.423529773950577
0.0183877367526293
0.938826262950897
1.53164947032928
1.15376400947571
0.540106534957886
0.424753069877625
0.800440311431885
1.00352740287781
0.623443901538849
0.226348921656609
0.448358952999115
1.16848194599152
1.65436184406281
1.58287513256073
1.4915097951889
1.784050822258
1.96477448940277
1.63486540317535
1.14707410335541
1.02359712123871
1.31508684158325
1.32215905189514
0.789545297622681
0.732011914253235
1.53595006465912
2.07296013832092
1.52753984928131
0.319338917732239
-0.288488805294037
0.471869260072708
1.52419495582581
1.62549948692322
0.922865986824036
0.196722105145454
0.211726650595665
0.834750056266785
1.35971832275391
1.41008388996124
1.07501399517059
1.02436172962189
1.22343492507935
1.16427683830261
0.809328317642212
0.31656739115715
0.155913531780243
0.294012755155563
0.392641425132751
0.643322587013245
0.702385067939758
0.235428109765053
-0.269852578639984
-0.219678118824959
0.409844070672989
0.749883532524109
0.27910378575325
-0.296803444623947
-0.359306484460831
-0.16195359826088
-0.406040400266647
-1.17175042629242
-1.7584570646286
-1.57295501232147
-1.15024709701538
-1.31004083156586
-1.33039724826813
-0.845759809017181
-0.557328343391418
-0.603011012077332
-0.864587187767029
-0.943146049976349
-0.740250051021576
-1.09290480613708
-2.06600260734558
-2.51661705970764
-2.13137269020081
-1.54371047019958
-1.03594493865967
-1.01272130012512
-1.36967670917511
-1.22507870197296
-0.662646889686584
-0.249878376722336
-0.427065879106522
-1.37483751773834
-1.968998670578
-1.72319161891937
-1.47776687145233
-1.67215704917908
-1.9489289522171
-1.6622177362442
-0.866498589515686
-0.207922965288162
-0.13710530102253
-0.266507625579834
-0.2288528829813
-0.290304660797119
-0.607789516448975
-1.24801564216614
-1.50557780265808
-0.964744925498962
-0.535251557826996
-0.34640446305275
0.00453002890571952
0.673236072063446
1.49170100688934
1.52763545513153
0.816209435462952
0.432303130626678
0.633765518665314
0.886262536048889
0.801587164402008
0.391494572162628
0.309973031282425
1.10731685161591
1.89739727973938
1.96410548686981
1.709601521492
1.54808747768402
1.6107816696167
1.49552381038666
0.994065940380096
0.863994598388672
1.20757019519806
1.23069822788239
0.959660589694977
0.912448823451996
1.46398556232452
2.2373411655426
1.89491248130798
0.527395665645599
-0.397725760936737
-0.26755890250206
0.623730659484863
1.41180408000946
1.43388092517853
1.02225923538208
0.706303477287293
0.762212157249451
1.06994879245758
1.19294786453247
0.903847455978394
0.558551609516144
0.603182971477509
0.812864422798157
0.777694523334503
0.450939357280731
0.392736971378326
0.846122920513153
1.13818609714508
1.07100009918213
0.581584095954895
-0.290973633527756
-0.594505250453949
-0.119998201727867
0.5096195936203
0.90614116191864
0.403918713331223
-0.523305296897888
-0.392660558223724
0.34906131029129
0.288947522640228
-0.64534866809845
-1.97597527503967
-2.40174150466919
-1.16142880916595
-0.381287664175034
-0.926803469657898
-1.2374073266983
-1.18092513084412
-0.775897860527039
-0.222067385911942
-0.458890825510025
-0.866307437419891
-1.02887272834778
-1.60439765453339
-1.97129237651825
-1.85393190383911
-1.96995437145233
-1.87046563625336
-1.41813087463379
-1.1507248878479
-0.844708502292633
-0.47628465294838
-0.312859266996384
-0.271381705999374
-0.838974297046661
-1.59053993225098
-1.592738032341
-1.5676029920578
-1.87782454490662
-2.10719347000122
-1.90343737602234
-1.00268638134003
-0.115888670086861
-0.0324557162821293
-0.326716959476471
-0.364753991365433
-0.337707579135895
-0.572428464889526
-1.29895460605621
-2.0698254108429
-1.8078670501709
-1.02858591079712
-0.592593789100647
-0.170268222689629
0.393214821815491
1.23041152954102
1.71304202079773
1.0884895324707
0.270024597644806
0.0667463541030884
0.288947522640228
0.45160835981369
0.256740301847458
0.0609165616333485
0.579577088356018
1.59138095378876
2.01858067512512
1.78672683238983
1.5831618309021
1.67682087421417
1.88602447509766
1.66907966136932
1.05714237689972
0.746347427368164
0.743098080158234
0.641602277755737
0.604616582393646
1.17612755298614
2.20245814323425
2.52166318893433
1.56997311115265
0.222717240452766
-0.261060118675232
0.365499407052994
0.968930900096893
0.858929395675659
0.573556184768677
0.60222727060318
0.920094430446625
1.30486083030701
1.40759909152985
1.17584085464478
1.03382325172424
1.11888086795807
0.96443909406662
0.479419320821762
-0.116175383329391
-0.44216600060463
0.150752738118172
1.09957563877106
1.39928436279297
1.03869724273682
0.160883203148842
-0.468161165714264
-0.0919960737228394
0.628795862197876
1.00591659545898
0.644851684570312
-0.462713658809662
-1.06547617912292
-0.53611171245575
0.165948435664177
0.256740301847458
-0.588101983070374
-1.75769257545471
-1.95944166183472
-1.69452047348022
-1.61634385585785
-1.00908958911896
-0.433182388544083
-0.46548518538475
-0.686826229095459
-1.07264387607574
-0.980800747871399
-0.486128389835358
-0.829130530357361
-1.84064757823944
-2.50447964668274
-2.57032752037048
-1.93860733509064
-0.998194575309753
-0.889913320541382
-1.38783514499664
-1.25231623649597
-0.618588984012604
0.0472499951720238
-0.0359918214380741
-1.24428832530975
-1.90687787532806
-1.68171405792236
-1.48866188526154
-1.51800203323364
-1.79343581199646
-1.65055811405182
-0.92164272069931
-0.36848121881485
-0.160042196512222
-0.0264347791671753
0.0172408912330866
-0.218531280755997
-0.829990684986115
-1.55737698078156
-1.60630905628204
-0.97965395450592
-0.67602676153183
-0.595078647136688
-0.1416926831007
0.786009192466736
1.83240950107574
1.80450284481049
0.823186039924622
0.262570112943649
0.351832866668701
0.618952095508575
0.577283442020416
0.18945874273777
0.247852265834808
1.0227370262146
1.68637788295746
1.8188384771347
1.847700715065
2.03090906143188
2.15601086616516
1.81281757354736
1.02875792980194
0.547943294048309
0.556544661521912
0.460591971874237
0.369800090789795
0.787442743778229
1.76417219638824
2.55071663856506
2.15792226791382
0.951919376850128
-0.0188847184181213
-0.133186921477318
0.387193888425827
0.688814103603363
0.517838656902313
0.364065855741501
0.666068315505981
1.12872457504272
1.50565421581268
1.60848796367645
1.23423433303833
1.14210450649261
1.2521059513092
0.761352002620697
0.0995270013809204
-0.434902667999268
-0.244335293769836
0.674956381320953
0.937583804130554
0.570689082145691
0.378019154071808
0.31350913643837
0.483911156654358
0.864950299263
0.897061944007874
0.350399285554886
-0.540125668048859
-1.20109057426453
-0.847097754478455
0.116347394883633
0.120743632316589
-0.837254047393799
-1.72357392311096
-1.8476243019104
-0.913519203662872
-0.483547985553741
-1.01281690597534
-1.11001193523407
-1.03049743175507
-1.01577949523926
-1.09567642211914
-1.25499224662781
-0.801128447055817
-0.429168432950974
-0.976404547691345
-1.90085697174072
-2.20687341690063
-1.78378319740295
-1.18962204456329
-0.90864509344101
-1.34836447238922
-1.65724802017212
-1.15273189544678
-0.440923601388931
-0.0723085701465607
-0.756401479244232
-1.75109815597534
-1.86511361598969
-1.56072199344635
-1.3533341884613
-1.56817638874054
-1.745077252388
-1.20739817619324
-0.523305296897888
-0.269661456346512
-0.324805557727814
-0.368959099054337
-0.432131111621857
-0.762326836585999
-1.33966755867004
-1.71774411201477
-1.35199618339539
-0.769399046897888
-0.561820149421692
-0.267176598310471
0.429913878440857
1.46838176250458
2.01150846481323
1.35914480686188
0.484484553337097
0.281875312328339
0.520801305770874
0.589612007141113
0.145591929554939
-0.205629274249077
0.410704225301743
1.59587275981903
2.21449995040894
2.10201358795166
1.89739727973938
2.06951951980591
2.41089701652527
1.99315881729126
0.895437300205231
0.333292186260223
0.368270963430405
0.497386574745178
0.861414194107056
1.48195278644562
2.24584698677063
2.44396448135376
1.52973794937134
0.507803738117218
0.261136531829834
0.515544950962067
0.673713982105255
0.469671159982681
0.303952097892761
0.57126247882843
1.06325888633728
1.3291357755661
1.33983957767487
1.33238518238068
1.34968340396881
1.57341372966766
1.68331968784332
1.01375341415405
-0.154690250754356
-0.927090227603912
-0.632159948348999
0.529498219490051
1.32569515705109
1.06612598896027
0.416438430547714
0.153524279594421
0.466135054826736
1.02703773975372
1.12815117835999
0.224819794297218
-1.09137570858002
-1.42940819263458
-0.456597149372101
0.634912371635437
0.335012465715408
-1.27104806900024
-2.37316584587097
-1.73351323604584
-0.410054355859756
0.00777942221611738
-0.445702105760574
-1.29494071006775
-1.9329686164856
-1.59904563426971
-0.726392388343811
-0.114168405532837
-0.328246086835861
-1.51532602310181
-2.47810220718384
-2.06495141983032
-0.968758881092072
-0.471219420433044
-0.971817135810852
-1.90573108196259
-2.19913220405579
-1.31596612930298
-0.0560616031289101
0.302709668874741
-0.709380865097046
-2.14092993736267
-2.37048983573914
-1.384681224823
-0.590013384819031
-1.01358139514923
-1.91796410083771
-1.79200232028961
-0.771119296550751
0.0552779100835323
0.0938883498311043
-0.399541616439819
-0.782301068305969
-0.914092659950256
-1.08889091014862
-1.32552313804626
-1.15808391571045
-0.79548978805542
-0.759746432304382
-0.615339577198029
0.032818865031004
1.11343336105347
1.88850927352905
1.41648709774017
0.469671159982681
0.249859243631363
0.682506442070007
0.970268905162811
0.536474883556366
-0.141883820295334
-0.0860707089304924
0.902222752571106
1.94652056694031
2.24470019340515
2.02211666107178
1.85467731952667
1.86022043228149
1.61192858219147
0.96443909406662
0.528255820274353
0.527873516082764
0.559316158294678
0.597735464572906
1.01509141921997
2.03597450256348
2.88511729240417
2.34963655471802
0.737650573253632
-0.469307988882065
-0.426396906375885
0.488116234540939
1.08954071998596
0.843542575836182
0.488498508930206
0.599073469638824
1.25994277000427
1.76264309883118
1.62406599521637
1.33142948150635
1.10511875152588
1.03430104255676
1.10865485668182
0.615989446640015
-0.0643762275576591
0.162985742092133
0.717102885246277
1.01786291599274
0.911779820919037
0.118927791714668
-0.329679638147354
0.0321498736739159
0.445300698280334
0.877087771892548
0.888842940330505
-0.0531944930553436
-0.933684587478638
-0.828652679920196
-0.245290994644165
-0.117226660251617
-0.776375710964203
-1.5952228307724
-1.37053680419922
-0.509925425052643
-0.685966074466705
-1.51962661743164
-1.65141820907593
-1.05830836296082
-0.390080153942108
-0.448569238185883
-1.15636360645294
-1.51523041725159
-1.39251804351807
-1.35314309597015
-1.50586450099945
-1.7596994638443
-1.97922468185425
-1.80213272571564
-1.24285483360291
-0.858757376670837
-0.768252193927765
-0.725341081619263
-0.730884194374084
-0.848244607448578
-1.36270010471344
-1.77221918106079
-1.61213886737823
-1.54103446006775
-1.74545955657959
-1.94061422348022
-1.56196439266205
-0.588579833507538
-0.0818656086921692
-0.400210618972778
-0.852067470550537
-0.767774343490601
-0.363129287958145
-0.438629895448685
-1.14193248748779
-1.68974196910858
-1.33335995674133
-0.559813141822815
-0.0683901831507683
0.212300077080727
0.531409621238708
1.16150522232056
1.52180564403534
1.02732443809509
0.447403252124786
0.3199123442173
0.470435708761215
0.535136878490448
0.212204501032829
0.0958953276276588
0.890563189983368
1.99573922157288
2.41118383407593
2.23801016807556
2.13211822509766
2.28980946540833
2.23867917060852
1.38332414627075
0.33185863494873
0.087485134601593
0.333196640014648
0.563425719738007
0.96415239572525
1.68656897544861
2.5642876625061
2.61226391792297
1.45614874362946
0.377158999443054
0.166808560490608
0.529593765735626
0.901553809642792
0.708788275718689
0.456578016281128
0.633574366569519
0.969504356384277
1.33400988578796
1.43703472614288
1.23652803897858
1.12394607067108
1.19791758060455
1.1541463136673
0.690534353256226
-0.155454814434052
-0.577302575111389
-0.0512830838561058
0.76928436756134
1.18826496601105
1.1386638879776
0.77291601896286
0.607388079166412
0.731534063816071
0.713853538036346
0.443867146968842
-0.310565561056137
-1.32217824459076
-1.53854966163635
-0.657103836536407
0.295541882514954
0.214402616024017
-0.809634208679199
-1.53415334224701
-1.22469639778137
-0.934831380844116
-1.20548677444458
-1.1452773809433
-0.833717942237854
-0.555416941642761
-0.594791948795319
-1.19105565547943
-1.28863298892975
-0.988446414470673
-1.16974341869354
-1.48636817932129
-1.77403509616852
-2.08588123321533
-2.04593276977539
-1.66240882873535
-1.27018797397614
-0.985961556434631
-0.896794378757477
-1.01702189445496
-0.730979740619659
-0.488517642021179
-0.990740120410919
-1.31424593925476
-1.44756662845612
-1.69633638858795
-1.80089032649994
-1.74976015090942
-1.19038665294647
-0.500272810459137
-0.486128389835358
-0.822631776332855
-0.766627490520477
-0.360931158065796
-0.282372295856476
-0.919062316417694
-1.67664885520935
-1.50175499916077
-0.624992191791534
-0.114550687372684
-0.0459311418235302
0.117398671805859
0.85118818283081
1.65703773498535
1.37061333656311
0.488880813121796
0.0666507855057716
0.0521240867674351
0.14865018427372
0.0622545480728149
-0.0609356947243214
0.415387153625488
1.40291607379913
2.10593199729919
2.17044186592102
2.07974553108215
2.23600316047668
2.38987159729004
2.0042450428009
0.952014923095703
0.141386836767197
0.202743038535118
0.481617450714111
0.642175734043121
1.07262480258942
1.87828326225281
2.46059370040894
1.9958348274231
0.756573498249054
-0.0683901831507683
0.114244848489761
0.819841086864471
1.24493825435638
1.19333016872406
1.13254737854004
1.22066330909729
1.31680715084076
1.22773551940918
1.00658559799194
0.962049841880798
1.10263395309448
1.09623062610626
0.746729731559753
0.288660824298859
0.0128446538001299
0.384422361850738
1.14927220344543
1.06258988380432
0.184871375560761
-0.252841055393219
0.213924765586853
1.08256411552429
1.31623375415802
0.660620808601379
-0.145515501499176
-0.684054672718048
-0.639423310756683
-0.0934296250343323
0.223577380180359
-0.527892649173737
-1.90898048877716
-2.32566738128662
-1.49238908290863
-0.335509449243546
-0.182787954807282
-1.08449470996857
-1.4583660364151
-1.01749980449677
-0.33417147397995
-0.0175467338413
-0.641525864601135
-1.42252719402313
-1.8852790594101
-2.3285346031189
-2.17265915870666
-1.61166095733643
-1.44555962085724
-1.42912149429321
-1.42310059070587
-1.33871185779572
-0.791475832462311
-0.271859556436539
-0.424772202968597
-0.94916695356369
-1.76170647144318
-2.12496948242187
-1.36136209964752
-0.783447921276093
-1.13677167892456
-1.66508483886719
-1.62360727787018
-0.765289545059204
0.101438410580158
-0.0939074829220772
-0.887046217918396
-1.21198558807373
-1.08430349826813
-0.944101750850678
-1.10150623321533
-1.33689606189728
-1.00115728378296
-0.416553139686584
-0.0428728871047497
0.41748970746994
1.05656898021698
1.66850626468658
1.579434633255
0.528351366519928
-0.267272174358368
-0.0953410342335701
0.36100760102272
0.399426907300949
0.000133790526888333
-0.0681990459561348
0.900406956672668
2.27872323989868
2.79939079284668
2.46508550643921
2.12590622901917
1.93639004230499
1.73081815242767
1.22754442691803
0.517169654369354
0.385186910629272
0.594294965267181
0.583782196044922
0.886071383953095
1.60332715511322
2.22501254081726
2.11109280586243
1.06822860240936
0.132881075143814
0.107363775372505
0.597353219985962
0.921623587608337
0.922961533069611
0.959469437599182
1.19103646278381
1.49772191047668
1.60686326026917
1.33659017086029
0.944273769855499
0.716147184371948
0.847269773483276
0.97428286075592
0.541635692119598
-0.157461792230606
-0.438056468963623
0.113862566649914
0.967306196689606
1.25936937332153
1.06106078624725
0.682028591632843
0.374769747257233
0.468906581401825
0.828251302242279
0.857686996459961
0.0159029066562653
-1.17213273048401
-1.40628015995026
-0.346595615148544
0.648961246013641
0.0501171089708805
-1.50997400283813
-2.1740927696228
-1.26732087135315
-0.112161427736282
-0.378802835941315
-1.29914581775665
-1.52134692668915
-1.08975100517273
-0.248731523752213
0.156486958265305
-0.393042832612991
-1.25403654575348
-2.10432624816895
-2.38778805732727
-1.57543981075287
-0.94219034910202
-1.25136053562164
-1.85985732078552
-2.0958206653595
-1.54915797710419
-0.627190291881561
-0.251694202423096
-0.630535244941711
-1.32657444477081
-1.80480873584747
-1.44441282749176
-0.653472185134888
-0.664749443531036
-1.63956749439239
-2.37029886245728
-1.85918831825256
-0.556754887104034
0.0881541296839714
-0.48115873336792
-1.12673676013947
-1.09768331050873
-0.77484655380249
-0.684532523155212
-1.02705681324005
-1.16420030593872
-0.845281958580017
-0.642481565475464
-0.349940568208694
0.361867755651474
1.23002922534943
1.6405041217804
1.0118420124054
0.130300670862198
0.128484830260277
0.641506731510162
0.733349859714508
0.172447219491005
-0.364371716976166
0.0577627420425415
1.40482747554779
2.54870963096619
2.64380216598511
2.16556787490845
1.85391283035278
1.88736248016357
1.69106078147888
0.795757353305817
0.169197827577591
0.340077698230743
0.66731071472168
0.977245509624481
1.41161298751831
2.08442854881287
2.60471391677856
2.05203032493591
0.836661458015442
0.184202373027802
0.313317984342575
0.624973058700562
0.623252809047699
0.479897201061249
0.687189400196075
1.2148334980011
1.63639461994171
1.68733358383179
1.46293425559998
1.34098649024963
1.48300409317017
1.45710444450378
0.89945125579834
-0.0729775652289391
-0.892876029014587
-0.591064691543579
0.719874441623688
1.64910542964935
1.36507022380829
0.30146723985672
-0.310756713151932
0.282639890909195
1.17163574695587
0.971415758132935
-0.237645357847214
-1.24036991596222
-1.05830836296082
0.265054941177368
1.19581508636475
0.140622273087502
-1.91987550258636
-2.86095714569092
-1.91347229480743
-0.0190758593380451
0.512773394584656
-0.655956983566284
-1.74182784557343
-1.87983155250549
-1.03976774215698
-0.0393367819488049
-0.0755579620599747
-1.04798674583435
-1.98247408866882
-2.14016532897949
-1.32972824573517
-0.571377158164978
-0.783161163330078
-1.5676029920578
-2.17581295967102
-2.02595853805542
-1.0502804517746
-0.117226660251617
-0.165107429027557
-1.08994221687317
-2.08377861976624
-1.93650472164154
-0.738338649272919
-0.257046163082123
-1.09204471111298
-2.14589953422546
-2.18565678596497
-1.01434600353241
0.0561380423605442
-0.16348272562027
-0.96608293056488
-1.2147570848465
-0.836776196956634
-0.364562839269638
-0.483739137649536
-0.987968564033508
-1.07694458961487
-0.918393313884735
-0.677651464939117
-0.0841592997312546
0.734305560588837
1.40702557563782
1.25468635559082
0.456386864185333
0.227304622530937
0.760205149650574
1.13082718849182
0.693974852561951
-0.117226660251617
-0.233249112963676
0.76957106590271
2.07515835762024
2.54679822921753
2.26161599159241
1.906285405159
1.60237145423889
1.31116855144501
0.790500998497009
0.315898388624191
0.523955166339874
0.77291601896286
0.689674198627472
0.938252806663513
1.58086812496185
2.28464865684509
2.29974865913391
1.34136879444122
0.463267922401428
0.327080130577087
0.470340132713318
0.495092868804932
0.487542808055878
0.53695273399353
0.844115972518921
1.30629444122314
1.4684773683548
1.45920705795288
1.30294942855835
1.11486685276031
1.37749433517456
1.34452259540558
0.499584674835205
-0.318689048290253
-0.514703929424286
0.0793616473674774
0.928313493728638
1.14802980422974
0.895437300205231
0.707068026065826
0.315707236528397
0.0621589794754982
0.440617740154266
0.305194497108459
-0.600717306137085
-1.01941120624542
-0.73709625005722
0.142915964126587
0.72513085603714
-0.316204220056534
-1.78989970684052
-2.17476177215576
-1.37531542778015
-0.307602882385254
-0.266412049531937
-0.916959762573242
-1.29245579242706
-1.14565968513489
-1.00450217723846
-1.2214469909668
-1.17977833747864
-1.1109676361084
-1.45368313789368
-1.77116799354553
-1.61892426013947
-1.18360114097595
-0.940565645694733
-1.0569703578949
-1.51723742485046
-1.77852690219879
-1.39127564430237
-0.857419371604919
-0.585712730884552
-0.95260751247406
-1.64396381378174
-1.64969801902771
-1.16678071022034
-0.97984504699707
-1.41593277454376
-1.87142133712769
-1.63450229167938
-0.976213395595551
-0.480585306882858
-0.443312853574753
-0.490142345428467
-0.331399917602539
-0.360835611820221
-0.80925190448761
-1.26770305633545
-1.17203712463379
-0.832571089267731
-0.812979161739349
-0.797592341899872
-0.256472736597061
0.954690933227539
1.92616403102875
1.54770529270172
0.437177211046219
-0.0473646968603134
0.397706657648087
0.864185750484467
0.609203934669495
0.127242416143417
0.279772788286209
1.24532055854797
2.21669793128967
2.3729555606842
2.24670720100403
2.2252037525177
1.93419194221497
1.29989123344421
0.379643827676773
-0.0268170610070229
0.421503663063049
0.730865061283112
0.773585021495819
1.19409477710724
2.12839102745056
2.88721990585327
2.43383407592773
1.10511875152588
0.180761843919754
0.172733932733536
0.413475751876831
0.288565248250961
0.162603467702866
0.383179932832718
0.901840507984161
1.41132628917694
1.58966064453125
1.56232750415802
1.42776441574097
1.37462723255157
1.35742461681366
0.91321337223053
0.00223633926361799
-0.844899654388428
-0.815368413925171
0.190223306417465
1.13856840133667
1.23509442806244
0.612071037292481
-0.0019687581807375
0.102202974259853
0.736121416091919
0.982215225696564
0.322779446840286
-0.821676075458527
-1.43676710128784
-0.822058320045471
0.0981890186667442
-0.268227875232697
-1.46610724925995
-1.97282147407532
-1.16448712348938
0.0952263325452805
0.0962776094675064
-0.817566514015198
-1.31472373008728
-1.35104048252106
-1.01558840274811
-0.740058958530426
-1.09061110019684
-1.68324315547943
-1.9978609085083
-1.7848345041275
-0.969332337379456
-0.38358137011528
-0.709285259246826
-1.4608508348465
-1.94749534130096
-1.82975256443024
-1.17366182804108
-0.689119935035706
-0.793004930019379
-1.20357537269592
-1.69729208946228
-1.55192947387695
-0.837062895298004
-0.723142981529236
-1.38181412220001
-2.11952209472656
-2.05596780776978
-1.06480717658997
-0.382530093193054
-0.656817138195038
-0.988541960716248
-0.7169309258461
-0.191389292478561
-0.0657142102718353
-0.651656329631805
-1.2001348733902
-1.05295646190643
-0.842605948448181
-0.802944242954254
-0.428308308124542
0.436125934123993
1.37042212486267
1.43598341941834
0.617614150047302
0.0605342835187912
0.237721800804138
0.543547093868256
0.460878670215607
0.256071329116821
0.437655061483383
1.16991543769836
1.89644157886505
1.91937851905823
1.72298133373261
1.87598955631256
1.9908652305603
1.71065270900726
0.810570776462555
-0.0821523219347
0.100195996463299
0.692254602909088
0.868199706077576
0.986993730068207
1.41591370105743
2.15209245681763
2.38432860374451
1.53661906719208
0.414335906505585
0.120839200913906
0.570689082145691
0.902413904666901
0.74223792552948
0.429149299860001
0.579194843769074
1.03974854946136
1.23165392875671
1.29425251483917
1.21722280979156
1.11486685276031
1.25879597663879
1.02732443809509
0.304429948329926
-0.296516716480255
-0.343824058771133
0.321441471576691
0.845645070075989
0.551670551300049
0.300415992736816
0.675147533416748
0.978487968444824
0.918469727039337
0.630325019359589
-0.0724041387438774
-0.681760966777801
-0.840694546699524
-0.792622685432434
-0.365900844335556
-0.391895979642868
-1.32342064380646
-1.64577960968018
-0.789851129055023
0.373718470335007
0.485726982355118
-0.866116285324097
-2.03197956085205
-1.86406242847443
-0.936456084251404
-0.311330139636993
-0.640474557876587
-1.55403196811676
-2.09878325462341
-1.90018796920776
-1.20328867435455
-0.695714294910431
-1.10446882247925
-1.96163976192474
-2.37364363670349
-2.04985117912292
-1.24505293369293
-0.536685109138489
-0.39246940612793
-0.721518278121948
-1.26665186882019
-1.4738484621048
-0.964649379253387
-0.707278311252594
-1.36872100830078
-2.29116654396057
-2.54070091247559
-1.61443245410919
-0.360835611820221
-0.191484853625298
-0.757548332214355
-0.86391818523407
-0.41081890463829
0.0828021839261055
-0.0961055979132652
-0.848913609981537
-1.08984661102295
-0.821484923362732
-0.564973950386047
-0.22856616973877
0.266584068536758
1.02187693119049
1.45012784004211
0.919043183326721
0.182864397764206
0.131734222173691
0.668170869350433
0.785149037837982
0.142438113689423
-0.171606212854385
0.611019790172577
1.91144621372223
2.44396448135376
1.90580749511719
1.40874588489532
1.70405840873718
2.27098202705383
1.97509610652924
0.751986086368561
-0.115888670086861
-0.0443064458668232
0.407645970582962
0.905376613140106
1.48548889160156
2.10144019126892
2.26534342765808
1.61326658725739
0.838668465614319
0.772151470184326
1.13942849636078
1.09603953361511
0.540202081203461
0.0431404709815979
0.0357815474271774
0.607579231262207
1.18530225753784
1.39574825763702
1.45997166633606
1.3328629732132
1.34366238117218
1.57666301727295
1.2675883769989
0.214880466461182
-0.836489498615265
-0.894978582859039
0.0931237861514092
0.894003689289093
0.766990661621094
0.406212419271469
0.478941470384598
0.679065883159638
0.882917523384094
0.959947288036346
0.383848935365677
-0.586955189704895
-1.41430807113647
-1.43638479709625
-0.482783436775207
-0.225316777825356
-1.19334936141968
-1.83577358722687
-1.40236175060272
-0.240703612565994
0.567821979522705
0.153906553983688
-0.946491003036499
-1.76734519004822
-1.94682633876801
-1.34521067142487
-0.565069556236267
-0.6518474817276
-1.4608508348465
-2.1598527431488
-1.9556188583374
-0.909314095973969
-0.346308887004852
-0.891920328140259
-1.8371114730835
-2.27730870246887
-1.74134993553162
-0.742543756961822
-0.265074074268341
-0.619831383228302
-1.47814917564392
-1.88508784770966
-1.3834388256073
-0.761848986148834
-0.964458227157593
-1.81254994869232
-2.14828872680664
-1.52641212940216
-0.576442420482636
-0.328723937273026
-0.75095397233963
-0.872615098953247
-0.728303790092468
-0.782301068305969
-0.989593267440796
-0.963215827941895
-0.575773417949677
-0.409289807081223
-0.594791948795319
-0.404893547296524
0.601271569728851
1.62072098255157
1.4040629863739
0.258460581302643
-0.47934290766716
-0.149625018239021
0.572313785552978
0.631471812725067
0.27050244808197
0.307679325342178
1.02283263206482
2.020587682724
2.36559677124023
2.08328175544739
1.87876105308533
1.88229715824127
1.77965462207794
1.0533195734024
0.247183263301849
0.337879568338394
0.785913586616516
0.921910285949707
0.983362019062042
1.48577558994293
2.40210461616516
2.5529146194458
1.41830289363861
0.149605885148048
0.111951157450676
1.05265057086945
1.53518557548523
1.08485782146454
0.302422970533371
0.0756344050168991
0.650585889816284
1.31451344490051
1.61307537555695
1.40673887729645
1.03143393993378
0.951632678508759
0.918087482452393
0.670560121536255
0.151326164603233
-0.124776721000671
0.152568578720093
0.399713635444641
0.49117448925972
0.597926616668701
0.734783411026001
0.998271048069
1.08648252487183
0.859024941921234
0.366359561681747
-0.372399628162384
-0.748755872249603
-0.487179666757584
-0.225699052214622
-0.644392967224121
-1.63985419273376
-2.08970403671265
-1.11995124816895
0.581297397613525
0.980399370193481
-0.455259144306183
-1.93583571910858
-2.25542306900024
-1.36059749126434
-0.246437832713127
-0.347073465585709
-1.30898952484131
-2.10900926589966
-2.18269419670105
-1.0833477973938
-0.216142013669014
-0.83658504486084
-1.9987211227417
-2.75697660446167
-2.43251514434814
-1.2566169500351
-0.42438992857933
-0.472366243600845
-1.06862998008728
-1.6843900680542
-1.521155834198
-0.547484576702118
-0.26077339053154
-1.18780624866486
-2.38148045539856
-2.71951293945313
-1.4805383682251
0.0285181980580091
0.0335834287106991
-0.848340213298798
-1.25967514514923
-0.794056236743927
-0.000344061467330903
-0.0841592997312546
-0.890677869319916
-1.19076895713806
-0.925178825855255
-0.475997924804687
0.0122712310403585
0.452468484640121
1.00591659545898
1.18816936016083
0.702576220035553
0.312171131372452
0.422172665596008
0.652210593223572
0.457820415496826
-0.104706935584545
-0.217097729444504
0.621532499790192
1.7154313325882
2.04801630973816
1.80737006664276
1.81721377372742
2.21325755119324
2.39570140838623
1.53270065784454
0.11242900788784
-0.35099184513092
0.157538235187531
0.689005196094513
1.12815117835999
1.54416918754578
2.05375051498413
2.38107919692993
1.83900380134583
0.895628392696381
0.494710594415665
0.631471812725067
0.856922388076782
0.871831357479095
0.578143537044525
0.35794934630394
0.672853827476502
1.05494427680969
1.3224458694458
1.46876406669617
1.19524157047272
1.19552826881409
1.29215002059937
0.698562264442444
0.0102642523124814
-0.250738501548767
0.109753035008907
0.747303187847137
0.567152976989746
0.0588140152394772
0.511148691177368
1.22047221660614
1.12136566638947
0.635007917881012
0.184297949075699
-0.078902930021286
-0.147618040442467
-0.549395978450775
-0.796732187271118
-0.488708794116974
-0.647260069847107
-1.12931716442108
-1.20701587200165
-0.808487355709076
-0.190242439508438
-0.209165379405022
-0.704220056533814
-0.93205988407135
-1.02285170555115
-1.13830077648163
-1.30335080623627
-1.36910331249237
-1.18388783931732
-0.995040774345398
-1.23874533176422
-1.44460391998291
-1.27439308166504
-1.25441884994507
-1.27324616909027
-1.31653952598572
-1.62150466442108
-1.59407603740692
-1.2507871389389
-1.01157438755035
-0.940470039844513
-1.36021530628204
-1.72042012214661
-1.42768800258636
-1.06595396995544
-1.22851920127869
-1.59254693984985
-1.53482234477997
-1.08114969730377
-0.67908501625061
-0.834004640579224
-1.17022132873535
-0.983763456344605
-0.703168749809265
-0.812405705451965
-1.14890909194946
-1.12195825576782
-0.482305586338043
-0.0787117853760719
-0.185750633478165
-0.0828213170170784
0.60509443283081
1.34997010231018
1.18453776836395
0.191179022192955
-0.480203032493591
-0.129077389836311
0.50312077999115
0.540775537490845
0.250814944505692
0.312457859516144
1.15863811969757
2.19978213310242
2.42714405059814
2.15964245796204
1.92425262928009
1.73655235767365
1.27485179901123
0.217460870742798
-0.428212732076645
0.196913242340088
1.15185260772705
1.55611538887024
1.55219709873199
1.76694369316101
2.38490200042725
2.39379000663757
1.23194062709808
-0.0379987992346287
-0.424581050872803
0.0588140152394772
0.894385993480682
1.40520977973938
1.4241327047348
1.33773708343506
1.21492910385132
1.05351066589355
1.04013085365295
1.08791601657867
1.0214946269989
0.844976127147675
0.478559195995331
-0.0098055312409997
-0.244144141674042
0.27910378575325
1.2684485912323
1.50641882419586
0.774158418178558
0.0960864722728729
0.156104683876038
0.70477432012558
0.993110239505768
0.583017647266388
-0.190051302313805
-0.750571668148041
-0.80590695142746
-0.205915987491608
0.55109715461731
0.220710262656212
-1.00947189331055
-1.68630146980286
-1.38601922988892
-0.306742757558823
0.252344071865082
