% Type: Timesignal
% Date: 10-DEC-24 16:37:39
% NoOfItems: = 4096
% Unit_Y: = mm/s
% Unit_X: = Sec
% Min_X: = 0
% Max_X: = 1.60000002384186
% MinDisplay_X: = 0
% MaxDisplay_X: = 1.60000002384186
-0.798094749450684
-0.949091792106628
-0.86691278219223
-0.749043583869934
-0.544785737991333
-0.162808939814568
0.608648777008057
1.51280081272125
1.59205138683319
0.8974649310112
0.549714148044586
0.884653091430664
1.30103886127472
1.21739566326141
0.555937051773071
0.283044189214706
0.942123472690582
1.55050432682037
1.71010363101959
1.57100331783295
1.17786192893982
1.0063658952713
0.749396324157715
0.389931797981262
0.654954493045807
1.34423315525055
1.73408019542694
1.5763111114502
1.10794568061829
1.13265430927277
1.85689103603363
2.24582290649414
1.53293371200562
0.287802875041962
-0.595850169658661
-0.667779684066772
-0.112659610807896
0.543125152587891
1.15040791034698
1.86860477924347
2.47369122505188
2.5377504825592
2.24618887901306
2.17755389213562
2.42226076126099
2.15559077262878
0.951823890209198
-0.264022707939148
-0.629161059856415
0.0718313381075859
0.803938269615173
0.572592496871948
0.207820206880569
0.315989017486572
0.633357346057892
0.907897472381592
0.664837956428528
0.11960131675005
-0.0394489131867886
-0.133341625332832
-0.385186403989792
-0.48420387506485
-0.403306066989899
-0.376950204372406
-0.782903492450714
-1.40793979167938
-1.48664128780365
-0.977643966674805
-0.568213164806366
-0.924749255180359
-1.61951875686646
-1.6032292842865
-0.873501718044281
-0.387931823730469
-0.544419646263123
-0.846413791179657
-0.732205092906952
-0.330461412668228
-0.275187343358994
-0.750507771968842
-1.23461353778839
-1.53624153137207
-1.88307726383209
-2.13620328903198
-2.08696889877319
-1.74232959747314
-1.34827303886414
-1.30983746051788
-1.58108305931091
-1.6325136423111
-1.2876912355423
-1.00985670089722
-1.27103579044342
-2.01229405403137
-2.44313907623291
-2.07836675643921
-1.41233241558075
-1.07007241249084
-1.2002044916153
-1.24797439575195
-0.855016052722931
-0.574436068534851
-0.782354414463043
-1.09917366504669
-1.15023815631866
-0.917794227600098
-0.698528170585632
-0.495185494422913
0.123627908527851
1.07335364818573
1.53165256977081
1.06786286830902
0.346188426017761
0.299516588449478
0.787465870380402
1.03693127632141
0.680578231811523
0.15584060549736
0.314890831708908
0.939195036888122
1.32611358165741
1.52085399627686
1.48772621154785
1.39236927032471
1.0857994556427
0.357170015573502
0.0626800060272217
0.547151744365692
1.30360126495361
1.57942259311676
1.05706429481506
0.739695906639099
1.20348560810089
1.93138301372528
1.96872043609619
0.887581467628479
-0.357183337211609
-0.869292140007019
-0.500127196311951
0.307386755943298
0.968662321567535
1.42073833942413
1.72383069992065
1.78807306289673
1.62609434127808
1.74103510379791
2.39206123352051
2.60089468955994
1.70388078689575
0.255773216485977
-0.706947386264801
-0.321859151124954
0.544406354427338
0.514573037624359
-0.0575685612857342
-0.273723125457764
0.304824382066727
1.21684658527374
1.41909110546112
0.770444393157959
-0.0288333632051945
-0.559061825275421
-0.751788973808289
-0.740807354450226
-0.574619114398956
-0.413006484508514
-0.753070175647736
-1.42203283309937
-1.59352886676788
-0.961354553699493
-0.174888700246811
-0.223756834864616
-1.10448145866394
-1.75770390033722
-1.41727411746979
-0.830124378204346
-0.879541635513306
-1.21997129917145
-1.1976420879364
-0.628245890140534
0.0214989893138409
-0.004307780880481
-0.684252083301544
-1.24943864345551
-1.69529175758362
-2.13766741752625
-2.17116117477417
-1.96104657649994
-1.7318971157074
-1.55088365077972
-1.73171412944794
-1.94439113140106
-1.65612411499023
-1.24797439575195
-1.28659307956696
-1.67881941795349
-2.15944766998291
-2.15487194061279
-1.45497763156891
-1.05250191688538
-1.28531193733215
-1.42770671844482
-1.23918914794922
-0.787296175956726
-0.621290922164917
-1.12150299549103
-1.46650838851929
-1.20715951919556
-0.886313617229462
-0.563271403312683
-0.0639744997024536
0.672525107860565
1.40444898605347
1.41488146781921
0.709862530231476
0.302628040313721
0.59199333190918
0.936632633209229
0.921258389949799
0.571128249168396
0.416836738586426
0.805951595306397
0.915584564208984
0.729629397392273
0.77703332901001
1.00929427146912
1.33727812767029
1.06218898296356
0.303360164165497
0.150166779756546
0.776850342750549
1.58839082717896
1.78331434726715
1.26461660861969
1.0221061706543
1.36784362792969
1.60998797416687
0.990808546543121
-0.274821281433105
-1.2163108587265
-1.27359819412231
-0.511474847793579
0.479980945587158
1.30634665489197
1.93632471561432
2.06755495071411
1.71156787872314
1.39584672451019
1.76208329200745
2.35838437080383
1.98812127113342
0.71260792016983
-0.618911564350128
-0.816763460636139
0.173045128583908
0.672525107860565
0.249550297856331
-0.378780484199524
-0.482922703027725
0.332278370857239
1.06035876274109
0.914120376110077
0.289816170930862
-0.380976796150207
-0.789858520030975
-0.82024097442627
-0.617813408374786
-0.211127996444702
-0.0998477339744568
-0.842570245265961
-1.53020167350769
-1.5450267791748
-0.9190753698349
-0.467548459768295
-1.22839057445526
-2.08825016021729
-1.92023158073425
-1.08581280708313
-0.362125039100647
-0.494087308645248
-0.978193044662476
-0.803585529327393
-0.205088108778
0.00429447554051876
-0.357915431261063
-1.04298448562622
-1.78607308864594
-2.17628598213196
-2.18708467483521
-1.90485739707947
-1.37115144729614
-1.18739259243011
-1.45955336093903
-1.72292876243591
-1.75257909297943
-1.36492848396301
-1.10027182102203
-1.56699001789093
-2.25938010215759
-2.3871328830719
-1.71853613853455
-0.921271741390228
-0.842570245265961
-1.32429659366608
-1.46669137477875
-0.988076508045197
-0.587064921855927
-0.831588625907898
-1.41709113121033
-1.66527545452118
-1.37938761711121
-0.949457824230194
-0.493538230657578
0.162246540188789
0.872207224369049
1.1890264749527
0.82352215051651
0.320381641387939
0.399815261363983
0.772823750972748
0.852989435195923
0.514573037624359
0.209467440843582
0.537268340587616
0.898929178714752
0.686984181404114
0.493707954883575
0.600046515464783
1.15663075447083
1.46393263339996
0.81455385684967
0.108253657817841
0.145774140954018
0.880809485912323
1.65592777729034
1.63012099266052
1.20165538787842
1.10867774486542
1.25198769569397
1.06749677658081
0.229966431856155
-0.780890226364136
-1.14108681678772
-0.630625247955322
0.332461416721344
1.13576579093933
1.61273336410522
1.77178359031677
1.47839176654816
1.06072473526001
1.26095604896545
1.97457730770111
2.1768217086792
1.34295201301575
-0.0112627968192101
-0.538196742534637
0.181281328201294
0.841458737850189
0.494074016809463
-0.434054553508759
-0.829209268093109
-0.095272071659565
0.90679931640625
1.03766345977783
0.425255954265594
-0.163358017802238
-0.349679231643677
-0.313439935445786
-0.420327544212341
-0.645450413227081
-0.831954658031464
-1.11875760555267
-1.41727411746979
-1.32100212574005
-0.743918836116791
-0.348581075668335
-0.781988382339478
-1.64074981212616
-1.95683693885803
-1.39659214019775
-0.73403537273407
-0.753436207771301
-1.11894059181213
-1.07666146755219
-0.528679370880127
-0.165005251765251
-0.459861308336258
-1.09331679344177
-1.64093279838562
-1.93816828727722
-2.07214379310608
-2.05951499938965
-1.78460884094238
-1.46888768672943
-1.37591016292572
-1.5386209487915
-1.71396052837372
-1.5250768661499
-1.19709300994873
-1.30324852466583
-1.8711804151535
-2.36388850212097
-2.09392404556274
-1.32118511199951
-0.994299411773682
-1.27890598773956
-1.61659026145935
-1.37957072257996
-0.701090574264526
-0.483288735151291
-0.892719566822052
-1.18116962909698
-0.959890365600586
-0.506899178028107
-0.125837534666061
0.212944954633713
0.683323681354523
1.11874425411224
0.950359642505646
0.284142345190048
0.0405337698757648
0.395605623722076
0.825535416603088
0.910459816455841
0.627500534057617
0.703639626502991
1.22727906703949
1.32007372379303
1.11581587791443
0.930043697357178
1.08213889598846
1.54025483131409
1.28474950790405
0.536353170871735
0.175058424472809
0.416836738586426
1.16157257556915
1.57978856563568
1.47582936286926
1.49779260158539
1.71083569526672
1.62664341926575
0.788564026355743
-0.437349021434784
-1.2690224647522
-1.04957342147827
0.052979588508606
1.15443444252014
1.91015183925629
2.26357650756836
2.0217981338501
1.32922506332397
0.868729770183563
1.21519935131073
1.57887351512909
1.18408477306366
0.191713854670525
-0.613237738609314
0.0399846881628036
1.32666265964508
1.4595400094986
0.585587382316589
-0.446866422891617
-0.560159981250763
0.389748781919479
0.973787069320679
0.522809207439423
-0.171228155493736
-0.486583232879639
-0.366700708866119
-0.134622812271118
-0.253773212432861
-0.528862416744232
-0.793152987957001
-1.21594476699829
-1.32008695602417
-0.922186851501465
-0.522456467151642
-0.636848151683807
-1.4269745349884
-2.02254366874695
-1.56552577018738
-0.739709198474884
-0.476516753435135
-0.682970941066742
-0.812004745006561
-0.378231406211853
0.167371302843094
-0.147434681653976
-1.04591298103333
-1.70334494113922
-2.08477258682251
-2.08422350883484
-1.83896780014038
-1.74251270294189
-1.37462890148163
-1.01351714134216
-1.12369930744171
-1.24266672134399
-1.28604400157928
-1.29592740535736
-1.31606042385101
-1.78204643726349
-2.37981176376343
-2.27219200134277
-1.52709019184113
-0.887960851192474
-0.816397428512573
-1.27689266204834
-1.47254824638367
-0.924932241439819
-0.592006623744965
-0.912303388118744
-1.27506244182587
-1.33399701118469
-0.925847411155701
-0.393605649471283
-0.0939908772706985
0.40073037147522
1.06182289123535
1.25418400764465
0.847498655319214
0.391212999820709
0.365772277116775
0.714072167873383
0.80467039346695
0.378950208425522
0.200682163238525
0.629513800144196
0.977996706962585
1.05944359302521
0.96225643157959
1.01698136329651
1.60028755664825
1.74304842948914
1.16340279579163
0.668864548206329
0.56142783164978
1.05029225349426
1.58765876293182
1.45661163330078
1.31696224212646
1.53275072574615
1.70809030532837
1.35521483421326
0.264558494091034
-0.865082502365112
-1.16121971607208
-0.436067849397659
0.746467888355255
1.76006996631622
2.46270966529846
2.62377309799194
2.15833616256714
1.38266885280609
1.07683110237122
1.53055441379547
1.52414846420288
0.6972336769104
-0.269330501556396
-0.5491783618927
0.55795031785965
1.49651145935059
1.08726370334625
0.284508407115936
-0.262924551963806
0.110449984669685
0.901125490665436
0.874952673912048
0.259799808263779
-0.271343797445297
-0.509644567966461
-0.366151630878449
-0.132975578308105
-0.113940797746181
-0.200512439012527
-0.589627265930176
-1.1789733171463
-1.24101936817169
-0.789309442043304
-0.560343027114868
-1.08562970161438
-2.10087895393372
-2.37761545181274
-1.40171694755554
-0.322225213050842
0.0895849317312241
0.0440112762153149
-0.0251728296279907
0.173045128583908
0.0959908664226532
-0.734401404857635
-1.701331615448
-2.30989551544189
-2.50811362266541
-2.26102733612061
-1.81206285953522
-1.28860640525818
-0.757279753684998
-0.528313338756561
-0.701639652252197
-1.0239497423172
-1.16250097751617
-1.22930574417114
-1.5543612241745
-2.12320828437805
-2.43783116340637
-1.95555579662323
-1.0277932882309
-0.515684485435486
-0.707313477993011
-1.10704386234283
-1.09185266494751
-0.822620332241058
-0.852453649044037
-1.12241804599762
-1.13285064697266
-0.688461720943451
-0.130047142505646
0.23362697660923
0.609563887119293
1.17127299308777
1.54208505153656
1.18298661708832
0.335389852523804
-0.025538882240653
0.344724208116531
0.805951595306397
0.774653971195221
0.447768241167068
0.656052649021149
1.32153785228729
1.65977132320404
1.65409743785858
1.3987752199173
1.42110443115234
1.62920582294464
1.18463385105133
0.609014809131622
0.521711051464081
0.889777839183807
1.490105509758
1.64750850200653
1.45130383968353
1.50145316123962
1.75988686084747
1.66361486911774
0.789113104343414
-0.294954240322113
-0.902969062328339
-0.712438225746155
0.245340690016747
1.27907562255859
2.16803646087646
2.81723237037659
2.74164223670959
1.99233090877533
1.08671462535858
0.989527404308319
1.40042245388031
1.10538327693939
0.337586164474487
-0.358647525310516
-0.0414622090756893
1.31714522838593
1.71541142463684
1.07591605186462
0.418483972549438
0.107887610793114
0.512376666069031
0.78636771440506
0.317636251449585
-0.150180086493492
-0.241144374012947
-0.210395887494087
-0.11833343654871
-0.0771524235606194
-0.0478681437671185
-0.0290163904428482
-0.496832728385925
-1.08215224742889
-1.11912357807159
-0.903518140316009
-0.896563112735748
-1.47437846660614
-2.0831253528595
-1.66234695911407
-0.7215895652771
-0.133341625332832
-0.0332260057330132
-0.123641215264797
0.0540777482092381
0.238751724362373
-0.246086090803146
-1.20898973941803
-1.96855068206787
-2.2848207950592
-2.18305802345276
-1.85177958011627
-1.44985294342041
-0.943234920501709
-0.580842018127441
-0.655150830745697
-0.978559076786041
-1.26353168487549
-1.33802354335785
-1.37737429141998
-1.77381026744843
-2.25297427177429
-2.16804981231689
-1.49927020072937
-0.764051735401154
-0.562539339065552
-0.86398434638977
-1.01022267341614
-0.829941391944885
-0.718844175338745
-1.02724421024323
-1.29208385944366
-1.08325040340424
-0.662471890449524
-0.270794719457626
0.0447433851659298
0.576436042785645
1.32428324222565
1.60614442825317
1.07024216651916
0.410247772932053
0.388101547956467
0.804304361343384
0.976166427135468
0.656052649021149
0.418850034475327
0.794786930084228
1.31751132011414
1.59864032268524
1.54757595062256
1.37205326557159
1.40261876583099
1.17786192893982
0.729446411132813
0.731459677219391
1.22288644313812
1.79887163639069
1.93248116970062
1.52085399627686
1.28584766387939
1.61145222187042
1.95389521121979
1.50053799152374
0.382976800203323
-0.500859320163727
-0.684252083301544
-0.168482765555382
0.625304162502289
1.35576391220093
2.2077534198761
2.84596753120422
2.7233395576477
2.10306215286255
1.46503078937531
1.40682828426361
1.55581212043762
0.926017105579376
0.0853753164410591
-0.27299103140831
0.207088097929955
1.16578209400177
1.19378519058228
0.702724516391754
0.637933015823364
0.751958668231964
0.843655049800873
0.663556754589081
0.093977577984333
-0.267683237791061
-0.332291692495346
-0.551923751831055
-0.582672238349914
-0.118150413036346
0.278285503387451
0.206539019942284
-0.286351978778839
-0.903335094451904
-0.952020227909088
-0.760940313339233
-1.22198462486267
-1.90504038333893
-2.04066324234009
-1.42093467712402
-0.504885911941528
-0.141394808888435
-0.153840616345406
0.105142205953598
0.460397094488144
0.381878614425659
-0.369812160730362
-1.39274859428406
-2.00899958610535
-2.07800078392029
-1.95683693885803
-1.73958420753479
-1.36218309402466
-0.998875081539154
-0.782720506191254
-0.784916818141937
-0.97453248500824
-1.07354998588562
-1.07117056846619
-1.38030278682709
-1.88911712169647
-2.13583707809448
-1.86166310310364
-1.23058688640594
-0.870390295982361
-1.01955711841583
-1.13193547725677
-0.834334015846252
-0.480360329151154
-0.532705962657928
-0.84513258934021
-0.871122419834137
-0.513671159744263
-0.208748638629913
-0.114672899246216
0.126007258892059
0.762574255466461
1.43025577068329
1.43721079826355
0.831209242343903
0.540562808513641
0.851708233356476
1.20842730998993
1.13814508914948
0.761110007762909
0.757815539836884
1.20311963558197
1.45972311496735
1.36546432971954
1.06859493255615
1.04791295528412
1.18646419048309
0.988429248332977
0.836333990097046
1.09421873092651
1.58033764362335
1.80582666397095
1.36052262783051
0.774653971195221
0.862689852714539
1.54885709285736
1.90264773368835
1.29628014564514
0.282495111227036
-0.323323369026184
-0.309962421655655
0.116489864885807
0.625304162502289
1.37132120132446
2.30402541160583
2.74017810821533
2.46142840385437
1.90575921535492
1.54336631298065
1.8243123292923
1.72254943847656
0.622192740440369
-0.202708765864372
-0.314721137285233
0.520978927612305
1.38578021526337
1.14894366264343
0.878613173961639
0.915035486221314
0.821874916553497
0.667217314243317
0.20635598897934
-0.271343797445297
-0.40586844086647
-0.577913582324982
-0.673453509807587
-0.299895942211151
0.309400051832199
0.489864408969879
-0.0240746680647135
-0.791322767734528
-1.22033739089966
-0.976728796958923
-0.870207250118256
-1.59828758239746
-2.02730226516724
-1.77655565738678
-0.936096906661987
0.0491360239684582
0.0687198862433433
-0.0850225687026978
0.154925480484962
0.117221973836422
-0.195021644234657
-0.986429214477539
-1.78003311157227
-2.00954866409302
-1.96763551235199
-1.79083168506622
-1.40373015403748
-0.890706241130829
-0.639410555362701
-0.717929005622864
-0.941953718662262
-1.12113690376282
-0.975813686847687
-0.99924111366272
-1.56461071968079
-2.24839854240417
-2.53593349456787
-2.12009692192078
-1.37316477298737
-1.08233523368835
-1.07666146755219
-0.875515043735504
-0.473588317632675
-0.139747560024261
-0.33942973613739
-0.715915739536285
-0.681689739227295
-0.574253022670746
-0.605733633041382
-0.476333737373352
0.0817147865891457
0.941940426826477
1.42330074310303
1.09275448322296
0.674538373947144
0.961524307727814
1.55544602870941
1.66727542877197
1.11325347423553
0.49334192276001
0.541844010353088
0.988246202468872
1.40426599979401
1.53879058361053
1.56111991405487
1.79319775104523
1.72419667243958
1.38632929325104
1.30122196674347
1.46283447742462
1.5894889831543
1.15919315814972
0.363392919301987
0.202512428164482
1.04699778556824
2.13856911659241
2.28682088851929
1.44343364238739
0.540379762649536
0.198119789361954
0.448134303092957
0.702358424663544
0.812723577022552
1.2170295715332
1.7130321264267
1.86329698562622
1.67240011692047
1.56038773059845
1.89075100421906
2.26668787002563
1.80436241626739
0.746833920478821
0.035592045634985
0.0822638645768166
0.611943244934082
0.664105832576752
0.391396015882492
0.522077083587646
0.907165348529816
1.13924324512482
0.937730848789215
0.396154701709747
0.0011830209987238
-0.357183337211609
-0.860323846340179
-1.03822576999664
-0.516233563423157
0.220082998275757
0.304275304079056
-0.338880658149719
-0.984965026378632
-0.923101961612701
-0.550276517868042
-0.833601891994476
-1.58822119235992
-1.85324382781982
-1.26408076286316
-0.451625108718872
-0.10643669962883
-0.154572725296021
-0.0989326015114784
0.155108511447906
0.0828129425644875
-0.499944180250168
-1.07721054553986
-1.50311374664307
-1.64166498184204
-1.55381214618683
-1.55234789848328
-1.19727599620819
-0.864716470241547
-0.887960851192474
-1.00418281555176
-1.27268302440643
-1.24852347373962
-0.971787095069885
-1.06677794456482
-1.50567603111267
-1.9442081451416
-1.93414163589478
-1.4932302236557
-1.19233429431915
-1.25858998298645
-1.23058688640594
-0.735682606697082
-0.3211270570755
-0.404587239027023
-0.614152848720551
-0.709875822067261
-0.488230466842651
-0.30666795372963
-0.471941083669662
-0.150180086493492
0.692108929157257
1.32208693027496
1.40152060985565
0.913937330245972
0.727067053318024
1.26004087924957
1.6374419927597
1.33855938911438
0.791492462158203
0.590529084205627
0.766783833503723
0.979460895061493
1.01588320732117
0.929311573505402
1.21245396137238
1.54720985889435
1.42622911930084
1.32721173763275
1.46137034893036
1.74579381942749
1.75183367729187
0.980193018913269
0.247720032930374
0.41006475687027
1.24832713603973
1.8629310131073
1.40463197231293
0.43788480758667
-0.137002170085907
-0.151461273431778
0.306654632091522
0.865984320640564
1.51170265674591
2.21342706680298
2.47259306907654
2.07817029953003
1.48113715648651
1.397127866745
1.88507723808289
1.85359656810761
1.07847833633423
0.279932737350464
0.0443773306906223
0.730178475379944
1.17694675922394
0.796068131923676
0.477601617574692
0.393409311771393
0.521345019340515
0.726517975330353
0.538000404834747
0.161697462201118
-0.0489663034677505
-0.416117936372757
-0.785648882389069
-0.469744771718979
0.0103343576192856
0.18604002892971
-0.201244547963142
-1.18043756484985
-1.39933753013611
-0.910839200019836
-0.971238017082214
-1.47254824638367
-1.94860076904297
-1.6775381565094
-0.551191687583923
0.124909095466137
0.0948927104473114
0.0612157881259918
0.0764070078730583
-0.00156237999908626
-0.436433911323547
-1.26225054264069
-1.87008225917816
-1.96196174621582
-1.8779524564743
-1.64715576171875
-1.19361555576324
-0.84220415353775
-0.715549647808075
-0.781073212623596
-1.1445643901825
-1.29977095127106
-1.09935677051544
-1.15737617015839
-1.53221499919891
-2.06775116920471
-2.24638533592224
-1.70297884941101
-1.18849074840546
-1.23388135433197
-1.43264842033386
-1.24596118927002
-0.64490133523941
-0.261643379926682
-0.54606693983078
-0.905531406402588
-0.789858520030975
-0.53380411863327
-0.397815257310867
-0.234738439321518
0.223926559090614
0.979460895061493
1.39676189422607
1.12460112571716
0.850060999393463
1.05468487739563
1.34148776531219
1.21410119533539
0.634089469909668
0.267852962017059
0.621277570724487
1.10629844665527
1.33837628364563
1.44819235801697
1.63304936885834
1.96670711040497
1.91527664661407
1.41689479351044
1.13320338726044
1.37534773349762
1.72968745231628
1.40682828426361
0.481445163488388
0.00337934191338718
0.533424735069275
1.59607803821564
1.94602513313293
1.20440077781677
0.357353031635284
-0.0215122941881418
0.287070780992508
0.975251317024231
1.44746029376984
1.85432875156403
1.99837076663971
1.60834074020386
1.17676377296448
1.07134032249451
1.60065364837646
1.95371222496033
1.33050620555878
0.505970776081085
0.230332493782043
0.837066113948822
1.49230182170868
1.07408571243286
0.296222120523453
0.0844601839780808
0.396703779697418
0.755070149898529
0.628598690032959
0.147604405879974
-0.0711125358939171
-0.0456718243658543
-0.167933687567711
-0.293123960494995
-0.24425582587719
-0.153474569320679
-0.312707841396332
-0.831405580043793
-1.167076587677
-0.972519218921661
-0.825365722179413
-1.10722684860229
-1.61347877979279
-1.60487651824951
-0.788394331932068
-0.132609516382217
-0.0930757448077202
-0.18678542971611
-0.169214874505997
-0.0531759187579155
-0.258714944124222
-1.02669513225555
-1.62903606891632
-1.68906891345978
-1.65136539936066
-1.67662310600281
-1.65026724338531
-1.48682427406311
-1.12296712398529
-0.859591722488403
-0.981487512588501
-1.16652750968933
-1.12022173404694
-1.04627895355225
-1.24467992782593
-1.8567214012146
-2.41971158981323
-2.29982900619507
-1.69657301902771
-1.33180069923401
-1.40720772743225
-1.33289885520935
-0.868193984031677
-0.406417518854141
-0.34986224770546
-0.719393253326416
-0.884483337402344
-0.570226430892944
-0.439179301261902
-0.462972790002823
-0.184040039777756
0.447585225105286
1.12771260738373
1.24594783782959
0.868546724319458
0.830111086368561
1.2344172000885
1.32830989360809
0.86067658662796
0.207820206880569
0.0575552545487881
0.461861312389374
0.848230719566345
1.15113997459412
1.50163614749908
1.97128283977509
2.06810402870178
1.47125375270844
0.851525247097015
0.872207224369049
1.45368313789368
1.7780065536499
1.19433426856995
0.386454284191132
0.313060581684113
1.06804585456848
1.78624272346497
1.44398272037506
0.388467580080032
-0.335220128297806
-0.315270215272903
0.517867505550385
1.56203496456146
2.19860196113586
2.44898247718811
2.13454270362854
1.3563129901886
0.871292114257812
1.29554808139801
1.88727355003357
1.59461379051209
0.682408511638641
-0.0372525937855244
0.39926615357399
1.55636119842529
1.62975490093231
0.691925942897797
-0.0496984124183655
-0.173607513308525
0.331363260746002
0.611394166946411
0.18256251513958
-0.236568704247475
-0.220279321074486
-0.0559213198721409
0.0828129425644875
0.052247479557991
-0.086669810116291
-0.326068788766861
-0.897112190723419
-1.46449506282806
-1.50970268249512
-1.25071978569031
-1.23937213420868
-1.59462702274322
-1.70316195487976
-0.997959911823273
-0.112842634320259
0.0516984015703201
-0.251942962408066
-0.402940005064011
-0.268415361642838
-0.181111603975296
-0.707130432128906
-1.52654111385345
-1.82322752475739
-1.71139812469482
-1.56589186191559
-1.52123332023621
-1.56168222427368
-1.34809005260468
-1.02724421024323
-0.960988521575928
-1.08196914196014
-1.18299996852875
-1.14987206459045
-1.13211846351624
-1.45991945266724
-2.04981446266174
-2.24839854240417
-1.87282776832581
-1.4494868516922
-1.35358083248138
-1.48041844367981
-1.34863913059235
-0.730374813079834
-0.365419536828995
-0.598778605461121
-0.685350239276886
-0.565467774868011
-0.446317344903946
-0.391592353582382
-0.476882815361023
-0.020231107249856
0.856466948986054
1.18207156658173
0.864886164665222
0.637566983699799
0.903504848480225
1.40371692180634
1.4119530916214
0.733289957046509
0.260531902313232
0.474856197834015
0.80778181552887
1.07024216651916
1.26004087924957
1.53988873958588
1.98684000968933
1.83254849910736
1.14400196075439
0.833588600158691
1.07811236381531
1.56917309761047
1.57228446006775
0.833954691886902
0.350215017795563
0.634089469909668
1.17621469497681
1.27193760871887
0.614871680736542
-0.131328329443932
-0.225404068827629
0.285057485103607
1.0658495426178
1.76629281044006
2.17462539672852
2.14241290092468
1.56807494163513
0.757998585700989
0.461861312389374
1.09952640533447
1.52286732196808
1.09879434108734
0.503591418266296
0.387003391981125
1.29207062721252
2.06462645530701
1.35942447185516
0.258701622486114
-0.295320302248001
-0.244804903864861
0.184758841991425
0.0346769131720066
-0.43021097779274
-0.234189361333847
0.204708755016327
0.53360778093338
0.677466809749603
0.361928701400757
-0.117601327598095
-0.765332937240601
-1.48609220981598
-1.78058218955994
-1.57302987575531
-1.38085186481476
-1.49963617324829
-1.55472719669342
-1.04426562786102
-0.0819111168384552
0.377485990524292
-0.0233425609767437
-0.494087308645248
-0.59511810541153
-0.521541357040405
-0.76222151517868
-1.52050125598907
-1.96983182430267
-1.70517528057098
-1.2809191942215
-1.04792618751526
-1.12003874778748
-1.27670967578888
-1.17494678497314
-1.04847526550293
-1.14218497276306
-1.28329861164093
-1.36694180965424
-1.39311468601227
-1.47181618213654
-1.76923453807831
-2.03901600837708
-1.90321016311646
-1.55417811870575
-1.39805638790131
-1.39402973651886
-1.25163495540619
-0.82664692401886
-0.430394023656845
-0.49811390042305
-0.710607945919037
-0.536366522312164
-0.184040039777756
-0.141394808888435
-0.397815257310867
-0.366883754730225
0.273892849683762
0.986232876777649
1.02119100093842
0.530313313007355
0.374191492795944
0.787465870380402
1.21172189712524
1.20696318149567
0.88501912355423
0.84530234336853
1.12789559364319
1.2594918012619
1.25326895713806
1.27797746658325
1.48058807849884
1.5605708360672
1.10135674476624
0.627866566181183
0.853721559047699
1.57210147380829
1.99159872531891
1.56075382232666
0.769163191318512
0.560146689414978
1.05358672142029
1.50273430347443
1.21757864952087
0.464606702327728
0.00612474279478192
0.100200481712818
0.525005519390106
1.13119006156921
1.82486140727997
2.29432487487793
2.15796995162964
1.40865862369537
0.609563887119293
0.570396184921265
1.29353475570679
1.48388254642487
0.991906762123108
0.568199872970581
0.676551699638367
1.51536321640015
1.79447901248932
0.887581467628479
0.140649393200874
-0.126935690641403
-0.180562525987625
-0.165005251765251
-0.386284589767456
-0.372191518545151
0.116306833922863
0.37345939874649
0.26034888625145
0.155108511447906
0.0740276649594307
-0.220645383000374
-0.873318731784821
-1.63434386253357
-1.866055727005
-1.51812195777893
-1.29373109340668
-1.33216679096222
-1.1789733171463
-0.585051596164703
0.130948975682259
0.22227931022644
-0.214422479271889
-0.4351527094841
-0.444487065076828
-0.574619114398956
-1.07922375202179
-1.80144727230072
-1.95573878288269
-1.47437846660614
-1.09368288516998
-0.946529388427734
-0.933717548847198
-0.956961929798126
-0.830673515796661
-0.803768575191498
-1.05469822883606
-1.28531193733215
-1.40354716777802
-1.58913624286652
-1.86715388298035
-2.23979640007019
-2.35345602035522
-1.90247809886932
-1.43594288825989
-1.25621068477631
-1.06659495830536
-0.789309442043304
-0.412823438644409
-0.30227530002594
-0.688644766807556
-0.839641809463501
-0.568030118942261
-0.463155806064606
-0.631540417671204
-0.710058867931366
-0.229064613580704
0.762574255466461
1.33325159549713
1.01753044128418
0.587783694267273
0.719928979873657
1.15278720855713
1.28145503997803
0.890509903430939
0.492792814970016
0.651660025119782
1.03638219833374
1.26406753063202
1.41048884391785
1.49358296394348
1.50181925296783
1.18792831897736
0.594555675983429
0.537451326847076
1.23624742031097
1.87464463710785
1.74927139282227
0.896000742912292
0.253393858671188
0.554838895797729
1.27504909038544
1.42842555046082
0.844021141529083
0.227587088942528
0.122346721589565
0.328434824943542
0.628049612045288
1.07573294639587
1.6905198097229
2.173344373703
2.0047767162323
1.45606255531311
0.923820793628693
1.06017565727234
1.57557904720306
1.17511653900146
0.571311295032501
0.343259990215302
0.635370671749115
1.4518529176712
1.31641316413879
0.610662043094635
0.557218253612518
0.53049635887146
0.22667196393013
-0.196485847234726
-0.5769984126091
-0.387931823730469
0.16572405397892
0.335938930511475
0.136988863348961
0.110083930194378
0.0709162056446075
-0.388297855854034
-1.01553046703339
-1.59718942642212
-1.68760466575623
-1.35065245628357
-1.314413189888
-1.32557773590088
-0.914499759674072
-0.276834577322006
0.188419371843338
0.0101513313129544
-0.43167519569397
-0.48273965716362
-0.453272372484207
-0.755266487598419
-1.34003686904907
-1.82652199268341
-1.76337766647339
-1.4125155210495
-1.30434668064117
-1.3195378780365
-1.17366564273834
-1.03035569190979
-0.919990539550781
-0.81731253862381
-0.901321828365326
-0.941038608551025
-0.99320125579834
-1.43887138366699
-2.07745170593262
-2.50463604927063
-2.49896216392517
-2.11222672462463
-1.70883572101593
-1.45790612697601
-0.987527370452881
-0.327716022729874
0.0376053415238857
-0.118882514536381
-0.481458485126495
-0.513854205608368
-0.365968614816666
-0.535268366336823
-0.875331997871399
-0.738427996635437
0.10276285558939
1.01624929904938
1.24393451213837
0.866350412368774
0.744271576404572
1.15589869022369
1.45899093151093
1.2463139295578
0.735486268997192
0.486569911241531
0.753422915935516
1.10538327693939
1.37022304534912
1.71760773658752
2.02106595039368
1.97512638568878
1.33489882946014
0.637933015823364
0.736584424972534
1.4225686788559
1.74121820926666
1.19177198410034
0.409149616956711
0.355522781610489
1.12203872203827
1.88782262802124
1.75366401672363
0.97488522529602
0.442094415426254
0.310498207807541
0.492060720920563
0.897830963134766
1.32556450366974
1.72840631008148
1.75787365436554
1.25802755355835
0.887398481369018
1.097696185112
1.83858835697174
2.09372758865356
1.27834355831146
0.497734546661377
0.380048364400864
0.948529422283173
1.33251953125
0.602791905403137
-0.0218783468008041
0.0520644523203373
0.221913263201714
0.370347946882248
0.226122871041298
-0.0403640493750572
0.0180214811116457
-0.0471360385417938
-0.287267118692398
-0.10991420596838
0.184758841991425
-0.0420112870633602
-0.8515385389328
-1.78808629512787
-1.95500671863556
-1.42258191108704
-1.03548038005829
-1.07885777950287
-1.15737617015839
-0.665766417980194
0.0718313381075859
0.256688356399536
-0.15896537899971
-0.630808293819427
-0.748311460018158
-0.70639830827713
-0.885398507118225
-1.34552764892578
-1.56790518760681
-1.47474455833435
-1.48902070522308
-1.36492848396301
-1.16213488578796
-0.944699168205261
-0.699443340301514
-0.844766557216644
-1.21008789539337
-1.34461259841919
-1.29025363922119
-1.24888956546783
-1.56497669219971
-2.22643542289734
-2.57436919212341
-2.3060519695282
-1.88033175468445
-1.62848699092865
-1.3433313369751
-0.923834085464478
-0.298614770174026
0.0110664647072554
-0.305569797754288
-0.489511668682098
-0.442656815052032
-0.610492348670959
-0.890157163143158
-0.94415009021759
-0.344554483890533
0.781242966651917
1.35942447185516
1.04297113418579
0.740611016750336
0.967747211456299
1.4038999080658
1.49394905567169
0.967015087604523
0.434773355722427
0.494989156723022
0.760927021503448
0.918696045875549
1.21391820907593
1.63286638259888
1.96780526638031
1.86768960952759
1.18664717674255
0.766234755516052
1.11490070819855
1.5087742805481
1.16505002975464
0.219899967312813
-0.25761678814888
0.412993162870407
1.65043687820435
2.25918388366699
1.74762415885925
0.918879091739655
0.503225326538086
0.404756963253021
0.481445163488388
0.677832841873169
1.04150700569153
1.38468205928802
1.35484874248505
1.08927690982819
1.12917673587799
1.74780714511871
2.47552132606506
2.17535758018494
1.09659802913666
0.45673656463623
0.401828557252884
0.784354388713837
0.624206006526947
-0.132792547345161
-0.166835516691208
0.211663767695427
0.356620937585831
0.402011573314667
0.203061506152153
0.137537941336632
0.0732955560088158
-0.300078988075256
-0.429844945669174
-0.195387691259384
0.0216820146888494
-0.402756989002228
-1.40592646598816
-1.95830118656158
-1.6180545091629
-1.04298448562622
-0.939025342464447
-1.24266672134399
-1.23003780841827
-0.661922812461853
-0.185504242777824
-0.404953300952911
-0.853917896747589
-0.919990539550781
-0.693403422832489
-0.503421664237976
-0.715549647808075
-1.15701019763947
-1.33271586894989
-1.39787328243256
-1.48902070522308
-1.417640209198
-1.19691002368927
-1.13760936260223
-1.17805826663971
-1.28695917129517
-1.47035193443298
-1.21923923492432
-1.02413272857666
-1.39677512645721
-1.9348738193512
-2.39756536483765
-2.39317274093628
-1.87063133716583
-1.58657395839691
-1.54978549480438
-1.21008789539337
-0.566199839115143
-0.0559213198721409
-0.169763952493668
-0.635017931461334
-0.763868749141693
-0.74007523059845
-0.883934259414673
-1.1258956193924
-0.932985424995422
0.145591109991074
1.15644776821136
1.36766064167023
1.1414395570755
1.05651521682739
1.40426599979401
1.58290004730225
1.16267073154449
0.611028075218201
0.455638408660889
0.70016211271286
0.821508824825287
0.812540531158447
1.09714710712433
1.58290004730225
1.92204856872559
1.71211695671082
1.1890264749527
1.19561553001404
1.61913931369782
1.61309945583344
0.809978187084198
-0.157867208123207
-0.170862108469009
0.894902586936951
2.04376149177551
2.14351105690002
1.29939162731171
0.586685538291931
0.171031832695007
0.0467566773295402
0.277004301548004
0.659347176551819
1.20806133747101
1.48534679412842
1.21721267700195
1.00837910175323
1.41780996322632
2.28736996650696
2.51029658317566
1.65226721763611
0.640678405761719
0.179451063275337
0.40073037147522
0.586868584156036
0.107155501842499
-0.196851909160614
-0.00266054039821029
0.243144363164902
0.463142484426498
0.465521842241287
0.398534059524536
0.403109729290009
-0.121993973851204
-0.803768575191498
-0.783086538314819
-0.352973699569702
-0.113574743270874
-0.59530109167099
-1.55838775634766
-1.79339408874512
-1.16121971607208
-0.788943409919739
-0.96849262714386
-1.24266672134399
-1.20789158344269
-0.653503596782684
-0.352973699569702
-0.589078187942505
-0.537098586559296
-0.392141431570053
-0.445219188928604
-0.698711216449738
-1.13120341300964
-1.3182567358017
-1.26609408855438
-1.41800630092621
-1.64624059200287
-1.52141642570496
-1.09386587142944
-0.745932102203369
-0.748860538005829
-1.12699377536774
-1.39586007595062
-1.32008695602417
-1.38908803462982
-1.80986654758453
-2.36169219017029
-2.62012577056885
-2.21252536773682
-1.67717218399048
-1.4732803106308
-1.15371572971344
-0.552289843559265
-0.00320962071418762
0.0581043362617493
-0.416667014360428
-0.788028240203857
-0.729825735092163
-0.855931162834167
-1.22656035423279
-1.53642451763153
-1.23790800571442
0.574788808822632
3.43092107772827
6.18858480453491
5.82399559020996
2.45392417907715
-1.71414351463318
-5.80607223510742
-5.70925092697144
-2.36956238746643
0.834686756134033
3.41920733451843
3.36137080192566
3.34910798072815
5.47020483016968
5.55128574371338
3.7166256904602
1.27706241607666
-1.75752091407776
-2.14443945884705
-0.226136177778244
0.86031049489975
0.865252256393433
-0.866729736328125
-2.08623695373535
-0.783269584178925
0.550446271896362
1.79502809047699
1.49962294101715
0.704920828342438
1.17493343353271
1.56551253795624
2.27162957191467
2.72901344299316
2.25167965888977
1.28383433818817
0.721210181713104
1.40170359611511
2.51670241355896
2.24307751655579
0.442277461290359
-1.33692538738251
-1.3513845205307
-0.124922402203083
0.508167088031769
-0.0729428082704544
-0.699626326560974
0.11465959995985
1.9822643995285
3.71168398857117
3.76000308990479
1.58509635925293
-0.76185542345047
-1.71560776233673
-1.80144727230072
-1.4456433057785
-1.37041938304901
-1.60084998607635
-1.18647742271423
-0.464803040027618
-0.101128920912743
0.156938776373863
-0.481458485126495
-2.01064682006836
-2.68162274360657
-1.74324476718903
0.0731125250458717
1.31147146224976
0.994469106197357
0.263643354177475
0.150898888707161
0.0240613631904125
-0.480726361274719
-1.50146651268005
-2.56247234344482
-2.68747973442078
-2.23924732208252
-1.98685336112976
-1.72604024410248
-1.66362810134888
-1.81773662567139
-1.76502501964569
-1.73354434967041
-1.54283046722412
-0.921454727649689
-0.552289843559265
-0.867827892303467
-1.67387759685516
-2.41476988792419
-2.22405600547791
-1.37554407119751
-1.02944052219391
-1.41910445690155
-1.88893401622772
-2.09593725204468
-2.05329203605652
-2.09520530700684
-2.4176983833313
-2.41531896591187
-1.83366000652313
-1.09661138057709
-0.187517538666725
0.967198133468628
2.18633913993835
2.95358729362488
2.58002972602844
1.55160248279572
0.940110146999359
0.714438199996948
0.123444877564907
-0.975630640983582
-1.85397601127625
-1.77875196933746
-0.903335094451904
-0.00760226231068373
0.650012791156769
1.41671180725098
2.37632083892822
2.92796349525452
2.69734978675842
1.99086666107178
1.561851978302
1.66288268566132
1.61255037784576
0.712974011898041
-0.436067849397659
-0.674551665782929
0.1300338357687
1.15644776821136
1.25491619110107
0.24204620718956
-0.795166313648224
-1.02321755886078
-0.36578556895256
0.644155919551849
1.40499806404114
1.69106888771057
1.42860853672028
1.06932699680328
1.44800937175751
2.71711683273315
3.42762660980225
2.55989670753479
0.726701021194458
-0.639227509498596
-0.337599456310272
0.536353170871735
0.287619858980179
-0.896014034748077
-1.652463555336
-0.949457824230194
0.698697924613953
1.76464557647705
1.46777629852295
0.541111886501312
-0.00156237999908626
0.0103343576192856
0.390663921833038
0.481079131364822
0.043462198227644
-0.738061964511871
-1.50622510910034
-1.52910351753235
-0.89473283290863
-0.488230466842651
-1.02632904052734
-2.25041174888611
-2.69260454177856
-1.74324476718903
-0.503604710102081
-0.0517117045819759
-0.300994127988815
-0.414653718471527
-0.0151063585653901
0.426720172166824
0.153461262583733
-0.67546683549881
-1.25291621685028
-1.43100118637085
-1.39695823192596
-1.35596024990082
-1.50677418708801
-1.60725593566895
-1.61768841743469
-1.5505176782608
-1.44509422779083
-1.4006187915802
-1.33088552951813
-1.73299527168274
-2.4610755443573
-2.75263714790344
-2.31264090538025
-1.28238344192505
-0.463155806064606
-0.406783580780029
-0.497564822435379
-0.130413204431534
0.313060581684113
0.123993963003159
-0.801572263240814
-1.77655565738678
-2.06006407737732
-1.74946773052216
-1.45845520496368
-1.13760936260223
-0.27299103140831
0.841458737850189
1.62865674495697
2.02033400535583
2.28187918663025
2.64957976341248
2.64793252944946
1.86256492137909
0.835418879985809
0.371263086795807
0.539098620414734
0.645071089267731
0.39029785990715
0.395788669586182
1.14601528644562
2.06426048278809
2.18871855735779
1.44599604606628
0.796800255775452
1.043337225914
1.83565998077393
2.02637386322021
1.30250310897827
0.767149925231934
1.11911034584045
2.08054971694946
2.68783235549927
1.98263049125671
0.587234616279602
-0.441741675138474
-0.738427996635437
-0.182941868901253
0.639580249786377
1.14491713047028
1.14711344242096
0.600961625576019
0.205623880028725
0.839262425899506
2.34355926513672
3.04125714302063
2.1771879196167
0.871841192245483
0.402743667364121
1.26370143890381
1.82907104492187
0.793322741985321
-0.721406519412994
-1.33234977722168
-0.697246968746185
0.295489996671677
0.543125152587891
0.0950757339596748
-0.265486925840378
-0.258165866136551
-0.127850830554962
0.0482208915054798
0.117954075336456
-0.197217956185341
-0.763502657413483
-1.24193453788757
-1.04261839389801
-0.290744632482529
-0.125837534666061
-0.815848350524902
-1.63086640834808
-1.76173043251038
-1.11839151382446
-0.762038469314575
-1.18501329421997
-1.58639085292816
-1.4137966632843
-0.892536520957947
-0.602256119251251
-0.893268644809723
-1.30361461639404
-1.32026994228363
-1.11582911014557
-0.948176622390747
-0.837811529636383
-0.81127268075943
-0.868010938167572
-1.03731071949005
-1.41892147064209
-1.78973352909088
-1.90577256679535
-2.09081244468689
-2.60877823829651
-3.18183493614197
-3.22136878967285
-2.32966232299805
-1.20349895954132
-0.655882954597473
-0.481824517250061
-0.275004327297211
0.132779240608215
0.365772277116775
-0.249563604593277
-1.14090383052826
-1.43740713596344
-1.37170052528381
-1.25181806087494
-1.12424838542938
-0.776863634586334
0.0974550843238831
0.951823890209198
1.14034140110016
1.03162348270416
1.18225455284119
1.45386624336243
1.43373322486877
1.00911128520966
0.558865487575531
0.695403397083282
1.20604801177979
1.2900573015213
1.1443680524826
1.34459924697876
1.75787365436554
1.98153233528137
1.41341733932495
0.440264165401459
0.288351953029633
0.863055884838104
1.27559816837311
0.944868862628937
0.326604545116425
0.513474822044373
1.56478035449982
2.54470562934875
2.41951537132263
1.35411667823792
0.392860233783722
-0.0368865393102169
0.169567614793777
0.638116061687469
0.954752326011658
1.09787917137146
0.767881989479065
0.214226141571999
0.211297705769539
1.02411949634552
2.04138207435608
1.96542596817017
0.887398481369018
0.179268032312393
0.448134303092957
1.29024028778076
1.28346836566925
0.131132006645203
-0.649843096733093
-0.447232484817505
0.224292606115341
0.631527066230774
0.433126121759415
0.129850819706917
0.039252582937479
-0.20856562256813
-0.646182537078857
-0.928226709365845
-0.920722663402557
-0.950922071933746
-1.1432831287384
-1.11436498165131
-0.646548569202423
-0.108816049993038
-0.166835516691208
-0.79553234577179
-1.16378211975098
-0.914865791797638
-0.570592522621155
-0.771372854709625
-1.31880581378937
-1.44253182411194
-1.08746004104614
-0.75544947385788
-0.820973098278046
-1.21100306510925
-1.32685899734497
-1.11491405963898
-0.991920053958893
-1.01296806335449
-0.993933320045471
-0.791139721870422
-0.645999491214752
-0.773386120796204
-1.09770953655243
-1.39604306221008
-1.47163307666779
-1.74965071678162
-2.38951230049133
-2.75025796890259
-2.44167470932007
-1.65923547744751
-0.981670558452606
-0.884849429130554
-0.89473283290863
-0.401109755039215
0.135524645447731
0.0835450515151024
-0.469744771718979
-0.912303388118744
-0.846047759056091
-0.599510729312897
-0.633553683757782
-0.654601752758026
-0.0597648806869984
0.861042618751526
1.35356760025024
1.32593047618866
1.13869416713715
1.22014105319977
1.40152060985565
1.06639862060547
0.51512211561203
0.419216096401215
0.741343140602112
1.13375246524811
1.14198863506317
1.15480053424835
1.71614348888397
2.21214604377747
2.07579112052917
1.26553165912628
0.507251918315887
0.682408511638641
1.2990255355835
1.31732821464539
0.72194230556488
0.349665910005569
0.766417801380157
1.71358120441437
2.27547311782837
1.75183367729187
0.923271715641022
0.439715087413788
0.0954417884349823
0.2391177713871
0.761293053627014
1.26534867286682
1.67093586921692
1.47216892242432
0.985134720802307
1.2119048833847
2.06261324882507
2.61773324012756
1.9343113899231
0.627500534057617
0.0734785795211792
0.449598520994186
1.02649879455566
0.648182511329651
-0.275004327297211
-0.34986224770546
0.187687262892723
0.779778778553009
1.01222264766693
0.740977108478546
0.544223368167877
0.272977709770203
-0.150729164481163
-0.378780484199524
-0.302092283964157
-0.274638265371323
-0.777961790561676
-1.37847244739532
-1.55582535266876
-1.12919008731842
-0.602622151374817
-0.799741983413696
-1.1538987159729
-0.993933320045471
-0.477614909410477
-0.0198650527745485
-0.232176065444946
-0.609394192695618
-0.470110833644867
-0.216618791222572
-0.310511499643326
-0.810174465179443
-1.36364734172821
-1.58840417861938
-1.57467710971832
-1.46705746650696
-1.25346529483795
-0.793152987957001
-0.348581075668335
-0.360111743211746
-0.739709198474884
-1.21942222118378
-1.44308090209961
-1.43923735618591
-1.81004953384399
-2.40580153465271
-2.56027603149414
-2.04542183876038
-1.21210122108459
-0.800291061401367
-0.870573341846466
-0.827196002006531
-0.507448256015778
-0.361942023038864
-0.727263391017914
-1.22326588630676
-1.32136821746826
-1.1709201335907
-1.12790894508362
-1.09716045856476
-0.557780623435974
0.590529084205627
1.48882436752319
1.62078654766083
1.31879246234894
1.14217174053192
1.31366777420044
1.21007454395294
0.522992253303528
-0.047502089291811
-0.030297577381134
0.445937991142273
0.864520132541656
0.995201230049133
1.46850836277008
2.18816947937012
2.37320947647095
1.86183285713196
0.903504848480225
0.473208963871002
0.934436321258545
1.16596519947052
0.665203988552094
0.164442867040634
0.33429166674614
1.25638031959534
2.22495794296265
2.16730451583862
1.32263600826263
0.732740879058838
0.275540083646774
-0.0747730731964111
0.00978527776896954
0.350031971931458
0.908263504505158
1.32538139820099
1.14180564880371
1.14656436443329
1.8481057882309
2.68691730499268
2.73798179626465
1.48662805557251
0.274624973535538
-0.00961555633693933
0.29018223285675
0.443192571401596
-0.205820217728615
-0.586149752140045
-0.0319448187947273
0.597484111785889
0.845485329627991
0.729080319404602
0.519148707389832
0.309033989906311
-0.135903999209404
-0.611407458782196
-0.655150830745697
-0.266036003828049
-0.136453077197075
-0.775216400623321
-1.39439582824707
-1.25822389125824
-0.80486673116684
-0.64178991317749
-0.973434329032898
-1.39695823192596
-1.25383126735687
-0.68498420715332
-0.531424760818481
-0.72177255153656
-0.699260294437408
-0.592006623744965
-0.4470494389534
-0.45491960644722
-0.80834424495697
-0.992103040218353
-1.06183624267578
-1.26536202430725
-1.33125162124634
-1.14676070213318
-0.863801300525665
-0.810540556907654
-1.16890692710876
-1.66783773899078
-1.83182966709137
-1.59499311447144
-1.46174967288971
-1.80199635028839
-2.2211275100708
-2.15597009658813
-1.58950233459473
-1.09606230258942
-1.01186990737915
-0.898027300834656
-0.501408398151398
-0.106802754104137
-0.0994816794991493
-0.702005684375763
-1.08160316944122
-0.913218557834625
-0.899491548538208
-0.987893462181091
-0.874965965747833
-0.18678542971611
1.00673186779022
1.73078560829163
1.72328162193298
1.58106982707977
1.6943633556366
1.82742381095886
1.46338355541229
0.796434164047241
0.481079131364822
0.643423855304718
0.944502830505371
0.967015087604523
0.986049890518188
1.70918846130371
2.42537212371826
2.3560049533844
1.58125281333923
0.626036286354065
0.499198764562607
1.02558362483978
1.09495079517364
0.624023020267487
0.505970776081085
1.15315330028534
2.20427584648132
2.85127544403076
2.35179543495178
1.38706147670746
0.7277991771698
-0.0334090329706669
-0.545517861843109
-0.354620963335037
0.287070780992508
1.12496721744537
1.56715977191925
1.48040509223938
1.8323655128479
2.73981213569641
3.28834319114685
2.77275681495666
1.3932843208313
0.455089330673218
0.333925634622574
0.481811225414276
0.207088097929955
-0.372191518545151
-0.272624969482422
0.317270189523697
0.68185943365097
0.848230719566345
0.841641783714294
0.786550760269165
0.472293823957443
-0.204905077815056
-0.637214243412018
-0.486949265003204
-0.209297716617584
-0.462972790002823
-1.04188632965088
-1.18007147312164
-0.729642748832703
-0.294588178396225
-0.556682467460632
-1.19306647777557
-1.34699189662933
-0.978742122650146
-0.587247908115387
-0.629161059856415
-0.86087292432785
-0.749226570129395
-0.412274360656738
-0.279030919075012
-0.484569936990738
-0.757096767425537
-0.865082502365112
-0.947078466415405
-1.1313863992691
-1.26353168487549
-1.13706028461456
-0.924749255180359
-0.995214521884918
-1.36273217201233
-1.71505868434906
-1.60414445400238
-1.33637630939484
-1.49560964107513
-1.94622147083282
-2.31721663475037
-2.14700174331665
-1.56717312335968
-1.28201746940613
-1.17879033088684
-0.806330919265747
-0.368530988693237
-0.226136177778244
-0.585417687892914
-1.08453154563904
-1.12260115146637
-0.965747237205505
-1.13358271121979
-1.38359725475311
-0.982402622699738
0.195740446448326
1.28841006755829
1.66947174072266
1.46137034893036
1.31806039810181
1.50566279888153
1.34020662307739
0.639763295650482
0.0958078429102898
0.123993963003159
0.593640565872192
0.965916931629181
0.986232876777649
1.36619639396667
2.2910304069519
2.75353908538818
2.28114700317383
1.15004181861877
0.279383659362793
0.383708894252777
0.706934094429016
0.492060720920563
0.254125982522964
0.59803318977356
1.51060450077057
2.46142840385437
2.54049587249756
1.72474575042725
0.976532459259033
0.27773642539978
-0.334304988384247
-0.297150552272797
0.236006319522858
0.90972775220871
1.29499900341034
1.0539528131485
0.97140771150589
1.88379597663879
3.06651473045349
3.24093914031982
1.95664060115814
0.365223199129105
-0.296784490346909
-0.0240746680647135
0.306837677955627
-0.0087004229426384
-0.281227231025696
0.00923619698733091
0.474490165710449
0.846949577331543
0.932789087295532
0.696867644786835
0.218069702386856
-0.642521977424622
-1.25675976276398
-0.930972158908844
-0.153840616345406
-0.00796831585466862
-0.628795027732849
-1.29903888702393
-1.32960438728333
-0.614701926708221
-0.382807075977325
-1.03731071949005
-1.5038458108902
-1.49140000343323
-1.11637818813324
-0.7375128865242
-0.866180658340454
-0.960439443588257
-0.702371716499329
-0.55558431148529
-0.568396151065826
-0.617630362510681
-0.706764400005341
-0.84806102514267
-1.17018806934357
-1.6431291103363
-1.7637437582016
-1.38872194290161
-1.20807456970215
-1.5250768661499
-1.97898316383362
-2.06683611869812
-1.62299621105194
-1.24852347373962
-1.49615871906281
-2.00039744377136
-2.18452215194702
-1.87868452072144
-1.4652271270752
-1.44344699382782
-1.40336418151855
-0.969407737255096
-0.559244811534882
-0.435884833335876
-0.618545472621918
-0.830307424068451
-0.78949248790741
-0.847694993019104
-1.21777498722076
-1.22271680831909
-0.360294789075851
0.742807328701019
1.38321793079376
1.42586314678192
1.2871288061142
1.53348278999329
1.71522843837738
1.15022480487823
0.230332493782043
-0.165737360715866
0.12802055478096
0.66648519039154
0.908995628356934
0.865618288516998
1.43391633033752
2.29670429229736
2.3733925819397
1.70735824108124
0.708947420120239
0.222645372152328
0.527750909328461
0.614688634872436
0.345273286104202
0.526652753353119
1.17365229129791
1.96322965621948
2.32800197601318
1.74670898914337
0.985317766666412
0.515488147735596
-0.0123609574511647
-0.209846809506416
0.204159662127495
0.84493625164032
1.35429966449738
1.29353475570679
0.757998585700989
0.95603346824646
2.18945074081421
3.09085726737976
2.70210862159729
1.55983865261078
0.601876735687256
0.563807189464569
0.804487347602844
0.248635172843933
-0.440826535224915
-0.538928866386414
-0.211860090494156
0.406404197216034
0.797715365886688
0.868912756443024
0.937730848789215
0.537085294723511
-0.168665781617165
-0.484386891126633
-0.436250865459442
-0.26054522395134
-0.48768138885498
-1.19562876224518
-1.35833954811096
-0.733486294746399
-0.247916370630264
-0.372374534606934
-0.814750134944916
-0.984415948390961
-0.618179440498352
-0.305020719766617
-0.522822499275207
-0.75892698764801
-0.703103840351105
-0.584868609905243
-0.506899178028107
-0.599876761436462
-0.658628344535828
-0.472307145595551
-0.492257058620453
-0.87276965379715
-1.17165231704712
-1.14017164707184
-0.949823915958404
-1.01022267341614
-1.50531005859375
-1.95702004432678
-1.89717030525208
-1.49963617324829
-1.3275910615921
-1.68961799144745
-2.04597091674805
-1.82194626331329
-1.27963805198669
-0.960622489452362
-0.970322906970978
-0.966662347316742
-0.728727579116821
-0.515135407447815
-0.649843096733093
-0.766431093215942
-0.67217230796814
-0.614518940448761
-0.784184694290161
-1.03181982040405
-0.608112990856171
0.507984042167664
1.37534773349762
1.46942353248596
1.15461754798889
1.16047430038452
1.49541330337524
1.47399914264679
0.752873837947846
0.054626826196909
0.186955153942108
0.802107989788055
1.29371786117554
1.31293559074402
1.31037330627441
1.90063452720642
2.25387597084045
1.85762321949005
1.04370331764221
0.280115753412247
0.227587088942528
0.619630336761475
0.651110947132111
0.746467888355255
1.32227003574371
1.95975208282471
2.30384230613709
1.88068461418152
0.925834059715271
0.37638783454895
0.0584703907370567
-0.289463430643082
-0.142492964863777
0.634089469909668
1.47857487201691
1.86787271499634
1.52085399627686
0.990808546543121
1.38266885280609
2.35545587539673
2.43177795410156
1.53201866149902
0.585953414440155
0.305922538042068
0.822973072528839
0.9252849817276
0.158402979373932
-0.303007423877716
-0.278481841087341
-0.0590327754616737
0.272062599658966
0.294940918684006
0.308850973844528
0.381146520376205
0.0562740676105022
-0.199414283037186
-0.153474569320679
-0.231260925531387
-0.402756989002228
-1.00656223297119
-1.61183154582977
-1.29977095127106
-0.828477144241333
-0.819142818450928
-1.04865837097168
-1.24870657920837
-0.942136764526367
-0.377316266298294
-0.427099525928497
-0.840556919574738
-0.882836103439331
-0.739709198474884
-0.648012816905975
-0.748677492141724
-1.10136997699738
-1.08379948139191
-0.788028240203857
-0.863252222537994
-1.10594570636749
-1.21832406520844
-1.24120247364044
-1.25401437282562
-1.5186710357666
-1.95592188835144
-2.01979827880859
-1.71926832199097
-1.60945224761963
-1.79339408874512
-1.99582171440125
-1.95262742042542
-1.41269850730896
-1.05890786647797
-1.18318295478821
-1.14877390861511
-0.880822837352753
-0.657896220684051
-0.738611042499542
-1.18245089054108
-1.29336512088776
-0.848610103130341
-0.575900256633759
-0.711706101894379
-0.75581556558609
-0.240961343050003
0.645803153514862
1.21648049354553
1.13960933685303
0.908080518245697
0.945783972740173
0.950176656246185
0.565088391304016
0.0681708082556725
0.114110514521599
0.642874777317047
1.14857757091522
1.27962481975555
1.17676377296448
1.62536227703094
2.14698839187622
1.74542784690857
0.809063017368317
-0.0712955668568611
-0.244987934827805
0.501761138439178
0.960060060024262
0.838713347911835
1.04956018924713
1.52561271190643
2.1067225933075
2.29359292984009
1.5113365650177
0.541660964488983
-0.02315953373909
-0.480360329151154
-0.566748917102814
0.0991023257374764
1.02265524864197
1.6586731672287
1.71705865859985
1.21117281913757
1.206414103508
2.13802003860474
2.63072800636291
1.87757313251495
0.663190722465515
-0.0464039295911789
0.292195528745651
0.978362739086151
0.661360442638397
0.0372392870485783
-0.0149233313277364
0.19098174571991
0.577351152896881
0.645071089267731
0.45179483294487
0.478699773550034
0.267852962017059
-0.117052249610424
-0.201427578926086
-0.194472551345825
-0.320394963026047
-0.78363561630249
-1.37664222717285
-1.35449600219727
-0.753802239894867
-0.438264161348343
-0.674185633659363
-0.985331058502197
-0.992103040218353
-0.528496325016022
-0.178915292024612
-0.494819432497025
-0.739526152610779
-0.662105858325958
-0.655150830745697
-0.708045601844788
-1.03657853603363
-1.23607766628265
-0.875698089599609
-0.699443340301514
-0.924383163452148
-1.1895889043808
-1.31935489177704
-1.1258956193924
-0.988076508045197
-1.27506244182587
-1.61530911922455
-1.60981833934784
-1.45937037467957
-1.53605854511261
-1.84976637363434
-2.09227681159973
-1.91492390632629
-1.52324664592743
-1.36328125
-1.18464720249176
-0.738245010375977
-0.391226291656494
-0.277749717235565
-0.556133389472961
-0.818410694599152
-0.496832728385925
-0.238948047161102
-0.555401265621185
-1.02083826065063
-0.922552883625031
0.0923303365707398
1.25125563144684
1.59077024459839
1.32428324222565
1.16029131412506
1.28767788410187
1.29408383369446
0.843105971813202
0.443924695253372
0.538732528686523
0.927847385406494
1.33215343952179
1.43135392665863
1.68557810783386
2.36369204521179
2.40743541717529
1.55928957462311
0.511095523834229
-0.0264540165662766
0.348750799894333
1.01606631278992
1.07445180416107
0.891608059406281
1.22435069084167
1.82504439353943
2.26028203964233
2.11880230903626
1.33105528354645
0.710777699947357
0.326970607042313
-0.128033846616745
-0.127667799592018
0.503408372402191
1.21648049354553
1.5537987947464
1.3100072145462
0.980009973049164
1.48351657390594
2.51194381713867
2.57307457923889
1.62188470363617
0.611577153205872
0.170116692781448
0.532143592834473
0.550446271896362
-0.175437778234482
-0.347848951816559
-0.071844644844532
0.16865248978138
0.334657728672028
0.106057338416576
0.0683538317680359
0.35900029540062
0.148336514830589
-0.188432678580284
-0.271892875432968
-0.489877700805664
-0.699077248573303
-1.046462059021
-1.43960344791412
-1.13925659656525
-0.749592661857605
-0.917428135871887
-1.1258956193924
-1.07098758220673
-0.779975056648254
-0.390677213668823
-0.593653857707977
-1.12095391750336
-1.02486479282379
-0.67839527130127
-0.550276517868042
-0.678029179573059
-0.998326003551483
-0.920173585414887
-0.571873664855957
-0.685167253017426
-1.1458455324173
-1.47584271430969
-1.54594194889069
-1.46778953075409
-1.5624144077301
-1.86367642879486
-1.86129701137543
-1.54118323326111
-1.37151753902435
-1.60213112831116
-1.99490654468536
-2.09593725204468
-1.78662216663361
-1.42862176895142
-1.24651026725769
-1.01150393486023
-0.746298134326935
-0.638495445251465
-0.830856502056122
-1.1509702205658
-1.05524730682373
-0.716098725795746
-0.798643827438354
-1.1420019865036
-1.19745910167694
-0.370361238718033
0.946516096591949
1.45679461956024
1.21684658527374
0.955301403999329
0.969943523406982
1.23697948455811
0.966282963752747
0.331363260746002
0.234725132584572
0.566186547279358
1.10080766677856
1.36894178390503
1.22618091106415
1.65903913974762
2.12099862098694
1.77141761779785
1.09000909328461
0.343809068202972
0.228868275880814
0.895268619060516
1.19287014007568
0.947248220443726
1.01460206508636
1.4824184179306
2.05986762046814
2.36442422866821
1.81333076953888
0.957131683826447
0.450147598981857
-0.221560508012772
-0.575168192386627
0.0857413709163666
0.991906762123108
1.61017107963562
1.60907292366028
1.07152330875397
1.18207156658173
2.33166241645813
3.13112330436707
2.4200644493103
1.03125751018524
0.0198517479002476
0.013079758733511
0.640861451625824
0.481262147426605
-0.0388998351991177
-0.0496984124183655
0.0674386993050575
0.398351043462753
0.654405415058136
0.535438060760498
0.444656789302826
-0.0357883796095848
-0.654967844486237
-0.60463547706604
-0.192459270358086
0.00996830407530069
-0.456566840410233
-1.24559509754181
-1.53642451763153
-1.01132082939148
-0.489328622817993
-0.738061964511871
-1.06201922893524
-1.03310108184814
-0.671623229980469
-0.142859011888504
-0.460959494113922
-1.08855819702148
-1.31166779994965
-1.37298166751862
-1.14914000034332
-0.870756328105927
-0.504336833953857
-0.186419382691383
-0.323140352964401
-0.760391235351562
-1.13742625713348
-1.17586195468903
-1.11381590366364
-1.40903794765472
-1.88637173175812
-2.08367443084717
-1.77948403358459
-1.32228326797485
-1.43832218647003
-2.02309274673462
-2.38109302520752
-2.12961411476135
-1.51922011375427
-1.26170146465302
-1.2362607717514
-0.862886190414429
-0.290927648544312
0.0440112762153149
-0.15255942940712
-0.638678431510925
-0.768444418907166
-0.752704083919525
-1.02193641662598
-1.25438034534454
-0.871854484081268
0.151081919670105
1.14802849292755
1.5512363910675
1.52140307426453
1.54007184505463
1.61694300174713
1.32117187976837
0.678198933601379
0.383708894252777
0.657333850860596
1.10721361637115
1.30982422828674
1.01551723480225
1.10886085033417
1.85560989379883
2.03076648712158
1.47582936286926
0.567467749118805
0.136073723435402
0.808696985244751
1.58729267120361
1.55526304244995
1.08616554737091
0.964635729789734
1.46887445449829
2.14094853401184
2.16144752502441
1.42751038074493
0.653856337070465
-0.0022944868542254
-0.454370528459549
-0.170679077506065
0.701077282428742
1.4251309633255
1.53549611568451
1.04077482223511
0.92235654592514
1.78313136100769
3.03942680358887
3.06322026252747
1.48534679412842
0.0919642820954323
-0.346933841705322
0.129301741719246
0.56472235918045
0.000999994343146682
-0.416667014360428
-0.156586021184921
0.296771198511124
0.804853439331055
0.947980344295502
0.73987889289856
0.323676139116287
-0.393605649471283
-0.791322767734528
-0.543870568275452
-0.184955164790154
-0.369263082742691
-1.16524636745453
-1.71213018894196
-1.30160129070282
-0.434969693422318
-0.177817121148109
-0.558329701423645
-0.881920993328094
-0.903152048587799
-0.67546683549881
-0.795898377895355
-1.3781064748764
-1.50457787513733
-1.0545152425766
-0.55558431148529
-0.15750116109848
-0.0268200691789389
-0.184406086802483
-0.499761164188385
-0.992652118206024
-1.60469353199005
-1.76502501964569
-1.52525997161865
-1.58437752723694
-1.83109760284424
-2.02400779724121
-1.93395864963531
-1.31935489177704
-0.889608085155487
-1.24687623977661
-1.83237874507904
-2.09099555015564
-1.96251082420349
-1.65612411499023
-1.61750543117523
-1.58584177494049
-1.12351632118225
-0.587430953979492
-0.382074952125549
-0.486034154891968
-0.6353839635849
-0.695233702659607
-0.916329979896545
-1.33198368549347
-1.23058688640594
-0.315819293260574
0.73091059923172
1.25363492965698
1.1214896440506
0.95292204618454
1.27669632434845
1.57960557937622
1.21831083297729
0.639214217662811
0.461312234401703
0.680578231811523
1.1189272403717
1.09366965293884
0.727250099182129
1.25125563144684
1.88343000411987
1.7274911403656
1.18426787853241
0.421778470277786
0.30500739812851
1.05889451503754
1.45478129386902
1.30689573287964
1.30451643466949
1.56349921226501
1.96322965621948
2.08274602890015
1.46429872512817
0.645620167255402
0.110449984669685
-0.332108676433563
-0.380610734224319
0.286887764930725
1.21684658527374
1.7728818655014
1.54135298728943
0.942123472690582
1.22837722301483
2.40560531616211
3.15162229537964
2.54379034042358
1.08067464828491
0.20690506696701
0.350398033857346
0.600595593452454
0.319832563400269
-0.261826395988464
-0.478530049324036
-0.057019479572773
0.468999356031418
0.775020062923431
0.914120376110077
0.749030232429504
0.20635598897934
-0.469012647867203
-0.69395250082016
-0.268415361642838
-0.0387168079614639
-0.522456467151642
-1.33399701118469
-1.66454327106476
-1.05524730682373
-0.518978953361511
-0.804317653179169
-1.25602757930756
-1.39165043830872
-1.1420019865036
-0.784001648426056
-0.853368818759918
-1.02925753593445
-0.802121341228485
-0.507448256015778
-0.391592353582382
-0.339612752199173
-0.36871400475502
-0.472673207521439
-0.843302309513092
-1.51940310001373
-1.91693711280823
-1.7187192440033
-1.36035287380219
-1.347540974617
-1.78570699691772
-2.11954784393311
-1.76630616188049
-1.19324946403503
-1.23186814785004
-1.70041656494141
-2.07214379310608
-1.99435746669769
-1.40135085582733
-1.20002138614655
-1.39018619060516
-1.21063697338104
-0.982585668563843
-0.889974176883698
-0.89162141084671
-1.08013892173767
-1.11436498165131
-1.11582911014557
-1.40226602554321
-1.45589280128479
-0.647097647190094
0.64763343334198
1.52213513851166
1.60504627227783
1.24320244789124
1.08085775375366
1.2543671131134
1.04736387729645
0.327519685029984
-9.81661141850054E-5
0.341063678264618
1.00545072555542
1.41341733932495
1.07298755645752
0.995567262172699
1.64732551574707
1.91161608695984
1.61657702922821
0.893072307109833
0.313609659671783
0.682591557502747
1.25692939758301
1.34990704059601
1.34038960933685
1.49376606941223
1.86476123332977
2.04229712486267
1.56276714801788
0.688082337379456
0.0154591063037515
-0.377316266298294
-0.602988243103027
-0.315453231334686
0.54898202419281
1.37351751327515
1.66215062141418
1.26516568660736
1.09824526309967
1.92351281642914
2.9034378528595
2.80991125106812
1.4862619638443
0.185673967003822
-0.0733088627457619
0.251380562782288
0.226122871041298
-0.253041118383408
-0.584502518177032
-0.273906171321869
0.467718154191971
1.02961027622223
1.23240387439728
1.22563183307648
0.816018044948578
-0.0123609574511647
-0.64435225725174
-0.718112051486969
-0.411176204681396
-0.373655736446381
-0.998508989810944
-1.5743111371994
-1.27469635009766
-0.492806136608124
-0.312524795532227
-0.742820680141449
-1.19453060626984
-1.38524448871613
-1.16835784912109
-1.00784337520599
-1.09295082092285
-0.863252222537994
-0.497381806373596
-0.408064752817154
-0.421059668064117
-0.457664996385574
-0.550642609596252
-0.782903492450714
-1.37755739688873
-1.99069690704346
-2.00167846679687
-1.46046853065491
-1.12443137168884
-1.42001962661743
-1.91474080085754
-1.9242582321167
-1.33637630939484
-0.908825874328613
-1.27744174003601
-1.96214473247528
-2.14517140388489
-1.70828664302826
-1.21960532665253
-1.1738486289978
-1.30032002925873
-1.20203471183777
-0.871305406093597
-0.698894262313843
-0.844766557216644
-0.860323846340179
-0.897478222846985
-1.06513071060181
-1.18208479881287
-0.903152048587799
0.0862904489040375
1.03308773040771
1.23222088813782
0.979094862937927
0.877148985862732
1.22508275508881
1.46045517921448
0.989893436431885
0.38535612821579
0.358085155487061
0.881358563899994
1.37168717384338
1.12496721744537
0.618532180786133
0.949078500270844
1.62755858898163
1.92863750457764
1.54354929924011
0.683140635490418
0.450879693031311
0.890509903430939
1.21336913108826
1.34276902675629
1.52542960643768
1.85085117816925
2.09134840965271
1.80527758598328
0.952372968196869
0.232711836695671
-0.119797646999359
-0.306850969791412
-0.199414283037186
0.287070780992508
1.05303764343262
1.55983865261078
1.3775440454483
0.981291174888611
1.29664623737335
2.18066549301147
2.53884863853455
1.79484498500824
0.626951396465302
0.212944954633713
0.508533120155334
0.528299987316132
-0.0295654702931643
-0.61360377073288
-0.635933041572571
-0.0372525937855244
0.545687556266785
0.684238791465759
0.657333850860596
0.663190722465515
0.376753866672516
-0.143042042851448
-0.580658972263336
-0.719942331314087
-0.583221316337585
-0.706764400005341
-1.15792524814606
-1.18812465667725
-0.727446436882019
-0.554120063781738
-0.711340069770813
-0.964649081230164
-1.12443137168884
-1.01424932479858
-1.11290073394775
-1.39659214019775
-1.22033739089966
-0.671074151992798
-0.225770130753517
-0.199414283037186
-0.491707980632782
-0.535817444324493
-0.354620963335037
-0.596216261386871
-1.27853989601135
-1.8779524564743
-1.92791879177094
-1.49396240711212
-1.29391419887543
-1.66692268848419
-2.00350880622864
-1.82908427715302
-1.379021525383
-1.14950609207153
-1.4681556224823
-1.71103203296661
-1.36108493804932
-0.932253301143646
-0.830307424068451
-1.00290167331696
-1.13760936260223
-1.01662862300873
-0.98990672826767
-1.27286612987518
-1.4244122505188
-1.19068706035614
-0.901321828365326
-0.78363561630249
-0.639959633350372
0.00283026159740984
0.992455840110779
1.51353287696838
1.30048978328705
0.819129526615143
0.718281745910644
0.946150064468384
0.786550760269165
0.283959329128265
0.197387680411339
0.710594654083252
1.39163708686829
1.55434787273407
0.941574394702911
0.790028274059296
1.37003993988037
1.78532767295837
1.77983677387238
1.02521765232086
0.36101359128952
0.527384877204895
0.867265522480011
1.06438529491425
1.24155521392822
1.57210147380829
2.07926845550537
2.18798637390137
1.53860759735107
0.584855258464813
-0.137917295098305
-0.59822952747345
-0.631540417671204
-0.0273691490292549
0.936998724937439
1.73609340190887
1.85011911392212
1.24905931949615
1.08030867576599
1.89880418777466
2.58460545539856
2.18981671333313
0.787648916244507
-0.240412265062332
0.227404057979584
1.06035876274109
1.00416958332062
0.270964413881302
-0.414287656545639
-0.30373951792717
0.370714008808136
0.678564965724945
0.678930997848511
0.647084355354309
0.45618748664856
0.304092258214951
0.173411175608635
-0.0434755012392998
-0.202708765864372
-0.610126256942749
-1.12315022945404
-1.11235165596008
-0.663936138153076
-0.270977735519409
-0.4212426841259
-0.983683824539185
-1.20368194580078
-0.813651978969574
-0.611407458782196
-0.805232763290405
-1.02175343036652
-0.867644906044006
-0.173424482345581
0.217520624399185
0.00612474279478192
-0.276834577322006
-0.357183337211609
-0.516782641410828
-0.956412851810455
-1.67570793628693
-2.03389120101929
-1.61146557331085
-1.10649478435516
-0.999607145786285
-1.12058782577515
-1.1976420879364
-1.0664119720459
-1.06842517852783
-1.56497669219971
-1.9998482465744
-1.7267724275589
-1.09990584850311
-0.716281771659851
-0.719027161598206
-0.888875961303711
-0.741722464561462
-0.563637495040894
-0.87588107585907
-1.2044141292572
-1.14126980304718
-0.804683685302734
-0.568030118942261
-0.648561894893646
-0.511657893657684
0.268036007881165
1.15772891044617
1.51316690444946
1.31732821464539
1.12167263031006
1.25747847557068
1.33489882946014
0.990808546543121
0.635553658008575
0.734754145145416
1.15498352050781
1.46137034893036
1.14052438735962
0.778314530849457
1.30012381076813
1.87409555912018
1.95535945892334
1.46960651874542
0.67545348405838
0.691010773181915
1.28511559963226
1.46924042701721
1.38102161884308
1.40463197231293
1.75823962688446
2.16821956634521
1.97274696826935
1.07134032249451
0.156755745410919
-0.471392005681992
-0.855565130710602
-0.612139582633972
0.384807050228119
1.51920676231384
2.11532473564148
1.84462833404541
1.22325253486633
1.34386718273163
2.17169713973999
2.292311668396
1.10044157505035
-0.333389848470688
-0.712072134017944
0.219167858362198
1.16120648384094
0.977447628974915
0.332461416721344
-0.0548231601715088
0.00703987665474415
0.292561590671539
0.281213939189911
0.12655633687973
0.00136604777071625
-0.330095380544662
-0.581574082374573
-0.365053474903107
-0.0383507534861565
-0.0238916408270597
-0.608112990856171
-1.4414336681366
-1.4732803106308
-0.815665304660797
-0.502140522003174
-0.866180658340454
-1.51372921466827
-1.75386035442352
-1.33692538738251
-0.916513025760651
-0.898027300834656
-0.857761442661285
-0.530143618583679
-0.303373456001282
-0.338880658149719
-0.560892105102539
-0.876430153846741
-1.02559697628021
-1.30654299259186
-1.79833579063416
-1.90632164478302
-1.52452778816223
-0.996678709983826
-0.831222593784332
-1.18043756484985
-1.42130076885223
-1.25419735908508
-1.10173606872559
-1.50055134296417
-2.23412251472473
-2.48175764083862
-1.98831760883331
-1.1738486289978
-0.716830849647522
-0.730191826820374
-0.596582293510437
-0.369812160730362
-0.463155806064606
-0.758377909660339
-1.12095391750336
-1.11985576152802
-0.90058970451355
-0.967394471168518
-0.84513258934021
-0.137368217110634
0.825535416603088
1.43538045883179
1.34221994876862
1.01881170272827
1.00471866130829
1.20934247970581
1.02997624874115
0.485288739204407
0.399449199438095
0.898197054862976
1.56679368019104
1.83145034313202
1.31787729263306
1.21940898895264
1.76391351222992
1.83145034313202
1.42934060096741
0.618349194526672
0.0667065903544426
0.528849124908447
1.17950916290283
1.38907480239868
1.47326707839966
1.74542784690857
2.12246298789978
2.1971378326416
1.63854014873505
0.672525107860565
-0.0597648806869984
-0.691939234733582
-1.13779234886169
-0.635017931461334
0.656784772872925
1.87171626091003
2.25332689285278
1.724928855896
1.21538233757019
1.66581118106842
2.54653573036194
2.2077534198761
0.790577352046967
-0.418680310249329
-0.592921733856201
0.381878614425659
1.10172271728516
0.809246063232422
0.48602083325386
0.325506389141083
0.231796711683273
0.432027965784073
0.481628209352493
0.275906145572662
-0.00961555633693933
-0.596399247646332
-0.836713373661041
-0.257982820272446
0.184941858053207
-0.0087004229426384
-0.688095688819885
-1.35175061225891
-1.04993951320648
-0.359745711088181
-0.505251944065094
-1.23443043231964
-1.92151284217834
-2.13839960098267
-1.66765475273132
-1.24486303329468
-1.07428205013275
-0.590176343917847
-0.0680010840296745
0.156206667423248
0.0760409533977509
-0.395069867372513
-0.85757839679718
-1.28073620796204
-2.01686978340149
-2.49932813644409
-2.28299069404602
-1.69840323925018
-1.17732608318329
-1.18116962909698
-1.46321392059326
-1.30452966690063
-0.941404640674591
-0.981670558452606
-1.4970737695694
-2.13473892211914
-2.31245803833008
-1.88344323635101
-1.45150017738342
-1.35028636455536
-1.15426480770111
-0.867461860179901
-0.801755249500275
-0.956961929798126
-1.23699283599854
-1.2095388174057
-0.921454727649689
-0.954033493995667
-1.16597843170166
-0.83872663974762
0.217154562473297
1.20476686954498
1.48955643177032
1.1189272403717
0.723772585391998
0.995018184185028
1.18591511249542
0.678564965724945
0.214958250522614
0.0967229753732681
0.496270328760147
1.21849381923676
1.15406847000122
0.886117279529572
1.47033858299255
1.81021928787231
1.72584390640259
1.37443256378174
0.590895175933838
0.596569001674652
1.18280363082886
1.18060731887817
0.982389330863953
1.02448546886444
1.223801612854
1.53641128540039
1.45935702323914
0.788930058479309
0.268036007881165
-0.0531759187579155
-0.579377770423889
-0.702371716499329
0.0848262384533882
1.25418400764465
2.01996779441834
1.77452909946442
1.00124108791351
0.87897926568985
1.62737560272217
2.30347633361816
1.54135298728943
0.141198471188545
-0.431492179632187
-0.168665781617165
0.607916653156281
0.750860512256622
0.243693441152573
0.110816031694412
0.216422453522682
0.309766083955765
0.512742757797241
0.676917731761932
0.5553879737854
0.0149100264534354
-0.623670279979706
-0.693586468696594
-0.269330501556396
-0.0553722381591797
-0.468097537755966
-1.23680984973907
-1.3263099193573
-0.555218279361725
-0.228698551654816
-0.559976935386658
-1.15938949584961
-1.70480918884277
-1.51464438438416
-1.07611238956451
-1.11747634410858
-1.08489763736725
-0.794434189796448
-0.490060746669769
-0.112110525369644
0.0449264124035835
-0.134439796209335
-0.400011569261551
-0.98093843460083
-1.82176327705383
-2.17372369766235
-1.89003217220306
-1.56680703163147
-1.6087201833725
-1.90083074569702
-1.89900052547455
-1.30452966690063
-0.726531267166138
-0.742088556289673
-1.25126886367798
-1.68247985839844
-1.54045116901398
-1.28421378135681
-1.35559415817261
-1.51647460460663
