% Type: Timesignal
% Date: 11-DEC-24 12:57:00
% NoOfItems: = 4096
% Unit_Y: = mm/s
% Unit_X: = Sec
% Min_X: = 0
% Max_X: = 1.60000002384186
% MinDisplay_X: = 0
% MaxDisplay_X: = 1.60000002384186
-1.24856233596802
-0.79436069726944
-0.464863955974579
-0.313670486211777
-0.145476922392845
0.215421959757805
0.608909070491791
0.84674084186554
0.970429182052612
1.11382865905762
1.35007905960083
1.55148208141327
1.64156556129456
1.61513352394104
1.62484788894653
1.66940951347351
1.66619026660919
1.54555177688599
1.37357413768768
1.21882247924805
1.08355605602264
1.0328381061554
1.10722064971924
0.876618087291718
0.286415696144104
-0.119101367890835
-0.198284506797791
-0.200713083148003
-0.420528173446655
-0.366760462522507
-0.0450013168156147
0.0981157049536705
-0.0522870719432831
-0.11893193423748
0.115624099969864
0.366107136011124
0.585131525993347
0.792125940322876
0.971615254878998
1.00855231285095
0.918751180171967
0.842504918575287
0.869727671146393
0.97037273645401
1.16951656341553
1.32856059074402
1.12856960296631
0.812232375144958
0.798056185245514
0.94721645116806
0.894521832466125
0.731411337852478
0.682726681232452
0.571576654911041
0.196671038866043
-0.242676764726639
-0.474691241979599
-0.589117109775543
-0.793344080448151
-0.937929511070251
-0.947361469268799
-0.931547462940216
-0.993109226226807
-1.2127548456192
-1.49949729442596
-1.6356109380722
-1.52813196182251
-1.27651929855347
-1.067999958992
-0.938889682292938
-0.820058524608612
-0.714443325996399
-0.69456285238266
-0.735792279243469
-0.615379691123962
-0.437528282403946
-0.397371917963028
-0.45780411362648
-0.442950218915939
-0.350042760372162
-0.300962775945663
-0.276959329843521
-0.190659880638123
-0.0535296015441418
0.0542317554354668
-0.00687819672748446
-0.217091917991638
-0.448033303022385
-0.647007763385773
-0.76911473274231
-0.900258243083954
-1.05557465553284
-1.2033793926239
-1.25437963008881
-1.264319896698
-1.28725028038025
-1.34113097190857
-1.34948980808258
-1.2869678735733
-1.20010364055634
-1.24929654598236
-1.36502146720886
-1.33271563053131
-0.996102571487427
-0.574827969074249
-0.347614169120789
-0.227992296218872
0.064680315554142
0.508320510387421
0.779644131660461
0.865265846252441
0.960150063037872
1.20470285415649
1.44434189796448
1.59649562835693
1.6041202545166
1.63614356517792
1.73283517360687
1.76751303672791
1.64506721496582
1.40079689025879
1.27631783485413
1.18911468982697
1.16516780853271
1.20639717578888
1.09993481636047
0.66849410533905
0.108790174126625
-0.15603843331337
-0.211726441979408
-0.297969400882721
-0.304351508617401
-0.158975332975388
0.0549659766256809
0.0181983448565006
-0.0410478077828884
0.0073544355109334
0.22654826939106
0.446645736694336
0.647032201290131
0.874358952045441
1.02481818199158
1.04334318637848
0.945239722728729
0.93993067741394
1.05650269985199
1.22441387176514
1.36623191833496
1.28433775901794
1.01408720016479
0.846119582653046
0.856963515281677
0.889777600765228
0.84832227230072
0.803421676158905
0.635567009449005
0.321263045072556
-0.0674798414111137
-0.373707354068756
-0.558618605136871
-0.746127903461456
-0.909633696079254
-0.974527716636658
-0.951258540153503
-0.958657205104828
-1.13475775718689
-1.42759990692139
-1.65040826797485
-1.62160420417786
-1.40670275688171
-1.18412017822266
-1.02993333339691
-0.940584063529968
-0.833330988883972
-0.758948564529419
-0.729579627513885
-0.639552593231201
-0.446282476186752
-0.307909667491913
-0.356876701116562
-0.450631320476532
-0.398275583982468
-0.198340982198715
-0.0839716196060181
-0.0827290862798691
-0.111928574740887
-0.0481641255319119
-0.0137121193110943
-0.113397024571896
-0.342926442623138
-0.538512170314789
-0.592336356639862
-0.672987937927246
-0.826158165931702
-1.04297995567322
-1.15757524967194
-1.14452862739563
-1.06551492214203
-1.10945534706116
-1.22902071475983
-1.22286462783813
-1.15723633766174
-1.21857213973999
-1.42872941493988
-1.41658651828766
-1.04975736141205
-0.568671822547913
-0.3580062687397
-0.340780258178711
-0.143839046359062
0.32312685251236
0.786365151405334
0.976246476173401
1.09801459312439
1.27309858798981
1.47783386707306
1.56243896484375
1.50398349761963
1.50500011444092
1.67279827594757
1.81167936325073
1.76446318626404
1.50070774555206
1.29314851760864
1.16432058811188
1.05706751346588
1.16866946220398
1.2607296705246
0.966023862361908
0.372263312339783
-0.037320215255022
-0.215341076254845
-0.41713947057724
-0.513718008995056
-0.243919298052788
0.137650787830353
0.177750661969185
-0.0391840115189552
-0.0770247429609299
0.116923108696938
0.341595381498337
0.466356813907623
0.71141791343689
0.950944066047668
1.05910074710846
0.953767955303192
0.856229245662689
0.944844365119934
1.13619422912598
1.37933492660522
1.44919908046722
1.22305846214294
0.931176483631134
0.801219046115875
0.815112769603729
0.787551164627075
0.733670473098755
0.70113879442215
0.57649028301239
0.228073194622993
-0.245783090591431
-0.571891069412231
-0.707609415054321
-0.816217958927155
-0.924374639987946
-0.961650609970093
-0.915620446205139
-0.977464616298676
-1.27900445461273
-1.626913189888
-1.73608648777008
-1.47837424278259
-1.16491746902466
-0.958544254302979
-0.85033106803894
-0.724891901016235
-0.670898258686066
-0.741101264953613
-0.779450297355652
-0.645087480545044
-0.395112782716751
-0.298364758491516
-0.371165812015533
-0.450179487466812
-0.391046315431595
-0.288198590278625
-0.265776544809341
-0.251374483108521
-0.156942099332809
0.0292681697756052
0.00119825720321387
-0.26221838593483
-0.598774969577789
-0.806786000728607
-0.815483748912811
-0.873769760131836
-1.01112592220306
-1.14825618267059
-1.16457855701447
-1.08725917339325
-1.08906650543213
-1.25613057613373
-1.33271563053131
-1.20993089675903
-1.15333926677704
-1.31588494777679
-1.4688857793808
-1.25104749202728
-0.794699549674988
-0.454415410757065
-0.401551336050034
-0.29463717341423
0.13601291179657
0.694078922271729
0.973874390125275
1.01357889175415
1.10699474811554
1.35081326961517
1.52787399291992
1.49590706825256
1.48946845531464
1.66681158542633
1.8605899810791
1.81800508499146
1.61535942554474
1.3904048204422
1.27439761161804
1.18747687339783
1.26479613780975
1.39204263687134
1.15991520881653
0.593998670578003
0.107547648251057
-0.128363877534866
-0.297912925481796
-0.402567952871323
-0.27752411365509
0.0311884451657534
0.148551180958748
0.0255970545113087
-0.10260958969593
-0.0525129847228527
0.186843737959862
0.371585547924042
0.622915744781494
0.866960227489471
1.01990449428558
1.01002073287964
0.904688000679016
0.945013761520386
1.07146954536438
1.29828798770905
1.50319278240204
1.42909276485443
1.12343001365662
0.851654469966888
0.807827055454254
0.896442115306854
0.920784413814545
0.83256471157074
0.632347702980042
0.335382729768753
-0.0624532364308834
-0.436229258775711
-0.692642569541931
-0.874560415744781
-0.982999563217163
-1.01389336585999
-1.02146148681641
-1.08002996444702
-1.26437640190125
-1.50966334342957
-1.74805998802185
-1.71823918819427
-1.42861652374268
-1.10968124866486
-0.894779801368713
-0.786566615104675
-0.681177377700806
-0.69196480512619
-0.717719078063965
-0.649605810642242
-0.477967023849487
-0.362637519836426
-0.379694074392319
-0.429508298635483
-0.386076182126999
-0.270859628915787
-0.221666693687439
-0.21906866133213
-0.17269966006279
-0.0643735080957413
0.0308495741337538
-0.0687223747372627
-0.341175615787506
-0.61453253030777
-0.698121011257172
-0.769623041152954
-0.947587370872498
-1.12289726734161
-1.19823980331421
-1.1100766658783
-1.04749822616577
-1.12583422660828
-1.26369869709015
-1.28702437877655
-1.25217700004578
-1.3332804441452
-1.44872283935547
-1.38066601753235
-0.953404724597931
-0.496774435043335
-0.366252154111862
-0.391498118638992
-0.138247653841972
0.41253262758255
0.814039707183838
0.932475507259369
1.04707074165344
1.21356999874115
1.33279657363892
1.30822825431824
1.2790287733078
1.5073721408844
1.75954961776733
1.88922464847565
1.69646286964417
1.42084681987762
1.15059626102448
1.01205396652222
1.10829365253448
1.37792301177979
1.40926873683929
0.887631416320801
0.282688081264496
-0.126104727387428
-0.353375017642975
-0.539528787136078
-0.438544899225235
-0.0771941766142845
0.152617648243904
0.0335605517029762
-0.0546026974916458
0.000351076741935685
0.160863533616066
0.212428584694862
0.341087073087692
0.693005859851837
0.968847811222076
1.04684484004974
0.938518762588501
0.930329322814941
1.00200080871582
1.12422072887421
1.38673365116119
1.49686717987061
1.30438768863678
0.974100291728973
0.805398464202881
0.816807150840759
0.854026615619659
0.83555805683136
0.716557443141937
0.480363547801971
0.10404596477747
-0.290683656930923
-0.605439424514771
-0.808988690376282
-0.913191854953766
-0.944763481616974
-0.950637221336365
-0.98904275894165
-1.11860489845276
-1.32989168167114
-1.60290968418121
-1.70779073238373
-1.4826101064682
-1.17073476314545
-0.878796339035034
-0.786905527114868
-0.755955159664154
-0.758214294910431
-0.769227683544159
-0.727151036262512
-0.591206789016724
-0.38551139831543
-0.32592636346817
-0.399066269397736
-0.4954754114151
-0.479378998279572
-0.380767166614532
-0.318301737308502
-0.250075459480286
-0.13548019528389
0.0110820289701223
0.002327831229195
-0.281195223331451
-0.639891445636749
-0.835929036140442
-0.850782930850983
-0.956398069858551
-1.13458836078644
-1.24890124797821
-1.18225634098053
-1.04732882976532
-1.05365443229675
-1.21501398086548
-1.3108583688736
-1.27053260803223
-1.23625004291534
-1.33977544307709
-1.37292850017548
-1.10194373130798
-0.663104176521301
-0.422166079282761
-0.445435285568237
-0.302487701177597
0.159790441393852
0.685550630092621
0.939027070999146
1.01194107532501
1.13111114501953
1.29032456874847
1.41666734218597
1.455242395401
1.51804661750793
1.72950291633606
1.86877942085266
1.81083226203918
1.52646195888519
1.2415269613266
1.20588886737823
1.28320825099945
1.46569085121155
1.4514582157135
1.03114378452301
0.482114374637604
0.0714577585458755
-0.216075301170349
-0.452495127916336
-0.461418747901917
-0.207377582788467
0.0133976563811302
-0.0353999398648739
-0.127347260713577
-0.0883769616484642
0.0625905990600586
0.212936893105507
0.299857616424561
0.519898593425751
0.855946898460388
1.09428703784943
1.105921626091
0.952864348888397
0.936654925346375
1.12919080257416
1.43626546859741
1.55063486099243
1.39153432846069
1.15647006034851
1.01216697692871
0.928070187568665
0.802235662937164
0.785122573375702
0.677474200725555
0.510184288024902
0.200398623943329
-0.084310494363308
-0.338916450738907
-0.66592812538147
-0.817968785762787
-0.936009287834167
-0.97588324546814
-1.04247164726257
-1.08477413654327
-1.20930969715118
-1.48125457763672
-1.70762121677399
-1.6501259803772
-1.29865896701813
-1.01146483421326
-0.837849259376526
-0.683718919754028
-0.513605058193207
-0.458933711051941
-0.605157077312469
-0.609675347805023
-0.438262492418289
-0.309491068124771
-0.359305262565613
-0.476498574018478
-0.437754184007645
-0.349760383367538
-0.336770266294479
-0.392966568470001
-0.313557535409927
-0.0699649006128311
0.100883163511753
0.00859696697443724
-0.340949684381485
-0.643280148506165
-0.772390484809875
-0.900936007499695
-1.06698334217072
-1.16469156742096
-1.07116281986237
-0.965773522853851
-0.981474637985229
-1.18208694458008
-1.3524831533432
-1.35361278057098
-1.31774878501892
-1.36739361286163
-1.43680584430695
-1.24116361141205
-0.80752021074295
-0.497339218854904
-0.511854231357574
-0.510272860527039
-0.132034987211227
0.443765342235565
0.829684257507324
0.988784790039063
1.12873899936676
1.29456043243408
1.35454082489014
1.32381641864777
1.34832811355591
1.56577110290527
1.73588502407074
1.76886856555939
1.5667313337326
1.26202869415283
1.11444985866547
1.19950675964355
1.36069703102112
1.40994644165039
1.16759634017944
0.696676969528198
0.239764273166656
-0.17716147005558
-0.490674734115601
-0.54935610294342
-0.309491068124771
-0.0738619342446327
-0.065051257610321
-0.174789369106293
-0.120852209627628
0.0517466925084591
0.229936987161636
0.294887483119965
0.429702132940292
0.813361942768097
1.16369926929474
1.19515788555145
0.95760852098465
0.833468377590179
1.05943965911865
1.38097286224365
1.54837572574615
1.48607969284058
1.26654696464539
1.06328022480011
0.880797505378723
0.758295238018036
0.726780116558075
0.718082368373871
0.61461341381073
0.377572298049927
0.038078848272562
-0.312032610177994
-0.559352815151215
-0.79904842376709
-0.91550749540329
-0.927142083644867
-0.896022319793701
-0.919178605079651
-1.13001358509064
-1.3704434633255
-1.56676340103149
-1.60279679298401
-1.37727737426758
-1.11397361755371
-0.816443860530853
-0.665984630584717
-0.605947732925415
-0.663838386535645
-0.753357172012329
-0.682250499725342
-0.51693731546402
-0.387431651353836
-0.446734309196472
-0.497282743453979
-0.466501832008362
-0.403471618890762
-0.384890139102936
-0.428604632616043
-0.360999643802643
-0.178008645772934
0.08772362023592
0.138893321156502
-0.0836892277002335
-0.441877126693726
-0.642941296100616
-0.789955377578735
-1.02191340923309
-1.18852555751801
-1.12730264663696
-0.949055850505829
-0.910876214504242
-1.04269754886627
-1.2774795293808
-1.4134236574173
-1.40653324127197
-1.34954631328583
-1.3615198135376
-1.26934659481049
-0.902969241142273
-0.469043374061584
-0.351228833198547
-0.50366485118866
-0.446564853191376
0.104949623346329
0.721132218837738
1.01182806491852
1.11699140071869
1.21780586242676
1.31398916244507
1.23915481567383
1.2458758354187
1.47602653503418
1.80699169635773
1.89233100414276
1.71905434131622
1.42101621627808
1.18363630771637
1.16691863536835
1.28428137302399
1.48754811286926
1.4146341085434
0.985113680362701
0.480476498603821
0.0291552133858204
-0.404657661914825
-0.659376621246338
-0.520269572734833
-0.199470564723015
-0.0870214700698853
-0.174619928002357
-0.113735891878605
0.0564909018576145
0.115962974727154
0.150019630789757
0.264219552278519
0.588859140872955
0.989631950855255
1.20724439620972
1.16482889652252
0.97686779499054
0.956648409366608
1.21469962596893
1.52233898639679
1.58536922931671
1.35058736801147
1.14941024780273
0.969299614429474
0.747055947780609
0.635567009449005
0.75631844997406
0.825730800628662
0.598686397075653
0.230106428265572
-0.118988409638405
-0.461531728506088
-0.727885246276855
-0.899862885475159
-0.933919548988342
-0.868686676025391
-0.841012120246887
-0.947700381278992
-1.24138963222504
-1.56168031692505
-1.73309314250946
-1.57066035270691
-1.22913372516632
-0.896191775798798
-0.672874987125397
-0.605326473712921
-0.621196985244751
-0.693998038768768
-0.726077914237976
-0.657399833202362
-0.43131560087204
-0.219238102436066
-0.222739785909653
-0.352584302425385
-0.438093066215515
-0.430694341659546
-0.45402005314827
-0.473166316747665
-0.304238557815552
0.0992452800273895
0.321037113666534
0.0699893087148666
-0.434647858142853
-0.770470201969147
-0.90822172164917
-1.01061761379242
-1.06444180011749
-1.06099665164948
-1.02270412445068
-1.0029364824295
-1.0316276550293
-1.23687124252319
-1.41980576515198
-1.3849583864212
-1.21106052398682
-1.20659875869751
-1.33548307418823
-1.19688439369202
-0.796224474906921
-0.573754906654358
-0.657908141613007
-0.648193836212158
-0.260580509901047
0.405077427625656
0.950548708438873
1.18894529342651
1.26377952098846
1.27484941482544
1.37091970443726
1.32867360115051
1.30258047580719
1.50172436237335
1.74927043914795
1.83907163143158
1.57045888900757
1.30952727794647
1.23147368431091
1.2467794418335
1.26773309707642
1.32296919822693
1.05791473388672
0.58117800951004
0.340748190879822
0.0984545722603798
-0.370205670595169
-0.663838386535645
-0.42651492357254
-0.0110011417418718
-0.0031506025698036
-0.21392910182476
-0.0846493616700172
0.259418874979019
0.402987718582153
0.261282652616501
0.321488946676254
0.708368062973022
1.10631692409515
1.17493855953217
1.08067560195923
1.07265567779541
1.27908527851105
1.52939891815186
1.62496078014374
1.47083044052124
1.12823069095612
0.949080228805542
0.943771243095398
0.905704617500305
0.782524585723877
0.667082130908966
0.574400544166565
0.332615256309509
-0.0551674850285053
-0.346258699893951
-0.466727763414383
-0.585728347301483
-0.770696103572845
-0.879643499851227
-0.911384522914886
-0.936461091041565
-1.11905670166016
-1.38422417640686
-1.55806565284729
-1.53812861442566
-1.28866231441498
-0.952670454978943
-0.718735694885254
-0.627296686172485
-0.621874749660492
-0.619785010814667
-0.610804915428162
-0.617638826370239
-0.478701233863831
-0.338690549135208
-0.292999297380447
-0.341627448797226
-0.375627607107162
-0.372351855039597
-0.419737488031387
-0.489488661289215
-0.446282476186752
-0.112436883151531
0.214518293738365
0.225305736064911
-0.132712736725807
-0.540940761566162
-0.793400526046753
-0.959899723529816
-0.987235426902771
-0.956736922264099
-0.924713551998138
-0.971139013767242
-1.00141155719757
-1.1382030248642
-1.35349977016449
-1.43302178382874
-1.27397775650024
-1.12634253501892
-1.15469479560852
-1.1426647901535
-0.834291100502014
-0.539133429527283
-0.561386048793793
-0.663160681724548
-0.425724238157272
0.239538371562958
0.827255725860596
1.14031708240509
1.2184271812439
1.19640052318573
1.21368300914764
1.25124132633209
1.38887989521027
1.62191092967987
1.8145033121109
1.88193893432617
1.72554934024811
1.42344486713409
1.22119462490082
1.2326033115387
1.34414875507355
1.45354795455933
1.32760047912598
0.878030061721802
0.429589182138443
0.042201790958643
-0.37478044629097
-0.689310312271118
-0.568841218948364
-0.260354608297348
-0.0658419579267502
-0.150955349206924
-0.0910314545035362
0.112574249505997
0.22118279337883
0.200398623943329
0.223554894328117
0.537519991397858
0.890737771987915
1.12439012527466
1.17589867115021
1.19792544841766
1.36561059951782
1.60745239257813
1.64337289333344
1.42463088035583
1.11326384544373
0.930216372013092
0.934960603713989
0.840810596942902
0.736099064350128
0.696112155914307
0.607779502868652
0.329057097434998
0.00678964843973517
-0.117124617099762
-0.15581251680851
-0.332647323608398
-0.64825028181076
-0.880151808261871
-0.90263032913208
-0.971534371376038
-1.19061517715454
-1.38083553314209
-1.45871961116791
-1.40608143806458
-1.31097137928009
-1.11668467521667
-0.82819139957428
-0.692586064338684
-0.715234041213989
-0.754882097244263
-0.660901546478271
-0.540093600749969
-0.504907369613647
-0.456618070602417
-0.38325223326683
-0.338295191526413
-0.349873334169388
-0.318019360303879
-0.277806520462036
-0.326152265071869
-0.38494661450386
-0.214324459433556
0.0628729984164238
0.155836939811707
-0.100689314305782
-0.489093333482742
-0.709868550300598
-0.773915410041809
-0.74415111541748
-0.838583528995514
-0.952218651771545
-1.06873416900635
-1.09279417991638
-1.09042203426361
-1.20027303695679
-1.25274181365967
-1.14803028106689
-1.01790332794189
-1.11233580112457
-1.27527678012848
-1.12205004692078
-0.738898634910583
-0.559296369552612
-0.638592422008514
-0.577538967132568
-0.0612107031047344
0.635454058647156
1.07259917259216
1.17047679424286
1.14641678333282
1.22492218017578
1.30026483535767
1.34183311462402
1.4555811882019
1.66698098182678
1.84788227081299
1.79445338249207
1.52951180934906
1.27733445167542
1.27157366275787
1.3159658908844
1.38961410522461
1.39435827732086
1.0879613161087
0.605859220027924
0.19412949681282
-0.203311115503311
-0.614758431911469
-0.681742191314697
-0.375458180904388
-0.0172702763229609
0.00904879625886679
-0.0302603784948587
0.116132408380508
0.284777790307999
0.308272927999496
0.264671385288239
0.455399960279465
0.853348851203918
1.14974904060364
1.20803511142731
1.09118068218231
1.01877498626709
1.1570348739624
1.44535851478577
1.57915663719177
1.37707579135895
1.04712724685669
0.910561800003052
0.826690912246704
0.675045609474182
0.637939095497131
0.732823312282562
0.684025704860687
0.347695082426071
-0.0261939112097025
-0.215962335467339
-0.385850250720978
-0.67321389913559
-0.922228455543518
-1.01428878307343
-1.03287017345428
-1.07285714149475
-1.18903386592865
-1.38021421432495
-1.55676662921906
-1.534175157547
-1.30086159706116
-0.955381453037262
-0.757762491703033
-0.667057693004608
-0.670051097869873
-0.706253945827484
-0.708569526672363
-0.638253569602966
-0.415388613939285
-0.285713523626328
-0.349760383367538
-0.478588283061981
-0.49169135093689
-0.43679404258728
-0.466501832008362
-0.507166504859924
-0.387996464967728
-0.036247119307518
0.281332612037659
0.233212754130363
-0.190829321742058
-0.590980887413025
-0.831919014453888
-0.89483630657196
-0.951145529747009
-0.969614088535309
-0.980345070362091
-1.01564419269562
-1.08155488967896
-1.25511395931244
-1.39297842979431
-1.342768907547
-1.15446889400482
-1.14119637012482
-1.2446653842926
-1.20021665096283
-0.888680100440979
-0.651582539081573
-0.667453050613403
-0.69196480512619
-0.321972846984863
0.422585815191269
0.970598638057709
1.13382208347321
1.07463240623474
1.08649289608002
1.17618107795715
1.25197553634644
1.42954456806183
1.62281465530396
1.786376953125
1.81518113613129
1.62371826171875
1.35567045211792
1.21690225601196
1.26547396183014
1.38780677318573
1.40695309638977
1.15087866783142
0.70791620016098
0.277435570955276
-0.217374309897423
-0.669090926647186
-0.773915410041809
-0.535575270652771
-0.231776371598244
-0.129041627049446
-0.0976394638419151
-0.00139976292848587
0.0947834625840187
0.114155657589436
0.128727152943611
0.297203123569489
0.624948978424072
0.987316310405731
1.17736709117889
1.14941024780273
1.0693234205246
1.16855645179749
1.37854433059692
1.45354795455933
1.32980310916901
1.10863256454468
0.955970644950867
0.780886709690094
0.618453979492188
0.697693586349487
0.821946680545807
0.703736782073975
0.355432659387589
0.132172361016273
-0.0345527604222298
-0.343378275632858
-0.697104394435883
-0.911497533321381
-0.973341703414917
-1.06743514537811
-1.13859832286835
-1.15605032444
-1.25313711166382
-1.48187589645386
-1.63374710083008
-1.51711857318878
-1.16017317771912
-0.803623199462891
-0.665250360965729
-0.747822225093842
-0.859085261821747
-0.775440335273743
-0.641755223274231
-0.537326157093048
-0.450631320476532
-0.369358479976654
-0.333099156618118
-0.391893476247787
-0.4466213285923
-0.495701342821121
-0.44328910112381
-0.317341595888138
-0.0890547037124634
0.175039693713188
0.230501770973206
-0.0229746252298355
-0.476780980825424
-0.801759421825409
-0.874334514141083
-0.844570279121399
-0.898563861846924
-1.02987682819366
-1.1194521188736
-1.15096724033356
-1.2078412771225
-1.30927693843842
-1.29606091976166
-1.18717002868652
-1.17344570159912
-1.27832663059235
-1.28267550468445
-1.02829539775848
-0.760812342166901
-0.626223623752594
-0.591489195823669
-0.337843358516693
0.245525106787682
0.842504918575287
1.1198718547821
1.03560566902161
1.02651250362396
1.12071907520294
1.27332448959351
1.42474389076233
1.58316659927368
1.77304792404175
1.86832749843597
1.81653654575348
1.56017971038818
1.40475034713745
1.32731807231903
1.32765698432922
1.33697593212128
1.26671648025513
1.04034984111786
0.569995224475861
0.0139059647917747
-0.538003861904144
-0.693885087966919
-0.583864569664001
-0.343321800231934
-0.113735891878605
-0.0428551286458969
0.0523114800453186
0.106135681271553
0.177750661969185
0.196162730455399
0.275458812713623
0.552091479301453
0.908528566360474
1.2326033115387
1.24022793769836
1.08310425281525
1.04464221000671
1.25756692886353
1.43174719810486
1.39802944660187
1.22718131542206
1.02600419521332
0.825448393821716
0.615347623825073
0.628337740898132
0.798846900463104
0.816411793231964
0.586543500423431
0.327249795198441
0.101109072566032
-0.215679943561554
-0.537213146686554
-0.788995206356049
-0.936686992645264
-1.02970743179321
-1.05083048343658
-1.02558445930481
-1.09900677204132
-1.32819736003876
-1.56111550331116
-1.56817531585693
-1.32729363441467
-0.959334969520569
-0.720034718513489
-0.664177298545837
-0.767985165119171
-0.811134874820709
-0.762054860591888
-0.657795190811157
-0.469664663076401
-0.359022885560989
-0.397146016359329
-0.500615000724792
-0.418551415205002
-0.317906379699707
-0.296952784061432
-0.307344883680344
-0.152423799037933
0.0907169952988625
0.160411700606346
-0.0626226738095284
-0.45356822013855
-0.695692420005798
-0.764935314655304
-0.748161137104034
-0.843101799488068
-0.966959595680237
-1.0821760892868
-1.16503036022186
-1.20569503307343
-1.29030013084412
-1.28888821601868
-1.14582765102386
-1.05681717395782
-1.18270826339722
-1.37812447547913
-1.26595783233643
-0.903872907161713
-0.625037550926208
-0.602671980857849
-0.449501752853394
0.158999741077423
0.811667561531067
1.0789247751236
1.04277837276459
1.05486488342285
1.17674589157104
1.28755712509155
1.43491005897522
1.62366187572479
1.80524086952209
1.93621492385864
1.88120472431183
1.6098245382309
1.31658709049225
1.22209823131561
1.27479290962219
1.23316812515259
1.1718887090683
1.13241004943848
0.874641299247742
0.27257838845253
-0.37946817278862
-0.71032041311264
-0.584542334079742
-0.358684003353119
-0.126161202788353
0.00441754283383489
0.0866505280137062
0.109750315546989
0.0491486713290215
0.0266136713325977
0.179162636399269
0.526280701160431
0.951621770858765
1.31918513774872
1.40102279186249
1.27998900413513
1.04486811161041
0.962013900279999
1.14698159694672
1.44304299354553
1.57040238380432
1.3200888633728
0.948628425598145
0.712886333465576
0.656238198280334
0.656577050685883
0.752421438694
0.877747654914856
0.743949592113495
0.309120118618011
-0.15112479031086
-0.427926898002625
-0.639665544033051
-0.905906140804291
-1.05749499797821
-1.03134524822235
-1.01513588428497
-1.14718306064606
-1.39681899547577
-1.62877702713013
-1.65537846088409
-1.46617484092712
-1.10787391662598
-0.792722821235657
-0.668639123439789
-0.716307103633881
-0.799613177776337
-0.805374026298523
-0.73488861322403
-0.501405656337738
-0.288424521684647
-0.259620368480682
-0.346541076898575
-0.343999534845352
-0.28949761390686
-0.311524301767349
-0.344394892454147
-0.271142035722733
-0.0648818165063858
0.104554273188114
0.0405074320733547
-0.267075568437576
-0.586744964122772
-0.755955159664154
-0.782669603824615
-0.86541086435318
-1.02756118774414
-1.12730264663696
-1.16734600067139
-1.2361935377121
-1.32593822479248
-1.37264609336853
-1.29549622535706
-1.22862541675568
-1.24472177028656
-1.29018723964691
-1.24709391593933
-0.98525869846344
-0.711393475532532
-0.580927670001984
-0.506262838840485
-0.142540022730827
0.548081517219543
1.02583479881287
1.10761594772339
1.01493442058563
1.04221367835999
1.17889201641083
1.30229806900024
1.49568104743958
1.74893152713776
1.9259922504425
1.95327150821686
1.76480209827423
1.50132894515991
1.30376648902893
1.18888878822327
1.20250022411346
1.18832397460938
1.16499829292297
0.984605371952057
0.47499805688858
-0.195799440145493
-0.65723043680191
-0.530266284942627
-0.361733853816986
-0.262444317340851
-0.148583248257637
0.0118162529543042
0.166116058826447
0.117431417107582
0.0756371840834618
0.17278054356575
0.463024586439133
0.725424587726593
0.937897443771362
1.16929066181183
1.19261634349823
1.05825352668762
0.964216530323029
1.1437623500824
1.4132786989212
1.56266486644745
1.4327073097229
1.02430987358093
0.711869716644287
0.681145310401917
0.773375034332275
0.775634169578552
0.791052877902985
0.73316216468811
0.447436451911926
-0.0308251641690731
-0.434534907341003
-0.601824820041656
-0.763975143432617
-1.01084351539612
-1.13938903808594
-1.07568109035492
-1.03174066543579
-1.26307737827301
-1.57218527793884
-1.71208310127258
-1.59404253959656
-1.28267550468445
-0.967072546482086
-0.82598876953125
-0.844118416309357
-0.915281593799591
-0.899749934673309
-0.77030074596405
-0.594651997089386
-0.360547810792923
-0.268431037664413
-0.281308203935623
-0.371617645025253
-0.36918905377388
-0.201673224568367
-0.161686316132545
-0.170101627707481
-0.127234309911728
0.0595972314476967
0.0873847529292107
-0.207659974694252
-0.568558871746063
-0.803340792655945
-0.831184804439545
-0.891786456108093
-1.00016903877258
-1.11284410953522
-1.22828650474548
-1.30865573883057
-1.30300784111023
-1.26810395717621
-1.2592933177948
-1.2451171875
-1.27951276302338
-1.37388861179352
-1.46357679367065
-1.31102776527405
-0.948491036891937
-0.6304030418396
-0.465824097394943
-0.307175427675247
0.137198969721794
0.745305120944977
1.0783599615097
1.09157598018646
1.10897147655487
1.26959681510925
1.46427893638611
1.5676349401474
1.68194782733917
1.80574917793274
1.90091574192047
1.85409486293793
1.62337946891785
1.3851523399353
1.21955668926239
1.15488862991333
1.09355270862579
1.06870210170746
1.06559586524963
0.76908266544342
0.154537916183472
-0.415614545345306
-0.448541611433029
-0.351341784000397
-0.430016607046127
-0.403076261281967
-0.139546662569046
0.17300646007061
0.224289119243622
0.106813423335552
0.097494438290596
0.326233178377151
0.595806002616882
0.798620998859406
1.04481160640717
1.19724762439728
1.11281204223633
1.02046930789948
1.12461602687836
1.36097943782806
1.49511635303497
1.4420827627182
1.2139652967453
0.922309339046478
0.681653618812561
0.633985579013824
0.741916358470917
0.817371904850006
0.734687089920044
0.547234296798706
0.262977033853531
-0.122772485017776
-0.441199392080307
-0.711111068725586
-0.983056008815765
-1.15514659881592
-1.19112348556519
-1.1431165933609
-1.18925976753235
-1.40754985809326
-1.65532195568085
-1.68361783027649
-1.44177603721619
-1.11131918430328
-0.869929194450378
-0.769284129142761
-0.738898634910583
-0.745788991451263
-0.740875363349915
-0.713822066783905
-0.5374955534935
-0.358627527952194
-0.331630706787109
-0.324288487434387
-0.257304757833481
-0.167503610253334
-0.192580163478851
-0.263178527355194
-0.215623468160629
-0.0623967573046684
0.088740237057209
-0.0719416588544846
-0.437641233205795
-0.712184190750122
-0.838527023792267
-0.880716621875763
-0.99164080619812
-1.12346208095551
-1.22783470153809
-1.30532348155975
-1.40156316757202
-1.44126772880554
-1.47617149353027
-1.37213778495789
-1.36225402355194
-1.36287522315979
-1.41082572937012
-1.37162947654724
-1.05913281440735
-0.699532926082611
-0.483727842569351
-0.378508031368256
0.0699893087148666
0.684138655662537
1.06152939796448
1.02261555194855
0.94433605670929
1.07593142986298
1.22492218017578
1.39046132564545
1.57497715950012
1.77598488330841
1.93372988700867
1.92672646045685
1.70747625827789
1.35905909538269
1.07982838153839
1.02984476089478
1.00787460803986
1.00499415397644
1.03114378452301
0.87537556886673
0.372884571552277
-0.315534293651581
-0.698121011257172
-0.630459487438202
-0.519761264324188
-0.37856450676918
-0.242620289325714
0.0131152626127005
0.203053131699562
0.172611102461815
0.0705540999770164
0.198704272508621
0.429419755935669
0.674706757068634
1.01013374328613
1.24536752700806
1.19222104549408
1.01058554649353
1.07886826992035
1.3340390920639
1.50381398200989
1.48071420192719
1.33110213279724
1.12472903728485
0.843408584594727
0.598347544670105
0.610942304134369
0.769816875457764
0.833976686000824
0.723504304885864
0.43777859210968
0.036949273198843
-0.356481343507767
-0.655705511569977
-0.925108850002289
-1.1108672618866
-1.0593022108078
-0.910085558891296
-0.946627259254456
-1.28075528144836
-1.6449863910675
-1.70282053947449
-1.483513712883
-1.21738612651825
-1.00191986560822
-0.834234654903412
-0.72201144695282
-0.7190181016922
-0.761433601379395
-0.729862034320831
-0.573472499847412
-0.386697441339493
-0.340836733579636
-0.377039581537247
-0.31474357843399
-0.199696466326714
-0.182809337973595
-0.276789903640747
-0.251769840717316
-0.0885463953018188
0.0645108744502068
0.0191020052880049
-0.257813066244125
-0.58499413728714
-0.83078944683075
-0.936630547046661
-0.969162285327911
-1.04540848731995
-1.14526283740997
-1.22100079059601
-1.21642601490021
-1.20281457901001
-1.2597451210022
-1.35276556015015
-1.38653981685638
-1.40212798118591
-1.44883584976196
-1.42844700813293
-1.21247243881226
-0.793400526046753
-0.498299360275269
-0.392571240663528
-0.212008833885193
0.302681535482407
0.869388818740845
1.10987508296967
1.06119048595428
1.08214402198792
1.28157031536102
1.44614923000336
1.51567459106445
1.5623824596405
1.70431339740753
1.84082245826721
1.8095897436142
1.56475448608398
1.30015182495117
1.15104806423187
1.08378195762634
0.973479032516479
0.974665105342865
0.976133525371552
0.635341107845306
-0.00495792087167501
-0.499993711709976
-0.462265938520432
-0.441764175891876
-0.478644758462906
-0.404657661914825
-0.0781543105840683
0.242136389017105
0.228694453835487
0.0622517317533493
0.110202148556709
0.399824917316437
0.587786018848419
0.856681108474731
1.18775928020477
1.31438446044922
1.15686535835266
1.0834995508194
1.23390233516693
1.39904606342316
1.50200664997101
1.4694185256958
1.24644064903259
0.92835259437561
0.69854074716568
0.717912912368774
0.784275412559509
0.777836859226227
0.743158936500549
0.625909149646759
0.316010534763336
-0.167616575956345
-0.526143372058868
-0.83536422252655
-1.11770129203796
-1.22755229473114
-1.13080430030823
-1.07251822948456
-1.22710049152374
-1.4741382598877
-1.66622233390808
-1.61177694797516
-1.35056293010712
-1.01666080951691
-0.836606740951538
-0.783516764640808
-0.73477566242218
-0.625828266143799
-0.573020696640015
-0.575110375881195
-0.467518448829651
-0.303221940994263
-0.243072107434273
-0.260919392108917
-0.225507244467735
-0.200656607747078
-0.25617516040802
-0.327903121709824
-0.238779738545418
-0.0187952015548944
0.0562085099518299
-0.146550014615059
-0.495305985212326
-0.755107998847961
-0.897208392620087
-0.979441404342651
-1.07150161266327
-1.19168829917908
-1.25082147121429
-1.22930312156677
-1.17542243003845
-1.21343266963959
-1.34536683559418
-1.44138062000275
-1.45657336711884
-1.45053017139435
-1.41477918624878
-1.22766530513763
-0.856939077377319
-0.560934245586395
-0.434139549732208
-0.322820037603378
0.112065941095352
0.699613869190216
1.05029010772705
1.05791473388672
1.02696442604065
1.1714369058609
1.30625152587891
1.38492631912231
1.45128881931305
1.64467191696167
1.87730765342712
1.82636392116547
1.61072814464569
1.31613528728485
1.14308452606201
1.01019024848938
0.986469149589539
1.04311728477478
1.21605503559113
0.9665886759758
0.145105987787247
-0.598605513572693
-0.629273474216461
-0.366534560918808
-0.397089511156082
-0.428435206413269
-0.17179599404335
0.318439096212387
0.340974092483521
-0.0645994246006012
-0.259846299886703
0.166680842638016
0.595693051815033
0.761232078075409
1.01256227493286
1.30037772655487
1.34533476829529
1.12597155570984
1.0873966217041
1.34030818939209
1.67065215110779
1.75706446170807
1.46241509914398
1.03131318092346
0.767953038215637
0.764677286148071
0.865378797054291
0.922196388244629
0.877634704113007
0.732371509075165
0.434559315443039
-0.0610977485775948
-0.470172971487045
-0.747822225093842
-1.04789352416992
-1.24703741073608
-1.20298409461975
-1.09815955162048
-1.16971814632416
-1.42500185966492
-1.67644500732422
-1.71756148338318
-1.4544837474823
-1.08759808540344
-0.823673129081726
-0.733589589595795
-0.689988076686859
-0.565678417682648
-0.509199738502502
-0.523206472396851
-0.476159691810608
-0.281760007143021
-0.175749510526657
-0.205852657556534
-0.241547182202339
-0.201503798365593
-0.191620022058487
-0.291869699954987
-0.335358291864395
-0.201955616474152
-0.0302038993686438
-0.0793968439102173
-0.365122586488724
-0.661579251289368
-0.810513615608215
-0.863321185112
-0.947305023670197
-1.11030256748199
-1.21749913692474
-1.19705379009247
-1.11820960044861
-1.09205985069275
-1.21179473400116
-1.36530387401581
-1.46826446056366
-1.49904537200928
-1.44883584976196
-1.305379986763
-0.986896574497223
-0.633848249912262
-0.420528173446655
-0.324796795845032
-0.0792274102568626
0.455625861883163
0.928747892379761
1.0550342798233
1.01002073287964
1.09163248538971
1.24243056774139
1.31991934776306
1.39334166049957
1.57452535629272
1.78050315380096
1.84296858310699
1.67556571960449
1.40638828277588
1.11032688617706
0.897854089736938
0.913724601268768
1.064861536026
1.32268679141998
1.16031062602997
0.382937788963318
-0.416461706161499
-0.544555425643921
-0.347896575927734
-0.457239329814911
-0.522246301174164
-0.268431037664413
0.204465091228485
0.30087423324585
-0.0546026974916458
-0.285544097423553
0.0549094974994659
0.495330393314362
0.639915883541107
0.868372201919556
1.27106535434723
1.36617541313171
1.11151301860809
0.971954107284546
1.25293564796448
1.61366510391235
1.65399086475372
1.44259107112885
1.14460945129395
0.854647874832153
0.635284602642059
0.641327798366547
0.788115978240967
0.810481548309326
0.675045609474182
0.485164225101471
0.120876617729664
-0.324288487434387
-0.701848566532135
-1.01462757587433
-1.20947909355164
-1.18011021614075
-1.06687045097351
-1.0781661272049
-1.25827670097351
-1.48639416694641
-1.59031498432159
-1.47860014438629
-1.19999074935913
-0.89014858007431
-0.66971218585968
-0.609110534191132
-0.567429304122925
-0.508917331695557
-0.489771068096161
-0.498186379671097
-0.419906914234161
-0.275829762220383
-0.217317819595337
-0.240869447588921
-0.267922729253769
-0.26165360212326
-0.320673853158951
-0.346879959106445
-0.288932830095291
-0.137569904327393
-0.086456686258316
-0.281590580940247
-0.548508942127228
-0.727546393871307
-0.800968706607819
-0.882354497909546
-1.0117472410202
-1.14385092258453
-1.21038281917572
-1.15853536128998
-1.10906004905701
-1.19055879116058
-1.3807225227356
-1.49921488761902
-1.5529260635376
-1.51271319389343
-1.37654316425323
-1.11691057682037
-0.727885246276855
-0.4068603515625
-0.224038794636726
-0.0787191018462181
0.264163076877594
0.743667244911194
1.02498757839203
1.045658826828
1.05576848983765
1.18002164363861
1.34013879299164
1.37826192378998
1.44180047512054
1.65856564044952
1.81540703773499
1.80332052707672
1.54786741733551
1.23328101634979
0.968565404415131
0.867694437503815
0.956591904163361
1.16900825500488
1.32353401184082
0.838607907295227
-0.0823902189731598
-0.669147431850433
-0.50823962688446
-0.361733853816986
-0.468422114849091
-0.449953585863113
-0.0665761828422546
0.328944146633148
0.155441582202911
-0.247646883130074
-0.195008739829063
0.36938288807869
0.642683327198029
0.781959772109985
1.1629650592804
1.49720597267151
1.40356433391571
1.10400128364563
1.07446300983429
1.34358394145966
1.5859340429306
1.6512234210968
1.49150168895721
1.10292828083038
0.744909763336182
0.656181693077087
0.703002572059631
0.668324649333954
0.592417299747467
0.645224869251251
0.446532785892487
-0.0346092358231544
-0.580080509185791
-0.921607196331024
-1.14910340309143
-1.24110722541809
-1.15401709079742
-1.15509009361267
-1.15791404247284
-1.40365290641785
-1.61719882488251
-1.63092315196991
-1.40805816650391
-1.04896664619446
-0.861965715885162
-0.729410171508789
-0.575731635093689
-0.403697520494461
-0.347783625125885
-0.518066883087158
-0.51055520772934
-0.308474451303482
-0.218277961015701
-0.287916213274002
-0.364840179681778
-0.288424521684647
-0.320617377758026
-0.427531540393829
-0.423352122306824
-0.252560526132584
-0.00128680549096316
-0.0302038993686438
-0.248889416456223
-0.565904378890991
-0.76821106672287
-0.896078824996948
-1.07709300518036
-1.15141904354095
-1.12289726734161
-0.966677188873291
-0.915733397006989
-1.02236521244049
-1.28199779987335
-1.5618497133255
-1.66870737075806
-1.54631805419922
-1.29549622535706
-1.06325578689575
-0.750589668750763
-0.445265859365463
-0.278936088085175
-0.258434325456619
-0.0826726108789444
0.379831463098526
0.818953335285187
1.0087217092514
1.09135007858276
1.24593234062195
1.35702586174011
1.38357090950012
1.36724853515625
1.47738194465637
1.64625334739685
1.72306430339813
1.60903382301331
1.31122171878815
1.01453900337219
0.8595050573349
0.941060304641724
1.08931684494019
1.24051034450531
0.9759641289711
0.244113132357597
-0.421770721673965
-0.486043483018875
-0.366534560918808
-0.505189776420593
-0.472036749124527
-0.168407276272774
0.210621267557144
0.185544729232788
-0.110121257603168
-0.165357425808907
0.163348600268364
0.498380243778229
0.661660134792328
1.01832318305969
1.4325944185257
1.44479382038116
1.11721730232239
0.931007087230682
1.15680885314941
1.48602318763733
1.59909355640411
1.45631539821625
1.2228889465332
0.97415679693222
0.756262004375458
0.618566930294037
0.617776215076447
0.603317677974701
0.499848693609238
0.301043659448624
-0.0214496999979019
-0.387770533561707
-0.760247528553009
-1.0350729227066
-1.16215002536774
-1.03603303432465
-0.950015962123871
-1.00033855438232
-1.14678776264191
-1.36456966400146
-1.46001863479614
-1.39998173713684
-1.10939884185791
-0.851968944072723
-0.700267195701599
-0.597193539142609
-0.530887544155121
-0.481751084327698
-0.519140005111694
-0.548678338527679
-0.432614624500275
-0.266002476215363
-0.218108534812927
-0.309208661317825
-0.378846913576126
-0.4278704226017
-0.517389178276062
-0.548508942127228
-0.449953585863113
-0.269334703683853
-0.112606316804886
-0.166261076927185
-0.413863688707352
-0.684904992580414
-0.805035173892975
-0.939059138298035
-1.16147220134735
-1.2731306552887
-1.0969170331955
-0.940809965133667
-0.951314985752106
-1.15525960922241
-1.39907813072205
-1.54693937301636
-1.6035875082016
-1.41692543029785
-1.17706036567688
-0.863038778305054
-0.53359854221344
-0.283680289983749
-0.202972233295441
-0.221214860677719
0.0348595604300499
0.564799189567566
0.952412486076355
1.05605089664459
1.13766264915466
1.30563032627106
1.38182008266449
1.33985638618469
1.38724195957184
1.62914025783539
1.79795503616333
1.73661923408508
1.46145498752594
1.10880196094513
0.894747734069824
0.903953790664673
1.06977522373199
1.28038430213928
1.31974995136261
0.740673840045929
-0.128363877534866
-0.543708205223083
-0.339424759149551
-0.318697094917297
-0.504286110401154
-0.404149353504181
0.065922848880291
0.38559228181839
0.105909764766693
-0.198679849505425
-0.0313334725797176
0.470649212598801
0.623819410800934
0.786365151405334
1.28586268424988
1.62642931938171
1.40119218826294
0.934565246105194
0.940608441829681
1.39441478252411
1.68059229850769
1.57102370262146
1.30642092227936
1.11337673664093
0.920219659805298
0.638108551502228
0.522891998291016
0.625457286834717
0.695208489894867
0.504310488700867
0.106531031429768
-0.213872626423836
-0.522076904773712
-0.908842980861664
-1.22484135627747
-1.20016014575958
-0.947305023670197
-0.837453961372375
-1.05749499797821
-1.40184557437897
-1.60590314865112
-1.58568370342255
-1.32119393348694
-1.04631221294403
-0.760868847370148
-0.520100116729736
-0.458142995834351
-0.52162504196167
-0.67310094833374
-0.677110910415649
-0.513266205787659
-0.313896387815475
-0.229856103658676
-0.232962429523468
-0.281872987747192
-0.372577756643295
-0.520382523536682
-0.657004475593567
-0.550033867359161
-0.243523940443993
0.138554453849792
0.17814601957798
-0.162307575345039
-0.603010833263397
-0.841181516647339
-0.986670672893524
-1.10968124866486
-1.08720278739929
-0.965321719646454
-0.896982491016388
-1.00491333007813
-1.14441561698914
-1.34463262557983
-1.50960695743561
-1.53185951709747
-1.32814085483551
-1.08567786216736
-0.917032420635223
-0.72071248292923
-0.493159800767899
-0.327394813299179
-0.309829920530319
-0.156942099332809
0.293588489294052
0.775521218776703
1.01047265529633
1.05887484550476
1.11913764476776
1.23147368431091
1.32737457752228
1.3532418012619
1.45106291770935
1.61535942554474
1.67884147167206
1.51036560535431
1.17335712909698
0.931797742843628
0.871591448783875
0.991608738899231
1.06062567234039
1.20069289207458
1.04266548156738
0.362266570329666
-0.371448189020157
-0.47022944688797
-0.219633460044861
-0.323667228221893
-0.448033303022385
-0.24166014790535
0.215196043252945
0.34142592549324
0.0502217672765255
-0.101254098117352
0.203335523605347
0.556157946586609
0.681258261203766
1.03831660747528
1.52985072135925
1.59361517429352
1.17527747154236
0.991100430488586
1.30252397060394
1.57898712158203
1.45908284187317
1.21407830715179
1.09084177017212
0.942359268665314
0.722092390060425
0.594563484191895
0.628620088100433
0.683912754058838
0.600324273109436
0.362097144126892
0.0244110021740198
-0.323780179023743
-0.62701427936554
-0.919969320297241
-1.12159824371338
-1.0444483757019
-0.879700005054474
-0.897321343421936
-1.14921629428864
-1.37789857387543
-1.38885545730591
-1.23336958885193
-1.063312292099
-0.893028974533081
-0.747370421886444
-0.649492800235748
-0.64147287607193
-0.613233506679535
-0.595103859901428
-0.58877819776535
-0.494515269994736
-0.354391634464264
-0.264364570379257
-0.328637331724167
-0.392345309257507
-0.414767354726791
-0.507787764072418
-0.597927749156952
-0.567768156528473
-0.345467984676361
-0.0380544364452362
-0.016197182238102
-0.267527401447296
-0.57002729177475
-0.670559406280518
-0.847846031188965
-1.08014285564423
-1.13679099082947
-0.987856686115265
-0.880321264266968
-1.03202307224274
-1.20191097259521
-1.39890873432159
-1.50847733020782
-1.49068653583527
-1.27053260803223
-0.993109226226807
-0.744828879833221
-0.488020241260529
-0.264703452587128
-0.221666693687439
-0.265381187200546
-0.00919382367283106
0.493805468082428
0.87356823682785
0.973083674907684
1.01516032218933
1.15404140949249
1.30568671226501
1.38746786117554
1.49330902099609
1.65941286087036
1.74091160297394
1.65867865085602
1.4096075296402
1.15048325061798
1.03600096702576
1.10354948043823
1.21712815761566
1.29388272762299
1.2689756155014
0.819969952106476
0.0335040725767612
-0.50744891166687
-0.398953318595886
-0.308248519897461
-0.486325860023499
-0.448033303022385
-0.0939683467149734
0.313186585903168
0.243717789649963
-0.0238218065351248
0.0184242594987154
0.377515822649002
0.555197834968567
0.700799882411957
1.21582913398743
1.64427649974823
1.49071097373962
1.0688716173172
1.08683180809021
1.47450160980225
1.61682784557343
1.31816852092743
1.0182101726532
0.926375806331635
0.866960227489471
0.610377490520477
0.492901802062988
0.671374499797821
0.790996372699738
0.553785860538483
0.126072660088539
-0.232510596513748
-0.463282555341721
-0.759287416934967
-1.13007009029388
-1.21501398086548
-1.03840517997742
-0.937477707862854
-1.09855496883392
-1.38512790203094
-1.48966991901398
-1.34903800487518
-1.13464486598969
-0.944029211997986
-0.844400823116302
-0.717154324054718
-0.591489195823669
-0.540488958358765
-0.573641955852509
-0.621027588844299
-0.530096828937531
-0.306893050670624
-0.185181453824043
-0.26690611243248
-0.36873722076416
-0.371165812015533
-0.438093066215515
-0.624642193317413
-0.701396763324738
-0.455206096172333
-0.0634133741259575
0.0730391591787338
-0.164171367883682
-0.49502357840538
-0.676376700401306
-0.854849398136139
-1.02004957199097
-1.04320585727692
-0.883032262325287
-0.802493631839752
-0.931321501731873
-1.11832249164581
-1.31108427047729
-1.40529072284698
-1.36756300926208
-1.16621649265289
-0.974132359027863
-0.831636607646942
-0.695184111595154
-0.517784476280212
-0.396468251943588
-0.38426885008812
-0.173998668789864
0.296412408351898
0.732032597064972
0.932983815670013
0.917960464954376
0.934000432491302
1.08050620555878
1.26999223232269
1.4462057352066
1.5719838142395
1.63399744033813
1.64066195487976
1.48144841194153
1.21436071395874
1.04814386367798
1.10129034519196
1.24971640110016
1.28185272216797
1.31003558635712
1.1207754611969
0.493466585874557
-0.25058376789093
-0.463339030742645
-0.200261265039444
-0.312032610177994
-0.451591461896896
-0.208846017718315
0.286585122346878
0.452801942825317
0.104497797787189
-0.0446624457836151
0.222368836402893
0.523739159107208
0.650082051753998
1.00747919082642
1.59175133705139
1.69149279594421
1.2322643995285
0.976924240589142
1.25265324115753
1.65687131881714
1.57322633266449
1.26400542259216
1.02526998519897
0.95020979642868
0.76490318775177
0.55903834104538
0.659062147140503
0.88774436712265
0.826634407043457
0.434276908636093
0.0385871566832066
-0.261992484331131
-0.601485908031464
-1.00457441806793
-1.19592428207397
-1.08957481384277
-0.882015645503998
-0.845417439937592
-1.06545841693878
-1.31057596206665
-1.35479879379272
-1.2313928604126
-1.03394329547882
-0.842085182666779
-0.688914954662323
-0.562346220016479
-0.553535521030426
-0.644353270530701
-0.718057990074158
-0.665080964565277
-0.46887394785881
-0.314235270023346
-0.321633994579315
-0.419285655021667
-0.464751005172729
-0.521060287952423
-0.725117802619934
-0.882241547107697
-0.610748410224915
-0.0695130750536919
0.237844005227089
0.0326568931341171
-0.392853617668152
-0.69286847114563
-0.915112137794495
-1.02191340923309
-0.983677268028259
-0.779111444950104
-0.733759045600891
-0.92488294839859
-1.19490766525269
-1.41155993938446
-1.49870657920837
-1.38676571846008
-1.11764478683472
-0.891786456108093
-0.779732704162598
-0.68338006734848
-0.569970846176147
-0.506488740444183
-0.522189855575562
-0.348800241947174
0.1785978525877
0.693344712257385
0.874641299247742
0.818840384483337
0.852897047996521
1.01058554649353
1.21142375469208
1.4327073097229
1.57164490222931
1.65382146835327
1.70103764533997
1.66206729412079
1.43609607219696
1.19781243801117
1.13935697078705
1.25897884368896
1.22842395305634
1.11925053596497
1.14619088172913
0.741295099258423
-0.161234483122826
-0.669655740261078
-0.289779990911484
-0.0872473865747452
-0.430016607046127
-0.506036937236786
-0.0294131971895695
0.413040935993195
0.179953336715698
-0.0984866470098495
0.0211917161941528
0.347977459430695
0.458675712347031
0.671769857406616
1.33432149887085
1.74836683273315
1.52759158611298
1.12150967121124
0.98274153470993
1.21345698833466
1.41130197048187
1.43129539489746
1.17855322360992
0.827312171459198
0.670527338981628
0.709328174591064
0.768009543418884
0.723730266094208
0.70243775844574
0.598291039466858
0.313920795917511
-0.169028535485268
-0.534784615039825
-0.767194449901581
-1.04218924045563
-1.16508686542511
-1.10962474346161
-0.978707134723663
-1.00152456760406
-1.20185446739197
-1.4403076171875
-1.4874107837677
-1.26934659481049
-1.01084351539612
-0.872301280498505
-0.814184725284576
-0.71980881690979
-0.643223702907562
-0.632605671882629
-0.689027905464172
-0.569688439369202
-0.301866441965103
-0.199357599020004
-0.313952893018723
-0.444079786539078
-0.429395347833633
-0.52970153093338
-0.725513160228729
-0.626957833766937
-0.206643357872963
0.174700811505318
0.0787435099482536
-0.276055663824081
-0.604083955287933
-0.741835474967957
-0.826610028743744
-0.893367826938629
-0.86800891160965
-0.828812718391418
-0.875577032566071
-1.05179059505463
-1.26251256465912
-1.36440014839172
-1.31379532814026
-1.20964860916138
-1.1005882024765
-0.967524349689484
-0.847111821174622
-0.780184507369995
-0.70574563741684
-0.524844348430634
-0.332139015197754
-0.0316158682107925
0.414735287427902
0.821325421333313
0.901299297809601
0.79743492603302
0.874867260456085
1.11845982074738
1.35154747962952
1.42982697486877
1.55159497261047
1.70154595375061
1.75384521484375
1.54261493682861
1.3112781047821
1.19075262546539
1.18115127086639
1.18476581573486
1.1200977563858
1.23051357269287
1.10033023357391
0.364977538585663
-0.446564853191376
-0.412790596485138
0.000464034121250734
-0.151294231414795
-0.419172704219818
-0.173659786581993
0.387907892465591
0.43789154291153
0.0270090214908123
-0.0748785510659218
0.270714610815048
0.555593132972717
0.578128159046173
0.960714876651764
1.54877102375031
1.63122999668121
1.15686535835266
0.765242099761963
1.07011413574219
1.49568104743958
1.55238568782806
1.3390656709671
0.973309636116028
0.747055947780609
0.745700478553772
0.800315380096436
0.714806616306305
0.68656724691391
0.772019505500793
0.630427420139313
0.0419758781790733
-0.503043532371521
-0.716363608837128
-0.876254796981812
-1.1104154586792
-1.19518995285034
-0.994916558265686
-0.821922302246094
-1.03303968906403
-1.4596232175827
-1.69073414802551
-1.45804190635681
-1.0824019908905
-0.862191617488861
-0.81023120880127
-0.760699391365051
-0.659884929656982
-0.692924916744232
-0.781991839408875
-0.745732545852661
-0.506093382835388
-0.344733774662018
-0.338859975337982
-0.435495048761368
-0.500784397125244
-0.545854389667511
-0.653220415115356
-0.559296369552612
-0.241490706801414
0.133923202753067
0.185431778430939
-0.109782382845879
-0.571156859397888
-0.870211601257324
-0.905341327190399
-0.789164662361145
-0.774310767650604
-0.834855914115906
-0.923922836780548
-1.07155811786652
-1.27589809894562
-1.41116452217102
-1.31938672065735
-1.16983103752136
-1.05670428276062
-0.990624189376831
-0.920647084712982
-0.888962507247925
-0.889922618865967
-0.699024617671967
-0.420697629451752
-0.084197536110878
0.271787703037262
0.632743060588837
0.801953256130219
0.759537756443024
0.811498165130615
1.0232367515564
1.33793604373932
1.52516293525696
1.64862537384033
1.74373555183411
1.75073885917664
1.62733292579651
1.40452444553375
1.2362744808197
1.14839363098145
1.14997494220734
1.06604766845703
1.05831003189087
1.19284236431122
0.715540826320648
-0.225281327962875
-0.642997801303864
-0.152706190943718
0.106982856988907
-0.271142035722733
-0.45221272110939
-0.0357388108968735
0.380339771509171
0.142564445734024
-0.195517048239708
-0.0539249517023563
0.427273571491241
0.652792990207672
0.793989717960358
1.19577920436859
1.50754165649414
1.35860729217529
0.918581783771515
0.841205954551697
1.21238398551941
1.5113822221756
1.50934898853302
1.21356999874115
0.82527893781662
0.65313184261322
0.761458039283752
0.852727591991425
0.726723611354828
0.638503909111023
0.634606838226318
0.391804933547974
-0.225055411458015
-0.690609335899353
-0.814241170883179
-0.895965874195099
-1.08725917339325
-1.14356851577759
-0.944481074810028
-0.870663404464722
-1.18044912815094
-1.5802618265152
-1.56953084468842
-1.25341951847076
-0.999152421951294
-0.907148659229279
-0.84745067358017
-0.701227307319641
-0.606117188930511
-0.611426174640656
-0.634695410728455
-0.512080132961273
-0.34044137597084
-0.307853192090988
-0.388561248779297
-0.413468360900879
-0.406577944755554
-0.467970281839371
-0.556698322296143
-0.474860697984695
-0.164623200893402
0.0656969323754311
-0.0082336850464344
-0.34603276848793
-0.584485828876495
-0.677280366420746
-0.752058148384094
-0.890035629272461
-0.961198747158051
-0.965152263641357
-1.08833229541779
-1.21783792972565
-1.29905438423157
-1.32887506484985
-1.3241308927536
-1.30074870586395
-1.20078134536743
-1.07556807994843
-1.01078701019287
-0.881224930286407
-0.632153868675232
-0.45435893535614
-0.220988944172859
0.0891920700669289
0.494991511106491
0.711869716644287
0.724125623703003
0.775125861167908
0.898362398147583
1.15562283992767
1.38887989521027
1.52877759933472
1.57808351516724
1.66912722587585
1.75085186958313
1.61891758441925
1.2881783246994
1.07706093788147
1.11156952381134
1.11252963542938
0.987711668014526
1.07180845737457
1.00764870643616
0.349332958459854
-0.305085718631744
-0.212517142295837
0.0205704513937235
-0.224095270037651
-0.485422194004059
-0.159596592187881
0.315050393342972
0.251681298017502
-0.0823902189731598
-0.103852123022079
0.302625060081482
0.540852248668671
0.710005939006805
1.16324746608734
1.62569510936737
1.55035245418549
1.07254266738892
0.795006334781647
0.965910911560059
1.29924821853638
1.4508935213089
1.29947412014008
0.909658133983612
0.666404366493225
0.775238811969757
0.846910297870636
0.697693586349487
0.647258102893829
0.774165749549866
0.558247685432434
-0.0906925871968269
-0.546136796474457
-0.633622288703918
-0.783403813838959
-1.07573759555817
-1.14859509468079
-0.902686834335327
-0.803171336650848
-1.0726877450943
-1.44928765296936
-1.60149776935577
-1.43821787834167
-1.21303725242615
-1.05116927623749
-0.963570892810822
-0.849992215633392
-0.715685844421387
-0.671576023101807
-0.735622823238373
-0.729466676712036
-0.52540910243988
-0.416631162166595
-0.47367462515831
-0.510668158531189
-0.407029777765274
-0.388109415769577
-0.525860965251923
-0.549130201339722
-0.299042493104935
-0.000439625029684976
0.0241286084055901
-0.273231744766235
-0.593014121055603
-0.727263987064362
-0.791819155216217
-0.830563545227051
-0.923922836780548
-0.940075755119324
-0.987178981304169
-1.13074779510498
-1.27380836009979
-1.36005127429962
-1.27505087852478
-1.24167191982269
-1.1853061914444
-1.09731245040894
-0.949846565723419
-0.857052028179169
-0.808593332767487
-0.62870866060257
-0.378395080566406
-0.0430810414254665
0.323861062526703
0.625344336032867
0.741238653659821
0.731467843055725
0.832112848758698
1.05565559864044
1.30483961105347
1.48240864276886
1.64585793018341
1.7587023973465
1.75576555728912
1.59355866909027
1.30760705471039
1.09202778339386
1.00612378120422
1.04277837276459
1.01561212539673
1.04684484004974
1.12964260578156
0.701364696025848
-0.232905954122543
-0.54935610294342
-0.162138134241104
0.0516337342560291
-0.339481264352798
-0.419116228818893
0.0688032582402229
0.380848079919815
0.0973250046372414
-0.24668675661087
0.0129458261653781
0.503689229488373
0.711135506629944
0.850299000740051
1.31805562973022
1.57294392585754
1.21763646602631
0.715936183929443
0.735026001930237
1.17363953590393
1.43920242786407
1.40972054004669
1.15731716156006
0.855664491653442
0.806076169013977
0.893222808837891
0.879046678543091
0.826013147830963
0.883113145828247
0.766315162181854
0.269641518592834
-0.309208661317825
-0.549807906150818
-0.646838307380676
-0.903364598751068
-1.08850169181824
-0.919235110282898
-0.734606206417084
-0.933806598186493
-1.39156639575958
-1.64464747905731
-1.55721843242645
-1.33480536937714
-1.14046216011047
-1.01925885677338
-0.890769839286804
-0.708851933479309
-0.647233664989471
-0.720147669315338
-0.764144599437714
-0.596459329128265
-0.385228991508484
-0.346202224493027
-0.397993177175522
-0.397597819566727
-0.357780337333679
-0.477458715438843
-0.574206709861755
-0.416574686765671
-0.0642605572938919
0.111388199031353
-0.0913138538599014
-0.406973302364349
-0.598379611968994
-0.694732248783112
-0.800290942192078
-0.901839673519135
-0.948095679283142
-1.03676724433899
-1.21806383132935
-1.37191188335419
-1.4074934720993
-1.35310447216034
-1.36101150512695
-1.30780851840973
-1.14921629428864
-1.00711596012115
-0.988590955734253
-1.01186013221741
-0.800065040588379
-0.500502049922943
-0.159088283777237
0.183342054486275
0.467034548521042
0.62240743637085
0.594902336597443
0.635002195835114
0.839285671710968
1.17923092842102
1.40667068958282
1.51053500175476
1.65020680427551
1.78519093990326
1.7902740240097
1.55063486099243
1.28614509105682
1.11693489551544
1.08931684494019
1.04452919960022
1.01804077625275
1.18708145618439
1.07841646671295
0.313356012105942
-0.359079360961914
-0.208620101213455
0.0837701112031937
-0.238497331738472
-0.596685230731964
-0.263856261968613
0.258232802152634
0.238465264439583
-0.158015191555023
-0.124466843903065
0.293588489294052
0.569148063659668
0.617832660675049
0.979126930236816
1.42564749717712
1.35567045211792
0.898475348949432
0.658892691135406
0.984492421150208
1.39972376823425
1.50686383247375
1.26812839508057
0.90451854467392
0.784840226173401
0.919203042984009
0.932306051254272
0.774899959564209
0.765919804573059
0.786365151405334
0.454157412052155
-0.149373948574066
-0.545515537261963
-0.67530357837677
-0.872244834899902
-1.14306020736694
-1.12301027774811
-0.878118574619293
-0.834121704101563
-1.15141904354095
-1.50796902179718
-1.59183990955353
-1.4551614522934
-1.28747618198395
-1.18084442615509
-1.0822890996933
-0.962497770786285
-0.811869084835052
-0.75064617395401
-0.740423560142517
-0.678240478038788
-0.476159691810608
-0.372747212648392
-0.446226000785828
-0.481581658124924
-0.377039581537247
-0.294467717409134
-0.43289703130722
-0.478701233863831
-0.273514121770859
-0.0290743242949247
-0.0854965448379517
-0.399856984615326
-0.595668613910675
-0.626618981361389
-0.644183814525604
-0.768549919128418
-0.910876214504242
-0.995481312274933
-1.06568431854248
-1.1606251001358
-1.17107355594635
-1.13046538829803
-1.09318947792053
-1.16220641136169
-1.21524000167847
-1.15797054767609
-1.08257150650024
-0.99553781747818
-0.87998241186142
-0.619615614414215
-0.374102681875229
-0.107071407139301
0.221521660685539
0.507868647575378
0.634945750236511
0.691650331020355
0.939140021800995
1.2422046661377
1.39904606342316
1.42152452468872
1.50415289402008
1.67138636112213
1.7446391582489
1.59384107589722
1.37893962860107
1.20266962051392
1.05622029304504
1.02024340629578
0.959528803825378
1.14297163486481
1.22960996627808
0.753607451915741
-0.0811476856470108
-0.345298558473587
-0.0387321822345257
-0.109048165380955
-0.454923719167709
-0.388504773378372
0.118335075676441
0.327136814594269
0.00475641526281834
-0.241490706801414
-0.0313334725797176
0.384123831987381
0.538819015026093
0.77297967672348
1.22599530220032
1.45360445976257
1.162513256073
0.738697111606598
0.811046302318573
1.32189619541168
1.65896105766296
1.55040895938873
1.13365268707275
0.876222729682922
0.949475586414337
0.972744822502136
0.814039707183838
0.718986034393311
0.800710737705231
0.709158718585968
0.206272408366203
-0.357949793338776
-0.699194073677063
-0.884952545166016
-1.03800976276398
-1.12498700618744
-1.01875054836273
-0.886195063591003
-0.989720523357391
-1.2964563369751
-1.61550450325012
-1.59155750274658
-1.31554615497589
-1.09849846363068
-1.01637840270996
-0.914886236190796
-0.652712106704712
-0.533485591411591
-0.619672060012817
-0.705632627010345
-0.549694955348969
-0.375006347894669
-0.338351666927338
-0.359079360961914
-0.362298637628555
-0.369697362184525
-0.487286001443863
-0.60645604133606
-0.433574765920639
-0.132938653230667
-0.00851607881486416
-0.226354420185089
-0.519591808319092
-0.642489492893219
-0.719921767711639
-0.768662869930267
-0.884331226348877
-0.953687071800232
-1.0270528793335
-1.14080107212067
-1.19456875324249
-1.1802796125412
-1.13825953006744
-1.17711687088013
-1.23224008083344
-1.17762517929077
-1.08946192264557
-1.02242171764374
-0.96690309047699
-0.780862271785736
-0.486325860023499
-0.243975773453712
0.05095599219203
0.414735287427902
0.649065434932709
0.680411100387573
0.773262083530426
1.05373525619507
1.31444096565247
1.38187646865845
1.37312233448029
1.51646530628204
1.70866227149963
1.69680178165436
1.47212946414948
1.30404889583588
1.20651018619537
1.19448018074036
1.12834358215332
1.11038339138031
1.33025503158569
1.20865631103516
0.437609165906906
-0.316494435071945
-0.261484175920486
0.0128893479704857
-0.178686395287514
-0.421657770872116
-0.211218133568764
0.165381833910942
0.0791953429579735
-0.298138856887817
-0.360773712396622
0.0643979236483574
0.473529607057571
0.704075634479523
1.08897793292999
1.44377720355988
1.3445440530777
0.894295930862427
0.71599268913269
1.11416745185852
1.57830941677094
1.67149925231934
1.38340139389038
1.032386302948
0.930046916007996
0.964385986328125
0.900113224983215
0.737398087978363
0.662563800811768
0.688713431358337
0.477031290531158
0.00215839501470327
-0.449106395244598
-0.713257253170013
-0.96221536397934
-1.16294062137604
-1.14181768894196
-0.951992750167847
-0.86320823431015
-1.15932607650757
-1.55614542961121
-1.71349501609802
-1.53750741481781
-1.24336636066437
-1.10985064506531
-0.972607433795929
-0.722293853759766
-0.490731209516525
-0.498807668685913
-0.641924679279327
-0.610466063022614
-0.430920273065567
-0.365461438894272
-0.41589692234993
-0.372012972831726
-0.269560635089874
-0.331800162792206
-0.519987165927887
-0.559522271156311
-0.26814866065979
0.000576991529669613
-0.020433085039258
-0.261088818311691
-0.431993365287781
-0.45447188615799
-0.554834544658661
-0.73217761516571
-0.922962665557861
-0.947474420070648
-0.99073714017868
-1.06252157688141
-1.12103343009949
-1.0870897769928
-1.08867120742798
-1.19671487808228
-1.18683111667633
-1.04698991775513
-0.941826581954956
-0.917879581451416
-0.79255336523056
-0.538455724716187
-0.319826662540436
-0.0965663716197014
0.19893017411232
0.437213808298111
0.526901960372925
0.623819410800934
0.921405673027039
1.22012150287628
1.28117501735687
1.27230787277222
1.4696444272995
1.70335328578949
1.75977551937103
1.59773814678192
1.40808260440826
1.21870958805084
1.03221690654755
0.991213381290436
1.08948624134064
1.37063729763031
1.36222195625305
0.779926538467407
0.00820161588490009
-0.282268315553665
-0.217769652605057
-0.310281753540039
-0.396976560354233
-0.21494571864605
0.137594312429428
0.194581314921379
-0.01557591650635
-0.172530218958855
0.0191020052880049
0.34312030673027
0.545144617557526
0.920727968215942
1.34262382984161
1.43095648288727
1.08863914012909
0.745700478553772
0.858544886112213
1.32980310916901
1.68121361732483
1.59886765480042
1.20758330821991
0.940269589424133
0.920671463012695
0.921518623828888
0.813587844371796
0.736494421958923
0.745361566543579
0.590045154094696
0.128501236438751
-0.34270054101944
-0.674343466758728
-0.95572030544281
-1.19349563121796
-1.19383454322815
-0.985936403274536
-0.856204867362976
-0.991866707801819
-1.30018389225006
-1.56156730651855
-1.58291625976563
-1.3756959438324
-1.17338919639587
-0.970574200153351
-0.7377690076828
-0.537665009498596
-0.531791210174561
-0.693715631961823
-0.731556355953217
-0.600808203220367
-0.477119833230972
-0.448259234428406
-0.446508377790451
-0.401551336050034
-0.471020132303238
-0.652316749095917
-0.725682616233826
-0.5233194231987
-0.218786269426346
-0.0786061435937881
-0.206643357872963
-0.4466213285923
-0.575562238693237
-0.635486125946045
-0.747709274291992
-0.945158839225769
-1.0586245059967
-1.09736895561218
-1.08725917339325
-1.10335564613342
-1.08409643173218
-1.1287145614624
-1.25584816932678
-1.30509757995605
-1.21196413040161
-1.0773754119873
-0.999830186367035
-0.909520745277405
-0.735058069229126
-0.541618525981903
-0.410926818847656
-0.0370942987501621
0.375595539808273
0.458393305540085
0.394177049398422
0.625231385231018
1.13201475143433
1.38486993312836
1.29026806354523
1.28682291507721
1.6047979593277
1.75339341163635
1.62134623527527
1.40593647956848
1.3859429359436
1.30162024497986
1.14071249961853
1.07559251785278
1.12619745731354
1.32652735710144
1.10535681247711
0.426369905471802
-0.214211493730545
-0.270690202713013
-0.193822681903839
-0.329823404550552
-0.407538086175919
-0.208507150411606
0.0122116031125188
-0.0115094501525164
-0.223417520523071
-0.223191604018211
0.115850016474724
0.405811637639999
0.662394404411316
1.08909094333649
1.42626881599426
1.29128468036652
0.868598103523254
0.688600480556488
1.05051600933075
1.50415289402008
1.66263210773468
1.42666411399841
1.06779849529266
0.938405752182007
0.95461517572403
0.810820400714874
0.666686773300171
0.632912516593933
0.645055413246155
0.313977301120758
-0.204892516136169
-0.524618446826935
-0.677054405212402
-0.899298131465912
-1.10307323932648
-1.00858438014984
-0.842198133468628
-0.89483630657196
-1.21411037445068
-1.52045083045959
-1.62617897987366
-1.56094610691071
-1.36231052875519
-1.21049571037292
-1.07500338554382
-0.82819139957428
-0.478418856859207
-0.349421501159668
-0.510216355323792
-0.583864569664001
-0.486382335424423
-0.462604820728302
-0.561386048793793
-0.553761422634125
-0.409288913011551
-0.434478431940079
-0.659094214439392
-0.69495815038681
-0.428039848804474
-0.104473389685154
-0.0476558171212673
-0.19325789809227
-0.334454655647278
-0.423295646905899
-0.588721752166748
-0.849314451217651
-1.01835525035858
-1.03354799747467
-1.02688348293304
-1.00841498374939
-0.949790060520172
-0.966507732868195
-1.12764143943787
-1.30696129798889
-1.28024697303772
-1.12526941299438
-1.00604283809662
-0.919178605079651
-0.799500226974487
-0.627070784568787
-0.563984096050262
-0.442216008901596
-0.0619449280202389
0.349050551652908
0.48070240020752
0.555762588977814
0.890003561973572
1.32325160503387
1.46371412277222
1.29213190078735
1.2930920124054
1.46992683410645
1.62473487854004
1.53419959545135
1.38955760002136
1.3212183713913
1.27942419052124
1.21260988712311
1.05108082294464
1.06604766845703
1.16584551334381
0.904631495475769
0.165946617722511
-0.303786724805832
-0.26300910115242
-0.217317819595337
-0.400139361619949
-0.39624235033989
-0.102891981601715
0.0827534943819046
-0.0339314937591553
-0.143556639552116
0.0787435099482536
0.377402871847153
0.52351325750351
0.817315459251404
1.30145084857941
1.44315588474274
1.14986205101013
0.801388442516327
0.91637909412384
1.30794584751129
1.56402027606964
1.54391396045685
1.25683271884918
0.927731275558472
0.813757300376892
0.806640982627869
0.714015901088715
0.574174642562866
0.591344177722931
0.474037915468216
0.0715707167983055
-0.375740587711334
-0.586010754108429
-0.749403655529022
-1.04704642295837
-1.12600362300873
-0.926294922828674
-0.709642648696899
-0.919630467891693
-1.34463262557983
-1.57766377925873
-1.55857396125793
-1.35197484493256
-1.21433627605438
-0.98446798324585
-0.69377213716507
-0.543369352817535
-0.607529163360596
-0.819098353385925
-0.804187953472137
-0.654067575931549
-0.572907686233521
-0.581944286823273
-0.57720011472702
-0.50744891166687
-0.523262917995453
-0.63418710231781
-0.710489809513092
-0.587366282939911
-0.361733853816986
-0.121247559785843
-0.0221839230507612
-0.137908771634102
-0.305763483047485
-0.403584569692612
-0.593465983867645
-0.890769839286804
-1.09443199634552
-1.04823243618011
-0.935105621814728
-0.895965874195099
-0.931716859340668
-1.09522271156311
-1.23562872409821
-1.3239049911499
-1.23320019245148
-1.05563116073608
-0.92827171087265
-0.783686220645905
-0.558166742324829
-0.436398684978485
-0.49671795964241
-0.345806866884232
0.115059316158295
0.43354269862175
0.468333572149277
0.685607135295868
1.18826758861542
1.48506307601929
1.39176023006439
1.22560000419617
1.40802609920502
1.71046960353851
1.71459257602692
1.48941195011139
1.38040804862976
1.37831830978394
1.33850085735321
1.21215808391571
1.1294732093811
1.3061386346817
1.26790249347687
0.678321361541748
0.0270090214908123
-0.230420887470245
-0.319600760936737
-0.466671288013458
-0.449501752853394
-0.197211414575577
-0.0421773828566074
-0.0633568912744522
-0.12407149374485
-0.00411074049770832
0.228129670023918
0.373449355363846
0.592021942138672
1.07276856899261
1.44366419315338
1.36894285678864
1.04187476634979
0.942359268665314
1.2969890832901
1.68273854255676
1.78281879425049
1.51827251911163
1.09202778339386
0.886388897895813
0.839285671710968
0.711982667446136
0.558247685432434
0.561184525489807
0.565589904785156
0.304375916719437
-0.090353712439537
-0.311919659376144
-0.556020557880402
-0.925334811210632
-1.14057505130768
-0.99943482875824
-0.805938839912415
-0.928723514080048
-1.21235954761505
-1.45081257820129
-1.57246768474579
-1.5673280954361
-1.32814085483551
-0.987800240516663
-0.686938226222992
-0.53918993473053
-0.508578479290009
-0.614024221897125
-0.721051335334778
-0.69027042388916
-0.640399754047394
-0.539472341537476
-0.462265938520432
-0.346371650695801
-0.337278574705124
-0.475030124187469
-0.705632627010345
-0.776456952095032
-0.618090689182281
-0.264534026384354
0.0374011024832726
0.0429924950003624
-0.186141580343246
-0.445830643177032
-0.635147213935852
-0.901726722717285
-1.04399657249451
-0.937477707862854
-0.779450297355652
-0.834517061710358
-0.955494403839111
-1.06958138942719
-1.15887415409088
-1.26748275756836
-1.2075023651123
-1.02196979522705
-0.864959061145782
-0.837228000164032
-0.796676337718964
-0.602728486061096
-0.550655126571655
-0.51224958896637
-0.248381108045578
0.112348333001137
0.335947513580322
0.578523516654968
0.972067058086395
1.32291281223297
1.36973357200623
1.18437051773071
1.17347013950348
1.39695632457733
1.64890778064728
1.604572057724
1.46207630634308
1.41039824485779
1.42920565605164
1.3531289100647
1.16900825500488
1.18132066726685
1.33680653572083
1.09507763385773
0.388981014490128
-0.149148032069206
-0.243862807750702
-0.311015993356705
-0.493724584579468
-0.414371997117996
-0.117068134248257
0.0545706264674664
0.00266670342534781
0.0127763906493783
0.198365390300751
0.379718482494354
0.455908268690109
0.831322193145752
1.38362741470337
1.56560170650482
1.2694274187088
0.952356040477753
1.19233405590057
1.62021660804749
1.75904130935669
1.58356189727783
1.23785579204559
1.00685799121857
0.893900573253632
0.771567702293396
0.606198072433472
0.543450236320496
0.552995145320892
0.415864855051041
0.0565473809838295
-0.267753303050995
-0.410870313644409
-0.660732090473175
-1.00372719764709
-1.10697031021118
-0.962497770786285
-0.888284742832184
-1.05292022228241
-1.29572212696075
-1.40896189212799
-1.37948000431061
-1.26505410671234
-1.05399322509766
-0.766347229480743
-0.555003941059113
-0.548791289329529
-0.656948029994965
-0.701396763324738
-0.712918400764465
-0.668865025043488
-0.60425341129303
-0.491804301738739
-0.404601186513901
-0.394039660692215
-0.426119565963745
-0.570987462997437
-0.730596244335175
-0.783290863037109
-0.492086708545685
-0.00100441207177937
0.178484886884689
-0.00902438722550869
-0.236351147294044
-0.425893664360046
-0.737486660480499
-1.00406610965729
-0.957527637481689
-0.782556653022766
-0.798201262950897
-0.927537441253662
-1.00208938121796
-1.06483721733093
-1.14893400669098
-1.1425518989563
-0.97418886423111
-0.783742666244507
-0.788543403148651
-0.784307479858398
-0.680160760879517
-0.54387766122818
-0.499654829502106
-0.401494860649109
-0.0323500894010067
0.3637914955616
0.670414328575134
0.872946977615356
1.08220052719116
1.2413010597229
1.26208519935608
1.29354381561279
1.41531193256378
1.60824310779572
1.69533324241638
1.59598731994629
1.45784032344818
1.42282354831696
1.43553125858307
1.34160721302032
1.21136736869812
1.255251288414
1.21419131755829
0.685494184494019
0.000294598052278161
-0.338351666927338
-0.348517835140228
-0.431936889886856
-0.440295726060867
-0.171908959746361
0.0823016688227654
0.0651321411132813
-0.0479946881532669
0.0924113541841507
0.327475696802139
0.381469339132309
0.494200825691223
1.03746938705444
1.56661832332611
1.58666825294495
1.27643084526062
1.17606818675995
1.41678035259247
1.55232918262482
1.52815639972687
1.34273672103882
1.15454971790314
1.02899765968323
0.908810913562775
0.794893383979797
0.741238653659821
0.769816875457764
0.650590360164642
0.289973855018616
-0.048898346722126
-0.18902200460434
-0.391385167837143
-0.7886563539505
-1.09928917884827
-1.11380422115326
-1.01428878307343
-0.986953020095825
-1.10137891769409
-1.23907399177551
-1.39032387733459
-1.48373973369598
-1.34175229072571
-1.10640549659729
-0.805995285511017
-0.615887999534607
-0.577821373939514
-0.617977738380432
-0.687446534633636
-0.658416450023651
-0.572342932224274
-0.493668109178543
-0.458990186452866
-0.428830564022064
-0.410474985837936
-0.496153146028519
-0.670841753482819
-0.792892217636108
-0.560369431972504
-0.116277433931828
0.125846743583679
0.0290422551333904
-0.207716450095177
-0.381275475025177
-0.629668831825256
-0.879756450653076
-0.942504286766052
-0.820284426212311
-0.778772592544556
-0.904268205165863
-1.0117472410202
-1.03631544113159
-1.0730265378952
-1.08872771263123
-1.02219581604004
