% Type: Timesignal
% Date: 11-DEC-24 12:56:25
% NoOfItems: = 4096
% Unit_Y: = mm/s
% Unit_X: = Sec
% Min_X: = 0
% Max_X: = 1.60000002384186
% MinDisplay_X: = 0
% MaxDisplay_X: = 1.60000002384186
1.37756705284119
1.39136970043182
1.52388644218445
1.64704358577728
1.63738763332367
1.52341258525848
1.44225561618805
1.36773347854614
1.17811071872711
0.978654325008392
1.1019891500473
1.14535176753998
0.620853185653687
-0.130529314279556
-0.368313074111938
-0.15606115758419
-0.225014895200729
-0.319855898618698
-0.167790398001671
0.143449231982231
0.157074108719826
-0.0618125312030315
-0.026269368827343
0.250197201967239
0.506226480007172
0.686844944953918
1.06751227378845
1.44492137432098
1.4664843082428
1.19345355033875
1.00234973430634
1.13101601600647
1.27905333042145
1.26471757888794
1.15968751907349
1.05145859718323
0.960468113422394
0.861717343330383
0.795251607894897
0.802241742610931
0.805025994777679
0.627902567386627
0.314945012331009
0.0109324753284454
-0.271576434373856
-0.578610122203827
-0.941446602344513
-1.18521344661713
-1.19966769218445
-1.08136820793152
-1.02669095993042
-1.13373506069183
-1.33159208297729
-1.49852645397186
-1.50687909126282
-1.39728760719299
-1.18065202236176
-0.931672215461731
-0.765034019947052
-0.743767380714417
-0.823206305503845
-0.801110327243805
-0.604378938674927
-0.477549076080322
-0.485131621360779
-0.536669194698334
-0.492477208375931
-0.424412041902542
-0.5296790599823
-0.613560914993286
-0.483532160520554
-0.164709985256195
0.0521625429391861
0.0423289351165295
-0.185917407274246
-0.441354274749756
-0.52950131893158
-0.574878096580505
-0.634412884712219
-0.786952316761017
-0.895773649215698
-0.986882627010345
-1.15784525871277
-1.28514897823334
-1.23189342021942
-0.969940364360809
-0.821488440036774
-0.83191442489624
-0.909694671630859
-0.965734422206879
-1.02988982200623
-1.07633292675018
-0.890856802463531
-0.519253075122833
-0.139118909835815
0.0596858486533165
0.258727550506592
0.50350147485733
0.726594090461731
0.920304298400879
1.09292566776276
1.33047246932983
1.47430372238159
1.5251305103302
1.54384982585907
1.63253009319305
1.66416347026825
1.59295868873596
1.50943219661713
1.38953328132629
1.22058475017548
1.01739633083344
1.01123559474945
1.13794696331024
0.893706202507019
0.218623027205467
-0.322995543479919
-0.284786641597748
-0.177090853452682
-0.352081686258316
-0.383004248142242
-0.182422339916229
0.0651950389146805
0.0208253227174282
-0.0786362960934639
0.0406110174953938
0.304341286420822
0.550300002098083
0.807691693305969
1.16922497749329
1.44207799434662
1.47489619255066
1.16667771339417
0.916098356246948
0.970005512237549
1.26134097576141
1.36435687541962
1.17982864379883
0.967043578624725
0.917460858821869
0.879133462905884
0.761011719703674
0.719070792198181
0.729674458503723
0.568308532238007
0.210862770676613
-0.172588720917702
-0.435548901557922
-0.693947672843933
-1.00305473804474
-1.23444068431854
-1.23521077632904
-1.07757687568665
-1.015376329422
-1.19676494598389
-1.53075218200684
-1.65444242954254
-1.52986371517181
-1.33419859409332
-1.09789574146271
-0.828123152256012
-0.622920632362366
-0.638263404369354
-0.756622135639191
-0.698923766613007
-0.507701516151428
-0.423286497592926
-0.488982111215591
-0.541467547416687
-0.466175258159637
-0.397399246692657
-0.409246951341629
-0.479859381914139
-0.389165073633194
-0.169745266437531
0.0250905025750399
-0.0365768857300282
-0.273057401180267
-0.427847892045975
-0.515461802482605
-0.633228123188019
-0.881852567195892
-1.00968945026398
-0.989726066589355
-1.00542426109314
-1.16791582107544
-1.26074266433716
-1.13172101974487
-1.07100141048431
-1.06732857227325
-1.05174887180328
-1.0518673658371
-0.974797904491425
-0.994939029216766
-0.881319403648376
-0.675109803676605
-0.352259427309036
0.0131835425272584
0.200792208313942
0.426669001579285
0.638506293296814
0.848684847354889
1.05068850517273
1.21116590499878
1.3634090423584
1.46020495891571
1.52240550518036
1.62962734699249
1.70231318473816
1.64988696575165
1.53970313072205
1.39539790153503
1.25595021247864
1.02231323719025
0.963074564933777
1.13794696331024
1.12165629863739
0.502672135829926
-0.163821414113045
-0.297878384590149
-0.154817149043083
-0.199779242277145
-0.313991278409958
-0.166368678212166
-0.00630595907568932
0.0126503948122263
-0.0747857838869095
0.0471865013241768
0.3162482380867
0.527730047702789
0.750289499759674
1.04606783390045
1.265132188797
1.25796437263489
1.12076771259308
1.03374624252319
1.12189328670502
1.25132966041565
1.29913520812988
1.18936610221863
0.965444147586823
0.851350545883179
0.884109497070313
0.900637090206146
0.874038934707642
0.87818568944931
0.707519233226776
0.308665692806244
-0.0609239526093006
-0.283305674791336
-0.522214949131012
-0.846664845943451
-1.05867981910706
-1.04570651054382
-1.00957095623016
-1.08901000022888
-1.2293461561203
-1.3846697807312
-1.5574688911438
-1.60604453086853
-1.46588599681854
-1.21074533462524
-0.977404415607452
-0.872611343860626
-0.837364375591278
-0.798859238624573
-0.744359731674194
-0.580861210823059
-0.413334429264069
-0.420857727527618
-0.496742367744446
-0.490166902542114
-0.390942215919495
-0.371571213006973
-0.403263866901398
-0.355695247650146
-0.175372943282127
0.00186896836385131
-0.0099787525832653
-0.235914796590805
-0.436496704816818
-0.501896142959595
-0.558468997478485
-0.729135453701019
-0.941446602344513
-0.965852916240692
-0.960817635059357
-1.07876169681549
-1.18272542953491
-1.16613864898682
-0.987415730953217
-0.940676510334015
-1.02923822402954
-1.13047695159912
-1.14570128917694
-1.0669139623642
-1.00394332408905
-0.817815601825714
-0.518897593021393
-0.200134679675102
0.0617591999471188
0.308843433856964
0.565287351608276
0.78997939825058
1.0084513425827
1.21815598011017
1.35274612903595
1.43645024299622
1.5093138217926
1.62032687664032
1.65539622306824
1.54847049713135
1.45724308490753
1.45552515983582
1.40244734287262
1.172483086586
0.90342128276825
0.965147912502289
1.10803151130676
0.774991989135742
0.101093634963036
-0.229635506868362
-0.166309431195259
-0.232656672596931
-0.353325724601746
-0.298470765352249
-0.029882924631238
0.0243203993886709
-0.0481284148991108
0.0292964428663254
0.272233963012695
0.493904829025269
0.614633083343506
0.873209595680237
1.1455295085907
1.25778663158417
1.16774392127991
1.02118766307831
1.04831898212433
1.2303591966629
1.40452063083649
1.43775355815887
1.23574984073639
1.06881546974182
1.00128352642059
0.971901118755341
0.90478378534317
0.843471825122833
0.766580104827881
0.525301277637482
0.143093809485435
-0.169508323073387
-0.410372495651245
-0.703366637229919
-0.976338148117065
-1.03895330429077
-0.943342208862305
-0.958981215953827
-1.15067732334137
-1.38004922866821
-1.54550266265869
-1.57749152183533
-1.51126277446747
-1.36600971221924
-1.15008497238159
-0.889257371425629
-0.724633276462555
-0.733400583267212
-0.763197600841522
-0.644009530544281
-0.462383985519409
-0.433179348707199
-0.52902740240097
-0.459481298923492
-0.263934642076492
-0.196284174919128
-0.358716428279877
-0.456163942813873
-0.264349311590195
-0.00482499413192272
0.115844048559666
-0.0189830213785172
-0.206650927662849
-0.325365096330643
-0.507879257202148
-0.712607860565186
-0.952761173248291
-1.02977132797241
-1.03907179832458
-1.10867714881897
-1.21092295646667
-1.26488935947418
-1.11945855617523
-1.01235520839691
-1.03682076931
-1.12218356132507
-1.10553753376007
-1.0431592464447
-1.04161906242371
-0.865858137607574
-0.562615692615509
-0.236921846866608
-0.0516827329993248
0.185982555150986
0.508714497089386
0.777183830738068
0.995774269104004
1.18172430992126
1.3792849779129
1.48680305480957
1.49675524234772
1.58170330524445
1.72997760772705
1.74567580223083
1.67423403263092
1.47223043441772
1.34842169284821
1.15868043899536
1.04778575897217
1.08409905433655
1.22034788131714
1.05216944217682
0.436206430196762
-0.112994685769081
-0.28235787153244
-0.214470416307449
-0.264053136110306
-0.271635681390762
-0.157068207859993
-0.0349774435162544
0.0699933618307114
0.0768058076500893
0.123782016336918
0.315478146076202
0.522576332092285
0.708407819271088
0.914084255695343
1.12977206707001
1.22680485248566
1.16715157032013
1.07787895202637
1.1898992061615
1.37045848369598
1.45801317691803
1.29860210418701
1.05376887321472
0.901703417301178
0.833282828330994
0.871373236179352
0.948738813400269
0.862132012844086
0.551603257656097
0.196763977408409
-0.106182247400284
-0.356524586677551
-0.59827733039856
-0.814853668212891
-0.9694664478302
-1.03954577445984
-1.05832433700562
-1.14599752426147
-1.29249453544617
-1.4543936252594
-1.61048746109009
-1.59917283058167
-1.46831476688385
-1.2618682384491
-1.03000831604004
-0.891508460044861
-0.843525171279907
-0.806560277938843
-0.629377603530884
-0.399294883012772
-0.3196781873703
-0.40006497502327
-0.496446192264557
-0.436615198850632
-0.292191475629807
-0.231945812702179
-0.318137973546982
-0.336324244737625
-0.151736736297607
-0.0143624097108841
-0.062819592654705
-0.291243642568588
-0.407351315021515
-0.427670150995255
-0.517416656017303
-0.69418466091156
-0.867220640182495
-0.902112126350403
-0.955367684364319
-1.06335961818695
-1.11679291725159
-1.01916766166687
-0.962831735610962
-1.08942461013794
-1.26334917545319
-1.32116603851318
-1.25221228599548
-1.16643476486206
-0.98871898651123
-0.715925216674805
-0.481518059968948
-0.314939081668854
-0.0761482790112495
0.351258277893066
0.756391108036041
1.01970672607422
1.24054825305939
1.42116677761078
1.45848703384399
1.32976150512695
1.30357813835144
1.45362949371338
1.61404764652252
1.65130865573883
1.56132531166077
1.37661933898926
1.16039836406708
0.974152207374573
0.981201589107513
1.15844345092773
1.13474810123444
0.799931466579437
0.288406103849411
-0.0904247760772705
-0.396569907665253
-0.44550096988678
-0.300307154655457
-0.0847971141338348
-0.0728309154510498
-0.139296635985374
-0.0220634285360575
0.11999075114727
0.273477971553802
0.321935147047043
0.469853967428207
0.853127717971802
1.16407120227814
1.18717420101166
1.0322653055191
1.03214681148529
1.28225219249725
1.51754796504974
1.59420263767242
1.47738420963287
1.31743991374969
1.16969883441925
0.948916554450989
0.756983458995819
0.798391282558441
0.891277372837067
0.70479428768158
0.346578419208527
0.0583825968205929
-0.127330437302589
-0.418132752180099
-0.782094717025757
-1.00820851325989
-0.995353698730469
-0.946363389492035
-1.04653584957123
-1.23669183254242
-1.41417062282562
-1.54076361656189
-1.56522905826569
-1.45913279056549
-1.28455662727356
-1.04244840145111
-0.723922431468964
-0.494195103645325
-0.548339188098907
-0.666342496871948
-0.596914887428284
-0.403382331132889
-0.383241206407547
-0.496623903512955
-0.465168207883835
-0.267429739236832
-0.211508482694626
-0.409957826137543
-0.515106320381165
-0.301788121461868
-0.0148363187909126
0.0329692363739014
-0.125671744346619
-0.328090071678162
-0.393311768770218
-0.539334952831268
-0.739620685577393
-0.958981215953827
-0.991088569164276
-0.903059959411621
-0.913189768791199
-1.00731992721558
-1.10204243659973
-1.0923273563385
-1.11282384395599
-1.20268881320953
-1.29865539073944
-1.27330124378204
-1.13018083572388
-0.945000886917114
-0.730912566184998
-0.569191217422485
-0.432527720928192
-0.163465976715088
0.250256448984146
0.668421745300293
0.921133637428284
1.10791301727295
1.29439616203308
1.32194209098816
1.21365392208099
1.14416694641113
1.33669245243073
1.65723252296448
1.73649382591248
1.61434376239777
1.40979290008545
1.21744513511658
1.12260413169861
1.07100737094879
1.14274525642395
1.22407984733582
1.09991574287415
0.584184467792511
-0.0642413124442101
-0.40818065404892
-0.373585313558578
-0.240535408258438
-0.201793357729912
-0.231412664055824
-0.210264474153519
-0.0905432552099228
-0.0638266429305077
-0.0732455849647522
0.0907861143350601
0.350191980600357
0.689273774623871
0.972315788269043
1.14683270454407
1.0924516916275
1.01769256591797
1.16081309318542
1.41097772121429
1.5290994644165
1.48567759990692
1.35150218009949
1.21039581298828
0.961356639862061
0.761485636234283
0.820191085338593
0.954129576683044
0.777006149291992
0.376079231500626
0.0879426598548889
-0.0766814202070236
-0.369023948907852
-0.752534687519073
-0.974916398525238
-1.01827907562256
-1.02443993091583
-1.19646883010864
-1.38934969902039
-1.53667604923248
-1.67292487621307
-1.7191309928894
-1.643838763237
-1.45605230331421
-1.23870587348938
-0.972546875476837
-0.758813977241516
-0.657101273536682
-0.67913806438446
-0.607044637203217
-0.414933860301971
-0.34361058473587
-0.471447497606277
-0.563148856163025
-0.428499490022659
-0.267844408750534
-0.28763011097908
-0.435193479061127
-0.393371015787125
-0.170930042862892
-0.000382098602131009
-0.0654853284358978
-0.243141904473305
-0.336620420217514
-0.40006497502327
-0.593242049217224
-0.862777709960938
-1.02592086791992
-1.00737917423248
-0.957855701446533
-1.0724231004715
-1.11229074001312
-1.076451420784
-1.0581465959549
-1.21240401268005
-1.34693479537964
-1.33970773220062
-1.25167918205261
-1.11874771118164
-0.879246056079865
-0.525710046291351
-0.372400552034378
-0.309666872024536
-0.0674994364380836
0.401788800954819
0.780738174915314
0.97255277633667
1.16306412220001
1.2762690782547
1.19404590129852
1.09339952468872
1.24813079833984
1.55551993846893
1.72417223453522
1.64899837970734
1.45309638977051
1.2041757106781
1.08783113956451
1.09973800182343
1.18107271194458
1.27111530303955
1.16584837436676
0.779375672340393
0.187641233205795
-0.3347247838974
-0.514750897884369
-0.416770249605179
-0.226318135857582
-0.129344537854195
-0.106715396046638
-0.080531932413578
0.00157277542166412
0.000506480457261205
0.124433644115925
0.246465176343918
0.466418117284775
0.88955944776535
1.19090628623962
1.2137131690979
1.07136273384094
1.04606783390045
1.20506429672241
1.36216509342194
1.5171332359314
1.5267299413681
1.321408867836
1.01751482486725
0.803900480270386
0.836540937423706
0.896194219589233
0.816103577613831
0.593070268630981
0.295277774333954
0.00696348864585161
-0.364640295505524
-0.711008429527283
-0.937122166156769
-1.03693926334381
-1.04896461963654
-1.0866996049881
-1.19824600219727
-1.34539461135864
-1.48265051841736
-1.61380481719971
-1.7136218547821
-1.55758738517761
-1.21003437042236
-0.916151702404022
-0.720664322376251
-0.629733026027679
-0.581335127353668
-0.6473268866539
-0.630917847156525
-0.500770628452301
-0.432290762662888
-0.483709871768951
-0.519075334072113
-0.400242686271667
-0.315649956464767
-0.449292242527008
-0.573634088039398
-0.382885783910751
-0.0504979602992535
0.0502669103443623
-0.128396719694138
-0.30445384979248
-0.396688371896744
-0.587022006511688
-0.881200909614563
-1.10968422889709
-1.06495904922485
-0.912182748317719
-0.940143346786499
-1.07449650764465
-1.15215826034546
-1.14368724822998
-1.18302166461945
-1.31909275054932
-1.37649488449097
-1.29030275344849
-1.09558546543121
-0.920653820037842
-0.721493661403656
-0.576832950115204
-0.435193479061127
-0.184554919600487
0.231181606650352
0.621860206127167
0.85857766866684
1.08161103725433
1.26803493499756
1.25636494159698
1.09493970870972
1.11573243141174
1.45072674751282
1.76054465770721
1.74295079708099
1.49337863922119
1.29327058792114
1.21092891693115
1.17064666748047
1.10578036308289
1.132852435112
1.15352666378021
0.891810536384583
0.373176544904709
-0.187753811478615
-0.495676070451736
-0.48992994427681
-0.304157674312592
-0.207480266690254
-0.291599094867706
-0.353029519319534
-0.146168306469917
0.0646026507019997
0.123545065522194
0.150320917367935
0.310205906629562
0.720196306705475
1.10181140899658
1.18646335601807
1.04897058010101
0.968406081199646
1.14013874530792
1.40825271606445
1.54947757720947
1.48822486400604
1.33918046951294
1.21827447414398
0.972434282302856
0.659891426563263
0.601896822452545
0.771793127059937
0.688562870025635
0.303215742111206
-0.0654260888695717
-0.218854069709778
-0.431106001138687
-0.753364026546478
-1.00098133087158
-1.0067275762558
-0.902408361434937
-0.926518440246582
-1.14735996723175
-1.45658552646637
-1.64899253845215
-1.69478392601013
-1.57204151153564
-1.4441454410553
-1.26785135269165
-0.964371919631958
-0.785589814186096
-0.73298591375351
-0.722086012363434
-0.538327872753143
-0.232360482215881
-0.185088068246841
-0.415703952312469
-0.616582095623016
-0.489041358232498
-0.312273353338242
-0.406048059463501
-0.596559405326843
-0.509715616703033
-0.132365718483925
0.129942834377289
0.0559538155794144
-0.212634027004242
-0.377554297447205
-0.416237115859985
-0.634294390678406
-0.909990906715393
-1.03865718841553
-0.90069043636322
-0.896602988243103
-0.989785313606262
-1.0074976682663
-0.986230969429016
-1.02349209785461
-1.21791315078735
-1.32963716983795
-1.35795319080353
-1.25446343421936
-1.04244840145111
-0.760413408279419
-0.604260444641113
-0.604615867137909
-0.435430407524109
0.00323145627044141
0.483419597148895
0.823153018951416
1.08498764038086
1.32833981513977
1.3895925283432
1.25298833847046
1.20387947559357
1.38366866111755
1.66807317733765
1.74383938312531
1.60824227333069
1.38195073604584
1.21442401409149
1.2026355266571
1.18569326400757
1.09890866279602
1.05613839626312
1.02124691009521
0.72807502746582
0.122715726494789
-0.386736273765564
-0.487678855657578
-0.35172626376152
-0.280284523963928
-0.293435484170914
-0.270569384098053
-0.0775699988007545
0.106306627392769
0.160628437995911
0.153993710875511
0.249249383807182
0.510491609573364
0.919889628887177
1.26057088375092
1.28710973262787
1.15240120887756
1.1248551607132
1.36275744438171
1.55291342735291
1.52601909637451
1.37590837478638
1.23995578289032
1.04458689689636
0.786602795124054
0.653849065303802
0.691465556621552
0.649524629116058
0.369148313999176
0.084032915532589
-0.0188053045421839
-0.17667618393898
-0.545673489570618
-0.929184198379517
-1.07550358772278
-1.05382227897644
-1.04754292964935
-1.19018948078156
-1.35522830486298
-1.50652360916138
-1.59964668750763
-1.54751682281494
-1.3965767621994
-1.15020346641541
-0.817519426345825
-0.523636698722839
-0.498756498098373
-0.637967228889465
-0.639862835407257
-0.418784379959106
-0.343432873487473
-0.533055663108826
-0.660655617713928
-0.516587316989899
-0.330637335777283
-0.340707898139954
-0.512085199356079
-0.53388500213623
-0.367424488067627
-0.173003390431404
-0.0427377000451088
-0.0744895935058594
-0.175609901547432
-0.319204270839691
-0.487915813922882
-0.745011389255524
-1.01312530040741
-1.01134812831879
-0.831973671913147
-0.816571593284607
-0.946185708045959
-1.03184473514557
-1.08634424209595
-1.24172711372375
-1.42441892623901
-1.45948815345764
-1.27140557765961
-0.974797904491425
-0.663617551326752
-0.456874787807465
-0.432646214962006
-0.400538891553879
-0.19865371286869
0.266665548086166
0.690340042114258
0.972197353839874
1.25867521762848
1.40896356105804
1.26258492469788
1.04049944877625
1.20228004455566
1.61742424964905
1.86012482643127
1.75065183639526
1.52773702144623
1.36548244953156
1.25772738456726
1.20097684860229
1.19114327430725
1.29255974292755
1.25583171844482
0.976699471473694
0.452733993530273
-0.114179462194443
-0.503258645534515
-0.523399770259857
-0.349593669176102
-0.23644794523716
-0.270510137081146
-0.210619911551476
0.0358719266951084
0.194512918591499
0.179999455809593
0.239889681339264
0.480516910552979
0.811482965946198
1.17177224159241
1.36098027229309
1.40576469898224
1.3095611333847
1.39450931549072
1.73027372360229
1.85390472412109
1.68406760692596
1.25624644756317
1.04144728183746
1.02699303627014
0.878422617912292
0.709711074829102
0.610308706760406
0.521332323551178
0.269568234682083
-0.0385317616164684
-0.149307951331139
-0.286445319652557
-0.623276054859161
-1.01235520839691
-1.10784780979156
-1.03913104534149
-1.1002060174942
-1.3300518989563
-1.50261390209198
-1.52536153793335
-1.51161813735962
-1.37454009056091
-1.150914311409
-0.934397220611572
-0.751705348491669
-0.612494587898254
-0.549583196640015
-0.569131970405579
-0.507286846637726
-0.353325724601746
-0.349475204944611
-0.486908763647079
-0.529323637485504
-0.337212800979614
-0.163051307201385
-0.281350791454315
-0.494669020175934
-0.476008862257004
-0.20724330842495
0.0608706213533878
0.0567831546068192
-0.129344537854195
-0.351489305496216
-0.490403831005096
-0.705143809318542
-0.939077019691467
-0.996301531791687
-0.846072435379028
-0.787189245223999
-0.930902123451233
-1.05482923984528
-1.05127501487732
-1.04706907272339
-1.14303553104401
-1.22579193115234
-1.17514288425446
-0.97414630651474
-0.748151004314423
-0.564392864704132
-0.535899102687836
-0.532581746578217
-0.370090246200562
0.00933303311467171
0.496274381875992
0.875046014785767
1.1629456281662
1.32822132110596
1.28787982463837
1.12100470066071
1.09251093864441
1.41097772121429
1.75793814659119
1.82772123813629
1.62328886985779
1.40671253204346
1.31625521183014
1.30464434623718
1.2358090877533
1.20938873291016
1.21714901924133
1.06093680858612
0.691347122192383
0.232781052589417
-0.196876555681229
-0.434956520795822
-0.405692636966705
-0.251849979162216
-0.173891976475716
-0.189412489533424
-0.0125260129570961
0.259912341833115
0.34651917219162
0.257483541965485
0.293204426765442
0.56054824590683
1.0052524805069
1.34640765190125
1.50025022029877
1.43751657009125
1.40292119979858
1.63691377639771
1.71866297721863
1.58910822868347
1.20873713493347
1.04529774188995
1.08706092834473
0.907331049442291
0.558593392372131
0.453504085540771
0.594314277172089
0.469439297914505
0.100027337670326
-0.0940975695848465
-0.147590041160583
-0.421331644058228
-0.855195164680481
-1.06946122646332
-1.09481537342072
-1.18142223358154
-1.36974167823792
-1.43614816665649
-1.36233687400818
-1.280113697052
-1.19149279594421
-1.13189876079559
-1.02289962768555
-0.813905894756317
-0.522688865661621
-0.41463765501976
-0.546917498111725
-0.656923592090607
-0.550649523735046
-0.403026908636093
-0.457822620868683
-0.524525284767151
-0.432231545448303
-0.267015069723129
-0.301077246665955
-0.547509849071503
-0.683225512504578
-0.514395475387573
-0.11737834662199
0.115844048559666
0.0359311662614346
-0.177624002099037
-0.336916625499725
-0.580091118812561
-0.898320913314819
-1.05459237098694
-0.893937230110168
-0.744359731674194
-0.807922780513763
-0.962890982627869
-1.08314538002014
-1.15292847156525
-1.18675363063812
-1.16347289085388
-1.10109460353851
-0.9694664478302
-0.788196325302124
-0.592708945274353
-0.526302456855774
-0.576892197132111
-0.493425011634827
-0.151262834668159
0.351969122886658
0.800820052623749
1.11022329330444
1.22840428352356
1.1756227016449
1.03155446052551
1.01443445682526
1.3151296377182
1.73388731479645
1.93630564212799
1.82470011711121
1.55066227912903
1.33515226840973
1.28995323181152
1.28515493869781
1.24919700622559
1.23977816104889
1.21472012996674
0.976817965507507
0.430578768253326
-0.200904786586761
-0.524288356304169
-0.468130141496658
-0.292724609375
-0.191485837101936
-0.153158456087112
0.0594488941133022
0.309731990098953
0.363283693790436
0.240659788250923
0.241074457764626
0.42524728178978
0.766580104827881
1.19274270534515
1.56547200679779
1.70770382881165
1.56570887565613
1.56807851791382
1.73744165897369
1.70805931091309
1.41465044021606
1.14600336551666
1.15986526012421
1.17473411560059
0.859880924224854
0.510254681110382
0.560962915420532
0.567538440227509
0.305703788995743
0.0313105545938015
0.0165009032934904
-0.0657815188169479
-0.505865097045898
-1.00809001922607
-1.22952389717102
-1.19285523891449
-1.25890624523163
-1.33929312229156
-1.36316621303558
-1.3260235786438
-1.24753248691559
-1.2317750453949
-1.19866061210632
-1.05844283103943
-0.717465400695801
-0.430217415094376
-0.493425011634827
-0.659767031669617
-0.573456346988678
-0.335909575223923
-0.342011123895645
-0.522629618644714
-0.486197918653488
-0.241601705551147
-0.172707200050354
-0.436555951833725
-0.718768656253815
-0.636249303817749
-0.272820442914963
0.034390963613987
0.0625885426998138
-0.156120389699936
-0.310614675283432
-0.466412216424942
-0.699634611606598
-0.934693396091461
-0.923734247684479
-0.751764595508575
-0.765093266963959
-0.926222264766693
-1.04144132137299
-1.04831302165985
-1.0765106678009
-1.14581978321075
-1.18947863578796
-1.12040638923645
-0.982202768325806
-0.779251277446747
-0.625764071941376
-0.613501667976379
-0.585837244987488
-0.320922195911407
0.184264630079269
0.648636043071747
0.974033713340759
1.11614716053009
1.1455887556076
1.02723002433777
0.941807925701141
1.09405112266541
1.44444751739502
1.75130343437195
1.74354326725006
1.5536835193634
1.31791388988495
1.27141153812408
1.31690680980682
1.29954981803894
1.24546504020691
1.22668635845184
1.09505820274353
0.671265184879303
0.0422696992754936
-0.50693142414093
-0.612198412418365
-0.426959306001663
-0.215240523219109
-0.17021918296814
-0.148597091436386
0.0918524116277695
0.336567103862762
0.341009974479675
0.271286159753799
0.347585469484329
0.636136710643768
1.03202831745148
1.36021018028259
1.52631521224976
1.43852365016937
1.31933557987213
1.44296658039093
1.68039488792419
1.6677178144455
1.32425236701965
1.12651395797729
1.10637271404266
0.914795100688934
0.588094234466553
0.624466717243195
0.824515461921692
0.628198742866516
0.178873926401138
-0.017028147354722
-0.0577250681817532
-0.415763199329376
-0.942453622817993
-1.19143354892731
-1.15719354152679
-1.13480138778687
-1.28828859329224
-1.415651679039
-1.37276291847229
-1.37299978733063
-1.40824675559998
-1.34213650226593
-1.10263478755951
-0.72664737701416
-0.470855116844177
-0.538861036300659
-0.785530567169189
-0.751764595508575
-0.466649174690247
-0.307711988687515
-0.423286497592926
-0.556810319423676
-0.457289457321167
-0.321099907159805
-0.385077595710754
-0.644838869571686
-0.682277679443359
-0.352970272302628
0.0508000552654266
0.222592011094093
0.0402555838227272
-0.199779242277145
-0.466116011142731
-0.73334139585495
-0.965082764625549
-1.01585030555725
-0.833869278430939
-0.788196325302124
-0.90803599357605
-1.11963629722595
-1.2269766330719
-1.17318797111511
-1.14587903022766
-1.1485447883606
-1.14244318008423
-1.01099276542664
-0.824805796146393
-0.748980343341827
-0.767818212509155
-0.748151004314423
-0.496505409479141
-0.0640043616294861
0.472401201725006
0.835415363311768
0.99364173412323
1.00543022155762
0.96970933675766
0.923977077007294
1.02290558815002
1.38064754009247
1.74804532527924
1.85123896598816
1.67376017570496
1.4577761888504
1.34652602672577
1.34415650367737
1.28598427772522
1.20482730865479
1.16122770309448
1.07231056690216
0.820072591304779
0.353746294975281
-0.279751360416412
-0.709468185901642
-0.58038729429245
-0.213878035545349
-0.0645375102758408
-0.21174544095993
-0.118800073862076
0.239178821444511
0.487033158540726
0.365120112895966
0.221407234668732
0.376671612262726
0.747860729694366
1.14310073852539
1.41553902626038
1.52086532115936
1.31797301769257
1.23391354084015
1.40493535995483
1.54900360107422
1.35387170314789
1.09997498989105
1.12947583198547
1.05412435531616
0.625532984733582
0.417783230543137
0.639454066753387
0.732517957687378
0.339943677186966
-0.0220634285360575
-0.0460550636053085
-0.190656498074532
-0.675879895687103
-1.11294233798981
-1.26465237140656
-1.32383179664612
-1.35582065582275
-1.3680237531662
-1.36926782131195
-1.48069560527802
-1.56878340244293
-1.45445287227631
-1.25683295726776
-1.01389539241791
-0.747321665287018
-0.561608672142029
-0.655975759029388
-0.819474279880524
-0.724514842033386
-0.463805705308914
-0.357413172721863
-0.479681670665741
-0.511137366294861
-0.344973057508469
-0.231353417038918
-0.357057750225067
-0.518364489078522
-0.444790124893188
-0.2003123909235
-0.0165542382746935
-0.081420511007309
-0.322817832231522
-0.495320647954941
-0.592471957206726
-0.70153021812439
-0.870537996292114
-0.938247680664063
-0.90371161699295
-0.937122166156769
-1.05850207805634
-1.16015553474426
-1.10494518280029
-1.09013545513153
-1.18876779079437
-1.32164001464844
-1.28674840927124
-1.15517950057983
-1.03344416618347
-0.848856627941132
-0.675465226173401
-0.541052877902985
-0.319204270839691
0.164597421884537
0.661253869533539
0.923858642578125
0.905850112438202
0.946369290351868
0.979839086532593
0.981557011604309
1.15755498409271
1.52566361427307
1.82695114612579
1.74449098110199
1.51571154594421
1.35618197917938
1.30215632915497
1.22088098526001
1.06508350372314
0.980846166610718
1.0298365354538
0.979957580566406
0.606162011623383
-0.0525713115930557
-0.566051542758942
-0.58139431476593
-0.363218545913696
-0.221519812941551
-0.229339316487312
-0.148597091436386
0.143508478999138
0.283844739198685
0.193328142166138
0.125085264444351
0.28117898106575
0.589752912521362
1.01467144489288
1.42033743858337
1.5679007768631
1.32437086105347
1.0401439666748
1.14381158351898
1.45801317691803
1.52045059204102
1.29943144321442
1.12852799892426
0.992753148078918
0.735420644283295
0.483478844165802
0.552551031112671
0.727008759975433
0.642179071903229
0.330998659133911
0.0560130551457405
-0.186746746301651
-0.516764998435974
-0.864614129066467
-1.13296496868134
-1.20618391036987
-1.14007365703583
-1.12846291065216
-1.26222360134125
-1.52927124500275
-1.74016070365906
-1.63625621795654
-1.34290659427643
-1.05257821083069
-0.830788850784302
-0.67493212223053
-0.691281974315643
-0.876817286014557
-0.875869452953339
-0.649281799793243
-0.45663782954216
-0.46943336725235
-0.522688865661621
-0.423938125371933
-0.307415783405304
-0.355695247650146
-0.518127501010895
-0.516587316989899
-0.225784987211227
0.0449946746230125
0.0908453539013863
-0.154698669910431
-0.424352794885635
-0.594249129295349
-0.708164989948273
-0.862836956977844
-0.96342408657074
-0.914729952812195
-0.923793494701385
-1.08018338680267
-1.23355209827423
-1.20020079612732
-1.1271003484726
-1.17348420619965
-1.2975298166275
-1.29172444343567
-1.20221495628357
-1.11969554424286
-0.992154836654663
-0.841214895248413
-0.647267699241638
-0.375303238630295
0.0734292045235634
0.614633083343506
0.912070155143738
0.976817965507507
0.948087215423584
0.976936399936676
0.950160562992096
1.06484651565552
1.46642506122589
1.85674822330475
1.94211101531982
1.66339337825775
1.37667858600616
1.22508692741394
1.17923629283905
1.06869697570801
0.912899494171143
0.92468798160553
1.03836679458618
0.886775255203247
0.202450886368752
-0.59780341386795
-0.789855003356934
-0.4462710916996
-0.245511442422867
-0.302913665771484
-0.279810607433319
0.0528141707181931
0.278394788503647
0.141435116529465
-0.0461735390126705
0.0723036676645279
0.454748123884201
0.890981197357178
1.34030604362488
1.56695294380188
1.47027552127838
1.02551209926605
0.839680552482605
1.1312530040741
1.48247873783112
1.51896965503693
1.36281669139862
1.08759415149689
0.7386195063591
0.495148837566376
0.469972431659698
0.58465838432312
0.655685484409332
0.571507394313812
0.325904130935669
-0.0402496792376041
-0.477312117815018
-0.857446253299713
-1.12028789520264
-1.25801765918732
-1.28947341442108
-1.26779210567474
-1.26607418060303
-1.3965767621994
-1.69685733318329
-1.8863023519516
-1.69958221912384
-1.23290050029755
-0.828656256198883
-0.656212687492371
-0.666875660419464
-0.73719185590744
-0.730734884738922
-0.626178741455078
-0.504265666007996
-0.468959480524063
-0.413512140512466
-0.29740446805954
-0.17969736456871
-0.250013589859009
-0.448225945234299
-0.572745501995087
-0.436970621347427
-0.119392454624176
0.0814264193177223
0.0654319897294044
-0.175195217132568
-0.416533291339874
-0.656212687492371
-0.876817286014557
-1.04327774047852
-1.03024530410767
-0.983209788799286
-1.03634679317474
-1.15044033527374
-1.24297106266022
-1.2246071100235
-1.30919981002808
-1.42613685131073
-1.47015118598938
-1.32466113567352
-1.11157989501953
-0.968044698238373
-0.822673201560974
-0.710475265979767
-0.538861036300659
-0.1655393242836
0.388341635465622
0.779316425323486
0.941570997238159
0.964437067508698
0.974389135837555
0.945836126804352
0.943644344806671
1.23438739776611
1.65403366088867
1.93518006801605
1.77819776535034
1.52175390720367
1.29344832897186
1.19837033748627
1.03445708751678
0.879192709922791
0.838969707489014
0.984696686267853
1.08463215827942
0.528263211250305
-0.350896924734116
-0.810410797595978
-0.505272746086121
-0.260913491249084
-0.314939081668854
-0.373644560575485
-0.0552370473742485
0.364527702331543
0.339351296424866
0.134148776531219
0.166374579071999
0.456643730401993
0.743595540523529
1.08018934726715
1.38414263725281
1.47098636627197
1.21744513511658
1.08172953128815
1.34859943389893
1.65723252296448
1.61274433135986
1.39367997646332
1.20660448074341
1.00311982631683
0.755561769008636
0.640401899814606
0.729496777057648
0.796377122402191
0.568367779254913
0.218149110674858
-0.0674994364380836
-0.321514576673508
-0.627126574516296
-1.00572049617767
-1.23532927036285
-1.24190485477448
-1.16258430480957
-1.18545043468475
-1.3506076335907
-1.56285953521729
-1.71397721767426
-1.61735904216766
-1.35967111587524
-1.07425951957703
-0.876461863517761
-0.776170909404755
-0.791276752948761
-0.790388166904449
-0.660181701183319
-0.490877747535706
-0.409661620855331
-0.393785685300827
-0.369971752166748
-0.239469110965729
-0.117496825754642
-0.182422339916229
-0.352674096822739
-0.408891528844833
-0.165361613035202
0.112822875380516
0.080360122025013
-0.226081192493439
-0.474231719970703
-0.589865446090698
-0.765270948410034
-1.0226035118103
-1.08219754695892
-0.958270370960236
-0.99973738193512
-1.1714700460434
-1.23284125328064
-1.12342762947083
-1.12011027336121
-1.28526747226715
-1.4203907251358
-1.40072345733643
-1.24066078662872
-1.13101017475128
-0.934930324554443
-0.689445555210114
-0.465227425098419
-0.285023599863052
0.084032915532589
0.588805079460144
0.904191434383392
1.0171594619751
1.02723002433777
1.09926414489746
1.14007949829102
1.3071916103363
1.64467394351959
1.9126101732254
1.83216416835785
1.48976504802704
1.25559484958649
1.16484129428864
1.11733186244965
0.98126083612442
0.82848447561264
0.893943130970001
1.01188719272614
0.737079322338104
-0.0829014778137207
-0.56534069776535
-0.420739233493805
-0.244030490517616
-0.342485040426254
-0.465938299894333
-0.229102358222008
0.173246249556541
0.310620576143265
0.178992405533791
0.185508653521538
0.41245174407959
0.536852836608887
0.805381417274475
1.22372448444366
1.47382986545563
1.32389688491821
1.04837822914124
1.13747298717499
1.48004984855652
1.62773180007935
1.44065618515015
1.17899930477142
0.998440027236938
0.826174139976501
0.632819354534149
0.56191074848175
0.644489347934723
0.631871521472931
0.391303569078445
0.0514516830444336
-0.158134505152702
-0.351311594247818
-0.733400583267212
-1.14978873729706
-1.30914056301117
-1.20049703121185
-1.13622307777405
-1.22709512710571
-1.39799857139587
-1.58305990695953
-1.64443111419678
-1.47684514522552
-1.18124449253082
-0.941268861293793
-0.795423448085785
-0.662669718265533
-0.562911927700043
-0.486731052398682
-0.461139976978302
-0.373407602310181
-0.335850328207016
-0.342603534460068
-0.316301584243774
-0.13212876021862
0.010577043518424
-0.166368678212166
-0.400479644536972
-0.339523106813431
-0.00986027531325817
0.108083792030811
-0.0855079740285873
-0.362211495637894
-0.437918454408646
-0.534121930599213
-0.801998913288116
-1.04825377464294
-1.05838358402252
-0.9964200258255
-1.11892545223236
-1.21868324279785
-1.18681287765503
-1.08948385715485
-1.16921901702881
-1.40949082374573
-1.5011922121048
-1.35901951789856
-1.15286922454834
-0.95139867067337
-0.662018060684204
-0.392127007246017
-0.212456300854683
0.0727775767445564
0.482175588607788
0.830794751644135
0.956262171268463
1.06295084953308
1.19487524032593
1.2747288942337
1.3713470697403
1.53449022769928
1.8080540895462
1.85911774635315
1.65924668312073
1.36749649047852
1.18486392498016
1.15548157691956
1.06520199775696
0.923384726047516
0.868944466114044
1.05424284934998
1.00157964229584
0.312160789966583
-0.5039102435112
-0.551360368728638
-0.238225102424622
-0.211863920092583
-0.411438792943954
-0.305283188819885
0.163768082857132
0.414880514144897
0.249071672558784
0.0411441624164581
0.256476491689682
0.495267301797867
0.748808562755585
1.19446063041687
1.60563576221466
1.5591334104538
1.17828845977783
1.10969018936157
1.46162664890289
1.66469657421112
1.54390907287598
1.32922840118408
1.16821789741516
0.953063249588013
0.686252593994141
0.61125648021698
0.759826958179474
0.789446234703064
0.536260426044464
0.156600207090378
-0.125079363584518
-0.338634550571442
-0.644720435142517
-1.03610992431641
-1.34758651256561
-1.33076274394989
-1.17614996433258
-1.19427692890167
-1.43496346473694
-1.67884874343872
-1.72155976295471
-1.5787947177887
-1.34284734725952
-1.13480138778687
-0.934219479560852
-0.762012839317322
-0.679019570350647
-0.622328221797943
-0.560305416584015
-0.435489654541016
-0.361737579107285
-0.377495050430298
-0.341300278902054
-0.191248893737793
-0.0294682532548904
-0.116489768028259
-0.350778460502625
-0.388394951820374
-0.150611206889153
0.0153753701597452
-0.0662554278969765
-0.295982748270035
-0.417955040931702
-0.502429306507111
-0.742582619190216
-1.01288831233978
-1.06626236438751
-0.946067214012146
-0.998197197914124
-1.12123572826385
-1.12070262432098
-1.07236385345459
-1.19321072101593
-1.45966589450836
-1.58999085426331
-1.45617079734802
-1.19866061210632
-1.03439199924469
-0.812780320644379
-0.499882012605667
-0.263283044099808
-0.127745106816292
0.116851098835468
0.570559561252594
0.952174663543701
1.14493715763092
1.21815598011017
1.24102210998535
1.21235060691833
1.21614193916321
1.38757848739624
1.67346394062042
1.76824569702148
1.59017443656921
1.33325660228729
1.17313468456268
1.01016926765442
0.840213716030121
0.683290660381317
0.907923460006714
1.2183929681778
0.758997559547424
-0.249302715063095
-0.659826278686523
-0.319855898618698
-0.315768450498581
-0.589628517627716
-0.507405340671539
0.102693073451519
0.429690182209015
0.177926108241081
-0.112994685769081
0.0301257837563753
0.370096147060394
0.509543836116791
0.929486274719238
1.50244212150574
1.7025500535965
1.32644414901733
0.976462483406067
1.17271995544434
1.54005861282349
1.65148639678955
1.54610097408295
1.29309284687042
0.966273486614227
0.711606681346893
0.599823474884033
0.600830495357513
0.634833455085754
0.632286190986633
0.431052654981613
0.0055417618714273
-0.353266477584839
-0.627659678459167
-0.956197023391724
-1.33283603191376
-1.43982100486755
-1.27182030677795
-1.19326984882355
-1.36067819595337
-1.59141254425049
-1.71575438976288
-1.67328035831451
-1.43294930458069
-1.14102149009705
-0.891508460044861
-0.714621961116791
-0.575411260128021
-0.513032972812653
-0.495379894971848
-0.456934034824371
-0.368846237659454
-0.300307154655457
-0.250250548124313
-0.144865050911903
-0.0172651018947363
-0.0692173615098
-0.324535757303238
-0.501836895942688
-0.323114037513733
-0.0439224727451801
-0.0274541415274143
-0.241601705551147
-0.423049539327621
-0.5189568400383
-0.722737669944763
-1.0280534029007
-1.19143354892731
-1.11945855617523
-1.07834696769714
-1.15073657035828
-1.19386231899261
-1.10624837875366
-1.15980005264282
-1.3696231842041
-1.570916056633
-1.50705683231354
-1.21880173683167
-0.984098374843597
-0.845183849334717
-0.646971464157104
-0.342958956956863
-0.146405264735222
0.0533473156392574
0.418790280818939
0.818354666233063
1.09209620952606
1.15725874900818
1.19677090644836
1.22123646736145
1.20121383666992
1.32288992404938
1.5979939699173
1.81154918670654
1.70172071456909
1.43425846099854
1.28539180755615
1.14772129058838
0.97071635723114
0.797561943531036
0.941748678684235
1.23705315589905
1.05702698230743
0.169395744800568
-0.572390079498291
-0.478200703859329
-0.26369771361351
-0.388098776340485
-0.515284061431885
-0.159970909357071
0.324245452880859
0.300253838300705
-0.00885321944952011
-0.127804338932037
0.215424135327339
0.462449133396149
0.712909936904907
1.23551297187805
1.67938780784607
1.65024244785309
1.1653151512146
1.02829623222351
1.36494934558868
1.67541885375977
1.66919875144958
1.42934167385101
1.09185934066772
0.838969707489014
0.680506408214569
0.605688095092773
0.607465207576752
0.620260775089264
0.471927314996719
0.134030297398567
-0.212989449501038
-0.484361499547958
-0.844709932804108
-1.32406878471375
-1.61356782913208
-1.49941504001617
-1.2769148349762
-1.29770755767822
-1.52933049201965
-1.65598261356354
-1.67049610614777
-1.61084282398224
-1.38336658477783
-1.06093084812164
-0.781383872032166
-0.643061757087708
-0.540282726287842
-0.414104521274567
-0.350482255220413
-0.319381982088089
-0.325424343347549
-0.330755800008774
-0.288518667221069
-0.149426430463791
0.00269830878823996
-0.101857833564281
-0.415230065584183
-0.567473292350769
-0.333480775356293
-0.100021436810493
-0.186509802937508
-0.389579743146896
-0.457170993089676
-0.523577451705933
-0.823620975017548
-1.12905526161194
-1.20334041118622
-1.06685471534729
-1.0336811542511
-1.10707771778107
-1.11240923404694
-1.12976610660553
-1.2562997341156
-1.50889325141907
-1.57915019989014
-1.36612820625305
-1.05328905582428
-0.81550532579422
-0.635301470756531
-0.423523455858231
-0.252857029438019
-0.0836715772747993
0.228693589568138
0.606458187103271
0.935410141944885
1.12580299377441
1.18670034408569
1.17965090274811
1.13925015926361
1.24528729915619
1.48692154884338
1.72073638439178
1.73347270488739
1.52323484420776
1.29113793373108
1.07308065891266
0.9498051404953
0.87214332818985
0.884879648685455
1.15447449684143
1.21205449104309
0.555572211742401
-0.342307329177856
-0.528375804424286
-0.287867039442062
-0.323765635490417
-0.448818355798721
-0.234433829784393
0.273359507322311
0.38911172747612
0.136518314480782
-0.0652483701705933
0.164301231503487
0.442722678184509
0.602903842926025
1.07231056690216
1.63217461109161
1.77724993228912
1.38917791843414
1.07545018196106
1.23883032798767
1.59704613685608
1.69437515735626
1.48016834259033
1.13071978092194
0.854194045066833
0.720255553722382
0.651183307170868
0.620379269123077
0.630746006965637
0.558297216892242
0.316189020872116
-0.0731271058320999
-0.347994238138199
-0.563563525676727
-0.870241761207581
-1.26447474956512
-1.39900553226471
-1.27022087574005
-1.205650806427
-1.3181449174881
-1.48875212669373
-1.51167738437653
-1.47566032409668
-1.3228839635849
-1.08906924724579
-0.832032859325409
-0.615101099014282
-0.492358714342117
-0.414578437805176
-0.375895619392395
-0.374888569116592
-0.401072025299072
-0.411083340644836
-0.377672791481018
-0.293139278888702
-0.16826431453228
-0.168027356266975
-0.358597934246063
-0.521326422691345
-0.449766159057617
-0.224007830023766
-0.200786307454109
-0.358894139528275
-0.453379720449448
-0.486849516630173
-0.642765522003174
-0.95471602678299
-1.12111723423004
-1.06472218036652
-0.992332577705383
-1.04582500457764
-1.08646273612976
-1.08628499507904
-1.18414711952209
-1.42418193817139
-1.57216000556946
-1.42524826526642
-1.15286922454834
-0.948140561580658
-0.750994443893433
-0.482584357261658
-0.226614341139793
-0.0763852298259735
0.126388520002365
0.49011355638504
0.801293969154358
0.954721927642822
1.02865171432495
1.11318516731262
1.13788771629333
1.18782579898834
1.41127383708954
1.67790687084198
1.78803145885468
1.64248216152191
1.39670121669769
1.20115458965302
1.02977728843689
0.929900944232941
0.884998083114624
1.02053606510162
1.30802094936371
1.0512216091156
0.122538007795811
-0.518542170524597
-0.307415783405304
-0.142080843448639
-0.386321604251862
-0.484776169061661
-0.00589128909632564
0.456880688667297
0.30108317732811
-0.039953488856554
-0.0566587746143341
0.32199439406395
0.528855621814728
0.793652176856995
1.38212847709656
1.83121633529663
1.72849655151367
1.25790512561798
1.09049677848816
1.33533000946045
1.65924668312073
1.77446579933167
1.55540144443512
1.1613461971283
0.847796261310577
0.763618171215057
0.646503448486328
0.545857071876526
0.448942720890045
0.361032634973526
0.15203882753849
-0.243793532252312
-0.570909082889557
-0.860467433929443
-1.16590166091919
-1.37299978733063
-1.37015640735626
-1.29113209247589
-1.31518292427063
-1.41985762119293
-1.51517248153687
-1.5344250202179
-1.43845844268799
-1.20991599559784
-0.977404415607452
-0.816216170787811
-0.639211237430573
-0.416829496622086
-0.263164550065994
-0.25481191277504
-0.286919236183167
-0.287689328193665
-0.290532797574997
-0.292606145143509
-0.256826013326645
-0.220690473914146
-0.31020000576973
-0.478674590587616
-0.471151292324066
-0.253449410200119
-0.0724754855036736
-0.118029966950417
-0.284253507852554
-0.390942215919495
-0.541585981845856
-0.822080790996552
-1.13580846786499
-1.13776338100433
-0.944408535957336
-0.877705872058868
-1.00181066989899
-1.04920160770416
-1.0526374578476
-1.25138294696808
-1.50652360916138
-1.4828873872757
-1.16477608680725
-0.856794595718384
-0.672621786594391
-0.577247619628906
-0.384544461965561
-0.177031621336937
0.035457257181406
0.301853269338608
0.513157367706299
0.731807053089142
0.941985666751862
1.07864916324615
1.08593547344208
1.11816120147705
1.35274612903595
1.62358498573303
1.73323571681976
1.60954546928406
1.47560703754425
1.30221557617188
1.12710630893707
1.03741908073425
1.06567585468292
1.09979724884033
1.22733795642853
1.23628306388855
0.628613412380219
-0.184791877865791
-0.405277967453003
-0.151795968413353
-0.15185521543026
-0.359368056058884
-0.19474396109581
0.303571194410324
0.433066785335541
0.136992231011391
-0.0439224727451801
0.21572034060955
0.540762543678284
0.703017115592957
1.16235327720642
1.79235577583313
1.98411118984222
1.59775698184967
1.20743381977081
1.34848093986511
1.65989828109741
1.73536825180054
1.56807851791382
1.25897145271301
0.921785295009613
0.792111992835999
0.753488421440125
0.691643297672272
0.55770480632782
0.443255811929703
0.337100237607956
0.0156123246997595
-0.388750404119492
-0.756148219108582
-0.98469078540802
-1.18888628482819
-1.25778079032898
-1.18201458454132
-1.1366970539093
-1.16157722473145
-1.32472038269043
-1.42021298408508
-1.38958668708801
-1.19883835315704
-0.878890633583069
-0.687431454658508
-0.600943088531494
-0.546799004077911
-0.412268131971359
-0.308482080698013
-0.36979404091835
-0.449588447809219
-0.402256786823273
-0.274538367986679
-0.206591680645943
-0.21778778731823
-0.260617285966873
-0.421805530786514
-0.556988060474396
-0.542178392410278
-0.38667705655098
-0.213167175650597
-0.263164550065994
-0.370801091194153
-0.514573216438293
-0.644364953041077
-0.935108065605164
-1.10079848766327
-0.982795119285583
-0.843999087810516
-0.939254760742188
-1.10713696479797
-1.14943337440491
-1.21696531772614
-1.42199015617371
-1.51138126850128
-1.29101359844208
-0.927051603794098
-0.665216982364655
-0.578373193740845
-0.45018082857132
-0.30445384979248
-0.163169786334038
0.0331469513475895
0.32033571600914
0.583118140697479
0.810120522975922
0.998854696750641
1.06964480876923
1.05009615421295
1.12793564796448
1.42549109458923
1.70385336875916
1.74200296401978
1.56831538677216
1.35167980194092
1.17716288566589
1.04375755786896
0.98428201675415
0.978595077991486
1.08486914634705
1.2905455827713
1.04879283905029
0.192794993519783
-0.454682976007462
-0.35699850320816
-0.131299421191216
-0.359960436820984
-0.528079569339752
-0.094571478664875
0.411681652069092
0.370096147060394
0.0207068454474211
0.0140721211209893
0.359136998653412
0.542184293270111
0.740752100944519
1.31027209758759
1.85514879226685
1.78880155086517
1.28029727935791
1.17491185665131
1.62992358207703
1.94222950935364
1.72920751571655
1.31145679950714
0.906264781951904
0.771496951580048
0.651538729667664
0.446513950824738
0.334375262260437
0.404395282268524
0.401966512203217
0.163116455078125
-0.207954168319702
-0.450121581554413
-0.732512056827545
-1.14196932315826
-1.35996735095978
-1.22987937927246
-1.01845681667328
-1.05115652084351
-1.30979228019714
-1.53377342224121
-1.49905955791473
-1.34764575958252
-1.08978009223938
-0.826879143714905
-0.632991194725037
-0.540460467338562
-0.543896317481995
-0.480096340179443
-0.382530331611633
-0.296160459518433
-0.255937457084656
-0.201911836862564
-0.110388189554214
-0.0862188413739204
-0.15215140581131
-0.353444188833237
-0.592708945274353
-0.658167600631714
-0.483176738023758
-0.134676024317741
0.00506785325706005
-0.135860785841942
-0.404448628425598
-0.588147521018982
-0.784523546695709
-1.01431012153625
-1.00921559333801
-0.834994792938232
-0.7733274102211
-0.928947269916534
-1.06430745124817
-1.13628232479095
-1.25653672218323
-1.38733553886414
-1.33390235900879
-1.04244840145111
-0.758991658687592
-0.631510198116302
-0.568361878395081
-0.469137191772461
-0.299181640148163
-0.100910015404224
0.16815173625946
0.477851152420044
0.733939647674561
0.927886843681335
1.00477862358093
1.01615238189697
1.06277310848236
1.26418447494507
1.52744078636169
1.62933123111725
1.54165804386139
1.399129986763
1.28710973262787
1.14126431941986
1.07242906093597
1.0322653055191
1.0013427734375
1.11200046539307
1.20559740066528
0.706512212753296
-0.126086413860321
-0.375895619392395
-0.172470241785049
-0.187990769743919
-0.489989161491394
-0.377672791481018
0.195875406265259
0.498466193675995
0.304992914199829
0.0742585435509682
0.2730633020401
0.569019377231598
0.651183307170868
1.06170690059662
1.69360506534576
1.99589967727661
1.61487698554993
1.22484993934631
1.28059351444244
1.50641107559204
1.50629258155823
1.34753310680389
1.12917959690094
0.833934426307678
0.690636217594147
0.634892702102661
0.528559386730194
0.435495555400848
0.434843927621841
0.363224476575851
0.0378268025815487
-0.358124047517776
-0.63861882686615
-0.977937579154968
-1.33591651916504
-1.3981761932373
-1.21874248981476
-1.09060943126678
-1.20730948448181
-1.37933838367462
-1.43863618373871
-1.41215658187866
-1.30007708072662
-1.02675020694733
-0.730616390705109
-0.554026126861572
-0.542829990386963
-0.517120480537415
-0.432823926210403
-0.433771729469299
-0.494432061910629
-0.450713992118835
-0.283720344305038
-0.195336356759071
-0.235322415828705
-0.355399072170258
-0.518542170524597
-0.654020845890045
-0.693829238414764
-0.535010516643524
-0.220690473914146
-0.0394795797765255
-0.10878874361515
-0.334487825632095
-0.521326422691345
-0.840148568153381
-1.08326375484467
-1.03421425819397
-0.862422287464142
-0.883807420730591
-1.08379697799683
-1.1406067609787
-1.2254364490509
-1.43318629264832
-1.53430652618408
-1.26802897453308
-0.851226210594177
-0.666875660419464
-0.610421240329742
-0.452313423156738
-0.258958607912064
-0.141073793172836
-0.0144808869808912
0.243325531482697
0.515586137771606
0.713265359401703
0.840213716030121
0.940208494663239
1.02551209926605
1.18456768989563
1.48188626766205
1.72689712047577
1.7097772359848
1.50001335144043
1.32602953910828
1.22846353054047
1.15714025497437
1.11342215538025
1.10104131698608
1.116206407547
1.21341693401337
0.965740323066711
0.217201307415962
-0.42986199259758
-0.404093205928802
-0.234670788049698
-0.382352620363235
-0.508293926715851
-0.127448901534081
0.359433203935623
0.390888899564743
0.132904767990112
0.108676172792912
0.41304412484169
0.483360350131989
0.657521843910217
1.26134097576141
1.88186538219452
1.89590489864349
1.40896356105804
1.2659615278244
1.5259598493576
1.69082081317902
1.47785806655884
1.13593280315399
0.894890964031219
0.820131838321686
0.680624902248383
0.521332323551178
0.531343638896942
0.612263560295105
0.472105026245117
0.0833220481872559
-0.190064117312431
-0.38484063744545
-0.710949182510376
-1.18391025066376
-1.43520033359528
-1.34207725524902
-1.20209646224976
-1.19196665287018
-1.27644085884094
-1.31506443023682
-1.34136641025543
-1.29231679439545
-1.09007620811462
-0.865858137607574
-0.700582444667816
-0.613146245479584
-0.561312437057495
-0.466471463441849
-0.393311768770218
-0.363455504179001
-0.339760065078735
-0.248828813433647
-0.108433313667774
-0.0829014778137207
-0.179578885436058
-0.376488000154495
-0.567591726779938
-0.618655443191528
-0.415111571550369
-0.110980577766895
0.0258606038987637
-0.117852255702019
-0.357887089252472
-0.565873801708221
-0.849212110042572
-1.0074976682663
-0.882504165172577
-0.69519168138504
-0.806382596492767
-1.0788209438324
-1.20298504829407
-1.2341445684433
-1.31476831436157
-1.3418995141983
-1.13640081882477
-0.815623819828033
-0.665987074375153
-0.717998564243317
-0.757688462734222
-0.672088623046875
-0.460962265729904
-0.177801728248596
0.147240504622459
0.462804555892944
0.697448670864105
0.784174025058746
0.784884870052338
0.81391179561615
1.00193512439728
1.321408867836
1.60729444026947
1.71350920200348
1.60225915908813
1.38307631015778
1.19848883152008
1.18640410900116
1.23172163963318
1.20358335971832
1.08001160621643
1.18995845317841
1.24392485618591
0.757575869560242
-0.0761482790112495
-0.432764679193497
-0.254219532012939
-0.203985184431076
-0.37915375828743
-0.270154714584351
0.231951713562012
0.458717107772827
0.247116789221764
0.0095699867233634
0.196704745292664
0.457176893949509
0.614159226417542
1.0226686000824
1.55842256546021
1.78216683864594
1.50084269046783
1.26963436603546
1.3182692527771
1.43810892105103
1.44847571849823
1.36684489250183
1.16448581218719
0.841457724571228
0.592063188552856
0.546745657920837
0.579860031604767
0.510076940059662
0.391007363796234
0.208137795329094
-0.00849778763949871
-0.261683583259583
-0.534951269626617
-0.944586217403412
-1.339470744133
-1.41748797893524
-1.31026613712311
-1.1984828710556
-1.22454786300659
-1.28473436832428
-1.30179500579834
-1.32412803173065
-1.25434494018555
-1.03865718841553
-0.812721073627472
-0.66438764333725
-0.670429944992065
-0.630325436592102
-0.509597182273865
-0.483354449272156
-0.491055458784103
-0.442242860794067
-0.328919410705566
-0.281706243753433
-0.30386146903038
-0.412445843219757
-0.61320549249649
-0.753364026546478
-0.649933397769928
-0.316420048475266
-0.080531932413578
-0.108018644154072
-0.304335385560989
-0.450240075588226
-0.645490527153015
-0.891508460044861
-0.912834346294403
-0.763316094875336
-0.750046670436859
-1.03806471824646
-1.26210510730743
-1.28550446033478
-1.25896549224854
-1.29308700561523
-1.26637029647827
-1.02911972999573
-0.730912566184998
-0.64146226644516
-0.75057977437973
-0.778955101966858
-0.559061408042908
-0.172055572271347
0.103877849876881
0.232840299606323
0.370273858308792
0.612559735774994
0.842938721179962
0.941393256187439
1.01265728473663
1.2430362701416
1.55012917518616
1.6740562915802
1.59212934970856
1.47003853321075
1.39267289638519
1.35280537605286
1.25387692451477
1.17805147171021
1.11069715023041
1.08504688739777
1.16407120227814
0.925458073616028
0.195875406265259
-0.409187704324722
-0.358538717031479
-0.152032926678658
-0.268910706043243
-0.459718257188797
-0.115838140249252
0.32922151684761
0.3156558573246
0.0399593934416771
0.0560722909867764
0.361269593238831
0.488751083612442
0.709474086761475
1.29540312290192
1.8523645401001
1.89495706558228
1.43354761600494
1.19025468826294
1.25873446464539
1.38905942440033
1.39480555057526
1.25843822956085
1.02491974830627
0.77357029914856
0.606221199035645
0.592892527580261
0.590878427028656
0.541177213191986
0.426076620817184
0.241133689880371
-0.0159026142209768
-0.405811131000519
-0.779251277446747
-1.10784780979156
-1.29415321350098
-1.37933838367462
-1.33159208297729
-1.17703855037689
-1.09665179252625
-1.2428525686264
-1.5043910741806
-1.48952221870422
-1.21892023086548
-0.951280176639557
-0.812424898147583
-0.746966242790222
-0.657693684101105
-0.554559230804443
-0.546384334564209
-0.587318181991577
-0.517179667949677
-0.360197395086288
-0.231827333569527
-0.225488796830177
-0.330281883478165
-0.472573012113571
-0.634057462215424
-0.655501842498779
-0.459540545940399
-0.160859480500221
-0.0361622162163258
-0.171937108039856
-0.383359670639038
-0.57452267408371
-0.790388166904449
-0.909694671630859
-0.828360080718994
-0.772083401679993
-0.93214613199234
-1.18758296966553
-1.28206861019135
-1.28467512130737
-1.31008839607239
-1.34065556526184
-1.20114862918854
-0.930783629417419
-0.790625095367432
-0.832566022872925
-0.889909029006958
-0.761716663837433
-0.458711177110672
-0.17021918296814
0.100382767617702
0.382062345743179
0.610427141189575
0.665400564670563
0.676300466060638
0.825226366519928
1.11502158641815
1.3682667016983
1.47821354866028
1.52536737918854
1.59064841270447
1.52643370628357
1.37241339683533
1.2874059677124
1.26762020587921
1.20678222179413
0.983748853206635
0.938431322574615
1.13220083713531
0.855023384094238
-0.0120521038770676
-0.494787514209747
-0.286504566669464
-0.101561635732651
-0.35415506362915
-0.399057924747467
0.115133181214333
0.445862323045731
0.246346697211266
-0.0711129903793335
0.141198173165321
0.424062520265579
0.574232399463654
0.993700921535492
1.63952016830444
1.87220942974091
1.47779881954193
1.10293698310852
1.093221783638
1.21489787101746
1.25162577629089
1.34652602672577
1.23877108097076
0.732517957687378
0.407120257616043
0.622630298137665
0.797443449497223
0.574587821960449
0.423647850751877
0.466595828533173
0.223065927624702
-0.343136668205261
-0.752949357032776
-0.935581982135773
-1.21660995483398
-1.48419070243835
-1.376021027565
-1.08012413978577
-1.02823114395142
-1.29853689670563
-1.57115292549133
-1.60373425483704
-1.43674051761627
-1.18266618251801
-0.911294162273407
-0.760235667228699
-0.750342845916748
-0.757866144180298
-0.695428669452667
-0.660833299160004
-0.602720260620117
-0.465701341629028
-0.314228236675262
-0.273590534925461
-0.357057750225067
-0.436022818088531
-0.570079743862152
-0.597625732421875
-0.399650305509567
-0.0297052077949047
0.12555918097496
-0.0385910011827946
-0.31079238653183
-0.556810319423676
-0.746788501739502
-0.869530916213989
-0.802650511264801
-0.712548613548279
-0.832743763923645
-1.13077318668365
-1.35404348373413
-1.32489812374115
-1.21684682369232
-1.24273419380188
-1.22075664997101
-0.985994040966034
-0.780021369457245
-0.791869103908539
-0.935048818588257
-0.898735582828522
-0.654435515403748
-0.336798131465912
-0.0481284148991108
0.274662762880325
0.550714671611786
0.612204313278198
0.654678404331207
0.73275488615036
0.973026692867279
1.27745389938354
1.52969181537628
1.66842865943909
1.69579684734344
1.65717327594757
1.52554512023926
1.39569413661957
1.3071916103363
1.19996976852417
1.03102123737335
0.829846978187561
0.93173736333847
0.995715081691742
0.440116167068481
-0.230050176382065
-0.326549857854843
-0.107070825994015
-0.206769406795502
-0.474290937185287
-0.218557879328728
0.252329796552658
0.358603864908218
0.0909045934677124
0.0314290337264538
0.279164880514145
0.450305223464966
0.748571574687958
1.33053171634674
1.77736842632294
1.67227911949158
1.27218163013458
1.11608791351318
1.13528120517731
1.13255620002747
1.19748175144196
1.29498851299286
0.984341263771057
0.509662270545959
0.506759583950043
0.812786221504211
0.764269828796387
0.447817206382751
0.383069396018982
0.423351645469666
0.0780498161911964
-0.491410911083221
-0.841392576694489
-1.07562208175659
-1.3823002576828
-1.48780429363251
-1.25594437122345
-1.04327774047852
-1.12111723423004
-1.40741741657257
-1.61806988716125
-1.64472734928131
-1.48650097846985
-1.17917108535767
-0.922727167606354
-0.833869278430939
-0.815268337726593
-0.690334141254425
-0.594308376312256
-0.570909082889557
-0.555447816848755
-0.39147537946701
-0.290651261806488
-0.317841798067093
-0.350363790988922
-0.444493919610977
-0.554559230804443
-0.565933048725128
-0.295212626457214
-0.0369323194026947
-0.0260916538536549
-0.257359176874161
-0.418428927659988
-0.570553660392761
-0.76580411195755
-0.885643839836121
-0.883096575737
-0.850633800029755
-1.00169229507446
-1.21009361743927
-1.31322813034058
-1.28058755397797
-1.26654803752899
-1.33046650886536
-1.31784868240356
-1.08853602409363
-0.939432501792908
-0.960047483444214
-0.993458092212677
-0.817223250865936
-0.504739582538605
-0.232952862977982
0.0601005181670189
0.372761875391006
0.586968660354614
0.655803918838501
0.732340216636658
0.933040618896484
1.16632223129272
1.34332716464996
1.5195620059967
1.68317902088165
1.74170684814453
1.63572895526886
1.46660268306732
1.34895491600037
1.26542842388153
1.10957169532776
0.879015028476715
0.814859569072723
0.987303197383881
0.866989552974701
0.167737066745758
-0.335850328207016
-0.293731659650803
-0.0837900564074516
-0.245156019926071
-0.281943202018738
0.0800639316439629
0.311390697956085
0.237520143389702
0.00737815862521529
0.155948579311371
0.301734805107117
0.623578131198883
1.09926414489746
1.51186108589172
1.49912476539612
1.21951854228973
1.17366778850555
1.20399796962738
1.16910648345947
1.20453119277954
1.35908460617065
1.19061005115509
0.655566990375519
0.423944026231766
0.741522192955017
0.889441013336182
0.634478032588959
0.446632415056229
0.379396617412567
0.0675645843148232
-0.425241380929947
-0.746906995773315
-0.883748173713684
-1.09736263751984
-1.23716568946838
-1.13924431800842
-0.988600492477417
-1.03533983230591
-1.26340842247009
-1.48010325431824
-1.56635463237762
-1.46647834777832
-1.23663258552551
-0.997604787349701
-0.900868117809296
-0.929480373859406
-0.850278377532959
-0.672858774662018
-0.636249303817749
-0.639625906944275
-0.581335127353668
-0.455038398504257
-0.398880213499069
-0.382530331611633
-0.372282058000565
-0.425359845161438
-0.440287977457047
-0.305816352367401
-0.0637674033641815
0.0102216117084026
-0.123420685529709
-0.288281708955765
-0.400242686271667
-0.559416830539703
-0.75845855474472
-0.844769179821014
-0.808870613574982
-0.891389966011047
-1.12105798721313
-1.27253115177155
-1.24267494678497
-1.19717967510223
-1.2396537065506
-1.28343105316162
-1.15713429450989
-0.999678134918213
-0.99221408367157
-1.05619180202484
-1.00121831893921
-0.708757340908051
-0.315827667713165
-0.00796463992446661
0.17703752219677
0.36517933011055
0.584006726741791
0.759589970111847
0.882747054100037
1.06769001483917
1.35493791103363
1.58987832069397
1.72269117832184
1.74437260627747
1.63069367408752
1.45315551757813
1.3911919593811
1.38082528114319
1.26157796382904
0.995715081691742
0.765750765800476
0.933869957923889
1.04192113876343
0.544020712375641
-0.150907397270203
-0.278092682361603
-0.0626418739557266
-0.227088242769241
-0.49413588643074
-0.285023599863052
0.184857025742531
0.347644716501236
0.162405595183372
0.0884165689349175
0.267850309610367
0.561140656471252
0.970479428768158
1.35150218009949
1.47845041751862
1.30784332752228
1.19475674629211
1.18468618392944
1.12201178073883
1.10003423690796
1.27520275115967
1.36986613273621
1.03564190864563
0.654974579811096
0.70278012752533
0.939023733139038
0.85976243019104
0.564576506614685
0.381055295467377
0.262874275445938
-0.0726531967520714
-0.549997866153717
-0.878120541572571
-1.0646036863327
-1.2150696516037
-1.23503315448761
-1.14587903022766
-1.09748113155365
-1.21826863288879
-1.44296061992645
-1.60438585281372
-1.64312791824341
-1.53092992305756
-1.32637906074524
-1.09718489646912
-0.965319752693176
-0.881734073162079
-0.711778521537781
-0.569605886936188
-0.529145896434784
-0.544962584972382
-0.515284061431885
-0.410194784402847
-0.33247372508049
-0.329215586185455
-0.432231545448303
-0.508886277675629
-0.376191824674606
-0.120281033217907
0.00388308102265
-0.103931181132793
-0.244385913014412
-0.305460929870605
-0.477252870798111
-0.733992993831635
-0.893285632133484
-0.853181064128876
-0.882207989692688
-1.11620044708252
-1.36381781101227
-1.39556980133057
-1.23592174053192
-1.22561419010162
-1.32863008975983
-1.32264697551727
-1.12585639953613
-1.06703245639801
-1.21951258182526
-1.21785390377045
-0.87391459941864
-0.405455678701401
-0.124190784990788
0.0685716420412064
0.303985863924026
0.540288627147675
0.679973304271698
0.793119013309479
0.952174663543701
1.24161446094513
1.56890785694122
1.79508078098297
1.79745030403137
1.65486299991608
1.46002721786499
1.39622724056244
1.34403800964355
1.27289247512817
1.16211628913879
0.929960191249847
0.951345324516296
1.08563923835754
0.931085765361786
0.166670769453049
-0.270510137081146
-0.132187992334366
-0.0052396641112864
-0.227562144398689
-0.357294708490372
-0.049253948032856
0.225790902972221
0.203872621059418
0.0143090756610036
0.0940442383289337
0.343201816082001
0.661905527114868
1.07468008995056
1.37247264385223
1.4204558134079
1.26608002185822
1.20251703262329
1.24801230430603
1.27857935428619
1.3206387758255
1.36169111728668
1.22644937038422
0.887960016727448
0.719840884208679
0.84370881319046
0.9390829205513
0.804492831230164
0.54532390832901
0.33781111240387
0.0994349494576454
-0.260024905204773
-0.639033496379852
-0.967748522758484
-1.17425429821014
-1.20553231239319
-1.0875289440155
-0.978293001651764
-0.99908572435379
-1.19996380805969
-1.48063635826111
-1.61961019039154
-1.5170681476593
-1.30712652206421
-1.11353468894958
-1.00666832923889
-0.92912495136261
-0.7313272356987
-0.527605712413788
-0.431994587182999
-0.438096165657043
-0.418191999197006
-0.36801689863205
-0.350186079740524
-0.316479295492172
-0.297286003828049
-0.288696378469467
-0.262394458055496
-0.124427735805511
9.1810230514966E-5
-0.0265063233673573
-0.193914622068405
-0.282298624515533
-0.338219881057739
-0.492832630872726
-0.714681208133698
-0.843288242816925
-0.898498594760895
-0.997012376785278
-1.19522476196289
-1.26595568656921
-1.08059811592102
-1.0019291639328
-1.15624582767487
-1.34782338142395
-1.29462718963623
-1.16513156890869
-1.16750109195709
-1.15559411048889
-0.959218144416809
-0.557165741920471
-0.252857029438019
-0.0877590402960777
0.061996154487133
0.328806847333908
0.67132443189621
0.904250621795654
1.05288028717041
1.16176092624664
1.37875187397003
1.56511652469635
1.64722120761871
1.63430726528168
1.57957077026367
1.53022503852844
1.45410335063934
1.37810027599335
1.21015882492065
1.00276446342468
0.873861253261566
1.0519917011261
1.12100470066071
0.555453717708588
-0.166250199079514
-0.281824707984924
-0.029942162334919
-0.128929868340492
-0.345624685287476
-0.177150100469589
0.234380498528481
0.350902825593948
0.103700131177902
-0.0114004788920283
0.159917563199997
0.486144572496414
0.897793650627136
1.31501114368439
1.47371137142181
1.32585179805756
1.14653658866882
1.14979469776154
1.18557476997375
1.17971014976501
1.28936088085175
1.36346828937531
1.05489444732666
0.659772932529449
0.636432886123657
0.894594728946686
0.936594903469086
0.700943768024445
0.470031678676605
0.255291730165482
-0.0634712129831314
-0.467715471982956
-0.828123152256012
-1.13847422599792
-1.27490067481995
-1.15008497238159
-0.963542580604553
-0.972665309906006
-1.18242919445038
-1.3973468542099
-1.56244492530823
-1.59958744049072
-1.45658552646637
-1.19315147399902
-0.916744112968445
-0.782627880573273
-0.682277679443359
-0.571619987487793
-0.512855291366577
-0.45847424864769
-0.412919759750366
-0.349297493696213
-0.303920716047287
-0.221756771206856
-0.217847019433975
-0.322877079248428
-0.428795695304871
-0.305816352367401
-0.0430931337177753
0.0443430505692959
-0.0485430844128132
-0.148360133171082
-0.180645182728767
-0.371748924255371
-0.646497547626495
-0.822140038013458
-0.865621149539948
-0.951102495193481
-1.13397204875946
-1.21424031257629
-1.09037244319916
-0.953116595745087
-1.0566064119339
-1.24741399288177
-1.29391634464264
-1.16963374614716
-1.10062074661255
-1.07988727092743
-0.916981041431427
-0.617352187633514
-0.339167684316635
-0.184851109981537
-0.00891245808452368
0.213824704289436
0.533890902996063
0.813023209571838
1.03528642654419
1.19795560836792
1.37111008167267
1.55202484130859
1.64420008659363
1.66759932041168
1.64905762672424
1.60670208930969
1.54811501502991
1.48040533065796
1.32182359695435
1.16649997234344
1.08309197425842
1.1843900680542
1.27378106117249
0.847618520259857
0.117798916995525
-0.197765126824379
-0.0409605428576469
-0.0451072454452515
-0.276434004306793
-0.210738390684128
0.100560486316681
0.27774316072464
0.11803587526083
-0.0257362220436335
0.0885350480675697
0.365534782409668
0.672390758991241
1.05205094814301
1.37887036800385
1.45599901676178
1.32158660888672
1.20725607872009
1.21075117588043
1.31056821346283
1.43105959892273
1.44557297229767
1.17390477657318
0.841220796108246
0.807454764842987
0.98291951417923
1.02480125427246
0.8796666264534
0.687200427055359
0.428564637899399
0.0458240136504173
-0.352555602788925
-0.624283075332642
-0.840267062187195
-1.055006980896
-1.15423166751862
-1.10926961898804
-1.06051623821259
-1.10903263092041
-1.29942548274994
-1.50995945930481
-1.62197971343994
-1.51250672340393
-1.31103622913361
-1.12887752056122
-0.941328108310699
-0.749217331409454
-0.562852680683136
-0.476956695318222
-0.457348704338074
-0.445619463920593
-0.431757628917694
-0.406048059463501
-0.334843277931213
-0.259847193956375
-0.259669482707977
-0.3196781873703
-0.262275964021683
-0.0672624856233597
-0.0188053045421839
-0.0994290485978127
-0.171167001128197
-0.193440720438957
-0.288814872503281
-0.531752407550812
-0.711660027503967
-0.797082126140594
-0.854602813720703
-1.03818321228027
-1.18491721153259
-1.1501442193985
-1.00726068019867
-1.02224802970886
-1.22010493278503
-1.31239879131317
-1.2396537065506
-1.13989591598511
-1.1747282743454
-1.14232468605042
-0.869767904281616
-0.487027257680893
-0.238402813673019
-0.112876214087009
0.106543585658073
0.36879289150238
0.60539186000824
0.83950287103653
1.06069982051849
1.21809673309326
1.31246387958527
1.39314687252045
1.58573162555695
1.68679261207581
1.67133140563965
1.60806453227997
1.57560181617737
1.45179307460785
1.1090384721756
0.902355015277863
0.982030928134918
1.33663320541382
1.23148465156555
0.486855447292328
-0.154402479529381
-0.1924929022789
-0.0385317616164684
-0.194329291582108
-0.324594974517822
-0.118681594729424
0.217023581266403
0.25321838259697
0.0435729473829269
-0.0260916538536549
0.21826758980751
0.545264720916748
0.910589158535004
1.1938089132309
1.30369651317596
1.29143416881561
1.25215899944305
1.2311292886734
1.21934080123901
1.3119307756424
1.49231231212616
1.42460250854492
1.02337944507599
0.748334646224976
0.851942956447601
1.03422009944916
0.957802355289459
0.733702719211578
0.496926009654999
0.253573805093765
-0.113705553114414
-0.524406790733337
-0.870656430721283
-1.1058337688446
-1.1398366689682
-1.03889405727386
-0.982498943805695
-1.03593218326569
-1.16057014465332
-1.35570216178894
-1.53306257724762
-1.53951954841614
-1.3443284034729
-1.06294500827789
-0.823857963085175
-0.696435689926147
-0.647741556167603
-0.538979530334473
-0.430572867393494
-0.38424825668335
-0.382471114397049
-0.383359670639038
-0.280047565698624
-0.200727060437202
-0.253923326730728
-0.377613544464111
-0.349771410226822
-0.129285305738449
0.0353980176150799
0.0213584695011377
-0.0833753868937492
-0.121762000024319
-0.197231978178024
-0.445204794406891
-0.749987423419952
-0.905251801013947
-0.895595908164978
-0.934278726577759
-1.03853869438171
-1.08924686908722
-0.999974310398102
-0.964371919631958
-1.14019215106964
-1.3125764131546
-1.27152407169342
-1.09060943126678
-1.02793490886688
-1.0970071554184
-0.985460877418518
-0.693177580833435
-0.357887089252472
-0.16826431453228
-0.0149547960609198
0.209796473383904
0.503738462924957
0.781152844429016
0.961001217365265
1.08913433551788
1.17929553985596
1.40481686592102
1.63288545608521
1.72002553939819
1.64769518375397
1.5860869884491
1.60498416423798
1.50996541976929
1.35162055492401
1.16187930107117
1.10127830505371
1.21590495109558
1.28793907165527
0.822382867336273
0.0887127667665482
-0.239943027496338
-0.0493131875991821
0.0127096334472299
-0.249302715063095
-0.304394632577896
-0.049135472625494
0.186989605426788
0.0342724844813347
-0.133017331361771
0.0191666409373283
0.3727026283741
0.720196306705475
1.0377151966095
1.31400406360626
1.41559827327728
1.34611141681671
1.24119985103607
1.22899663448334
1.31388556957245
1.43970835208893
1.47080862522125
1.27988266944885
0.989258050918579
0.87617152929306
0.929130852222443
0.983689606189728
0.784529447555542
0.533416986465454
0.330761700868607
0.0369974598288536
-0.326846063137054
-0.714029610157013
-0.922075569629669
-0.952287256717682
-0.995116770267487
-1.13160252571106
-1.24948728084564
-1.31340575218201
-1.36553573608398
-1.531285405159
-1.66854119300842
-1.50065898895264
-1.2230076789856
-1.04037511348724
-0.952287256717682
-0.801051080226898
-0.45213571190834
-0.248117953538895
-0.298707723617554
-0.375895619392395
-0.361856073141098
-0.342011123895645
-0.382708072662354
-0.385255306959152
-0.416592538356781
-0.39011287689209
-0.306941896677017
-0.143621042370796
-0.0632342621684074
-0.12881138920784
-0.104701280593872
-0.110506668686867
-0.217847019433975
-0.563267350196838
-0.790802836418152
-0.851226210594177
-0.855965256690979
-0.922134816646576
-1.00489115715027
-0.952879667282104
-0.957618713378906
-1.10867714881897
-1.32697141170502
-1.37353301048279
-1.21631371974945
-1.06590688228607
-1.06892812252045
-1.04049348831177
-0.837008953094482
-0.520674765110016
-0.301847368478775
-0.147590041160583
0.0742585435509682
0.379929751157761
0.704083383083344
0.961652874946594
1.12669157981873
1.21240985393524
1.36175036430359
1.51055777072906
1.59633529186249
1.60640585422516
1.5908260345459
1.59740161895752
1.50493013858795
1.39670121669769
1.25263285636902
1.18492317199707
1.19031393527985
1.34297180175781
1.17704439163208
0.511380195617676
-0.0628788247704506
-0.173418059945107
-0.066492386162281
-0.196047216653824
-0.257596135139465
-0.0576065927743912
0.176504373550415
0.152335032820702
0.0116433380171657
0.0773981884121895
0.317729204893112
0.546982645988464
0.858636915683746
1.24428021907806
1.45161533355713
1.4180862903595
1.24866390228271
1.20844089984894
1.29611396789551
1.44598770141602
1.51660013198853
1.36364603042603
1.11999762058258
0.942459523677826
0.973263621330261
0.937187314033508
0.760419309139252
0.538629949092865
0.329339981079102
0.172653868794441
-0.13935586810112
-0.470618158578873
-0.78387188911438
-0.963068664073944
-1.05939066410065
-1.07579970359802
-1.04653584957123
-1.04730594158173
-1.10962498188019
-1.31992208957672
-1.49189174175262
-1.48111033439636
-1.28941416740417
-1.05317056179047
-0.839141488075256
-0.685239613056183
-0.513210713863373
-0.35220018029213
-0.296160459518433
-0.388335734605789
-0.50841236114502
-0.49052232503891
-0.394022643566132
-0.320507526397705
-0.352318644523621
-0.40124973654747
-0.346631735563278
-0.200667828321457
-0.122887536883354
-0.144746586680412
-0.0969410240650177
-0.0107488548383117
-0.053993035107851
-0.296219706535339
-0.57552969455719
-0.737725019454956
-0.883511245250702
-1.0487869977951
-1.10464894771576
-1.01567256450653
-0.920120716094971
-0.95471602678299
-1.13101017475128
-1.30061030387878
-1.32738614082336
-1.18888628482819
-1.11839234828949
-1.10778856277466
-0.918047368526459
-0.559713006019592
-0.239350631833076
-0.177268579602242
-0.113587073981762
0.173720166087151
0.536319673061371
0.814207971096039
