% Type: Timesignal
% Date: 11-DEC-24 13:54:09
% NoOfItems: = 4096
% Unit_Y: = mm/s
% Unit_X: = Sec
% Min_X: = 0
% Max_X: = 1.60000002384186
% MinDisplay_X: = 0
% MaxDisplay_X: = 1.60000002384186
0.0907485708594322
0.371998935937881
0.394794166088104
0.396106123924255
0.642917692661285
1.04257202148438
1.24526906013489
1.07471489906311
0.994029641151428
1.09341025352478
1.28298771381378
1.48634076118469
1.77103507518768
2.21004796028137
2.65365290641785
2.76828503608704
2.35846304893494
1.52947127819061
1.7190488576889
2.97491788864136
3.58005714416504
2.40962910652161
0.843318819999695
0.552720785140991
0.850534558296204
0.768865346908569
0.314600914716721
0.933843731880188
1.81662547588348
1.88599514961243
1.07635486125946
0.941879451274872
1.31742656230927
1.50372421741486
1.12916100025177
1.29627132415771
2.03687000274658
2.48785448074341
2.37207460403442
2.19086074829102
2.0337541103363
1.30119109153748
0.73967432975769
1.08357059955597
2.19774842262268
2.90522027015686
3.1731870174408
3.34800505638123
3.61269211769104
3.25272440910339
2.63413763046265
2.66578841209412
2.96261835098267
2.58444714546204
1.48552083969116
0.43710470199585
-0.415994077920914
-0.780061602592468
-0.806956708431244
-0.673957228660583
-0.861238837242126
-1.11379015445709
-0.960455477237701
-0.511602818965912
-0.199029520153999
-0.338588744401932
-0.84647935628891
-1.43472719192505
-1.84504115581512
-1.91244292259216
-1.71236968040466
-1.44866669178009
-1.21399080753326
-0.856482982635498
-0.51471871137619
-0.26380729675293
-0.128675922751427
0.138306945562363
0.517625987529755
0.616678595542908
-0.0473347045481205
-0.993746340274811
-1.44751882553101
-1.13592946529388
-0.499631226062775
-0.0625861808657646
0.339036077260971
0.740166366100311
1.05405163764954
1.00878918170929
0.701135694980621
0.177337601780891
-0.814828455448151
-2.39819431304932
-3.72359681129456
-4.01075124740601
-3.35805344581604
-2.78489303588867
-2.51266241073608
-2.12465167045593
-1.337970495224
-0.901909470558167
-1.32567095756531
-2.01608729362488
-2.17975378036499
-1.61692500114441
-0.977182865142822
-0.645258247852325
-0.597699880599976
-0.488315612077713
-0.2478998452425
0.0105553139001131
0.250315099954605
0.497454643249512
0.606018960475922
0.574040055274963
0.535337328910828
0.89169716835022
1.49913239479065
2.01177883148193
2.31943225860596
2.54590845108032
2.87652111053467
3.02608418464661
2.53590488433838
1.50651216506958
0.0727091878652573
0.176681622862816
1.87238359451294
2.83863854408264
1.62163615226746
0.0390903353691101
0.0994402691721916
0.881201505661011
0.947947204113007
0.369211047887802
0.808059990406036
1.38384425640106
1.11817336082458
0.353631585836411
1.01092112064362
1.86598777770996
1.76955914497375
0.950079143047333
1.36826479434967
2.25957441329956
1.87894332408905
0.766405463218689
0.520085871219635
1.32136249542236
1.41713511943817
1.45436191558838
1.85614812374115
2.60625839233398
2.78320837020874
2.75500130653381
2.91489601135254
2.86651754379272
2.31336450576782
1.94421315193176
2.38798189163208
2.57362365722656
1.87353157997131
0.664728939533234
0.0595896355807781
-0.513734757900238
-1.10034263134003
-1.51344454288483
-1.30156373977661
-1.0585241317749
-1.16823637485504
-1.11969399452209
-0.671169340610504
-0.201325431466103
-0.731683254241943
-1.66415536403656
-2.31586909294128
-2.21402859687805
-2.10825204849243
-2.14105105400085
-2.03035473823547
-1.56411874294281
-0.882558107376099
-0.606719553470612
-0.470276236534119
-0.232648357748985
0.192425087094307
0.313452959060669
-0.0329031981527805
-0.705608189105988
-1.2441657781601
-1.32665491104126
-0.931264460086823
-0.426161736249924
-0.0522545352578163
0.233095690608025
0.381346613168716
0.696051836013794
0.603887021541595
0.192425087094307
-0.701016306877136
-1.91539478302002
-3.26687240600586
-4.21836805343628
-4.22197580337524
-3.74606418609619
-3.16339206695557
-2.6965000629425
-1.95081758499146
-1.34174239635468
-1.33747851848602
-1.87505209445953
-2.26781868934631
-2.02559900283813
-1.62118887901306
-1.35568189620972
-1.22793030738831
-0.872062504291534
-0.427473694086075
-0.0935811251401901
0.0587696619331837
0.192425087094307
0.346415817737579
0.48187518119812
0.605526924133301
0.949259161949158
1.4479660987854
1.72446060180664
1.76955914497375
1.67411434650421
1.78841841220856
1.80448997020721
1.59900498390198
1.23838126659393
0.703431606292725
-0.00945200212299824
0.638489842414856
2.17380523681641
2.81059551239014
1.65705895423889
0.30902510881424
0.11551172286272
0.380198657512665
0.268354475498199
-0.0212595984339714
0.522217810153961
0.911540448665619
0.820195615291595
0.94942319393158
1.91239821910858
2.34124350547791
1.67673826217651
0.986977875232697
1.31365466117859
1.74069607257843
0.974186360836029
0.0745131224393845
-0.0127318892627954
0.641933679580688
1.07405889034271
1.71544098854065
2.40995717048645
3.05068325996399
3.10135746002197
3.24222874641418
3.09446978569031
2.56378388404846
1.69740152359009
1.66919457912445
2.29942488670349
2.20037245750427
1.25461673736572
0.201444774866104
-0.262987315654755
-0.595075964927673
-0.877310276031494
-1.04507660865784
-1.05672013759613
-1.25498938560486
-1.44981467723846
-1.28582036495209
-0.990466415882111
-1.04606056213379
-1.62217283248901
-2.03986644744873
-2.04593420028687
-1.95508146286011
-2.07774925231934
-2.1477746963501
-2.03215885162354
-1.57609033584595
-1.14101326465607
-0.874358415603638
-0.521114468574524
0.0328585505485535
0.42267319560051
0.116003707051277
-0.406810402870178
-0.76677805185318
-0.834179759025574
-0.769237995147705
-0.650178074836731
-0.397954702377319
-0.0935811251401901
0.18192945420742
0.367735087871552
0.465803742408752
0.144046738743782
-0.554405331611633
-1.81093037128448
-3.1420726776123
-4.16195392608643
-4.29774141311646
-3.8770956993103
-3.50663232803345
-3.10550212860107
-2.43771696090698
-1.53049993515015
-1.1014906167984
-1.3607656955719
-1.91834664344788
-2.00050783157349
-1.71204173564911
-1.42226362228394
-1.38093709945679
-1.1946394443512
-0.756774425506592
-0.378767371177673
-0.218216851353645
-0.254623621702194
-0.183614045381546
0.0891086235642433
0.57256406545639
1.13080096244812
1.76955914497375
2.046053647995
1.98242378234863
1.7190488576889
1.6642746925354
1.67198240756989
1.47781312465668
1.16048395633698
0.729670703411102
0.1617581397295
0.0523738823831081
1.2075502872467
2.29073333740234
2.1490421295166
1.04699981212616
0.628322184085846
0.825115442276001
0.878905594348907
0.289509773254395
0.255070954561234
0.791004598140717
0.988945841789246
0.790840625762939
1.1685197353363
1.82006943225861
1.66083085536957
0.791988551616669
0.407093733549118
1.05175566673279
1.17229151725769
0.847582638263702
0.639473795890808
0.921544134616852
1.15507209300995
1.33415400981903
1.86073994636536
2.58575916290283
2.90341639518738
2.75516533851624
2.75336146354675
2.60822629928589
2.12083506584167
1.85319626331329
2.33878374099731
2.60642242431641
1.93420946598053
0.67210865020752
-0.298902094364166
-0.643454313278198
-0.700196385383606
-0.900105535984039
-1.12100601196289
-1.22448647022247
-1.30615556240082
-1.32977080345154
-1.24334573745728
-1.05950808525085
-1.28040850162506
-1.85520887374878
-2.13088345527649
-1.87767601013184
-1.58084619045258
-1.70580995082855
-1.99804794788361
-2.04905009269714
-1.60528135299683
-1.18824362754822
-0.753494560718536
-0.245931908488274
0.236375585198402
0.192589089274406
-0.369911670684814
-0.827619969844818
-0.924704670906067
-0.6427983045578
-0.583924353122711
-0.612787365913391
-0.437149375677109
-0.0561904013156891
0.357731431722641
0.513690114021301
0.352319628000259
-0.10801263153553
-1.21136689186096
-2.64844965934753
-3.97385239601135
-4.52733325958252
-4.32791614532471
-3.89021515846252
-3.22226595878601
-2.49872279167175
-1.83290553092957
-1.35354995727539
-1.13133764266968
-1.28795218467712
-1.68596661090851
-1.97246479988098
-2.00723171234131
-1.76697981357574
-1.50704872608185
-1.20431506633759
-0.82007622718811
-0.39779070019722
-0.145403355360031
-0.15557099878788
-0.144583374261856
0.0221989154815674
0.530417501926422
1.35104548931122
2.00456309318542
2.07590055465698
1.76414728164673
1.60671269893646
1.77365899085999
1.58850932121277
1.13293290138245
0.64652556180954
0.365439176559448
0.221452102065086
0.970906436443329
1.99816727638245
2.19955229759216
1.40877151489258
0.707695424556732
0.814291775226593
1.13932871818542
0.911048471927643
0.339856028556824
0.212760388851166
0.205708637833595
0.140766859054565
0.411521583795547
1.31349074840546
1.85352420806885
1.56604206562042
0.674076616764069
0.348055750131607
0.594867289066315
0.601263105869293
0.532877445220947
0.577811896800995
1.04372000694275
1.16179585456848
1.44091439247131
2.1262469291687
2.88275289535522
3.10480141639709
2.84208250045776
2.58739900588989
2.24087905883789
1.92436981201172
2.07672047615051
2.4350483417511
2.19184470176697
1.17507946491241
-0.0824295058846474
-0.796461045742035
-0.791869223117828
-0.661985695362091
-0.881902158260345
-1.15249288082123
-1.14790105819702
-1.03704082965851
-0.981446743011475
-1.00768578052521
-1.08295929431915
-1.6774388551712
-2.22764015197754
-2.3511278629303
-1.99034023284912
-1.70056211948395
-1.78419923782349
-2.11251592636108
-2.14646291732788
-1.6331604719162
-1.11805403232574
-0.627546846866608
-0.125396028161049
0.205544635653496
-0.088661290705204
-0.753822505474091
-1.20661103725433
-1.01293361186981
-0.689372718334198
-0.644930243492126
-0.645422220230103
-0.382211238145828
0.125187397003174
0.437924683094025
0.497126668691635
0.104688093066216
-0.756446421146393
-2.08348894119263
-3.39396810531616
-4.33873987197876
-4.61966228485107
-4.28134155273438
-3.61831259727478
-2.85491871833801
-2.1628623008728
-1.57543444633484
-1.09115898609161
-1.03261303901672
-1.58396208286285
-2.2619149684906
-2.56333661079407
-2.31045722961426
-2.09529662132263
-1.97246479988098
-1.7451685667038
-1.03376090526581
-0.324485212564468
-0.0470067150890827
-0.049138642847538
-0.0496306270360947
0.265894562005997
0.986649930477142
1.82252931594849
2.17134547233582
1.94601702690125
1.59998893737793
1.59031319618225
1.47846901416779
0.99665355682373
0.273602306842804
-0.0622581951320171
-0.27807480096817
0.07369314879179
1.19459474086761
2.17282128334045
1.84368455410004
0.662760972976685
0.246707230806351
0.779524981975555
1.28462767601013
0.762469589710236
0.0797609463334084
-0.26364329457283
-0.323173254728317
-0.164098709821701
0.624714314937592
1.59211719036102
1.80612981319427
0.972874402999878
-0.0115839289501309
0.0653294399380684
0.625534236431122
0.830527245998383
0.627994179725647
0.718847095966339
1.0447039604187
1.28249573707581
1.73216843605042
2.60822629928589
3.23812890052795
3.00952076911926
2.36567878723145
2.04572558403015
1.96176052093506
2.03555798530579
2.40405344963074
2.50933790206909
1.94421315193176
0.769029378890991
-0.303821921348572
-0.703312277793884
-0.536857962608337
-0.526034295558929
-0.93306839466095
-1.26860094070435
-1.31156742572784
-1.1028026342392
-0.910273194313049
-0.966195225715637
-1.38520085811615
-2.06266164779663
-2.39737415313721
-2.28864598274231
-1.92982625961304
-1.78846311569214
-1.98656833171844
-2.31340909004211
-2.27241063117981
-1.73795282840729
-0.989974439144135
-0.323665261268616
0.00809539761394262
-0.0276553779840469
-0.501599133014679
-1.09066700935364
-1.1718442440033
-0.843035459518433
-0.568672835826874
-0.499303221702576
-0.413042187690735
0.0148191675543785
0.519593894481659
0.853486478328705
0.563872396945953
-0.244127973914146
-1.48097360134125
-2.94626355171204
-4.08602428436279
-4.66000461578369
-4.47961091995239
-4.01009511947632
-3.36559724807739
-2.67649269104004
-1.90178322792053
-1.19234347343445
-0.877638280391693
-1.05885207653046
-1.59494972229004
-2.02133512496948
-2.11005616188049
-2.02346706390381
-2.03560256958008
-2.11218810081482
-1.83339762687683
-1.20333111286163
-0.630662739276886
-0.279058784246445
-0.0420868843793869
0.257530868053436
0.557312607765198
1.23592138290405
2.15478181838989
2.65037298202515
2.35485506057739
1.67460632324219
1.24723696708679
0.834955096244812
0.159790202975273
-0.492743462324142
-0.680517017841339
-0.297754138708115
0.744266211986542
1.89239084720612
2.29532504081726
1.74659991264343
1.22312986850739
1.30119109153748
1.6590268611908
1.30807888507843
0.470559567213058
-0.292342305183411
-0.523738384246826
-0.445185095071793
0.0118672689422965
0.922692120075226
1.81924939155579
1.86434781551361
0.832659184932709
-0.132447794079781
-0.133759751915932
0.518281936645508
1.00632917881012
0.981238067150116
0.855946362018585
1.17885136604309
1.62590003013611
2.29958891868591
2.91932368278503
3.12726855278015
2.55525612831116
2.06999683380127
1.91584205627441
1.90780639648438
2.16970539093018
2.50031805038452
2.49507021903992
1.77234697341919
0.656037211418152
-0.225596606731415
-0.258559465408325
-0.0448747910559177
-0.439281284809113
-1.04146862030029
-1.12608981132507
-0.847955286502838
-0.717907726764679
-0.817288339138031
-0.861238837242126
-1.30648362636566
-2.04839420318604
-2.46083998680115
-2.10382437705994
-1.53295981884003
-1.57527041435242
-2.04511427879333
-2.33981227874756
-1.93851792812347
-1.19513142108917
-0.583924353122711
-0.151471138000488
0.226043939590454
0.0668053850531578
-0.658869802951813
-1.09001100063324
-0.839099586009979
-0.40959832072258
-0.367451757192612
-0.535381972789764
-0.378767371177673
0.192261099815369
0.666368842124939
0.635701894760132
0.0230188872665167
-0.999814093112946
-2.38163089752197
-3.5891215801239
-4.25953054428101
-4.42319679260254
-3.9643406867981
-3.29425954818726
-2.63483810424805
-2.11186003684998
-1.39946842193604
-0.600651741027832
-0.121624164283276
-0.307429790496826
-0.901581466197968
-1.364701628685
-1.57264649868011
-1.75074446201324
-2.07102537155151
-2.11907577514648
-1.92507040500641
-1.51803636550903
-1.10329461097717
-0.611147403717041
-0.131299838423729
0.319356739521027
1.09160625934601
2.09131598472595
2.7438497543335
2.59641885757446
1.95700466632843
1.42631888389587
1.00567328929901
0.44891232252121
-0.0765257030725479
-0.170166507363319
0.0886166393756866
0.384954512119293
0.979106187820435
1.6147483587265
1.84335660934448
1.34891355037689
1.10866177082062
1.50421619415283
1.99521541595459
1.74430394172668
0.861850202083588
-0.0197836477309465
-0.525706350803375
-0.51061886548996
0.351827621459961
1.44009435176849
1.87271153926849
1.18147528171539
-0.00223624869249761
-0.614591300487518
-0.166394636034966
0.801172256469727
1.10226595401764
0.787068724632263
0.57256406545639
0.98845386505127
1.74266397953033
2.88636088371277
3.73519587516785
3.82260489463806
2.90636825561523
1.91649806499481
1.62819600105286
1.89157092571259
2.20709609985352
2.11329126358032
1.6877259016037
0.968938529491425
0.180617496371269
-0.247407853603363
-0.0978449732065201
0.100916221737862
-0.170330494642258
-0.894365727901459
-1.35043406486511
-1.24055790901184
-0.827292025089264
-0.737259089946747
-1.21579468250275
-1.95901727676392
-2.43919277191162
-2.28225016593933
-1.79846680164337
-1.46965801715851
-1.65841555595398
-2.063809633255
-2.1074321269989
-1.59216177463531
-0.826308071613312
-0.345312505960464
0.0307266227900982
-0.00633610831573606
-0.585892260074615
-1.15659272670746
-1.10296654701233
-0.412058234214783
-0.0214235913008451
-0.0156837888062
-0.147371277213097
0.11551172286272
0.593227386474609
0.693755924701691
0.276718199253082
-0.62853080034256
-1.83930134773254
-3.08385467529297
-3.97352433204651
-4.26576232910156
-4.08110475540161
-3.65373516082764
-3.09353041648865
-2.44772052764893
-1.69367432594299
-1.00883376598358
-0.382375240325928
-0.145239353179932
-0.37483149766922
-0.958487510681152
-1.42455959320068
-1.73073709011078
-2.07889723777771
-2.36244344711304
-2.52938985824585
-2.31636095046997
-1.89423954486847
-1.3092714548111
-0.663789629936218
0.0361384376883507
0.896288990974426
1.84056866168976
2.56050395965576
2.66004872322083
2.32976388931274
1.86319994926453
1.41057538986206
0.709663391113281
0.0404022932052612
-0.208705186843872
0.102720156311989
0.459735929965973
0.951063096523285
1.5750617980957
1.96996021270752
1.53291523456573
0.792808532714844
0.972546398639679
1.81203365325928
2.33091187477112
1.54078698158264
0.422509223222733
-0.535381972789764
-0.856482982635498
-0.344164550304413
0.885301351547241
1.7854665517807
1.70740520954132
0.727210760116577
-0.32153332233429
-0.505863010883331
0.299513429403305
1.24658095836639
1.34514164924622
0.834463119506836
0.721798956394196
1.32431435585022
2.4188129901886
3.64237499237061
4.12386274337769
3.5961287021637
2.50818991661072
1.99718332290649
2.09377598762512
2.31287240982056
2.26203417778015
1.77464294433594
1.24313712120056
0.572400093078613
0.0289226844906807
-0.157702922821045
0.0933724790811539
0.194229021668434
-0.314153581857681
-1.05409622192383
-1.38831675052643
-0.994566261768341
-0.504715025424957
-0.667725443840027
-1.42521560192108
-2.20074510574341
-2.33013653755188
-1.90604710578918
-1.49507713317871
-1.42259168624878
-1.82946169376373
-2.20599293708801
-2.15138268470764
-1.41406393051147
-0.678385078907013
-0.135891675949097
0.177009612321854
-0.153275072574615
-0.882722139358521
-1.31173145771027
-0.915684998035431
-0.220020800828934
0.00104363902937621
-0.178038224577904
-0.158850893378258
0.319684743881226
0.705235540866852
0.448256343603134
-0.231008425354958
-1.16692435741425
-2.31718111038208
-3.68292617797852
-4.50404596328735
-4.42778873443604
-3.82904529571533
-3.02350473403931
-2.37195515632629
-1.60888922214508
-0.755954444408417
0.0207229647785425
0.3173888027668
-0.0422508791089058
-0.805972754955292
-1.51016461849213
-1.95147347450256
-2.333580493927
-2.67468881607056
-2.80686831474304
-2.62549042701721
-2.17417788505554
-1.54657137393951
-0.869110584259033
-0.168690547347069
0.502866446971893
1.31119477748871
2.19414067268372
2.88324499130249
3.00410890579224
2.51097774505615
1.73479235172272
0.948439240455627
0.239163488149643
-0.264627277851105
-0.370239645242691
-0.0319192335009575
0.484827071428299
1.06257927417755
1.46157765388489
1.52077960968018
1.13096499443054
0.901536822319031
1.46141362190247
2.41143321990967
2.41389298439026
1.04289996623993
-0.439445286989212
-1.09197890758514
-0.37466749548912
0.852502524852753
1.66952252388
1.72954452037811
1.4023756980896
0.501226544380188
-0.443545132875443
-0.447645008563995
0.5566565990448
1.2792159318924
1.04913175106049
0.62455028295517
0.800844252109528
1.53389918804169
2.79977178573608
3.96085214614868
4.01267433166504
2.89538049697876
1.85532820224762
1.94798505306244
2.32402420043945
2.08918428421021
1.45206594467163
0.987469851970673
0.650133430957794
-0.020439624786377
-0.305461883544922
0.0110472962260246
0.514018058776855
0.319356739521027
-0.444529116153717
-1.00358593463898
-0.936348259449005
-0.601635754108429
-0.591468095779419
-1.01768946647644
-1.73959279060364
-2.23961162567139
-2.22764015197754
-1.78944706916809
-1.50098097324371
-1.7477924823761
-2.25797915458679
-2.48757123947144
-2.0793890953064
-1.39946842193604
-0.701508343219757
-0.243963971734047
-0.236912220716476
-0.740702986717224
-1.17725598812103
-1.14986896514893
-0.681500971317291
-0.297426134347916
-0.148027256131172
-0.0570103749632835
0.156018331646919
0.494994729757309
0.562888383865356
0.0897646024823189
-0.892233788967133
-2.16548609733582
-3.40757966041565
-4.06142520904541
-4.13210678100586
-3.57157397270203
-3.05843567848206
-2.75734186172485
-2.38851857185364
-1.64250814914703
-0.614099323749542
-0.092269167304039
-0.22346468269825
-0.696260511875153
-1.06442785263062
-1.50704872608185
-2.0944766998291
-2.63565802574158
-2.75783395767212
-2.46494007110596
-2.20222091674805
-2.02248311042786
-1.66989517211914
-0.968983173370361
-0.110636539757252
0.953359067440033
2.24120688438416
3.21352958679199
3.31635427474976
2.77418875694275
1.91551411151886
1.24346506595612
0.318208783864975
-0.560473144054413
-0.791705250740051
-0.348264396190643
0.47777533531189
1.05027973651886
1.66017484664917
1.91912198066711
1.63245975971222
0.94499534368515
0.766733407974243
1.49798440933228
2.5034339427948
2.15920972824097
0.64324563741684
-0.92126077413559
-0.924212694168091
0.481219202280045
1.75479960441589
1.82498919963837
1.25822460651398
0.802648186683655
-0.0843974351882935
-0.851891160011292
-0.641978323459625
0.675060570240021
1.37203669548035
1.02846848964691
0.656529188156128
0.986977875232697
1.97733998298645
3.31274628639221
4.14157390594482
3.60810017585754
2.26875805854797
1.64508736133575
2.10213971138
2.22825145721436
1.79547023773193
1.27150809764862
1.14736437797546
0.824131488800049
0.218992173671722
0.0148191675543785
0.428741008043289
0.642425715923309
-0.0750497579574585
-1.04130470752716
-1.29336404800415
-0.871570467948914
-0.766942083835602
-1.15675675868988
-1.7190934419632
-1.99886786937714
-2.19336533546448
-2.02100706100464
-1.56969463825226
-1.43718707561493
-1.93556606769562
-2.48396325111389
-2.3934383392334
-1.76353597640991
-0.985218584537506
-0.574412643909454
-0.426817715167999
-0.512094795703888
-0.883214116096497
-1.25384140014648
-1.13527345657349
-0.447317004203796
0.00891536939889193
0.0951764136552811
0.0402382984757423
0.272618353366852
0.549604892730713
0.310337066650391
-0.514554738998413
-1.65562760829926
-2.82146382331848
-3.85413646697998
-4.26100635528564
-4.0281343460083
-3.39183616638184
-2.90116500854492
-2.51463031768799
-1.93491005897522
-0.92864054441452
0.00317556597292423
0.182093441486359
-0.284962564706802
-0.952255725860596
-1.4422709941864
-1.90489912033081
-2.37031531333923
-2.80112838745117
-2.93068408966064
-2.77078938484192
-2.43591284751892
-1.9706609249115
-1.25154542922974
-0.319237411022186
0.681456327438354
1.5261914730072
2.1718373298645
2.71679067611694
3.10775327682495
2.85470986366272
1.87582743167877
0.637013852596283
-0.393690854310989
-0.770713925361633
-0.618691146373749
-0.0707859024405479
0.605362951755524
1.17753934860229
1.48010897636414
1.51536786556244
1.35186541080475
0.867753982543945
0.8482386469841
1.89927864074707
2.81846714019775
2.02768635749817
0.0600816197693348
-1.22711026668549
-0.611147403717041
0.903832733631134
1.65115511417389
1.3789244890213
1.01321697235107
0.605034947395325
-0.175414323806763
-0.68182897567749
-0.16278675198555
0.747710108757019
0.959918797016144
0.755745828151703
0.831183254718781
1.41418325901031
2.50851774215698
3.86753940582275
4.41872453689575
3.54201054573059
2.36518669128418
2.01341867446899
2.21103191375732
1.80219399929047
1.24395704269409
1.00813317298889
1.01502096652985
0.647673487663269
0.274422287940979
0.54124116897583
0.98074609041214
0.656529188156128
-0.47732800245285
-1.41668784618378
-1.40422427654266
-0.917980909347534
-0.957175552845001
-1.6011815071106
-1.98378038406372
-2.05151009559631
-2.2084527015686
-2.21484851837158
-1.99493205547333
-1.75533628463745
-2.06069374084473
-2.50380659103394
-2.2976655960083
-1.30730354785919
-0.336784809827805
-0.235108271241188
-0.467980295419693
-0.662313640117645
-0.882558107376099
-1.15068888664246
-1.08738708496094
-0.462568491697311
0.124695405364037
0.262122690677643
0.0554897747933865
0.117151662707329
0.208824530243874
-0.297754138708115
-1.37831318378448
-2.5466091632843
-3.25112915039063
-3.56550621986389
-3.49794054031372
-3.16568803787231
-2.81670784950256
-2.53840947151184
-2.27979040145874
-1.62528872489929
-0.791049242019653
-0.307265818119049
-0.332520931959152
-0.589172184467316
-0.90256541967392
-1.45276665687561
-2.06692552566528
-2.53939342498779
-2.65304160118103
-2.62581849098206
-2.69404006004333
-2.67550873756409
-2.14613485336304
-1.02867710590363
0.3173888027668
1.48863673210144
2.20283222198486
2.61577010154724
2.9283435344696
3.00591278076172
2.51310968399048
1.37416863441467
0.212924391031265
-0.486839652061462
-0.382867217063904
0.178649559617043
0.632422029972076
1.14818441867828
1.67214643955231
2.02129054069519
1.81957745552063
1.18590307235718
0.65062540769577
1.10013401508331
2.37699437141418
2.66070461273193
1.39630782604218
-0.151963129639626
-0.548993527889252
0.238835498690605
1.06241536140442
1.21755397319794
1.00550925731659
0.921544134616852
0.472199499607086
-0.234780296683311
-0.410418272018433
0.275406241416931
1.01764488220215
1.14720046520233
1.00419735908508
1.17327547073364
1.66296279430389
2.74171781539917
3.87869095802307
4.2808051109314
3.67386198043823
2.89751243591309
2.718430519104
2.44259214401245
1.91354620456696
1.26052057743073
0.944667339324951
0.636521875858307
0.375278830528259
0.540749192237854
0.93154776096344
0.972382366657257
0.290493726730347
-0.492579460144043
-0.960127472877502
-0.932084441184998
-0.875998318195343
-0.999322116374969
-1.33173871040344
-1.73762488365173
-2.09201669692993
-2.15351462364197
-1.78321528434753
-1.42373955249786
-1.55017924308777
-2.0000159740448
-2.13416337966919
-1.65349578857422
-0.88108217716217
-0.449284940958023
-0.343016594648361
-0.436985373497009
-0.668217480182648
-1.0044059753418
-1.03097307682037
-0.463552445173264
0.235227629542351
0.608478844165802
0.465639740228653
0.340348035097122
0.223584026098251
-0.0604542568325996
-0.87370240688324
-1.93310618400574
-2.80604839324951
-3.37445282936096
-3.44956231117249
-3.08877468109131
-2.49216294288635
-2.05626583099365
-1.80437052249908
-1.4337432384491
-0.754314482212067
-0.0619302056729794
0.0300706457346678
-0.290210396051407
-0.749886631965637
-1.25794124603271
-1.98607635498047
-2.63516616821289
-2.89640927314758
-2.75947380065918
-2.66665315628052
-2.69731998443604
-2.45674014091492
-1.70728588104248
-0.467652320861816
0.905636668205261
2.10837149620056
2.86848545074463
3.35538482666016
3.60400032997131
3.44886159896851
2.6044545173645
1.37843251228333
0.172909751534462
-0.476508021354675
-0.375323474407196
0.117807641625404
0.739346385002136
1.22722971439362
1.69608962535858
1.96028459072113
1.94847702980042
1.44370222091675
1.04913175106049
1.7131450176239
2.84700226783752
2.73597812652588
1.12998104095459
-0.444037139415741
-0.826472043991089
0.15733028948307
1.09783804416656
1.34022176265717
1.21033823490143
1.041424036026
0.629306137561798
-0.0891532748937607
-0.105716705322266
0.460719913244247
0.963362693786621
1.03322434425354
1.29971516132355
1.46288955211639
1.80334198474884
2.78747224807739
4.42266035079956
5.09831714630127
4.11517095565796
2.82256698608398
2.20988392829895
2.05540132522583
1.51126790046692
1.00337731838226
0.625862240791321
0.428741008043289
0.459735929965973
0.96369069814682
1.30496299266815
1.22312986850739
0.742298245429993
0.0348264835774899
-0.578020513057709
-0.778093695640564
-0.743818879127502
-1.06360793113708
-1.61069321632385
-2.16007447242737
-2.31291723251343
-2.14744687080383
-1.62709259986877
-1.38880884647369
-1.58494603633881
-1.84717309474945
-1.77042376995087
-1.2715528011322
-0.883214116096497
-0.708888053894043
-0.63017076253891
-0.445677071809769
-0.546205639839172
-0.727911412715912
-0.556373298168182
0.0871406942605972
0.679324448108673
0.774277150630951
0.528285622596741
0.265238583087921
0.155854344367981
-0.395002812147141
-1.31287944316864
-2.2573230266571
-2.82261180877686
-2.884765625
-2.67600083351135
-2.30914521217346
-2.14301896095276
-2.11448407173157
-1.91031098365784
-1.24990558624268
-0.378111392259598
-0.128839910030365
-0.498483270406723
-0.879770219326019
-1.1255978345871
-1.60003352165222
-2.35817956924438
-2.75980186462402
-2.67124485969543
-2.43542098999023
-2.57498025894165
-2.70601177215576
-2.20386099815369
-1.08509123325348
0.31902876496315
1.47961699962616
2.35272312164307
2.89439654350281
3.31356620788574
3.58350110054016
3.21680951118469
2.19446849822998
0.910064518451691
0.0149831622838974
-0.0256874468177557
0.290001749992371
0.720815002918243
1.09439420700073
1.56522214412689
1.93552148342133
1.88402724266052
1.50306820869446
0.944175362586975
0.819703638553619
1.82728517055511
2.87504529953003
2.54115271568298
0.873985767364502
-0.537349939346313
-0.493235439062119
0.513854086399078
0.915148377418518
0.762469589710236
0.938599526882172
1.04716384410858
0.5335333943367
-0.164262697100639
0.0981283187866211
0.677028477191925
0.982878029346466
0.917608261108398
1.26954019069672
1.79743814468384
2.45226764678955
3.73503184318542
5.21590137481689
5.26132774353027
4.03104162216187
2.72613835334778
2.16872143745422
1.6467273235321
0.90186482667923
0.644229650497437
0.717371106147766
0.902520775794983
0.994685649871826
1.39073204994202
1.69444966316223
1.71199703216553
0.860374212265015
-0.35613614320755
-0.89977753162384
-0.779241681098938
-0.950287818908691
-1.83339762687683
-2.36621522903442
-2.47330355644226
-2.50544667243958
-2.54726505279541
-2.33079266548157
-2.02855086326599
-1.9145747423172
-1.9732848405838
-1.80633854866028
-1.45211064815521
-1.01424562931061
-0.83024388551712
-0.742506921291351
-0.599503815174103
-0.652473986148834
-0.592944025993347
-0.204769313335419
0.523529767990112
0.916788280010223
0.855782389640808
0.517625987529755
0.293117642402649
-0.0919411778450012
-1.0324490070343
-2.12284755706787
-2.73585867881775
-2.61417484283447
-2.41410160064697
-2.01247954368591
-1.63430833816528
-1.48507344722748
-1.43718707561493
-1.10050666332245
-0.265939235687256
0.136666998267174
-0.222480714321136
-0.83385181427002
-1.03868079185486
-1.20300316810608
-1.84077727794647
-2.51676225662231
-2.56054878234863
-2.21681642532349
-2.18844532966614
-2.4878990650177
-2.43624091148376
-1.6123331785202
-0.0939091145992279
1.47289323806763
2.57887148857117
3.0123085975647
3.04527139663696
3.3732602596283
3.6469669342041
3.26026797294617
1.87025165557861
0.386594444513321
-0.1988655179739
0.0986203029751778
0.617334544658661
0.925480008125305
1.39220798015594
2.12526297569275
2.71367478370667
2.55935597419739
1.89107894897461
0.884809374809265
0.879233598709106
2.45210385322571
3.65188670158386
2.99918913841248
1.00075340270996
-0.171970441937447
0.146506667137146
1.17163562774658
1.35317730903625
1.20345044136047
1.3307101726532
1.30102717876434
0.861358165740967
0.628486156463623
1.10029804706573
1.48158490657806
1.52701139450073
1.55013465881348
1.92666578292847
2.15182995796204
2.89111661911011
4.32065582275391
5.89762592315674
5.73789548873901
4.4859619140625
3.1784348487854
2.73630595207214
2.28466558456421
1.32365834712982
0.796744406223297
0.57535195350647
0.941059470176697
1.23280549049377
1.57079792022705
1.62606406211853
1.46764540672302
0.72868674993515
-0.0981729626655579
-0.318417429924011
-0.300706028938293
-0.709216058254242
-1.46621417999268
-1.86373651027679
-2.00624775886536
-1.94704568386078
-1.85340487957001
-1.57986223697662
-1.37126135826111
-1.08492720127106
-1.06442785263062
-0.966359257698059
-0.73545515537262
-0.461584538221359
-0.299722075462341
-0.270367085933685
-0.155898988246918
-0.160490825772285
0.111903846263885
0.44300851225853
0.705071568489075
0.650953412055969
0.369047045707703
-0.0750497579574585
-0.669529438018799
-1.349778175354
-2.31882095336914
-2.86426639556885
-3.02580070495605
-2.70141983032227
-2.3250527381897
-2.2443675994873
-2.40836191177368
-2.32472467422485
-1.66235136985779
-0.879606246948242
-0.50897890329361
-0.677401125431061
-0.910109162330627
-1.12018597126007
-1.38208496570587
-1.98476433753967
-2.53562164306641
-2.84507894515991
-2.83655118942261
-2.87541794776917
-2.92527222633362
-2.85360670089722
-2.39147043228149
-1.25662934780121
0.231455758213997
1.54931461811066
2.07508063316345
2.28286147117615
2.72253060340881
3.3491530418396
3.24993634223938
2.13231468200684
0.627994179725647
-0.479131937026978
-0.643454313278198
-0.303657919168472
0.202756732702255
0.602411031723022
1.14342856407166
1.68116617202759
1.99373948574066
1.63705170154572
0.831019222736359
0.662597000598907
1.69723761081696
2.79354000091553
2.30926465988159
0.678996443748474
-0.890757858753204
-0.9806267619133
-0.0210956037044525
0.878577589988708
1.20902633666992
1.31988644599915
1.01977682113647
0.236539572477341
-0.365319818258286
-0.285946547985077
0.0184270441532135
0.158150255680084
0.309353083372116
0.93154776096344
1.59720098972321
2.36715459823608
3.90345406532288
5.7710223197937
5.93796825408936
4.23947858810425
2.65398073196411
2.12739491462708
1.71790087223053
0.617006540298462
-0.0386430025100708
0.295905560255051
0.902028799057007
1.23001754283905
1.59966087341309
2.01030278205872
2.14067840576172
1.41877508163452
0.20062480866909
-0.566376924514771
-0.583596348762512
-0.620823085308075
-1.1913595199585
-1.73532891273499
-1.98542034626007
-2.08873677253723
-2.15695858001709
-1.79305493831635
-1.32927882671356
-0.918144881725311
-0.861238837242126
-0.852875113487244
-0.782193541526794
-0.577692568302155
-0.287422478199005
-0.166066646575928
-0.0110919456928968
0.027446735650301
0.235063627362251
0.482367157936096
0.846762716770172
0.979270160198212
0.866605997085571
0.317224830389023
-0.320221364498138
-0.837295651435852
-1.48671340942383
-2.10890817642212
-2.42787718772888
-2.00673961639404
-1.38323295116425
-1.11313426494598
-1.37224531173706
-1.41307997703552
-1.02933311462402
-0.52652633190155
-0.470440208911896
-0.662477672100067
-0.752346575260162
-0.705772161483765
-0.805972754955292
-1.42915141582489
-2.11940383911133
-2.68862819671631
-2.68206858634949
-2.60630321502686
-2.58629584312439
-2.82293963432312
-2.76668953895569
-1.96902096271515
-0.556045293807983
0.992881715297699
1.98340773582458
2.53393697738647
2.85274195671082
3.30864644050598
3.46985292434692
2.86553359031677
1.50470817089081
0.0833688229322433
-0.573756694793701
-0.35613614320755
0.116331696510315
0.586011588573456
1.16343581676483
1.89878666400909
2.46653532981873
2.31385636329651
1.79875016212463
0.724094867706299
0.527957618236542
1.88681507110596
3.14399600028992
2.56886768341064
0.545013010501862
-0.602455675601959
-0.234124317765236
0.856274366378784
0.895305037498474
0.787068724632263
1.06667912006378
1.30479896068573
0.882349491119385
0.664400935173035
0.876937687397003
0.821343541145325
0.568300247192383
0.669976770877838
1.5698139667511
2.08032846450806
2.7666449546814
4.20553159713745
6.08228349685669
5.80742883682251
4.04186534881592
2.81617116928101
2.45702362060547
1.63262379169464
0.184881344437599
-0.221988722681999
0.361503303050995
1.24887692928314
1.55505442619324
1.83581280708313
2.02030658721924
1.9704521894455
1.16130387783051
0.268846482038498
-0.251179724931717
-0.369747668504715
-0.83385181427002
-1.52508807182312
-1.89669942855835
-2.12530755996704
-2.14531493186951
-2.13416337966919
-1.66513931751251
-1.20792293548584
-0.81597638130188
-0.828112006187439
-0.977510869503021
-1.06229591369629
-0.943072021007538
-0.592124044895172
-0.442889153957367
-0.263971298933029
-0.0597982779145241
0.272618353366852
0.473183482885361
0.569284200668335
0.58027184009552
0.379870682954788
-0.190009817481041
-0.915356993675232
-1.58986592292786
-2.20500874519348
-2.50954651832581
-2.36621522903442
-1.85602879524231
-1.5132805109024
-1.70187401771545
-1.90735900402069
-1.57658231258392
-0.847299337387085
-0.495367377996445
-0.680189073085785
-0.972919046878815
-1.05770409107208
-1.20529901981354
-1.52607214450836
-2.02395915985107
-2.58301591873169
-3.01415705680847
-3.10796189308167
-2.90493679046631
-2.85967445373535
-2.75094628334045
-2.30242156982422
-1.06409990787506
0.322308629751205
1.36121308803558
1.74627184867859
2.06934094429016
2.84716629981995
3.52807092666626
3.33668947219849
1.81826543807983
0.113379791378975
-1.0265451669693
-1.1014906167984
-0.923064708709717
-0.544893682003021
-0.0227355472743511
0.723110914230347
1.45846176147461
1.76841115951538
1.59703695774078
0.846106708049774
0.0645094662904739
0.224240005016327
1.46075773239136
2.13690662384033
1.1593359708786
-0.585400283336639
-1.15068888664246
-0.286602526903152
0.548948884010315
0.670632719993591
0.581419765949249
0.632422029972076
0.124859400093555
-0.33596482872963
-0.32136932015419
0.0436821803450584
-0.00748406909406185
-0.160654827952385
0.404633820056915
1.26675236225128
1.94339311122894
2.69202756881714
4.39068126678467
5.29330635070801
3.98020339012146
2.1633095741272
1.3782684803009
1.06602323055267
0.0390903353691101
-0.884690046310425
-0.618855118751526
0.365111172199249
1.03896415233612
1.31496667861938
1.44025838375092
1.63688766956329
1.32087051868439
0.552392780780792
-0.32153332233429
-0.782357573509216
-1.1470810174942
-1.76287996768951
-2.31701707839966
-2.66616106033325
-2.75078225135803
-2.84196305274963
-2.42656517028809
-1.73926484584808
-1.07820343971252
-0.878130257129669
-1.02621722221375
-1.17069625854492
-1.21071088314056
-1.0611480474472
-0.960947453975677
-0.709708034992218
-0.324977189302444
0.084516778588295
0.279834091663361
0.338708072900772
0.415949434041977
0.463015824556351
0.119775578379631
-0.702984273433685
-1.51016461849213
-2.06233382225037
-2.2663426399231
-2.26667070388794
-1.9921441078186
-1.6807187795639
-1.74336469173431
-1.91572272777557
-1.71663355827332
-0.99079442024231
-0.415830105543137
-0.401234596967697
-0.655261874198914
-0.746770739555359
-0.855335056781769
-1.17004024982452
-1.57018661499023
-1.98902821540833
-2.46674394607544
-2.62532639503479
-2.44722867012024
-2.18762540817261
-2.25929093360901
-2.18614959716797
-1.25285744667053
0.27409428358078
1.57522571086884
2.01325488090515
2.35337901115417
2.91899585723877
3.67091012001038
3.87573909759521
3.03067588806152
1.57014191150665
0.203412711620331
-0.356956094503403
-0.29677015542984
0.0533578470349312
0.53796124458313
1.17163562774658
1.88435518741608
2.37568235397339
2.3535430431366
1.90780639648438
1.19508671760559
0.873493790626526
1.90255856513977
3.17876291275024
3.25830006599426
1.68903791904449
0.280818074941635
0.318372786045074
1.25215685367584
1.3521933555603
0.884481430053711
0.849386632442474
0.920232176780701
0.559444546699524
0.140766859054565
0.237195551395416
0.330836355686188
0.353959560394287
0.729834675788879
1.89977061748505
2.75286936759949
3.26059603691101
4.29195690155029
5.78971767425537
5.48862361907959
3.53102278709412
1.91092228889465
1.38023638725281
1.02732050418854
-0.117688298225403
-0.510126888751984
0.292297661304474
1.63032782077789
2.21431183815002
2.18889284133911
2.08951210975647
1.84384858608246
1.20345044136047
0.205216646194458
-0.429113626480103
-0.772025883197784
-1.23285007476807
-1.86094868183136
-2.20943665504456
-2.32456088066101
-2.49035906791687
-2.57793211936951
-2.14613485336304
-1.40996408462524
-0.844511449337006
-0.81925630569458
-0.986530542373657
-1.09443891048431
-1.00276601314545
-0.812204539775848
-0.729223370552063
-0.467324316501617
-0.156554967164993
0.126499339938164
0.15880623459816
0.173729732632637
0.159462213516235
-0.109160587191582
-0.874522387981415
-1.74221670627594
-2.32570862770081
-2.68961215019226
-2.72273921966553
-2.51053047180176
-2.1021842956543
-1.99312806129456
-1.99034023284912
-1.71810948848724
-1.19119560718536
-0.761694252490997
-0.914209008216858
-1.27860450744629
-1.52754807472229
-1.43882703781128
-1.41193199157715
-1.62069690227509
-2.16269826889038
-2.78144907951355
-3.0280966758728
-2.83605933189392
-2.61253499984741
-2.79883241653442
-2.93232393264771
-2.51118636131287
-1.26286113262177
0.22653591632843
1.21427416801453
1.55521845817566
1.81006574630737
2.30598473548889
2.92850732803345
2.63315343856812
1.35104548931122
-0.238552153110504
-1.05114436149597
-0.956847548484802
-0.638534486293793
-0.184598013758659
0.329360395669937
1.14014863967896
1.72774052619934
1.95503675937653
1.61360049247742
0.978614151477814
0.064345471560955
0.187833249568939
1.51421988010406
2.44964385032654
1.88173127174377
0.430708944797516
-0.310217708349228
-0.101452849805355
0.245559275150299
0.0961603820323944
0.181273475289345
0.369375020265579
0.271306395530701
-0.172462418675423
-0.0511065758764744
0.0187550336122513
-0.275122910737991
-0.312677621841431
0.633897960186005
2.04342985153198
2.70793509483337
3.39982724189758
4.58747482299805
5.36956405639648
4.10221529006958
2.17019748687744
0.968610525131226
0.5827317237854
-0.185417979955673
-1.14084923267365
-0.828112006187439
0.485483050346375
1.62032425403595
1.87713944911957
1.79071438312531
1.52077960968018
1.01698887348175
0.211448431015015
-0.481099843978882
-1.08722317218781
-1.62446868419647
-2.12661957740784
-2.45198440551758
-2.63959407806396
-2.8424551486969
-2.91362857818604
-2.79768466949463
-2.24781131744385
-1.59937763214111
-1.06721580028534
-1.05311226844788
-1.25941717624664
-1.45260262489319
-1.41586780548096
-1.27844059467316
-1.08033537864685
-0.68461686372757
-0.447481006383896
-0.368271708488464
-0.523902416229248
-0.445841073989868
-0.400086641311646
-0.800888895988464
-1.63906419277191
-2.43214106559753
-2.57957196235657
-2.496426820755
-2.18614959716797
-2.01887512207031
-1.82290196418762
-1.80617451667786
-1.70039808750153
-1.36716151237488
-1.03392493724823
-1.02621722221375
-1.28368842601776
-1.45637452602386
-1.55575501918793
-1.73582088947296
-2.04298233985901
-2.29520583152771
-2.61876678466797
-2.85918235778809
-2.83441925048828
-2.42918920516968
-2.42722129821777
-2.82917141914368
-3.04925203323364
-2.20451688766479
-0.542597770690918
0.856930315494537
1.47092533111572
1.54619872570038
1.90567445755005
2.48965835571289
2.92161965370178
2.38781785964966
1.01944875717163
-0.277910798788071
-0.829587936401367
-0.525542318820953
0.00235559418797493
0.575187981128693
1.10111796855927
1.57128989696503
1.87549948692322
1.79301035404205
1.47928905487061
0.705891489982605
0.244083315134048
1.05487155914307
2.34042358398438
2.55607628822327
1.34481370449066
0.127647310495377
0.0385983549058437
0.556000649929047
0.485647052526474
0.148802578449249
0.327064484357834
0.718847095966339
0.371506959199905
-0.136711642146111
-0.371551603078842
-0.314317554235458
-0.251835703849792
0.359535366296768
1.74971580505371
2.93949508666992
3.56185364723206
4.22357130050659
5.20228958129883
4.87315273284912
3.03903961181641
1.22936165332794
0.477119356393814
0.0999322533607483
-0.571624755859375
-0.869110584259033
0.0814008861780167
1.83351695537567
2.84995412826538
2.70777106285095
2.17298531532288
1.84942436218262
1.34579765796661
0.657841145992279
-0.130971848964691
-0.780389606952667
-1.45424258708954
-1.85258495807648
-1.96869289875031
-2.03593063354492
-2.21320867538452
-2.41229772567749
-2.16843819618225
-1.66382741928101
-1.03064501285553
-0.796461045742035
-0.863862752914429
-1.15085291862488
-1.40783214569092
-1.43243134021759
-1.21021890640259
-0.772189915180206
-0.337768763303757
-0.0955490544438362
-0.0161757711321115
-0.0242114961147308
-0.0604542568325996
-0.409270316362381
-1.04638850688934
-1.79518687725067
-2.35473561286926
-2.56366467475891
-2.43197703361511
-2.13629531860352
-1.93392610549927
-1.67629098892212
-1.3204231262207
-0.842707455158234
-0.603603661060333
-0.85336709022522
-1.33452665805817
-1.6761269569397
-1.70023417472839
-1.62414073944092
-1.61544907093048
-1.69974219799042
-2.04281830787659
-2.41590571403503
-2.48822712898254
-2.15318655967712
-2.10152840614319
-2.65058159828186
-3.35428142547607
-3.30065536499023
-1.98328840732574
-0.146059319376945
1.26494836807251
1.6877259016037
1.87041568756104
2.30647683143616
2.98885726928711
2.91932368278503
1.56276214122772
-0.136711642146111
-1.11231422424316
-1.07836747169495
-0.633942604064941
-0.0889892801642418
0.60421496629715
1.32825016975403
1.84844040870667
1.92453384399414
1.58490145206451
1.02912449836731
0.166841968894005
-0.229860454797745
0.723274946212769
1.96389245986938
2.12854290008545
0.955818951129913
0.133551105856895
0.159298226237297
0.397582054138184
-0.0163397658616304
-0.115884356200695
0.382166594266891
0.608642816543579
-0.122936114668846
-0.81597638130188
-0.716103792190552
-0.565720975399017
-0.405170470476151
0.34625181555748
1.99521541595459
3.08856606483459
3.42377042770386
3.74962735176086
4.5415563583374
4.01874208450317
2.03326201438904
0.269010454416275
-0.286930501461029
-0.415174126625061
-1.04884839057922
-0.990138411521912
0.382822573184967
2.078688621521
2.61035823822021
2.30680465698242
1.9294536113739
1.55505442619324
0.903504729270935
0.129779234528542
-0.692652642726898
-1.59757363796234
-2.37474298477173
-2.62975430488586
-2.54086947441101
-2.56530451774597
-2.66550517082214
-2.67206478118896
-2.18910145759583
-1.63742423057556
-1.21710669994354
-1.17873203754425
-1.32222712039948
-1.62282872200012
-1.92949831485748
-1.76042008399963
-1.31337141990662
-0.753494560718536
-0.448792964220047
-0.371387600898743
-0.3317009806633
-0.271023035049438
-0.335636824369431
-0.763170182704926
-1.40274834632874
-2.03215885162354
-2.48183131217957
-2.59892344474792
-2.53004574775696
-2.45887207984924
-2.24715542793274
-1.749760389328
-1.28122842311859
-0.929624497890472
-0.9314284324646
-1.05081641674042
-1.23334217071533
-1.54263556003571
-1.76140403747559
-1.90047132968903
-1.93507409095764
-2.26158690452576
-2.77177333831787
-2.92740416526794
-2.67780470848083
-2.39852213859558
-2.68567633628845
-3.30196738243103
-3.51253604888916
-2.63943004608154
-0.828931927680969
0.810191929340363
1.54751074314117
1.60671269893646
1.89780271053314
2.56001210212708
2.81682729721069
1.94142520427704
0.392498254776001
-0.672153294086456
-1.01801753044128
-0.872062504291534
-0.507174968719482
0.14437472820282
0.953359067440033
1.51061201095581
1.69707357883453
1.65656697750092
1.34268176555634
0.733606576919556
-0.0174877271056175
0.521397829055786
2.01227068901062
2.77550077438354
2.14281034469604
1.16245186328888
0.690640032291412
0.399058014154434
-0.287914484739304
-0.803512811660767
-0.42829367518425
0.195540979504585
0.201280787587166
-0.215100958943367
-0.223628669977188
-0.127527967095375
-0.132283791899681
0.08812465518713
1.32923412322998
2.64332127571106
3.36932444572449
3.9165735244751
4.64356088638306
4.65750026702881
3.24419665336609
1.62475204467773
0.555344641208649
0.133223116397858
-0.585236310958862
-1.01276969909668
-0.0870213434100151
1.72970843315125
2.82699489593506
2.923095703125
2.69989919662476
2.45144772529602
1.86123192310333
1.02240073680878
0.12846727669239
-0.679533064365387
-1.50672078132629
-2.28225016593933
-2.51430225372314
-2.35079979896545
-2.1315393447876
-2.20927262306213
-2.2345278263092
-1.93113827705383
-1.31927514076233
-0.949631810188293
-1.07885944843292
-1.34305441379547
-1.4611302614212
-1.43849909305573
-1.32419502735138
-0.980954766273499
-0.46568438410759
-0.114244416356087
-0.153275072574615
-0.371879607439041
-0.469784259796143
-0.511274814605713
-1.00883376598358
-1.84274530410767
-2.40295004844666
-2.39179849624634
-2.39786624908447
-2.55562877655029
-2.3804829120636
-1.55739498138428
-0.67494124174118
-0.41369816660881
-0.516194641590118
-0.640174388885498
-0.63263064622879
-0.870586514472961
-1.37831318378448
-1.71335363388062
-1.85668480396271
-1.96951293945313
-2.31882095336914
-2.56563258171082
-2.46264410018921
-2.1348192691803
-2.04183435440063
-2.57957196235657
-3.31689071655273
-3.38134050369263
-2.10349631309509
-0.0143718337640166
1.41270732879639
1.66263473033905
1.65345108509064
2.1665894985199
2.71055889129639
2.37814235687256
1.22411382198334
0.09681636095047
-0.501107156276703
-0.788425326347351
-0.704788208007813
-0.132611781358719
0.671944677829742
1.24822092056274
1.49667239189148
1.62622797489166
1.77628290653229
1.67559027671814
1.1084977388382
0.473019480705261
0.832003176212311
1.91420221328735
2.54361271858215
1.65853488445282
0.277538180351257
-0.490611523389816
-0.466012388467789
-0.52931421995163
-0.482411801815033
0.271634370088577
0.869229912757874
0.523037791252136
-0.323337256908417
-0.472736150026321
-0.173610389232635
0.140438869595528
0.651117384433746
2.06343698501587
3.57366132736206
3.96118021011353
3.76963472366333
4.02070999145508
3.9993908405304
2.48047471046448
0.62455028295517
-0.157210946083069
0.0258067920804024
-0.159670859575272
-0.221988722681999
0.917280256748199
2.68677973747253
3.30044674873352
2.6252818107605
1.99554336071014
1.75266766548157
1.40368759632111
0.474167436361313
-0.57933247089386
-1.37536120414734
-1.73664093017578
-2.0116593837738
-2.04609823226929
-1.94474971294403
-1.83930134773254
-1.91178691387177
-1.97082483768463
-1.62446868419647
-1.30385971069336
-1.15265691280365
-1.46162235736847
-1.80715847015381
-2.07315731048584
-1.95147347450256
-1.51492047309875
-1.02703714370728
-0.627382874488831
-0.467816323041916
-0.334160894155502
-0.336292803287506
-0.424357801675797
-0.799740970134735
-1.27171683311462
-1.67055118083954
-1.94934165477753
-2.24928736686707
-2.45641231536865
-2.25420713424683
-1.62463271617889
-0.830407917499542
-0.257739514112473
-0.0579943396151066
-0.130479857325554
-0.183450043201447
-0.47995188832283
-1.0272011756897
-1.71056580543518
-2.0096914768219
-2.15089058876038
-2.46215200424194
-2.76718163490295
-2.67780470848083
-2.17893385887146
-2.02428698539734
-2.51135039329529
-3.46546959877014
-3.81871366500854
-3.05121994018555
-1.29024815559387
0.517625987529755
1.41270732879639
1.64721930027008
1.86483979225159
2.41946887969971
2.71465873718262
2.09984374046326
0.864474058151245
-0.205097302794456
-0.632302701473236
-0.550633490085602
-0.0573383644223213
0.627338230609894
1.14342856407166
1.46912133693695
1.6473833322525
1.82203733921051
1.74168002605438
1.32119846343994
1.05487155914307
1.38646817207336
2.13018274307251
2.32517218589783
1.68592202663422
0.674076616764069
-0.0509425811469555
-0.46125653386116
-0.767926037311554
-0.576544582843781
0.296069532632828
1.17376744747162
0.977138221263885
0.0513899140059948
-0.452072858810425
-0.21756087243557
0.14437472820282
0.47597137093544
1.56620609760284
3.13645243644714
4.32016372680664
4.53680038452148
4.28884077072144
3.80800938606262
2.73991394042969
1.08799839019775
-0.143271416425705
-0.408614337444305
-0.310381710529327
-0.166886612772942
0.794284462928772
2.61527824401855
3.92772531509399
3.85081195831299
3.03592371940613
2.40651321411133
1.79399430751801
0.986813902854919
0.0221989154815674
-0.781701564788818
-1.46933007240295
-1.86783635616302
-1.80961835384369
-1.607741355896
-1.42685544490814
-1.4630982875824
-1.5770742893219
-1.52066028118134
-1.11182224750519
-0.808760643005371
-1.08033537864685
-1.70367801189423
-2.07824110984802
-1.97164487838745
-1.46900200843811
-1.02506923675537
-0.726763427257538
-0.470112234354019
-0.262003362178802
-0.168198570609093
-0.24068409204483
-0.406318426132202
-0.71069198846817
-1.11215031147003
-1.51082062721252
-1.80683052539825
-2.0989043712616
-2.12661957740784
-1.65316772460938
-0.773173868656158
-0.0458587557077408
0.0459781028330326
-0.189353838562965
-0.349248379468918
-0.196077615022659
-0.280370742082596
-0.911749124526978
-1.73254108428955
-2.17106199264526
-2.14023113250732
-2.23042798042297
-2.49134302139282
-2.39327430725098
-1.97295677661896
-1.87636411190033
-2.58662390708923
-3.55222272872925
-3.68079423904419
-2.41082191467285
-0.309233754873276
1.24789297580719
1.74446797370911
1.7078971862793
1.99423146247864
2.58231520652771
2.71662664413452
1.85942804813385
0.496798664331436
-0.4527288377285
-0.704296231269836
-0.401890575885773
0.22653591632843
0.830199241638184
1.34399366378784
1.67985415458679
1.93027365207672
2.12493491172791
1.87467956542969
1.2342814207077
0.657841145992279
1.02699255943298
1.98586773872375
2.41602492332458
1.72970843315125
0.806912064552307
0.232111737132072
-0.0632421597838402
-0.349084377288818
-0.179842174053192
0.699495732784271
1.33792591094971
0.806748032569885
-0.257083535194397
-0.542925715446472
0.052537877112627
0.601099073886871
1.1144015789032
2.42537260055542
3.96331191062927
4.37936592102051
3.62925553321838
3.20828175544739
2.97852563858032
1.95503675937653
0.298857450485229
-0.574248671531677
-0.393034875392914
0.0184270441532135
0.599623143672943
1.96176052093506
3.51937913894653
4.03464937210083
3.53709053993225
2.96311020851135
2.35633111000061
1.52504348754883
0.621926367282867
-0.235108271241188
-1.14347314834595
-1.83552944660187
-2.01936721801758
-1.85537278652191
-1.63758826255798
-1.4793336391449
-1.35174608230591
-1.24826562404633
-1.12920570373535
-1.09903073310852
-1.25482535362244
-1.64693593978882
-2.0859489440918
-2.28503823280334
-2.14629888534546
-1.62200880050659
-0.987514495849609
-0.487659633159637
-0.231172412633896
-0.224120661616325
-0.264299273490906
-0.497171312570572
-0.756446421146393
-1.04245269298553
-1.25958120822906
-1.54919528961182
-2.08102917671204
-2.42213749885559
-2.13203144073486
-1.31337141990662
-0.566376924514771
-0.140319526195526
0.0207229647785425
0.0249868202954531
-0.0660300627350807
-0.347280442714691
-0.96439129114151
-1.75353229045868
-2.37621903419495
-2.64074182510376
-2.75209403038025
-2.75717806816101
-2.48101139068604
-1.97738468647003
-1.69121444225311
-2.14515089988708
-3.00759744644165
-3.49597263336182
-2.8880455493927
-1.43587517738342
0.143226772546768
1.14342856407166
1.64098751544952
2.06507706642151
2.43439245223999
2.61741018295288
2.00423502922058
0.850370585918427
-0.29841011762619
-0.860254883766174
-0.813844442367554
-0.238224178552628
0.416769415140152
1.01912081241608
1.49667239189148
1.90813434123993
2.38994979858398
2.49802207946777
2.23399114608765
1.35514533519745
1.00157344341278
1.57866966724396
2.33747172355652
2.19250059127808
1.15540015697479
0.0920605212450027
-0.424521803855896
-0.363679885864258
-0.0966970175504684
0.580927789211273
1.20410645008087
1.06438326835632
0.144046738743782
-0.517342627048492
-0.22625258564949
0.365767151117325
0.672600626945496
1.40221166610718
3.01624441146851
4.14518165588379
3.90820980072021
3.0729866027832
2.70416307449341
2.2805655002594
1.14687240123749
-0.100960873067379
-0.206737250089645
0.43284085392952
0.952539086341858
1.68854582309723
2.97868967056274
4.01267433166504
3.86622738838196
3.20073819160461
2.60035467147827
2.14543414115906
1.3931919336319
0.424641132354736
-0.557029247283936
-1.27171683311462
-1.55116319656372
-1.66612327098846
-1.60790526866913
-1.56854665279388
-1.38044512271881
-1.12133395671844
-0.989154458045959
-1.05819606781006
-1.26876485347748
-1.58789801597595
-1.95081758499146
-2.215012550354
-2.21911239624023
-1.85340487957001
-1.33337867259979
-0.814828455448151
-0.458140641450882
-0.218544840812683
-0.238224178552628
-0.509798884391785
-0.827947974205017
-0.855171084403992
-0.73381519317627
-1.03261303901672
-1.72220933437347
-2.26142287254333
-2.02559900283813
-1.33141076564789
-0.520950496196747
-0.0594702884554863
0.142570793628693
0.186685279011726
0.093208484351635
0.0364664271473885
-0.265939235687256
-0.943892002105713
-1.79239892959595
-2.3726110458374
-2.40885376930237
-2.26699876785278
-2.20402479171753
-1.94884967803955
-1.6813747882843
-1.63283240795135
-2.39442229270935
-3.18339943885803
-3.22636580467224
-2.08939290046692
-0.376799434423447
0.952867090702057
1.49011266231537
1.54062294960022
1.74856781959534
2.17708516120911
2.32910799980164
1.64771127700806
0.559444546699524
-0.261347383260727
-0.315957516431808
0.174549698829651
0.815931737422943
1.24969685077667
1.45649385452271
1.58572137355804
1.80662178993225
2.05966520309448
1.99505138397217
1.61556839942932
1.36810088157654
1.77726686000824
2.44341206550598
2.69301152229309
2.12969088554382
0.94089549779892
-0.174594342708588
-0.758578360080719
-0.633122682571411
-0.216412916779518
0.46744367480278
0.828723311424255
0.703267574310303
0.366751134395599
0.354287534952164
0.511558175086975
0.359371364116669
0.570760130882263
1.7392201423645
3.40868306159973
3.94117283821106
3.45607733726501
2.70039129257202
2.18626880645752
1.45567381381989
0.795432448387146
0.5335333943367
0.710975348949432
0.893337070941925
1.38860011100769
2.63134956359863
3.65680646896362
3.78226232528687
3.15957546234131
2.78517627716064
2.41963291168213
1.73872816562653
0.69818377494812
-0.339244723320007
-1.07131564617157
-1.48950135707855
-1.73844480514526
-1.82175397872925
-1.72302937507629
-1.56625068187714
-1.21497476100922
-1.01588559150696
-0.87091451883316
-1.11789011955261
-1.38897275924683
-1.76337194442749
-2.00378775596619
-2.21370053291321
-2.27011466026306
-2.00280380249023
-1.39815652370453
-0.791705250740051
-0.449776917695999
-0.384179174900055
-0.554077386856079
-0.638534486293793
-0.7379150390625
-0.607211530208588
-0.73955500125885
-1.39422059059143
-2.32980847358704
-2.69354820251465
-2.08726096153259
-1.05819606781006
-0.376635432243347
-0.0146998222917318
0.339364051818848
0.580927789211273
0.470723569393158
-0.0806255638599396
-0.928968548774719
-1.86652445793152
-2.70486378669739
-3.22275805473328
-3.33755397796631
-3.16568803787231
-2.69682812690735
-2.00739550590515
-1.57723832130432
-1.86062061786652
-2.66107726097107
-3.20865440368652
-2.80621218681335
-1.58117425441742
-0.126052007079124
0.86283415555954
1.3072589635849
1.42484295368195
1.55718636512756
1.82006943225861
1.70150148868561
0.981730043888092
0.0758250802755356
-0.438953310251236
-0.130807846784592
0.553376734256744
1.1078417301178
1.27560806274414
1.23313343524933
1.44403028488159
1.85762405395508
2.25235867500305
2.13641452789307
1.47420525550842
0.946143269538879
1.30906283855438
2.09836792945862
2.25285053253174
1.24362909793854
-0.0750497579574585
-0.806464731693268
-0.659525752067566
-0.349740356206894
-0.0130598777905107
0.512542128562927
0.862342178821564
0.659481108188629
0.1615941375494
0.123055465519428
0.283277988433838
0.422837197780609
0.991241753101349
2.41815686225891
3.65090274810791
3.70649671554565
2.76254510879517
1.92830562591553
1.57719373703003
1.35940909385681
0.863654136657715
0.670468747615814
0.847746670246124
1.25461673736572
1.99603533744812
2.85405397415161
3.35604071617126
3.21156167984009
2.90177631378174
2.47145509719849
1.9568407535553
1.19459474086761
0.3895463347435
-0.310545682907104
-0.923720717430115
-1.42078769207001
-1.7067939043045
-1.76140403747559
-1.70892584323883
-1.46883809566498
-1.07902336120605
-0.86353474855423
-1.17528808116913
-1.73746085166931
-2.18844532966614
-2.31488513946533
-2.44739246368408
-2.55185699462891
-2.48527526855469
-1.83782541751862
-1.20562708377838
-0.863042771816254
-0.695604503154755
-0.594911992549896
-0.636566519737244
-0.858122944831848
-0.891905784606934
-0.685928821563721
-0.841067552566528
-1.76747179031372
-2.66288113594055
-2.57383227348328
-1.55591905117035
-0.681336998939514
-0.323337256908417
-0.090793214738369
0.369211047887802
0.615858614444733
0.39971399307251
-0.327109128236771
-1.28122842311859
-2.33587646484375
-3.05056381225586
-3.29901552200317
-3.37560081481934
-3.19209098815918
-2.58580374717712
-1.64742791652679
-1.42193567752838
-2.11694383621216
-2.97037076950073
-2.96594285964966
-1.93950200080872
-0.579660475254059
0.621106445789337
1.29922318458557
1.58621335029602
1.67870616912842
1.81449353694916
1.88960301876068
1.48880076408386
0.798220336437225
0.23670357465744
0.194065034389496
0.531237483024597
0.83643102645874
0.986157894134521
0.949095189571381
1.03338825702667
1.46010172367096
2.08672428131104
2.52885317802429
2.32648396492004
1.814821600914
1.44025838375092
1.79432225227356
2.33845567703247
2.14117050170898
0.914656341075897
-0.325305193662643
-0.741358935832977
-0.27233499288559
0.326736479997635
0.829707264900208
1.26396441459656
1.5033962726593
1.2524847984314
0.831675231456757
0.620942413806915
0.432184875011444
0.637177884578705
1.56243419647217
3.04149961471558
3.80407357215881
3.30799055099487
2.19512462615967
1.63442778587341
1.5202876329422
1.67657434940338
1.71806490421295
1.79973411560059
1.94257318973541
2.38306212425232
3.15285181999207
3.55545806884766
3.62105584144592
3.40179514884949
3.24977254867554
2.7504096031189
1.98061990737915
0.989437818527222
0.233587682247162
-0.169838517904282
-0.476180016994476
-0.86927455663681
-1.34043049812317
-1.56067490577698
-1.33337867259979
-0.868946611881256
-0.652310013771057
-0.786949396133423
-1.33059072494507
-1.92785835266113
-2.4651038646698
-2.62860631942749
-2.51331830024719
-2.31619715690613
-2.03478264808655
-1.56723463535309
-0.841559529304504
-0.307757794857025
-0.1209681853652
-0.325469195842743
-0.466832339763641
-0.472080171108246
-0.337276786565781
-0.390246957540512
-1.0839432477951
-1.90965497493744
-2.22206425666809
-1.69810223579407
-0.915356993675232
-0.341376632452011
0.0705772563815117
0.55386871099472
0.935647666454315
0.735082507133484
-0.101288855075836
-1.23137414455414
-2.3316125869751
-3.22866177558899
-3.79313039779663
-3.93301773071289
-3.64110779762268
-2.96413898468018
-2.18434548377991
-1.78829908370972
-1.85832476615906
-2.34538793563843
-2.7381546497345
-2.6846923828125
-1.96328115463257
-0.766122102737427
0.347399771213531
0.989601790904999
1.17721140384674
1.27134418487549
1.3006991147995
1.02912449836731
0.409061670303345
-0.255935579538345
-0.399922639131546
-0.0478266887366772
0.561576426029205
0.735738515853882
0.639309763908386
0.550260841846466
1.00518131256104
1.88878297805786
2.37076258659363
2.08869218826294
1.14998829364777
0.647837519645691
0.950407147407532
1.49191665649414
1.53750705718994
0.948439240455627
0.122399486601353
-0.515374660491943
-0.668873429298401
-0.243635982275009
0.0713972300291061
0.210300475358963
0.34772777557373
0.48630303144455
0.427921026945114
0.158970236778259
0.0458141081035137
0.151262491941452
0.759681701660156
1.69953346252441
2.60986638069153
2.82469892501831
2.08410024642944
1.21345412731171
0.700807690620422
0.767225444316864
1.05651152133942
1.35924518108368
1.66083085536957
1.87057960033417
2.34927916526794
2.76648092269897
2.9263756275177
2.92227554321289
2.93752717971802
2.59182691574097
1.84466850757599
1.0186288356781
0.315420866012573
-0.326289147138596
-0.767926037311554
-1.07246363162994
-1.40389633178711
-1.76370000839233
-1.83766138553619
-1.45735847949982
-1.00768578052521
-0.785965442657471
-1.21497476100922
-1.998703956604
-2.73503875732422
-2.86607027053833
-2.59695553779602
-2.29274582862854
-2.17220997810364
-1.93031823635101
-1.31615924835205
-0.724631547927856
-0.445677071809769
-0.497007310390472
-0.569328844547272
-0.599831819534302
-0.561621129512787
-0.602455675601959
-0.969475150108337
-1.67989885807037
-2.10120034217834
-1.84012138843536
-1.16840028762817
-0.669365406036377
-0.388443022966385
0.209808498620987
0.845450758934021
1.05519950389862
0.365275174379349
-0.804004788398743
-1.98246848583221
-3.0098934173584
-3.59338521957397
-3.74688410758972
-3.50384449958801
-2.99595379829407
-2.26093101501465
-1.55723106861115
-1.28254044055939
-1.80732250213623
-2.65336942672729
-3.02186489105225
-2.53611350059509
-1.56575870513916
-0.421077907085419
0.519429922103882
1.00665724277496
1.21886599063873
1.29971516132355
1.3548172712326
1.11833739280701
0.740494310855865
0.283277988433838
0.148474588990211
0.0853367522358894
0.0763170644640923
0.0999322533607483
0.359043389558792
0.930235862731934
1.54423081874847
2.0675368309021
2.16068577766418
1.77792286872864
1.27823197841644
1.09685409069061
1.45796978473663
1.81662547588348
1.70363330841064
0.811175882816315
-0.192633733153343
-0.422553867101669
-0.148191258311272
0.0704132616519928
0.0210509542375803
0.29016575217247
0.648821473121643
0.705235540866852
0.636029899120331
0.58715957403183
0.79494047164917
0.852502524852753
1.17770338058472
1.93716132640839
2.62626576423645
2.44734787940979
1.64197146892548
1.45157396793365
1.43156671524048
1.47551715373993
1.73200440406799
2.46161532402039
3.08003830909729
2.75188541412354
2.50244998931885
2.79452395439148
3.12940049171448
2.89734840393066
2.35009932518005
2.00308704376221
1.74217200279236
1.29381144046783
0.414309501647949
-0.338260740041733
-0.618035197257996
-0.881410181522369
-1.38585686683655
-1.95130956172943
-1.74402058124542
-1.03195703029633
-0.494055420160294
-0.675761222839355
-1.35896182060242
-2.00099992752075
-2.47920751571655
-2.52102613449097
-2.23600387573242
-1.90079927444458
-1.78567516803741
-1.68481862545013
-1.19103157520294
-0.631646692752838
-0.359416037797928
-0.406318426132202
-0.414518147706985
-0.182138085365295
-0.0548784472048283
-0.330880999565125
-1.09230697154999
-1.65497171878815
-1.67087912559509
-1.23973786830902
-0.77169793844223
-0.350888311862946
0.297381490468979
0.994521617889404
1.47814106941223
1.11800944805145
0.033514529466629
-1.32878684997559
-2.60351514816284
-3.52860760688782
-3.99746751785278
-3.93285369873047
-3.34608173370361
-2.49511504173279
-1.57904231548309
-1.01637756824493
-1.09099495410919
-1.85192894935608
-2.60958290100098
-2.81211614608765
-2.33210444450378
-1.33665859699249
-0.147699266672134
0.680964350700378
0.93072783946991
0.930563807487488
0.931383788585663
0.994849622249603
0.947947204113007
0.733606576919556
0.555344641208649
0.444976449012756
0.389054358005524
0.421361267566681
0.572892069816589
1.06372725963593
1.56637001037598
1.9040344953537
1.84975230693817
1.47699308395386
1.0843905210495
1.02715647220612
1.30381500720978
1.3964718580246
1.15589213371277
0.537469267845154
-0.116376340389252
-0.414846122264862
-0.150159180164337
0.105672061443329
0.209152519702911
0.146506667137146
0.0123592521995306
0.00842338614165783
0.0856647416949272
0.380690634250641
0.390530318021774
0.344119906425476
0.59125941991806
1.44911408424377
2.4545636177063
2.68103981018066
2.32484412193298
1.90173864364624
1.45682179927826
0.723438918590546
0.587651550769806
1.18147528171539
1.74135208129883
1.4968364238739
1.31726253032684
1.96881234645844
2.72023463249207
2.83027482032776
2.52344131469727
2.38109421730042
2.29056930541992
1.70773327350616
0.532221436500549
-0.577528536319733
-1.13592946529388
-1.14593315124512
-1.45817840099335
-2.05560994148254
-2.21058464050293
-1.64021217823029
-0.933724343776703
-0.737751066684723
-1.16708838939667
-2.03839063644409
-2.53316164016724
-2.61483073234558
-2.36309933662415
-2.2227201461792
-2.14236307144165
-2.08627700805664
-1.75615620613098
-1.2689288854599
-1.06541180610657
-0.962259411811829
-0.890757858753204
-0.710200011730194
-0.551125466823578
-0.645586252212524
-1.12116992473602
-1.71400964260101
-1.85324084758759
-1.39586055278778
-0.885345995426178
-0.32300928235054
0.246871218085289
0.931875765323639
1.36350905895233
1.05109965801239
0.121907502412796
-1.24170577526093
-2.43197703361511
-3.46153378486633
-3.99303960800171
-4.20492029190063
-3.9649965763092
-3.37018895149231
-2.42377734184265
-1.44751882553101
-0.913881063461304
-1.12510585784912
-1.81453824043274
-2.37457895278931
-2.44673657417297
-2.00411581993103
-0.980298757553101
0.402993887662888
1.21689796447754
1.29118752479553
0.758041739463806
0.605362951755524
0.868409931659698
1.19426679611206
1.12391316890717
0.774113178253174
0.603231012821198
0.611922740936279
0.85266649723053
1.30004322528839
1.92436981201172
2.19610857963562
2.03342604637146
1.49076867103577
0.977138221263885
0.846926689147949
1.13539278507233
1.60048091411591
1.80465388298035
1.50241219997406
0.651773393154144
0.14716263115406
0.325752526521683
0.798220336437225
0.952539086341858
0.863490104675293
0.567480266094208
0.545996963977814
0.581419765949249
0.742134273052216
0.948603212833405
0.971726417541504
0.982550024986267
1.20099055767059
2.03260612487793
2.55640411376953
2.60183072090149
2.27810573577881
1.97865200042725
1.41303527355194
0.912688434123993
1.2095183134079
2.15150213241577
2.73515796661377
2.32025218009949
2.29548907279968
2.80206775665283
3.10070157051086
2.71465873718262
2.51048564910889
2.7217104434967
2.71925067901611
1.88566708564758
0.617826521396637
-0.279058784246445
-0.497499287128448
-0.637550532817841
-1.14790105819702
-1.55395114421844
-1.456538438797
-0.893053770065308
-0.557521224021912
-0.586384236812592
-1.17036831378937
-1.8748881816864
-2.34620809555054
-2.26732683181763
-1.88882768154144
-1.69236242771149
-1.66054749488831
-1.63791620731354
-1.23695003986359
-0.945859968662262
-0.801708877086639
-0.763006210327148
-0.561949074268341
-0.338752716779709
-0.373519539833069
-0.869602560997009
-1.51623237133026
-1.68383467197418
-1.435711145401
-1.01982140541077
-0.680681049823761
-0.177874237298965
0.434972792863846
0.896944999694824
0.865130066871643
0.305089235305786
-0.679697036743164
-2.07250142097473
-3.58206963539124
-4.59030723571777
-4.64688539505005
-4.07274103164673
-3.36740112304688
-2.58613181114197
-1.6526757478714
-0.775469779968262
-0.487823635339737
-1.05540823936462
-1.92097055912018
-2.31636095046997
-2.03658652305603
-1.26007318496704
-0.404186487197876
0.367735087871552
0.700315713882446
0.574040055274963
0.274914264678955
0.129779234528542
0.259006798267365
0.293937623500824
0.221452102065086
0.188161239027977
0.431364923715591
0.66194099187851
1.00960910320282
1.47961699962616
1.89353883266449
1.80678582191467
1.39761984348297
0.921052157878876
0.510410189628601
0.391514271497726
0.676536500453949
1.08881843090057
1.1840991973877
0.606182932853699
0.0779570043087006
0.148638591170311
0.664564907550812
0.967954516410828
0.759189665317535
0.471051543951035
0.205380648374557
0.168645903468132
0.311157017946243
0.612578690052032
0.623074352741241
0.456292062997818
0.391842275857925
0.899076879024506
1.59490513801575
2.14199042320251
2.3022129535675
2.03277015686035
1.37482464313507
0.640785753726959
0.677192509174347
1.41352725028992
2.18594074249268
2.15592980384827
1.97488009929657
2.16904950141907
2.46915912628174
2.40798926353455
2.34025955200195
2.58083939552307
2.59625482559204
1.96012055873871
0.782968878746033
-0.408778339624405
-1.08640313148499
-1.02064144611359
-1.06049203872681
-1.55542707443237
-2.04937815666199
-1.73893678188324
-1.1014906167984
-0.870258510112762
-1.18529176712036
-1.86931228637695
-2.39032244682312
-2.64270997047424
-2.43394494056702
-2.09431266784668
-1.72844111919403
-1.77485156059265
-1.80568253993988
-1.54296350479126
-1.12543380260468
-0.99243438243866
-1.01391756534576
-0.814500451087952
-0.624758958816528
-0.87370240688324
-1.58002626895905
-2.01953125
-1.91473877429962
-1.35486197471619
-0.820568263530731
-0.382539242506027
0.0240028537809849
0.531401515007019
0.869885921478271
0.627010226249695
-0.404022485017776
-1.93458211421967
-3.35805344581604
-4.33988761901855
-4.66508865356445
-4.33808374404907
-3.6542272567749
-2.82228374481201
-1.97295677661896
-1.07951533794403
-0.444857090711594
-0.463552445173264
-1.19267153739929
-1.9432737827301
-2.0761091709137
-1.67137110233307
-1.02834916114807
-0.392214894294739
0.180781483650208
0.377902746200562
0.263434648513794
0.00317556597292423
-0.0181437041610479
0.167333945631981
0.408733695745468
0.621434390544891
0.846434712409973
0.990421772003174
1.14621639251709
1.54931461811066
1.95077288150787
1.94404911994934
1.39106011390686
0.866442024707794
0.423657178878784
0.391350269317627
0.839546918869019
1.59064126014709
1.94880497455597
1.53471910953522
0.809371948242188
0.669812738895416
1.02469658851624
1.30578303337097
0.922528088092804
0.412833541631699
-0.041922889649868
-0.328913062810898
-0.0665220469236374
0.5599365234375
1.15392422676086
1.07701086997986
0.664400935173035
0.669976770877838
1.12342119216919
1.67755830287933
2.12329506874084
2.39946150779724
2.20594811439514
1.39089608192444
0.704743564128876
1.21788203716278
2.67120027542114
3.52101922035217
3.02657604217529
2.43849229812622
2.51556968688965
2.61888599395752
2.37666630744934
2.58034729957581
2.99508905410767
2.75254154205322
1.7593914270401
0.509590208530426
-0.297262161970139
-0.489955544471741
-0.404022485017776
-0.688388764858246
-1.26860094070435
-1.61807298660278
-1.29123210906982
-0.723483562469482
-0.480607867240906
-0.981446743011475
-1.92703831195831
-2.38622260093689
-2.19074130058289
-1.75894415378571
-1.65874350070953
-1.6566116809845
-1.63480031490326
-1.5400116443634
-1.33305072784424
-1.05426025390625
-0.666249513626099
-0.325961172580719
-0.178858205676079
-0.377947390079498
-1.00817787647247
-1.6064293384552
-1.75058043003082
-1.3386265039444
-0.7379150390625
-0.293326288461685
0.0695932954549789
0.529597520828247
1.10259389877319
1.40877151489258
0.867753982543945
-0.493235439062119
-2.16843819618225
-3.53106737136841
-4.29954528808594
-4.34857940673828
-3.7609875202179
-2.99300193786621
-2.18828153610229
-1.29729998111725
-0.378439366817474
0.0927165001630783
-0.340720653533936
-1.30074381828308
-1.73483693599701
-1.4383350610733
-0.901253461837769
-0.629186809062958
-0.421897888183594
-0.0770176872611046
0.204396679997444
0.166677966713905
-0.090793214738369
-0.0761977136135101
0.192589089274406
0.621106445789337
0.959098875522614
1.29905915260315
1.57014191150665
1.75201165676117
1.89304685592651
1.94372117519379
1.74414002895355
1.34284567832947
0.723274946212769
0.354287534952164
0.341167986392975
0.810683906078339
1.10948169231415
0.999277472496033
0.730818688869476
0.540093183517456
0.829379260540009
1.16999566555023
1.21312618255615
0.695559859275818
0.207020595669746
-0.172298431396484
-0.00518814753741026
0.384462505578995
0.914820373058319
0.905472695827484
0.573220074176788
0.514838039875031
0.742134273052216
1.17065155506134
1.6734584569931
2.11230731010437
1.9704521894455
1.23838126659393
0.499422580003738
0.692607939243317
1.84237265586853
2.77041673660278
2.75254154205322
2.32402420043945
2.32582807540894
2.42816066741943
2.10263180732727
1.97750401496887
2.37043452262878
2.55476427078247
1.91633403301239
0.80068027973175
-0.0883333012461662
-0.557029247283936
-0.507010996341705
-0.507502973079681
-0.930444478988647
-1.47834968566895
-1.68022680282593
-1.32255506515503
-1.05147230625153
-1.12149798870087
-1.69679021835327
-2.3596556186676
-2.59925127029419
-2.32751274108887
-1.97508871555328
-1.89358353614807
-2.05446195602417
