% Type: Timesignal
% Date: 11-DEC-24 13:51:40
% NoOfItems: = 4096
% Unit_Y: = mm/s
% Unit_X: = Sec
% Min_X: = 0
% Max_X: = 1.60000002384186
% MinDisplay_X: = 0
% MaxDisplay_X: = 1.60000002384186
0.849410712718964
0.450656950473785
0.0729996562004089
-0.440150737762451
-1.07854306697845
-1.62660670280457
-1.94959139823914
-2.13901424407959
-2.38489270210266
-2.49230647087097
-2.44060516357422
-2.2673761844635
-2.20631504058838
-2.04571413993835
-1.55143177509308
-0.778586328029633
-0.295000791549683
-0.397660583257675
-0.790323138237
-1.10751366615295
-1.28594255447388
-1.58946490287781
-2.12222623825073
-2.73744201660156
-3.04586720466614
-2.8715980052948
-2.08285593986511
-0.948398411273956
0.278764933347702
1.17180109024048
1.5643150806427
1.67841458320618
1.69609403610229
1.96410882472992
2.15858316421509
2.01655292510986
1.53579020500183
0.754179298877716
-0.0663561820983887
-1.00797379016876
-1.38889956474304
-0.436139404773712
1.1960175037384
1.92458999156952
1.57397198677063
1.04611349105835
1.01387441158295
1.38662898540497
2.25426030158997
3.02710556983948
2.86873316764832
1.52435052394867
0.0321437306702137
-0.180604204535484
0.494929909706116
1.06215870380402
1.22855365276337
1.19170904159546
0.883878290653229
0.289758890867233
-0.0458539389073849
-0.107063539326191
0.090381994843483
0.140449061989784
0.238206148147583
0.737985491752625
1.52004218101501
2.48260760307312
3.5585298538208
4.73161458969116
5.03112602233887
4.39956760406494
3.55362701416016
2.62924337387085
1.38038921356201
0.191407546401024
-0.208089083433151
0.000498962879646569
-0.100080892443657
-0.465852826833725
0.0327380001544952
1.15857863426208
1.64409554004669
0.869021594524384
-0.147028058767319
-0.836378872394562
-1.21552181243896
-1.65557730197906
-2.11286640167236
-2.4637815952301
-2.73001384735107
-2.98272609710693
-3.03947877883911
-2.55069327354431
-2.04066300392151
-1.73610055446625
-1.73015785217285
-1.58099663257599
-1.22517871856689
-0.759718298912048
-0.381169646978378
-0.224282890558243
-0.170204505324364
-0.391420751810074
-0.447876214981079
-0.317582964897156
0.123512431979179
0.630423009395599
0.859661877155304
0.710797727108002
0.148025989532471
-0.425442606210709
-0.900262713432312
-1.44253218173981
-2.02283477783203
-2.34760236740112
-2.42560005187988
-2.42886853218079
-2.60908031463623
-2.56064748764038
-2.20304656028748
-1.69153046607971
-1.36795163154602
-1.00336813926697
-0.555290162563324
-0.475063979625702
-0.726587891578674
-1.06665778160095
-1.2211674451828
-1.57743108272552
-2.1329231262207
-2.72867655754089
-2.94291019439697
-2.74546480178833
-2.32546591758728
-1.66048002243042
-0.73163914680481
0.351414203643799
1.14015638828278
1.53460168838501
1.70976221561432
1.88313984870911
2.1940906047821
2.35186862945557
2.08281397819519
1.1986917257309
0.0259039178490639
-1.03337872028351
-1.6751880645752
-1.47566258907318
-0.168273136019707
1.59120571613312
2.50994396209717
2.26213431358337
1.6663806438446
1.3020943403244
1.80974781513214
2.60458111763
2.71050953865051
1.94048666954041
0.635028600692749
-0.162479028105736
-0.000986707047559321
0.670238971710205
1.01639997959137
1.12544822692871
1.02115416526794
0.638594210147858
-0.0256488267332315
-0.454561740159988
-0.473132610321045
-0.183129832148552
-0.0517966188490391
0.337597459554672
1.23271358013153
2.25856852531433
3.1111946105957
4.05504083633423
5.10748910903931
5.27626132965088
4.38575077056885
2.91597747802734
1.62597036361694
0.529397428035736
-0.316097289323807
-0.548753201961517
-0.457681626081467
-0.426185429096222
-0.179712802171707
0.60130387544632
1.39257168769836
1.24697601795197
0.407721072435379
-0.376415491104126
-0.906948208808899
-1.3970707654953
-2.03397750854492
-2.36201333999634
-2.51964282989502
-2.88779187202454
-3.39351391792297
-3.32799577713013
-2.51860284805298
-1.96221959590912
-1.82167518138885
-1.58471083641052
-1.14822101593018
-0.865795135498047
-0.799831390380859
-0.490812063217163
-0.130537122488022
-0.0400598235428333
-0.341650813817978
-0.572226762771606
-0.275241374969482
0.213989719748497
0.452588319778442
0.381573289632797
0.110141403973103
-0.371364206075668
-1.09696543216705
-1.79092180728912
-2.10632944107056
-2.25965070724487
-2.22013187408447
-2.29010677337646
-2.35651636123657
-2.45947313308716
-2.44209098815918
-1.97529339790344
-1.42366421222687
-0.938444435596466
-0.583072185516357
-0.321148574352264
-0.235276848077774
-0.505520224571228
-0.950478315353394
-1.5044846534729
-2.17942452430725
-2.83757615089417
-3.30496788024902
-3.29189419746399
-2.95004153251648
-2.3438880443573
-1.52067840099335
-0.496606171131134
0.560150802135468
1.27654087543488
1.69549977779388
1.85253500938416
2.06424307823181
2.39480447769165
2.25663733482361
1.38662898540497
-0.0565507598221302
-1.10038244724274
-1.62898373603821
-1.55752301216125
-0.823007881641388
0.555990934371948
1.81346189975739
2.22796392440796
1.96202898025513
1.53653311729431
1.01179444789886
1.2671811580658
2.16096019744873
2.64053440093994
1.74036693572998
0.267325282096863
-0.177038595080376
0.418417900800705
1.06394147872925
0.954299032688141
0.843765199184418
0.488690078258514
0.128415137529373
-0.396620601415634
-0.365272969007492
-0.203929215669632
-0.106172136962414
0.150700196623802
0.876152813434601
1.73813843727112
2.13228678703308
3.00407767295837
4.27833700180054
5.26779317855835
4.57651090621948
3.3444447517395
2.00734186172485
0.947613537311554
-0.221162989735603
-0.944684207439423
-0.840538740158081
-0.534639358520508
-0.281332612037659
0.27445650100708
1.31234550476074
1.6203248500824
1.03244531154633
0.0361550413072109
-0.568958282470703
-1.16931748390198
-1.70816993713379
-2.09563279151917
-2.2113664150238
-2.37211585044861
-2.93206477165222
-3.24331259727478
-2.96801805496216
-2.17481899261475
-1.85777699947357
-1.68841052055359
-1.4484748840332
-1.15921497344971
-1.13321578502655
-0.98138028383255
-0.585152089595795
-0.308371812105179
-0.403603255748749
-0.675926566123962
-0.450401842594147
-0.0348599813878536
0.318580895662308
0.442782878875732
0.527168929576874
0.184276327490807
-0.67384660243988
-1.66241133213043
-2.25549077987671
-2.28416419029236
-2.2430112361908
-2.22013187408447
-2.28535270690918
-2.21820044517517
-2.25965070724487
-2.00797820091248
-1.39424788951874
-0.872034966945648
-0.635516345500946
-0.598820269107819
-0.529290914535522
-0.639230489730835
-0.993859887123108
-1.63225221633911
-2.33853983879089
-2.82420516014099
-3.11168241500854
-3.05418682098389
-2.95316123962402
-2.78008079528809
-2.34983086585999
-1.34670650959015
0.0679483786225319
1.15427017211914
1.67113471031189
1.83455848693848
2.14268636703491
2.68451023101807
2.73056602478027
1.90869343280792
0.387664526700974
-0.954935371875763
-1.67191958427429
-2.08122158050537
-1.81781244277954
-0.738027513027191
1.01313161849976
2.35320591926575
2.76221084594727
2.52004647254944
1.80113089084625
1.49731135368347
2.16482281684875
2.78791284561157
2.09841346740723
0.450656950473785
-0.528993785381317
-0.251619219779968
0.557030916213989
0.701438009738922
0.978515446186066
1.43535900115967
1.30714559555054
0.109250001609325
-0.780071973800659
-0.591986179351807
-0.158467710018158
-0.0171805080026388
0.35304844379425
1.27297520637512
1.97480571269989
2.3035843372345
3.11223459243774
4.64410877227783
5.19870948791504
3.82699036598206
1.96529734134674
0.935876727104187
0.280696302652359
-0.642796099185944
-0.967563569545746
-0.36051881313324
0.216218233108521
0.466553598642349
0.92458564043045
1.39405727386475
1.26435840129852
0.458233863115311
-0.408803105354309
-0.953449666500092
-1.4741770029068
-2.06547355651855
-2.35621929168701
-2.32873439788818
-2.43362259864807
-3.0244734287262
-3.44402670860291
-3.02462196350098
-2.1699161529541
-1.61397850513458
-1.64294910430908
-1.74442028999329
-1.65082311630249
-1.22027599811554
-0.827019155025482
-0.615905463695526
-0.567621231079102
-0.573415338993073
-0.42663112282753
-0.22725422680378
-0.053876556456089
0.228549286723137
0.540391385555267
0.393904358148575
-0.538502097129822
-1.60996723175049
-2.18878412246704
-2.28564977645874
-2.24642825126648
-2.34017395973206
-2.36706447601318
-2.51191735267639
-2.69911170005798
-2.50419187545776
-1.57876813411713
-0.726587891578674
-0.561529934406281
-0.8100825548172
-0.783043324947357
-0.574900984764099
-0.832070469856262
-1.53092956542969
-2.35948777198792
-2.91884231567383
-3.33542418479919
-3.45026659965515
-3.29961967468262
-3.04215288162231
-2.68455219268799
-1.95701968669891
-0.772495090961456
0.448874145746231
1.20448589324951
1.56268084049225
1.94345808029175
2.45334005355835
2.7989068031311
2.29868173599243
0.945682168006897
-0.762986779212952
-1.86000549793243
-2.04883408546448
-1.71752965450287
-0.969494938850403
0.336111783981323
1.77572596073151
2.5393602848053
2.2125129699707
1.52643048763275
0.859661877155304
0.991737902164459
1.83530128002167
2.30640721321106
1.74229836463928
0.442782878875732
0.0844393149018288
0.530140280723572
0.845399439334869
0.532963037490845
0.69965523481369
0.908243298530579
0.294810175895691
-0.699400126934052
-0.728222131729126
-0.015991972759366
0.111478507518768
-0.0841842219233513
0.392567247152328
1.54663562774658
2.01269030570984
2.4273407459259
3.34147334098816
4.68318176269531
4.53431797027588
3.05147075653076
1.42585062980652
0.561785042285919
-0.0760130360722542
-0.710542678833008
-0.637447714805603
-0.330805420875549
0.10167308151722
0.58258444070816
1.41247963905334
1.41901659965515
0.507112383842468
-0.540433466434479
-0.899816989898682
-1.18060863018036
-1.97856187820435
-2.55945873260498
-2.54267072677612
-2.22830295562744
-2.53093385696411
-2.87456941604614
-2.84530162811279
-2.26886177062988
-1.86906802654266
-1.76536822319031
-1.74338030815125
-1.70534718036652
-1.80518424510956
-1.77443087100983
-1.22889292240143
-0.657207071781158
-0.52245682477951
-0.747832953929901
-0.478035300970078
0.00391600374132395
0.490472882986069
0.624628901481628
0.575156092643738
0.202847197651863
-0.74723869562149
-1.8259836435318
-2.47863841056824
-2.21552634239197
-1.99119007587433
-2.20453238487244
-2.75185298919678
-2.84084463119507
-2.39945220947266
-1.66909682750702
-0.913336575031281
-0.598968863487244
-0.617539703845978
-0.78616327047348
-0.678749322891235
-0.59510612487793
-0.909622430801392
-1.6454746723175
-2.457839012146
-2.99045157432556
-3.17096066474915
-3.09489417076111
-2.9934229850769
-2.85391855239868
-2.443279504776
-1.55291748046875
-0.339273750782013
0.722385942935944
1.3291335105896
1.78775990009308
2.36627960205078
3.03839683532715
3.06439590454102
1.94390380382538
0.129455104470253
-1.44416642189026
-2.05596542358398
-1.83400619029999
-0.928044736385345
0.430303275585175
1.85580348968506
2.72477173805237
2.77677035331726
2.21934700012207
1.53683018684387
0.678707242012024
0.780921339988708
1.90676200389862
2.68287587165833
1.95326352119446
0.669050395488739
0.495969861745834
1.17655527591705
1.30447137355804
0.714957594871521
0.31352961063385
0.0829536393284798
-0.412962973117828
-0.606694340705872
-0.0167348086833954
0.461502343416214
0.409503877162933
0.576641738414764
1.48602032661438
2.16571426391602
2.13585233688354
2.59522151947021
4.09188508987427
4.90603256225586
3.7094738483429
1.97465717792511
1.17848658561707
0.96351021528244
0.106427229940891
-0.651412963867188
-0.445350587368011
0.237017616629601
0.854462027549744
1.43209052085876
1.78255999088287
1.36107540130615
0.469524949789047
-0.191301017999649
-0.391866445541382
-0.856732547283173
-1.79211032390594
-2.4835410118103
-2.38444685935974
-2.37152171134949
-2.69420909881592
-2.94885301589966
-2.48160982131958
-1.7594256401062
-1.37196290493011
-1.23528122901917
-1.27108585834503
-1.3161016702652
-1.45263481140137
-1.09117126464844
-0.521416842937469
-0.271081507205963
-0.422322690486908
-0.466447085142136
-0.00455231498926878
0.36240816116333
0.48155888915062
0.394350051879883
0.22453798353672
-0.382209599018097
-1.45233762264252
-2.25608515739441
-2.23855423927307
-1.80236148834229
-1.78943610191345
-2.43377113342285
-2.72496247291565
-2.33675694465637
-1.55425453186035
-0.727627873420715
-0.252510607242584
0.0123843224719167
-0.0938410758972168
-0.126377239823341
-0.143313884735107
-0.616351187229156
-1.61338424682617
-2.68767213821411
-3.21077656745911
-3.17274332046509
-2.94424724578857
-2.88660335540771
-2.85302710533142
-2.61234879493713
-1.94751143455505
-0.928638994693756
0.171499565243721
0.971829950809479
1.5913542509079
2.21429562568665
2.99204397201538
3.40669441223145
2.8305516242981
1.26896393299103
-0.426779687404633
-1.54043781757355
-1.83890891075134
-1.41148173809052
-0.336450964212418
1.07255840301514
2.2297465801239
2.82089471817017
2.70872664451599
2.1671998500824
1.26643824577332
0.374590635299683
1.04655909538269
2.43016362190247
2.73799419403076
1.16125285625458
0.257965564727783
0.836782574653625
1.55391538143158
0.842130959033966
-0.175404354929924
-0.12474300712347
0.132872149348259
-0.111520543694496
-0.321297138929367
0.188287630677223
0.479033231735229
0.596252620220184
1.02769112586975
2.02130722999573
2.32364106178284
2.33805203437805
3.0703387260437
4.4814281463623
4.40328168869019
2.77112483978271
1.5050368309021
1.08904933929443
0.487650126218796
-0.563907027244568
-0.506411612033844
0.339677393436432
1.40401136875153
1.66667771339417
1.69817399978638
1.45853543281555
0.739322602748871
0.134209260344505
-0.306589007377625
-0.631059288978577
-1.54667770862579
-2.38117837905884
-2.5823380947113
-2.35993337631226
-2.44639945030212
-2.62542247772217
-2.54608774185181
-1.99535000324249
-1.51859855651855
-1.35413479804993
-1.37597417831421
-1.38087689876556
-1.3911280632019
-1.36200892925262
-0.963997960090637
-0.665081143379211
-0.550684571266174
-0.64413321018219
-0.398403406143188
0.0833993405103683
0.463433712720871
0.586595714092255
0.337894588708878
-0.0797272101044655
-0.896251380443573
-1.66300559043884
-1.97217357158661
-1.70920991897583
-1.57683682441711
-2.03917717933655
-2.49572348594666
-2.20170950889587
-1.37686562538147
-0.647401690483093
-0.451738953590393
-0.532707989215851
-0.601048767566681
-0.621551036834717
-0.648441672325134
-1.05610942840576
-1.70371294021606
-2.39722371101379
-2.86684393882751
-3.13664150238037
-3.17304039001465
-3.07676911354065
-2.88794040679932
-2.68217515945435
-2.35815048217773
-1.62809240818024
-0.429008215665817
0.857730507850647
1.78449141979218
2.29303622245789
2.84644818305969
3.32631969451904
3.09544658660889
1.66266644001007
-0.153565004467964
-1.3608204126358
-1.74130046367645
-1.39276230335236
-0.529290914535522
1.06616997718811
2.42199230194092
3.02829432487488
2.76042795181274
2.24802041053772
1.4476900100708
0.385733157396317
0.379790484905243
1.63057601451874
2.39019894599915
1.4872088432312
0.265839606523514
0.66533625125885
1.75730359554291
1.65999221801758
0.399252772331238
-0.139302581548691
0.113409876823425
-0.0748245045542717
-0.434208035469055
-0.138114035129547
0.527317523956299
0.486313015222549
0.58258444070816
1.59566271305084
2.63043189048767
2.7739474773407
3.05563044548035
4.00200223922729
4.44814872741699
3.17582130432129
1.51811075210571
0.942116558551788
0.917900145053864
0.263016819953918
-0.377158313989639
0.0342236682772636
1.1499617099762
1.9537091255188
2.09455060958862
1.90349352359772
1.30254006385803
0.737094104290009
0.221863776445389
-0.227551370859146
-1.0400642156601
-2.02149772644043
-2.5006263256073
-2.53004264831543
-2.51191735267639
-2.62750244140625
-2.44565653800964
-2.05745100975037
-1.70698142051697
-1.59377336502075
-1.54340922832489
-1.53687226772308
-1.58456230163574
-1.61680126190186
-1.38325393199921
-0.921953499317169
-0.512205719947815
-0.247459337115288
-0.0339685790240765
0.240286082029343
0.454668253660202
0.593132674694061
0.564013540744781
0.287084698677063
-0.429751038551331
-1.27598857879639
-1.70683288574219
-1.55440318584442
-1.45486330986023
-1.82568645477295
-2.33749985694885
-2.10707235336304
-1.29455947875977
-0.648293077945709
-0.468972712755203
-0.627345144748688
-0.611299872398376
-0.664189755916595
-0.672212362289429
-0.841281592845917
-1.38741385936737
-2.06681060791016
-2.73744201660156
-2.90443134307861
-2.80013728141785
-2.72451686859131
-2.78914332389832
-2.89239740371704
-2.71070003509521
-2.11702632904053
-0.930867493152618
0.513055086135864
1.65642666816711
2.29348182678223
2.66385936737061
3.16675853729248
3.27224111557007
2.47503066062927
0.83143413066864
-0.687663316726685
-1.51993560791016
-1.6316579580307
-1.02104771137238
0.107170060276985
1.49404287338257
2.44086027145386
2.71169805526733
2.46269965171814
1.7691890001297
1.12277400493622
0.65033096075058
1.29169464111328
2.26881980895996
2.39005041122437
1.2915461063385
0.436840206384659
0.782109916210175
1.25306725502014
0.91403740644455
0.286193281412125
0.550939679145813
0.666673362255096
0.176550850272179
-0.293366551399231
0.0550230480730534
0.343985855579376
0.311152547597885
0.85074782371521
2.09365916252136
2.83560276031494
2.69119572639465
3.10970902442932
4.03736114501953
4.03899526596069
2.44620871543884
1.20938861370087
1.14401912689209
1.16452133655548
0.454371124505997
0.210721254348755
1.07864964008331
2.06855154037476
2.30804133415222
2.0129873752594
1.78998839855194
1.30996835231781
0.642159819602966
-0.0774987041950226
-0.733570516109467
-1.47774255275726
-2.09667277336121
-2.45605611801147
-2.68128371238708
-2.850501537323
-2.67489528656006
-1.97871041297913
-1.52572977542877
-1.39632785320282
-1.51889562606812
-1.39855635166168
-1.49423348903656
-1.83103489875793
-1.99163579940796
-1.48517096042633
-0.5416219830513
-0.153713569045067
0.0198126714676619
0.177887946367264
0.676033079624176
0.827422797679901
0.664593398571014
0.465365082025528
-0.00663225259631872
-0.739364624023438
-1.50671315193176
-1.64027488231659
-1.45322906970978
-1.65290307998657
-2.21552634239197
-2.26782178878784
-1.50537610054016
-0.495714783668518
-0.0972581133246422
-0.241962358355522
-0.460504412651062
-0.577575206756592
-0.716782450675964
-1.09800541400909
-1.50879311561584
-2.08671855926514
-2.48680949211121
-2.79404616355896
-2.80414867401123
-2.71634554862976
-2.62497687339783
-2.74293899536133
-2.93072772026062
-2.68410658836365
-1.85777699947357
-0.424105495214462
0.856541931629181
1.78865122795105
2.2646598815918
2.7712733745575
3.08578968048096
2.63964295387268
1.22855365276337
-0.30688613653183
-1.18447136878967
-1.37641990184784
-0.843510091304779
0.226915061473846
1.56684076786041
2.42258667945862
2.6553909778595
2.45096278190613
2.03512382507324
1.31026554107666
0.557030916213989
1.00184047222137
2.31160712242126
2.80425524711609
1.78434276580811
0.574413239955902
0.563270747661591
1.21963965892792
1.04180502891541
0.143420413136482
-0.184318378567696
0.127969443798065
0.123066730797291
-0.293812245130539
-0.173770114779472
0.199875861406326
0.2255779504776
0.472050577402115
1.33463048934937
2.15368032455444
2.45334005355835
3.19201493263245
4.3563346862793
4.7476601600647
3.46448683738708
1.96054327487946
1.40445697307587
1.25826704502106
0.50874662399292
-0.417419970035553
-0.261870354413986
1.10271739959717
2.40015292167664
2.64959692955017
2.23375797271729
1.81212484836578
1.51929926872253
0.962173104286194
0.0792394652962685
-1.06205213069916
-2.06874203681946
-2.81974816322327
-3.0902886390686
-3.0513641834259
-2.78037786483765
-2.22949147224426
-1.74872875213623
-1.42202997207642
-1.35621476173401
-1.27004587650299
-1.30005645751953
-1.47209703922272
-1.5578202009201
-1.34938073158264
-0.854801177978516
-0.471646934747696
-0.181049898266792
0.0611142963171005
0.287678956985474
0.419606447219849
0.537271499633789
0.568024873733521
0.253954261541367
-0.430196732282639
-1.12103319168091
-1.42039573192596
-1.5710426568985
-1.96073389053345
-2.47804403305054
-2.55024766921997
-1.66434276103973
-0.671320974826813
-0.108697772026062
-0.0317400731146336
-0.0717045962810516
-0.263653159141541
-0.677263617515564
-1.11613047122955
-1.58783078193665
-2.08047890663147
-2.58724093437195
-2.84649014472961
-2.86624956130981
-2.70817446708679
-2.56867003440857
-2.6159143447876
-2.93875026702881
-3.17229771614075
-2.88645482063293
-1.64354336261749
-0.0168833751231432
1.29942011833191
2.0097188949585
2.5017728805542
3.03572249412537
3.10124063491821
2.21860408782959
0.525683283805847
-0.838607370853424
-1.43673813343048
-1.37656843662262
-0.615162670612335
0.693118274211884
1.94791507720947
2.47711062431335
2.34102320671082
1.98683965206146
1.54039585590363
0.943453669548035
0.580355942249298
1.474729180336
2.60472965240479
2.56892514228821
1.17373251914978
0.390041619539261
0.717483282089233
0.904974818229675
0.0166927650570869
-0.697914481163025
-0.193678095936775
0.469822078943253
0.245931625366211
-0.141679644584656
0.119501121342182
0.419012159109116
0.363002419471741
0.689106941223145
1.79607963562012
2.61067247390747
2.90037798881531
3.49093174934387
4.37624263763428
4.27224540710449
2.76325058937073
1.39643442630768
0.962470233440399
0.740511119365692
-0.206009149551392
-0.774574995040894
0.142231866717339
1.85402071475983
2.65152835845947
2.16422867774963
1.55034983158112
1.40430843830109
1.39093744754791
0.607989370822906
-0.713662564754486
-1.94914567470551
-2.53806519508362
-2.78067517280579
-3.02551341056824
-3.07008361816406
-2.6139829158783
-1.89803862571716
-1.62318968772888
-1.60045886039734
-1.41638445854187
-1.16263198852539
-1.38696813583374
-1.85673701763153
-1.92151212692261
-1.38414537906647
-0.81959080696106
-0.604020118713379
-0.346107810735703
0.101970218122005
0.406086832284927
0.335220396518707
0.270296603441238
0.237166181206703
-0.0351571142673492
-0.794483006000519
-1.44966340065002
-1.71084415912628
-1.89194738864899
-2.22711443901062
-2.31892895698547
-1.607293009758
-0.695091664791107
0.0917190909385681
0.0631942301988602
-0.258750438690186
-0.647401690483093
-0.959689497947693
-1.34700357913971
-1.93607175350189
-2.35859632492065
-2.71070003509521
-2.84010195732117
-2.99565148353577
-2.87754082679749
-2.48888945579529
-2.25014233589172
-2.54445362091064
-3.18433165550232
-3.36290907859802
-2.43659400939941
-0.661366999149323
1.03006815910339
1.91953873634338
2.31546974182129
2.61349511146545
2.76681637763977
2.47844767570496
1.25277006626129
-0.0217860862612724
-0.876343429088593
-0.98093456029892
-0.562272787094116
0.340717375278473
1.60680520534515
2.36731958389282
2.31532120704651
1.87690007686615
1.42703914642334
1.09410059452057
0.669644713401794
0.881352663040161
1.75180661678314
2.19513058662415
1.49166584014893
0.674398839473724
0.869764447212219
1.27668941020966
0.859216153621674
-0.0892354995012283
-0.183426976203918
0.373996376991272
0.447537034749985
-0.0430311635136604
-0.246865078806877
0.0550230480730534
0.0896391570568085
0.268810957670212
1.11816847324371
2.39554738998413
3.17686128616333
3.73324465751648
4.30106782913208
4.27105712890625
2.99115252494812
1.67603743076324
1.08622646331787
0.995452105998993
0.245783060789108
-0.630316495895386
-0.266178786754608
1.34503018856049
2.73398303985596
2.72536611557007
2.19364476203918
1.8904196023941
1.81910753250122
1.25173020362854
0.196755960583687
-0.952558279037476
-1.86565101146698
-2.45293641090393
-2.84441041946411
-2.86104989051819
-2.53895664215088
-1.89744436740875
-1.55113470554352
-1.58203661441803
-1.58367085456848
-1.39900207519531
-1.30005645751953
-1.51206159591675
-1.77294516563416
-1.65409159660339
-1.09592545032501
-0.532559394836426
-0.178969964385033
0.148471683263779
0.475021928548813
0.581544458866119
0.416189402341843
0.315312415361404
0.169122502207756
-0.224728599190712
-0.784231901168823
-1.18551135063171
-1.56554567813873
-1.94632291793823
-2.11167788505554
-1.57475686073303
-0.694200277328491
0.185167729854584
0.536380112171173
0.365825176239014
5.32619123987388E-5
-0.586192071437836
-1.0479382276535
-1.69242191314697
-2.25697636604309
-2.792560338974
-2.85882139205933
-2.72347688674927
-2.4827983379364
-2.27911281585693
-2.106032371521
-2.1309916973114
-2.56867003440857
-3.00411987304688
-2.79850316047668
-1.4327267408371
0.495375603437424
2.04938626289368
2.76622200012207
2.99724364280701
2.98372411727905
2.75760507583618
1.72863018512726
0.384098917245865
-0.746198713779449
-1.16976320743561
-0.797900021076202
0.186356261372566
1.58526301383972
2.44739723205566
2.59017014503479
2.23316359519958
1.9312756061554
1.52405345439911
0.701586604118347
0.164071217179298
1.22840511798859
2.76057648658752
2.93603420257568
1.77171456813812
1.18710350990295
1.65568375587463
1.79058265686035
0.624926030635834
-0.282521158456802
0.138071998953819
0.766361773014069
0.754922151565552
0.280696302652359
0.406532555818558
0.401629835367203
0.222012341022491
0.312192499637604
1.1281224489212
2.21355295181274
2.85372805595398
3.95030093193054
4.74142026901245
4.1461124420166
2.39317035675049
1.2731237411499
1.45541548728943
1.39078879356384
0.199430167675018
-0.411774426698685
0.867981612682343
2.69565272331238
3.0532534122467
2.37415385246277
2.1098530292511
2.35186862945557
2.02130722999573
0.885363936424255
-0.217597380280495
-1.08017730712891
-1.69717597961426
-2.51087737083435
-2.7549729347229
-2.35057353973389
-1.61472129821777
-1.22636723518372
-1.28460550308228
-1.34061527252197
-1.32590711116791
-1.22636723518372
-1.36646592617035
-1.62824094295502
-1.69970166683197
-1.38726532459259
-0.760164022445679
-0.0503109470009804
0.393755793571472
0.519889175891876
0.558665156364441
0.545442700386047
0.449616968631744
0.246823027729988
-0.0578878633677959
-0.366015791893005
-0.78631180524826
-1.37463712692261
-1.96920216083527
-2.22369742393494
-1.66701698303223
-0.742781698703766
0.0725539550185204
0.547374069690704
0.588675677776337
0.423023492097855
-0.0246088579297066
-0.670726716518402
-1.45456612110138
-2.2871356010437
-2.89908289909363
-3.21047949790955
-3.0283362865448
-2.46615886688232
-1.58218514919281
-0.982865929603577
-1.17630016803741
-2.21626901626587
-3.2075080871582
-3.39767384529114
-2.34567093849182
-0.593323290348053
0.996046364307404
1.96039474010468
2.51142954826355
2.89696097373962
3.02814555168152
2.47399067878723
1.23330783843994
-0.0468939058482647
-0.931016087532043
-1.09250843524933
-0.651561558246613
0.583624422550201
1.85699200630188
2.42585515975952
2.36583399772644
2.26941394805908
2.29838466644287
1.95994901657104
1.03898227214813
0.535637259483337
1.614382147789
2.92949724197388
3.07865834236145
2.00793623924255
1.57545757293701
1.4173823595047
0.753882169723511
-0.530479431152344
-0.954489648342133
-0.0107921287417412
0.813457548618317
0.83603972196579
0.511569380760193
0.626708805561066
0.666079103946686
0.42079496383667
0.636365652084351
1.81078767776489
3.069744348526
3.81555080413818
4.32231283187866
4.38396787643433
3.31220579147339
1.86768889427185
1.23241639137268
1.19794893264771
0.519889175891876
-0.487543612718582
-0.0321857742965221
1.75210380554199
3.16081595420837
2.91998887062073
2.27505946159363
2.23494648933411
2.19869613647461
1.40609121322632
0.0389778129756451
-1.1039479970932
-1.88065624237061
-2.33839106559753
-2.58337807655334
-2.59927487373352
-2.23587989807129
-1.68009078502655
-1.25920057296753
-1.27777147293091
-1.39573359489441
-1.31461608409882
-1.11449635028839
-1.2357269525528
-1.57163691520691
-1.71173560619354
-1.3042163848877
-0.575049579143524
-0.0724474266171455
0.156197175383568
0.284559041261673
0.383653223514557
0.14698600769043
-0.203483507037163
-0.337639510631561
-0.169610247015953
-0.32411989569664
-1.06428062915802
-2.00441265106201
-2.30927205085754
-1.69613611698151
-0.732827723026276
0.130940780043602
0.655233681201935
0.818657398223877
0.749722301959991
0.314420998096466
-0.418608516454697
-1.30629622936249
-2.18997263908386
-2.9078483581543
-3.32680726051331
-3.35993766784668
-2.97054362297058
-2.2660391330719
-1.49765050411224
-1.09161698818207
-1.47239422798157
-2.36379599571228
-3.15075540542603
-2.94617867469788
-1.43510389328003
0.648696720600128
2.19230771064758
2.61468362808228
2.43046069145203
2.15709733963013
1.95905756950378
1.39049172401428
0.294364482164383
-0.706234216690063
-1.13009583950043
-0.753032803535461
0.458828121423721
1.89740228652954
2.70456671714783
2.5967071056366
2.16422867774963
2.02754688262939
1.80707359313965
1.23702204227448
0.401184141635895
0.926071286201477
2.40030145645142
3.27848100662231
2.61795210838318
1.74987530708313
1.51454520225525
1.19052052497864
0.155454337596893
-1.02713894844055
-0.751250028610229
0.287976086139679
0.871250092983246
0.699952363967896
0.750613689422607
0.98757803440094
1.02501690387726
0.706637859344482
1.14892184734344
2.38930749893188
3.59433436393738
4.25456619262695
4.30106782913208
3.56402683258057
2.13035535812378
1.38142907619476
1.28500914573669
1.04745054244995
0.146540313959122
-0.163816124200821
0.988618016242981
2.65033984184265
3.13511395454407
2.60844397544861
2.34785747528076
2.3851478099823
1.92978990077972
0.772750198841095
-0.284155398607254
-0.945278465747833
-1.48309099674225
-2.08657002449036
-2.40197777748108
-2.16947054862976
-1.55767166614532
-1.1783801317215
-1.26440036296844
-1.41787004470825
-1.36661446094513
-1.17734014987946
-1.19115686416626
-1.33957529067993
-1.50195896625519
-1.39246511459351
-0.950329780578613
-0.511462867259979
-0.243150904774666
-0.0682875514030457
0.212206929922104
0.352454155683517
0.182939231395721
-0.162181884050369
-0.297972112894058
-0.345662117004395
-0.768038094043732
-1.67503952980042
-2.1079638004303
-1.79998433589935
-0.929678976535797
-0.116720393300056
0.475319057703018
0.943156540393829
0.957418918609619
0.725060164928436
-0.00886075757443905
-0.815728068351746
-1.87664496898651
-2.80251431465149
-3.32769870758057
-3.31611061096191
-2.96965217590332
-2.39900636672974
-1.52543258666992
-0.890011548995972
-1.03679573535919
-2.06473064422607
-2.91691112518311
-2.98852038383484
-1.96920216083527
-0.366312921047211
1.35706412792206
2.37474799156189
2.5802161693573
2.26005434989929
1.95920610427856
1.72655022144318
0.921465754508972
-0.0994866192340851
-0.935918748378754
-0.972763359546661
-0.045556802302599
1.52316200733185
2.61141514778137
2.61260366439819
2.03527235984802
1.78820550441742
1.88893401622772
1.57337772846222
0.799789369106293
0.342945873737335
1.51484227180481
3.06677317619324
3.50460004806519
2.64291143417358
1.67945456504822
1.02516543865204
0.27401077747345
-0.646510303020477
-1.05729794502258
-0.322931379079819
0.682272851467133
1.12529969215393
1.04195356369019
1.19512617588043
1.36939525604248
1.12069404125214
0.855502009391785
1.47591769695282
2.79340982437134
3.74542713165283
3.86398363113403
3.2613959312439
2.37415385246277
1.66251790523529
1.43535900115967
1.30491709709167
0.827274262905121
0.265245348215103
0.654342293739319
1.97643995285034
2.85714507102966
2.79860973358154
2.33686351776123
2.39287328720093
2.24861454963684
1.39272022247314
0.2172582000494
-0.524536788463593
-0.946318447589874
-1.52038133144379
-1.95835673809052
-1.99535000324249
-1.65052604675293
-1.39558506011963
-1.13083863258362
-1.04021275043488
-1.16961467266083
-1.4557546377182
-1.52364981174469
-1.38087689876556
-1.35056924819946
-1.41831576824188
-1.25890338420868
-0.75615268945694
-0.331102550029755
-0.17986136674881
-0.0477853082120419
0.344877243041992
0.446942776441574
0.121283926069736
-0.257561892271042
-0.188032552599907
-0.218191638588905
-1.00113964080811
-1.91839230060577
-2.05923366546631
-1.23795545101166
-0.277618438005447
0.372659265995026
0.721494555473328
0.9730184674263
0.905123353004456
0.284113347530365
-0.703559994697571
-1.70965564250946
-2.59229207038879
-3.25653505325317
-3.48458552360535
-3.29397392272949
-2.71812844276428
-2.02045774459839
-1.23825263977051
-0.869806468486786
-1.2996107339859
-2.42634272575378
-3.23974704742432
-2.81945109367371
-1.27509725093842
0.673358857631683
2.03482675552368
2.56580519676208
2.39465594291687
1.94286382198334
1.48275184631348
0.923099994659424
0.10791289806366
-0.692417502403259
-1.050612449646
-0.529588043689728
0.805434882640839
1.97851991653442
2.34592604637146
1.90631628036499
1.47651195526123
1.30476856231689
1.19928598403931
0.84138810634613
0.579315960407257
1.14565336704254
2.65152835845947
3.54040455818176
3.11877155303955
1.91107046604156
1.23063361644745
0.824302911758423
0.215623959898949
-0.770860850811005
-1.10795938968658
-0.261127501726151
0.804989218711853
1.14075064659119
1.00213766098022
1.18665778636932
1.31368255615234
0.944196462631226
0.697278141975403
1.72788739204407
3.05637335777283
3.78821444511414
3.41813397407532
2.65955090522766
1.63443875312805
1.15100169181824
1.14179062843323
1.11861407756805
0.682570040225983
0.380979031324387
1.27193522453308
2.52123498916626
3.02873992919922
2.55317687988281
2.30031585693359
2.30640721321106
1.867391705513
0.646765351295471
-0.481006652116776
-0.974397599697113
-1.30139350891113
-1.81736671924591
-2.29976367950439
-2.14540266990662
-1.61546421051025
-1.22473299503326
-1.29188525676727
-1.41311597824097
-1.53092956542969
-1.6586971282959
-1.82568645477295
-1.80874979496002
-1.55826592445374
-1.28163421154022
-1.12994730472565
-0.979894578456879
-0.63432776927948
-0.234385445713997
0.153077259659767
0.282181978225708
0.174619480967522
-0.167827442288399
-0.348336338996887
-0.429751038551331
-0.952558279037476
-1.81439542770386
-2.2838671207428
-1.82182371616364
-0.970534861087799
-0.148365154862404
0.449319839477539
0.971681356430054
1.07582688331604
0.497306972742081
-0.421282708644867
-1.50701022148132
-2.31774044036865
-3.07023215293884
-3.48399114608765
-3.48503112792969
-2.98718309402466
-2.21953749656677
-1.43020117282867
-0.822116434574127
-0.840093076229095
-1.66954255104065
-2.78394365310669
-3.05374121665955
-2.29723811149597
-0.689743280410767
0.938402354717255
2.02383279800415
2.02457571029663
1.43535900115967
0.785378396511078
0.55301958322525
0.290056020021439
-0.173770114779472
-0.664932608604431
-0.787054657936096
0.0489317998290062
1.17447531223297
2.04998064041138
1.86768889427185
1.27460944652557
1.02501690387726
1.29808306694031
1.38766896724701
0.919088661670685
0.439662992954254
0.998571991920471
2.45452857017517
3.42838501930237
3.04329943656921
1.70233380794525
0.671576082706451
0.0465547293424606
-0.414448648691177
-1.0400642156601
-0.887634515762329
-0.00187810894567519
0.834999740123749
0.950882017612457
0.800235092639923
0.871695816516876
0.858027637004852
0.775572955608368
1.31813955307007
2.64573431015015
3.55377554893494
3.45735573768616
2.7336859703064
1.89145958423615
1.18784630298615
0.922060012817383
0.970641434192657
0.964104473590851
0.609326481819153
0.74808806180954
1.65924942493439
2.61067247390747
2.96663880348206
2.62909460067749
2.20879864692688
1.78716552257538
1.2052286863327
0.175659447908401
-0.754369914531708
-1.28014850616455
-1.60714447498322
-1.95850539207458
-2.17214465141296
-1.93696320056915
-1.44550359249115
-1.06116080284119
-1.04080700874329
-1.39335656166077
-1.7983500957489
-1.95687115192413
-1.84351456165314
-1.63938343524933
-1.57757961750031
-1.3629002571106
-1.05358386039734
-0.636556267738342
-0.404940336942673
-0.26528736948967
-0.0763101726770401
-0.0718531608581543
-0.27256715297699
-0.521119713783264
-0.436882257461548
-0.538650631904602
-1.26276612281799
-2.04853701591492
-1.97603631019592
-1.12861013412476
-0.286086767911911
0.346362918615341
0.862038910388947
1.15976715087891
0.847330808639526
0.0701768845319748
-0.931758880615234
-1.90516984462738
-2.76076722145081
-3.54713225364685
-3.83564925193787
-3.51415038108826
-2.71159148216248
-1.88511323928833
-1.15980923175812
-0.832070469856262
-1.18610560894012
-2.22845149040222
-3.03576469421387
-2.94588160514832
-1.81840670108795
-0.187586843967438
1.20300018787384
1.71466493606567
1.3594411611557
0.79696661233902
0.407721072435379
0.332991898059845
0.0627485290169716
-0.217448815703392
-0.436287999153137
0.0764166936278343
0.968561470508575
1.66667771339417
1.70040249824524
1.27787792682648
1.17076110839844
1.55941236019135
2.00570750236511
1.83856976032257
1.24222183227539
0.858027637004852
1.67900884151459
2.82119178771973
3.23093962669373
1.95727479457855
0.488244384527206
-0.284303963184357
-0.330508291721344
-0.708462715148926
-0.959243774414063
-0.205266311764717
0.936470985412598
1.40713119506836
0.940185189247131
0.663702011108398
0.752247929573059
0.893238008022308
0.861741781234741
1.80246794223785
2.97198724746704
3.37371253967285
2.63994002342224
1.94598364830017
1.52063643932343
1.31813955307007
1.19438326358795
1.13302516937256
1.16674983501434
0.950287699699402
1.34265315532684
2.17269682884216
2.9932324886322
2.87215042114258
2.38886189460754
2.03972935676575
1.6882199048996
0.935282468795776
-0.108252070844173
-0.713216841220856
-1.06368637084961
-1.43094396591187
-1.96875643730164
-2.01288080215454
-1.65572583675385
-1.14584398269653
-0.952855408191681
-0.973060548305511
-1.21433329582214
-1.64725756645203
-1.96608233451843
-1.97781908512115
-1.72629511356354
-1.60239028930664
-1.52498686313629
-1.33274126052856
-0.798940002918243
-0.329468309879303
-0.0307001043111086
0.0672055408358574
-0.00276951096020639
-0.184615507721901
-0.264247417449951
-0.43123671412468
-1.02193903923035
-1.73194074630737
-1.88734173774719
-1.17481446266174
-0.328279793262482
0.367310851812363
0.828165650367737
1.37771499156952
1.35349857807159
0.603383779525757
-0.4854636490345
-1.61011576652527
-2.40093779563904
-3.25430655479431
-3.6746027469635
-3.56288027763367
-2.97812056541443
-2.17006468772888
-1.53835797309875
-1.00529956817627
-0.993117034435272
-1.79077327251434
-2.95093274116516
-3.35146951675415
-2.60610890388489
-1.14257550239563
0.270742326974869
1.12336826324463
1.13807642459869
0.686878442764282
0.174619480967522
0.00673877634108067
-0.00990072637796402
0.0403149165213108
0.0989988744258881
0.223646581172943
0.6607306599617
1.05651307106018
1.33121347427368
1.28396916389465
1.26673543453217
1.37132656574249
1.69416260719299
1.74140691757202
1.35736131668091
0.837376832962036
1.03185105323792
2.17730259895325
2.94271969795227
2.4622540473938
0.912106037139893
-0.0745273679494858
-0.262761741876602
-0.193232387304306
-0.730302035808563
-0.702668607234955
0.285153329372406
1.24890732765198
1.21191418170929
0.770521640777588
0.724911630153656
0.918642938137054
0.923694252967834
1.04314208030701
2.0181872844696
2.8153977394104
2.66579079627991
1.78122293949127
1.36374962329865
0.936470985412598
0.710500597953796
0.769481718540192
1.22691941261292
1.30254006385803
1.06765568256378
1.42377066612244
2.3615255355835
2.89993238449097
2.41471242904663
1.89576804637909
1.74630963802338
1.44189584255219
0.463433712720871
-0.543107628822327
-0.946318447589874
-1.11494195461273
-1.57936239242554
-2.07215905189514
-2.01332664489746
-1.54950046539307
-1.16174054145813
-1.03575575351715
-1.06071507930756
-1.48502230644226
-2.0941469669342
-2.42337155342102
-2.23632574081421
-1.89922714233398
-1.63002371788025
-1.52052986621857
-1.28252553939819
-0.776209235191345
-0.397660583257675
-0.273310005664825
-0.294555068016052
-0.353536158800125
-0.499428957700729
-0.621996700763702
-0.896548509597778
-1.40063631534576
-1.71678686141968
-1.43346965312958
-0.680532097816467
0.111775636672974
0.673507452011108
1.10464882850647
1.24073624610901
0.896357893943787
0.058588657528162
-1.01347076892853
-1.97559058666229
-3.07038068771362
-3.99818158149719
-4.2437629699707
-3.66895699501038
-2.86446690559387
-2.36513328552246
-1.77279663085938
-1.02208757400513
-0.841133058071136
-1.77606511116028
-2.97113800048828
-3.07572913169861
-1.94424295425415
-0.402414709329605
0.692375421524048
1.03289091587067
0.745562434196472
0.22037810087204
-0.147919461131096
-0.270041525363922
-0.0601163692772388
0.125146672129631
0.248308703303337
0.237314745783806
0.218001037836075
0.465810775756836
0.924437046051025
1.40163421630859
1.41649091243744
1.46700370311737
1.58689725399017
1.67871165275574
1.45482122898102
1.12039697170258
1.5840744972229
2.37935352325439
2.60948395729065
1.40519988536835
0.114895544946194
-0.0761616006493568
0.342203050851822
0.187841936945915
-0.408654540777206
-0.31416592001915
0.524049043655396
1.04878759384155
0.893683731555939
0.551088213920593
0.687769830226898
0.917900145053864
0.869764447212219
1.17908084392548
2.02190136909485
2.5610511302948
2.08845949172974
1.29347741603851
0.666673362255096
0.252765715122223
0.408612489700317
1.03274238109589
1.61081659793854
1.44694721698761
1.27416372299194
1.88640832901001
2.73754858970642
2.84139704704285
2.35632562637329
2.09707641601563
1.88536834716797
1.24489605426788
0.0828050747513771
-0.964295089244843
-1.44773209095001
-1.57401394844055
-1.7937445640564
-2.0546281337738
-1.94736278057098
-1.44728636741638
-1.04258990287781
-1.03798425197601
-1.32962131500244
-1.95285975933075
-2.58783507347107
-2.8129141330719
-2.48517537117004
-2.00144124031067
-1.73357498645782
-1.63462936878204
-1.19487106800079
-0.601791620254517
-0.307331830263138
-0.267218738794327
-0.268704414367676
-0.274795681238174
-0.403008967638016
-0.735056221485138
-1.3318498134613
-1.8181095123291
-1.76313972473145
-1.22131597995758
-0.54117625951767
0.0828050747513771
0.711243450641632
1.17610955238342
1.04641056060791
0.314272433519363
-0.612636983394623
-1.51013016700745
-2.52409982681274
-3.64875197410583
-4.21078109741211
-3.86268854141235
-3.14986395835876
-2.51637434959412
-2.09459280967712
-1.34923219680786
-0.700291514396667
-1.10736513137817
-2.37657284736633
-3.21582770347595
-2.63923931121826
-1.24478960037231
0.10479298979044
0.800829350948334
0.792063891887665
0.274605065584183
-0.306589007377625
-0.586637794971466
-0.281926870346069
0.287530392408371
0.62641167640686
0.495375603437424
0.0623028315603733
-0.223540052771568
0.161248445510864
1.30090582370758
2.21043300628662
2.29496765136719
2.01387882232666
1.69223129749298
1.55584681034088
1.27683794498444
1.00288045406342
1.44605576992035
2.15041184425354
2.02531838417053
0.744819581508636
-0.0072265206836164
0.365528047084808
0.932608246803284
0.451994031667709
-0.24493370950222
-0.12058313190937
0.493741363286972
0.55717945098877
0.398064225912094
0.55807089805603
0.903191983699799
0.825045764446259
0.679152965545654
1.38900601863861
2.22736954689026
2.29987025260925
1.5432186126709
0.926071286201477
0.427480489015579
0.252320021390915
0.689552664756775
1.51246523857117
1.8890825510025
1.43595325946808
1.61809635162354
2.64157438278198
3.40862560272217
3.05340194702148
2.54485726356506
2.43343210220337
2.05339765548706
0.813308954238892
-0.628830790519714
-1.33600962162018
-1.37820267677307
-1.53776359558105
-1.94736278057098
-2.03561162948608
-1.63180649280548
-1.21210479736328
-1.05165243148804
-0.916605055332184
-1.40880751609802
-2.33289408683777
-2.90517425537109
-2.41638875007629
-1.58500790596008
-1.37953984737396
-1.70505011081696
-1.71827256679535
-1.17734014987946
-0.835338950157166
-0.837270319461823
-0.689743280410767
-0.163816124200821
0.186801970005035
-0.177038595080376
-0.960135221481323
-1.44060087203979
-1.39305937290192
-1.14614105224609
-0.788837432861328
-0.225025728344917
0.455708205699921
0.958756029605865
1.07047843933105
0.853124916553497
0.243703126907349
-0.690783262252808
-1.93815171718597
-3.21359920501709
-4.09296751022339
-4.13159465789795
-3.52618432044983
-2.95241856575012
-2.64533066749573
-2.13619136810303
-1.08210873603821
-0.495566219091415
-1.34744930267334
-2.78409218788147
-3.17437767982483
-2.14213418960571
-0.757489800453186
-0.0073750875890255
0.0343722365796566
-0.15698204934597
-0.278064131736755
-0.294703632593155
-0.106172136962414
0.367905139923096
0.711094856262207
0.666970491409302
0.194230318069458
-0.157873451709747
0.108804300427437
1.08384943008423
2.28189373016357
2.75359392166138
2.53980588912964
2.0129873752594
1.74006986618042
1.48973441123962
0.957418918609619
0.80706912279129
1.47591769695282
1.90215647220612
1.36686956882477
0.514392197132111
0.575453221797943
1.34443593025208
1.52375626564026
0.636959969997406
-0.260236114263535
-0.411625862121582
-0.316691547632217
-0.192638128995895
0.165556892752647
0.667119026184082
0.997086346149445
1.14208769798279
1.41604518890381
1.91597318649292
2.21028447151184
1.88997387886047
1.16184711456299
0.458679556846619
-0.137965470552444
0.150551617145538
1.31873381137848
2.30536723136902
2.32497811317444
2.02398133277893
2.27208828926086
2.82728314399719
2.83991122245789
2.29496765136719
1.96500027179718
1.91567599773407
1.47532343864441
0.350077092647552
-0.802654206752777
-1.25102937221527
-1.10751366615295
-1.1994765996933
-1.70965564250946
-1.94052875041962
-1.54905474185944
-1.09102272987366
-1.0301102399826
-1.26128053665161
-1.82256650924683
-2.42782855033875
-2.64755916595459
-2.28223276138306
-1.85643982887268
-1.79731023311615
-1.90977537631989
-1.65750861167908
-1.08953702449799
-0.78616327047348
-0.77071225643158
-0.499280393123627
0.0654227361083031
0.123958133161068
-0.665229737758636
-1.47061133384705
-1.52706682682037
-1.03976714611053
-0.676223695278168
-0.388597995042801
0.220526680350304
0.985795259475708
1.3040257692337
0.877935588359833
0.223052307963371
-0.54206770658493
-1.56925988197327
-2.91988229751587
-3.95108580589294
-4.15521669387817
-3.58501672744751
-2.85451292991638
-2.43585109710693
-2.16159653663635
-1.47283983230591
-0.628979384899139
-0.743821680545807
-2.01302933692932
-3.08657455444336
-2.74635601043701
-1.43896663188934
-0.403603255748749
-0.235128283500671
-0.316691547632217
-0.40003764629364
-0.319960027933121
-0.221460118889809
0.104347288608551
0.581098735332489
0.840942442417145
0.679301559925079
0.175213739275932
0.295107305049896
1.26510119438171
2.30893278121948
2.3884162902832
1.69237983226776
1.35587561130524
1.36582958698273
1.44917571544647
1.00674319267273
0.750762283802032
1.30818557739258
1.86768889427185
1.6539009809494
1.12203121185303
1.05710744857788
1.34428739547729
1.27728366851807
0.639485597610474
-0.0916125699877739
-0.359033137559891
-0.227402806282043
0.102118782699108
0.789241135120392
1.26079273223877
1.30328285694122
1.10063755512238
1.07330119609833
1.29228889942169
1.58749151229858
1.7737945318222
1.41693663597107
0.563419282436371
-0.277469873428345
-0.195312336087227
1.06022727489471
2.39421033859253
2.72744607925415
2.35721707344055
2.17863965034485
2.48424196243286
2.48305344581604
2.02814126014709
1.97495424747467
2.28620219230652
2.14892625808716
1.08399796485901
-0.157130613923073
-0.948398411273956
-1.05135536193848
-1.08017730712891
-1.38667106628418
-1.73283207416534
-1.67607951164246
-1.24092674255371
-1.02431607246399
-0.971277713775635
-1.10469090938568
-1.6546858549118
-2.29738664627075
-2.46794152259827
-2.05046844482422
-1.76403117179871
-1.87382221221924
-2.00872111320496
-1.67399954795837
-1.13678133487701
-0.886000275611877
-0.665972530841827
-0.0844813585281372
0.422429203987122
0.0640856325626373
-0.850641310214996
-1.29946219921112
-0.940227210521698
-0.445796281099319
-0.300943464040756
-0.106469266116619
0.511420845985413
0.965738713741302
0.911214590072632
0.435503095388412
-0.0709617584943771
-0.775317847728729
-1.99416148662567
-3.40718197822571
-4.32829761505127
-4.16546821594238
-3.46883726119995
-2.86565542221069
-2.53167676925659
-1.88734173774719
-0.861932396888733
-0.425591170787811
-1.20631074905396
-2.27896428108215
-2.35250496864319
-1.35339200496674
-0.389786511659622
-0.40731742978096
-0.862080991268158
-0.988214373588562
-0.497646152973175
0.0172870326787233
0.304169893264771
0.456896752119064
0.652410924434662
0.657313644886017
0.36924222111702
0.419755011796951
1.2157769203186
2.09767055511475
2.44828867912292
2.28798484802246
2.2679283618927
2.38306784629822
1.89368808269501
1.1137113571167
0.135694921016693
0.155305773019791
1.0490847826004
1.79875385761261
1.64424419403076
1.12411105632782
1.19572043418884
1.61675930023193
1.85268366336823
1.2882776260376
0.558219432830811
-0.127268642187119
-0.589163422584534
-0.467487066984177
0.395538598299026
1.02962255477905
1.28649485111237
1.32096230983734
1.34770441055298
1.14387047290802
1.1261910200119
1.27550089359283
1.1624413728714
0.603235244750977
-0.162627592682838
0.194378882646561
1.60799384117126
2.94019389152527
3.13734245300293
2.90052652359009
2.7402229309082
2.51885795593262
2.12619543075562
2.02160429954529
2.44531726837158
2.55763387680054
1.8627861738205
0.71896892786026
-0.169461667537689
-0.691526055335999
-0.827167749404907
-0.898777008056641
-1.1783801317215
-1.52974104881287
-1.51978707313538
-1.12727308273315
-0.758529782295227
-0.627196550369263
-1.08270299434662
-1.89313590526581
-2.4254515171051
-2.26782178878784
-1.82108092308044
-1.65230882167816
-1.706090092659
-1.64280045032501
-1.19056260585785
-0.804585576057434
-0.532707989215851
-0.0460025034844875
0.631314396858215
0.636514246463776
-0.170353069901466
-0.868766486644745
-0.757341265678406
-0.226808533072472
-0.08047004789114
-0.204969182610512
-0.0760130360722542
0.488838642835617
0.787012577056885
0.616309106349945
0.228252157568932
-0.270041525363922
-1.02654469013214
-2.41490316390991
-3.72541260719299
-4.19458723068237
-3.63359808921814
-2.80459427833557
-2.42916560173035
-2.06502795219421
-1.29857075214386
-0.463772892951965
-0.582329332828522
-1.41697871685028
-1.951819896698
-1.63373792171478
-1.00841951370239
-0.657652795314789
-0.749912917613983
-0.841727316379547
-0.755855560302734
-0.286086767911911
0.185910567641258
0.551831066608429
0.699358105659485
0.799195110797882
0.754922151565552
0.587487161159515
0.862484633922577
1.68212866783142
2.56446814537048
2.62032914161682
2.13555526733398
1.78612565994263
1.55465829372406
1.19750320911407
0.569064855575562
0.60605800151825
1.53519594669342
2.32676076889038
2.06379723548889
1.35171568393707
1.26866674423218
1.59373140335083
1.70471084117889
1.19393754005432
0.640228390693665
-0.0618991740047932
-0.715891063213348
-0.730004906654358
0.361071050167084
1.63681578636169
1.97079432010651
1.679603099823
1.34369313716888
1.03467381000519
0.783595561981201
1.07627248764038
1.43996453285217
0.946276426315308
-0.245082274079323
-0.453818887472153
0.999463379383087
3.18904376029968
4.1857795715332
3.85150384902954
3.15472483634949
2.84644818305969
2.42436933517456
2.02814126014709
2.28649926185608
2.52955484390259
1.96500027179718
0.74348247051239
-0.206157714128494
-0.735650479793549
-0.642350375652313
-0.341056555509567
-0.509977221488953
-1.19011688232422
-1.70445585250854
-1.49542200565338
-1.03219020366669
-0.907096803188324
-1.23334991931915
-1.71128988265991
-1.96682512760162
-1.94765996932983
-1.73149502277374
-1.41980147361755
-1.23037850856781
-1.4379266500473
-1.63448071479797
-1.3786484003067
-0.768632352352142
-0.0373856201767921
0.448428422212601
0.521969079971313
0.0403149165213108
-0.627196550369263
-0.810825347900391
-0.388449430465698
0.0991474464535713
0.0493775010108948
-0.180752769112587
0.079982303082943
0.598183989524841
0.768441736698151
0.44991409778595
-0.104240767657757
-0.739067494869232
-1.92656350135803
-3.32695579528809
-4.13872575759888
-3.90577292442322
-3.26277494430542
-2.80058312416077
-2.37196731567383
-1.64859461784363
-0.716485321521759
-0.377158313989639
-0.821670770645142
-1.5921391248703
-1.76031696796417
-1.39617931842804
-0.959838032722473
-0.928638994693756
-1.20690500736237
-1.23914396762848
-0.825087785720825
-0.187883973121643
0.278467804193497
0.575453221797943
0.849856436252594
1.01714289188385
0.835593998432159
0.839308202266693
1.57545757293701
2.76815342903137
3.18324947357178
2.39123892784119
1.49404287338257
1.03586232662201
0.817023158073425
0.448725581169128
0.257965564727783
0.912403166294098
1.95772051811218
2.19691324234009
1.38395476341248
0.890860915184021
1.36092686653137
1.92845273017883
1.62864458560944
0.759527683258057
-0.0460025034844875
-0.642796099185944
-0.650670170783997
-0.0743788033723831
1.01298296451569
1.51484227180481
1.29110038280487
1.0385365486145
1.01075446605682
0.983715295791626
0.937213838100433
1.18858921527863
1.14773321151733
0.575750350952148
0.10687293112278
0.688809812068939
2.08578515052795
3.39763164520264
3.60963678359985
3.22306561470032
2.67425918579102
2.27788233757019
1.91448748111725
1.98282825946808
2.35498857498169
2.22157549858093
1.54410994052887
0.615269184112549
-0.102309390902519
-0.532856523990631
-0.444459170103073
-0.455007433891296
-1.0090137720108
-1.67860519886017
-1.70074164867401
-1.08508002758026
-0.74679297208786
-0.843212962150574
-1.30614769458771
-1.75660276412964
-1.99386429786682
-1.8029557466507
-1.37300288677216
-1.11969614028931
-1.38771092891693
-1.98079037666321
-2.04259419441223
-1.41400730609894
-0.604020118713379
-0.165896058082581
0.0887477546930313
0.021744042634964
-0.38755801320076
-0.907691061496735
-0.836527466773987
-0.321148574352264
0.145648911595345
-0.00826648995280266
-0.0565507598221302
0.254102826118469
0.726248681545258
0.944493591785431
0.286341845989227
-0.382803857326508
-1.50507891178131
-2.68871212005615
-3.86625409126282
-4.34746265411377
-3.90963554382324
-3.19814825057983
-2.54727625846863
-2.12148332595825
-1.39662504196167
-0.643538951873779
-0.396917730569839
-1.02476179599762
-1.86891949176788
-2.02506327629089
-1.4920049905777
-1.01257932186127
-1.08225727081299
-1.43257820606232
-1.38681960105896
-0.806071221828461
-0.0247574262320995
0.570401906967163
0.854164898395538
1.02858257293701
0.917305827140808
0.815240323543549
0.607543706893921
1.11742556095123
2.27372241020203
2.97406721115112
2.47369360923767
1.21072566509247
0.327197760343552
0.0994445756077766
0.141786172986031
0.279953479766846
1.12589395046234
1.97792553901672
1.97049725055695
1.16704702377319
1.2671811580658
2.27535676956177
2.71154928207397
1.87214589118958
0.437731623649597
-0.713513970375061
-1.44268071651459
-1.28282272815704
-0.124891579151154
1.35245859622955
1.78270852565765
1.33567047119141
0.989955127239227
0.958756029605865
0.784338414669037
0.722385942935944
0.982675313949585
0.937808096408844
0.276833564043045
-0.263504564762115
0.352157026529312
2.05161476135254
3.42303681373596
3.47458934783936
2.74705696105957
2.15278887748718
1.97228002548218
1.91775596141815
2.18681073188782
2.36687397956848
1.85966622829437
0.896655023097992
0.0967703685164452
-0.361261665821075
-0.428562492132187
-0.328279793262482
-0.50715446472168
-1.04957246780396
-1.45620036125183
-1.31580460071564
-0.793888747692108
-0.624670922756195
-0.996979832649231
-1.66567981243134
-2.13307166099548
-2.16976761817932
-1.86282825469971
-1.4668972492218
-1.40479624271393
-1.75036299228668
-2.11925482749939
-1.91660952568054
-1.05670368671417
-0.330953985452652
5.32619123987388E-5
0.0998902767896652
-0.0635334104299545
-0.515325605869293
-0.801317095756531
-0.487097889184952
0.104495853185654
0.332397609949112
0.121878191828728
0.0211497750133276
0.358396828174591
0.699358105659485
0.414406597614288
-0.444013476371765
-1.39603078365326
-2.37330436706543
-3.48116850852966
-4.3993124961853
-4.46007633209229
-3.61250162124634
-2.70594596862793
-2.11301493644714
-1.59065353870392
-0.768780887126923
-0.197689399123192
-0.454710304737091
-1.2528121471405
-1.86238253116608
-1.80562996864319
-1.61769270896912
-1.59154486656189
-1.72243237495422
-1.60551023483276
-1.06725203990936
-0.296040743589401
0.414258033037186
0.717334687709808
0.941819429397583
1.08147239685059
1.11995124816895
0.928448379039764
1.01491439342499
1.93825817108154
2.74987959861755
2.60101556777954
1.60606241226196
0.74348247051239
0.324523568153381
0.039126381278038
-0.0907211676239967
0.479924649000168
1.57263481616974
2.25574588775635
1.67470037937164
1.13629364967346
1.57441759109497
2.53579473495483
2.45556855201721
1.57605183124542
0.529397428035736
-0.422322690486908
-1.07378888130188
-0.853315532207489
0.495227038860321
1.66786623001099
1.67470037937164
0.97821831703186
0.54306560754776
0.263759672641754
0.115786947309971
0.486313015222549
1.09187209606171
0.946424961090088
0.41084098815918
0.409503877162933
1.47324347496033
3.08801817893982
3.93039298057556
3.76711773872375
2.82891726493835
2.15813732147217
1.84421527385712
2.13837790489197
2.50400137901306
2.21607851982117
1.32690501213074
0.487055867910385
0.0455147624015808
-0.232305511832237
-0.318920075893402
-0.219528749585152
-0.292029440402985
-0.910513818264008
-1.5472719669342
-1.36735725402832
-0.616202592849731
-0.552318811416626
-1.28713119029999
-2.09994125366211
-2.22964000701904
-1.90056419372559
-1.51547861099243
-1.33719825744629
-1.43332099914551
-1.76328837871552
-2.00396680831909
-1.47150278091431
-0.561529934406281
0.106278657913208
0.379196226596832
0.335071831941605
-0.0589278340339661
-0.593769013881683
-0.72227942943573
-0.27776700258255
0.204035744071007
0.235383376479149
-0.0772015750408173
0.0860735476016998
0.539797127246857
0.593429803848267
-0.0703674927353859
-0.830584764480591
-1.63373792171478
-2.74323630332947
-3.96505117416382
-4.45769929885864
-3.85674571990967
-2.97737789154053
-2.36587595939636
-1.99846982955933
-1.24701809883118
-0.469269871711731
-0.182981267571449
-0.558707177639008
-1.25830912590027
-1.64354336261749
-1.5867908000946
-1.4774454832077
-1.62140691280365
-1.91586661338806
-1.82657790184021
-1.22205877304077
-0.386518031358719
0.0955818369984627
0.422280639410019
0.921465754508972
1.31992244720459
1.35825264453888
1.03363382816315
1.16466987133026
2.08340811729431
2.82668876647949
2.42585515975952
1.0780553817749
-0.00306664477102458
-0.49526908993721
-0.176741451025009
0.390190184116364
1.07835245132446
1.72209322452545
2.03230118751526
1.98045122623444
2.10940742492676
2.73873710632324
3.12813115119934
2.69000720977783
1.2902090549469
-0.496011912822723
-1.69301617145538
-1.36067175865173
-0.0192604474723339
1.25217580795288
1.30387711524963
0.869170129299164
0.672467470169067
0.418417900800705
-0.0468939058482647
-0.0351571142673492
0.628640174865723
0.858324766159058
0.540985643863678
0.409206748008728
1.22454237937927
2.66504788398743
3.86413216590881
3.91746759414673
3.14313650131226
2.19795322418213
1.93528687953949
2.14595484733582
2.24906039237976
2.00258779525757
1.48037469387054
1.04670774936676
0.482895970344543
-0.0624934397637844
-0.259938955307007
-0.00618655188009143
-0.00366091285832226
-0.620065331459045
-1.25400066375732
-1.2528121471405
-0.737136125564575
-0.60506010055542
-1.0723032951355
-1.69167900085449
-2.07839894294739
-2.01644659042358
-1.58827638626099
-1.05090963840485
-0.919427812099457
-1.38993954658508
-1.98599028587341
-1.87575352191925
-1.11345636844635
-0.455304563045502
-0.105280734598637
0.176847979426384
0.0927590653300285
-0.449956148862839
-0.772197961807251
-0.598671734333038
-0.0151005713269114
0.0902334228157997
-0.12162309885025
-0.18610118329525
0.160951316356659
0.372510701417923
0.020704073831439
-0.681274950504303
-1.48041677474976
-2.36661887168884
-3.41550183296204
-3.97782778739929
-3.80623292922974
-3.03725028038025
-2.40836620330811
-1.97663056850433
-1.35651195049286
-0.469121277332306
0.161099880933762
0.164219781756401
-0.291286617517471
-0.915416538715363
-1.18357992172241
-1.3556205034256
-1.640869140625
-2.06279945373535
-2.14005422592163
-1.66642260551453
-1.00396239757538
-0.424699753522873
-0.0565507598221302
0.524197578430176
1.13748216629028
1.51246523857117
1.4101026058197
1.46254670619965
2.21489000320435
3.08772110939026
2.90498352050781
1.79281115531921
0.509340882301331
-0.155347809195518
-0.0709617584943771
0.200172990560532
0.707974970340729
1.27951216697693
1.92637288570404
1.83946120738983
1.75878930091858
2.22796392440796
3.08890962600708
3.23688220977783
2.16511988639832
0.393012940883636
-1.07304608821869
-1.2192360162735
-0.31416592001915
1.09826040267944
1.78122293949127
1.54425859451294
0.949247777462006
0.507855236530304
0.0556173175573349
-0.135439828038216
0.252320021390915
0.809297680854797
0.813754677772522
0.505923867225647
0.9334996342659
2.15947437286377
3.57784342765808
4.11045598983765
3.83516144752502
3.11654305458069
2.47413945198059
2.14253783226013
2.02516984939575
1.90185928344727
1.63696432113647
1.2000287771225
0.573670387268066
0.118758283555508
0.150700196623802
0.49671271443367
0.454073995351791
0.0429891236126423
-0.441487818956375
-0.791214525699615
-0.855395436286926
-0.730450630187988
-0.715593934059143
-1.15416371822357
-1.80860126018524
-2.13544869422913
-1.74248898029327
-1.0419956445694
-0.792254507541656
-1.17006039619446
-1.69271898269653
-1.80830419063568
-1.42708122730255
-0.90293687582016
-0.316988706588745
0.186356261372566
0.228252157568932
-0.314611613750458
-0.819739401340485
-0.609219968318939
0.138220563530922
0.621954679489136
0.50919234752655
0.285301893949509
0.392270117998123
0.631165862083435
0.539648592472076
-0.0867098569869995
-1.02312755584717
-1.99252724647522
-2.86446690559387
-3.42144441604614
-3.59526777267456
-3.20869660377502
-2.58887505531311
-1.99356722831726
-1.39365363121033
-0.663149774074554
0.0465547293424606
0.443674296140671
0.202550068497658
-0.559747159481049
-1.28519976139069
-1.52379834651947
-1.48249673843384
-1.61293852329254
-1.86312532424927
-1.98792159557343
-1.6224467754364
-0.958649516105652
-0.134548425674438
0.697723865509033
1.5050368309021
1.93662393093109
1.91731023788452
1.66697490215302
1.82341587543488
2.7720160484314
3.35692429542542
2.78702139854431
1.26628971099854
-0.0584821328520775
-0.292772263288498
0.271485149860382
0.954447627067566
1.38187479972839
1.82044458389282
2.00511336326599
1.8357470035553
1.72521317005157
2.41857528686523
3.34474182128906
3.50757122039795
1.94167530536652
-0.170798778533936
-1.34418082237244
-0.742781698703766
0.60174959897995
1.68554580211639
1.83143854141235
1.4352103471756
0.959201753139496
0.46967351436615
0.117272615432739
0.219932407140732
0.755664944648743
0.96365875005722
0.797857999801636
0.848965048789978
1.46299242973328
2.55941677093506
3.85402965545654
4.55927705764771
4.11922168731689
3.06053328514099
2.47755646705627
2.51113247871399
2.23702645301819
1.69356834888458
1.27847218513489
1.08607792854309
0.759379148483276
0.405344009399414
0.496564149856567
0.825194299221039
0.937362372875214
0.482004582881927
-0.269447267055511
-0.827762007713318
-0.781557679176331
-0.52661669254303
-0.825087785720825
-1.4795253276825
-2.05121111869812
-1.95107698440552
-1.46808576583862
-1.06457781791687
-1.12712442874908
-1.50062191486359
-1.795081615448
-1.80934405326843
-1.33140408992767
-0.487395018339157
0.300158590078354
0.619429051876068
0.220229536294937
-0.362301617860794
-0.495714783668518
-0.137371197342873
0.420943558216095
0.602938115596771
0.57753312587738
0.529843151569366
0.640228390693665
0.57693886756897
0.266433864831924
-0.529588043689728
-1.54147779941559
-2.44669651985168
-3.27644324302673
-3.66390585899353
-3.69495630264282
-3.07201504707336
-2.22072601318359
-1.56316864490509
-0.815579533576965
-0.0369399189949036
0.710203468799591
0.705449342727661
0.0330351330339909
-0.715296804904938
-1.15059804916382
-1.3055534362793
-1.63537216186523
-1.88035917282104
-2.05180549621582
-1.92195785045624
-1.61293852329254
-0.970831990242004
0.0438805222511292
1.03303956985474
1.83099281787872
2.23464941978455
2.13080096244812
1.90096783638
2.27966523170471
3.10346913337708
3.04062533378601
1.78508567810059
0.223646581172943
-0.665526866912842
-0.237802490592003
0.64602255821228
1.24133050441742
1.38425195217133
1.60769665241241
1.83470702171326
1.62701034545898
1.54604136943817
2.35617709159851
3.55897545814514
3.39882040023804
1.44516432285309
-0.411180168390274
-0.738918960094452
0.224240854382515
1.03898227214813
1.47398638725281
1.16778981685638
0.805732071399689
0.367905139923096
0.198687329888344
0.0614114291965961
0.23285773396492
0.550196826457977
0.892049491405487
0.926814138889313
0.810486197471619
1.42139363288879
2.98624968528748
4.47919940948486
4.40491580963135
3.43521928787231
2.76889634132385
2.70857810974121
2.3436975479126
1.4622495174408
0.968115746974945
1.0398736000061
0.907648980617523
0.282479107379913
0.142083302140236
0.828908503055573
1.3310649394989
0.776761472225189
-0.267961591482162
-1.06918334960938
-1.20645928382874
-1.00916230678558
-0.99074000120163
-1.28757679462433
-1.5558887720108
-1.65067458152771
-1.600013256073
-1.34522080421448
-1.24582946300507
-1.39068233966827
-1.901158452034
-2.21047496795654
-2.04140567779541
-1.09919393062592
-0.0956238806247711
0.282479107379913
0.126335203647614
-0.207049116492271
-0.357101768255234
-0.422619819641113
-0.255779087543488
0.0703254491090775
0.415743708610535
0.538162887096405
0.311746805906296
0.159911349415779
-0.0280258990824223
-0.468378454446793
-1.43376672267914
-2.57104706764221
-3.34047555923462
-3.57149720191956
-3.40569639205933
-2.97574353218079
-2.47967839241028
-2.02952027320862
-1.5209755897522
-0.78631180524826
0.0446233600378036
0.343094438314438
0.0981074720621109
-0.41251727938652
-0.923884868621826
-1.41579020023346
-1.74085474014282
-1.91304385662079
-2.02090358734131
-2.18165302276611
-2.29203820228577
-1.91764938831329
-1.02119624614716
0.153671532869339
1.18992626667023
2.04671216011047
2.42451786994934
2.24861454963684
1.94212090969086
2.10361337661743
2.43610620498657
2.03363823890686
0.659839272499084
-0.780220568180084
-1.17540872097015
-0.0523908846080303
1.35379564762115
2.00704479217529
2.04210662841797
2.03155827522278
2.16853713989258
1.87942564487457
1.52375626564026
2.0689971446991
2.95490217208862
2.67945885658264
0.763984739780426
-0.703411459922791
-0.674886584281921
0.390190184116364
1.09410059452057
1.050421833992
0.492849975824356
-0.010940695181489
-0.146730929613113
-0.0861155912280083
-0.0537279881536961
0.100781679153442
0.393755793571472
0.728180050849915
1.09083211421967
1.36969232559204
1.89621376991272
2.81524920463562
3.87720608711243
4.10897064208984
3.52643942832947
2.63652300834656
2.03631234169006
1.50771105289459
0.972721338272095
0.73887687921524
0.647062480449677
0.429263293743134
0.121581062674522
0.392418682575226
0.763984739780426
0.745116710662842
0.228252157568932
-0.534936487674713
-1.23542976379395
-1.4649658203125
-1.24181818962097
-1.10290801525116
-1.3661687374115
-1.76937961578369
-1.95746541023254
-1.86594808101654
-1.72243237495422
-1.74605453014374
-1.93324899673462
-2.10187244415283
-1.99787557125092
-1.48873651027679
-0.7570441365242
-0.108400642871857
0.105090126395226
-0.15802201628685
-0.656464278697968
-0.876937687397003
-0.6780064702034
-0.221608683466911
0.13762629032135
0.297335803508759
0.317838042974472
0.204035744071007
-0.102160826325417
-0.701182901859283
-1.39736783504486
-2.17556166648865
-2.95108151435852
-3.46452903747559
-3.4545750617981
-3.05641531944275
-2.52662563323975
-2.11539220809937
-1.69108474254608
-1.05774366855621
-0.135736972093582
0.527614653110504
0.365825176239014
-0.286978155374527
-1.05789232254028
-1.56420862674713
-1.93295180797577
-2.17467021942139
-2.39306378364563
-2.60180044174194
-2.66969561576843
-2.38058423995972
-1.59392201900482
-0.52171403169632
0.603383779525757
1.64454126358032
2.30343580245972
2.36568546295166
2.0563690662384
2.1071789264679
2.42243814468384
2.33894348144531
1.30313432216644
-0.0760130360722542
-0.983608782291412
-0.582775056362152
0.630125880241394
1.49820280075073
1.71986472606659
1.67574036121368
1.79890239238739
1.71674478054047
1.16868114471436
1.02546262741089
2.10599040985107
3.07479572296143
2.1474404335022
0.0823593735694885
-0.774426460266113
-0.0468939058482647
0.818805932998657
0.884472548961639
0.453628271818161
0.00896728131920099
-0.185358345508575
-0.133508458733559
0.0135728577151895
0.313826739788055
0.400144159793854
0.625966012477875
1.09870612621307
1.50310552120209
1.56446361541748
2.1499662399292
3.44145894050598
4.30849599838257
3.87631464004517
2.91256046295166
2.44932866096497
2.12188696861267
1.41203391551971
0.676924467086792
0.539202868938446
0.473536252975464
0.191110417246819
0.164962619543076
0.82668000459671
1.21755969524384
0.68450140953064
-0.411180168390274
-1.28609120845795
-1.69925594329834
-1.52468979358673
-1.14004981517792
-1.15654075145721
-1.37003147602081
-1.69658172130585
-1.71589541435242
-1.60922431945801
-1.41059029102325
-1.51399290561676
-1.83846318721771
-1.99624133110046
-1.80770981311798
-1.24300670623779
-0.635367751121521
-0.204969182610512
-0.12830862402916
-0.322782814502716
-0.716188192367554
-0.841875851154327
-0.596591770648956
-0.00276951096020639
0.49151286482811
0.661622047424316
0.4212406873703
0.0165441986173391
-0.42455118894577
-1.03842997550964
-1.82538938522339
-2.679203748703
-3.04898715019226
-3.00575399398804
-2.75185298919678
-2.4967634677887
-2.34656238555908
-2.09964394569397
-1.81290972232819
-1.14851808547974
-0.415488600730896
0.0211497750133276
-0.200215041637421
-0.830139100551605
-1.41281878948212
-1.85317134857178
-2.2278573513031
-2.35072231292725
-2.13188314437866
-2.12757468223572
-2.51280879974365
-2.71248292922974
-1.73491203784943
-0.0148034365847707
1.59907972812653
2.29169917106628
2.45111155509949
2.21860408782959
1.86546039581299
1.72699594497681
2.07196855545044
2.0181872844696
0.902449131011963
-0.518891215324402
-0.951964020729065
0.17402520775795
1.17194962501526
1.4517012834549
1.3548356294632
1.54203009605408
1.59967398643494
1.08488941192627
0.392567247152328
1.17373251914978
2.82832312583923
3.18458676338196
1.34666442871094
-0.371958494186401
-0.699697256088257
-0.0442197024822235
0.26717671751976
0.304021328687668
0.204630002379417
0.0141671262681484
-0.0562536269426346
0.0458118952810764
0.356019765138626
0.346808612346649
0.38424751162529
0.760567665100098
1.26955819129944
1.2125084400177
1.17090976238251
2.28204226493835
3.85521817207336
4.51916408538818
3.85388088226318
3.06929874420166
2.40980982780457
1.57263481616974
0.67484450340271
0.386476010084152
0.390041619539261
0.0562115833163261
-0.264841675758362
0.292581677436829
1.09395205974579
1.1478818655014
0.521523416042328
-0.204820618033409
-0.719308078289032
-1.23840117454529
-1.34492373466492
-1.49943339824677
-1.68439924716949
-2.07067346572876
-2.37969279289246
-2.32873439788818
-1.9801961183548
-1.60120177268982
-1.72674083709717
-1.85168564319611
-1.79597306251526
-1.38488817214966
-0.940227210521698
-0.579209446907043
-0.493931978940964
-0.542216241359711
-0.73163914680481
-0.833258986473083
-0.61025995016098
-0.0575907304883003
0.610366463661194
0.765767514705658
0.490324318408966
0.0239725466817617
-0.360221683979034
-0.897588491439819
-1.72213530540466
-2.6732611656189
-3.3386926651001
-3.45056366920471
-3.33185863494873
-3.02031373977661
-2.68633508682251
-2.28772974014282
-1.83445191383362
-1.17288315296173
-0.300349205732346
0.178482219576836
-0.181644171476364
-0.822562158107758
-1.296342253685
-1.66315424442291
-2.33735108375549
-2.9709894657135
-3.10306549072266
-2.7892918586731
-2.49750638008118
-2.47685551643372
-2.13485431671143
-1.1691689491272
0.179076477885246
1.46135818958282
2.17849111557007
2.39599299430847
2.12589836120605
1.88804256916046
1.83366703987122
1.81286764144897
1.20359444618225
-0.16738173365593
-1.27346301078796
-1.2152247428894
-0.0668018832802773
0.824600040912628
1.16303563117981
1.34012746810913
1.59061145782471
1.65627801418304
0.877044200897217
0.44783416390419
1.62567329406738
3.02294588088989
2.69238424301147
0.73308277130127
-0.426928251981735
-0.723765134811401
-0.530628025531769
-0.645024597644806
-0.207940518856049
0.0444747917354107
-0.0301058366894722
-0.241813793778419
0.039126381278038
0.260491192340851
0.0141671262681484
-0.105132170021534
0.31085541844368
1.05071902275085
1.06780421733856
1.35617280006409
2.24712896347046
3.8102023601532
4.37223100662231
4.023841381073
2.98520970344543
1.85298073291779
0.926814138889313
0.30832976102829
0.048188965767622
-0.350861966609955
-0.419054210186005
0.0468518622219563
1.03883361816406
1.17937803268433
0.766956090927124
0.208344176411629
-0.0878983959555626
-0.879314720630646
-1.6863306760788
-1.96444809436798
-2.00203537940979
-2.11880922317505
-2.65216469764709
-2.67043828964233
-2.3490879535675
-1.75675141811371
-1.71738111972809
-1.75244295597076
-1.66003429889679
-1.45976603031158
-1.38830530643463
-1.21225333213806
-0.7613525390625
-0.403751820325851
-0.330805420875549
-0.618282556533813
-0.625413775444031
-0.290543764829636
0.233452007174492
0.417526513338089
0.316946655511856
-0.0271344967186451
-0.566284120082855
-1.14227831363678
-1.87441647052765
-2.59140062332153
-3.17378330230713
-3.18685722351074
-2.94216728210449
-2.67311263084412
-2.63775372505188
-2.47195291519165
-1.94929420948029
-1.29485666751862
-0.688851892948151
-0.430642426013947
-0.514731347560883
-1.03813290596008
-1.33021557331085
-1.66523408889771
-1.97529339790344
-2.47002148628235
-2.73640203475952
-2.71515703201294
-2.67430114746094
-2.73506498336792
-2.69361472129822
-1.95404839515686
-0.67340087890625
0.645873963832855
1.42540490627289
1.89398527145386
2.08548808097839
2.0709285736084
1.73962414264679
1.45021569728851
1.00674319267273
0.212504059076309
-0.880800426006317
-1.06457781791687
0.181156426668167
1.34042465686798
1.74957811832428
1.40653693675995
1.49983704090118
1.53237318992615
1.19245195388794
0.400441288948059
0.72357451915741
2.21043300628662
2.92400026321411
1.90349352359772
0.416635096073151
-0.0633848458528519
-0.180604204535484
-0.586489200592041
-0.982123076915741
-0.818402290344238
-0.617688298225403
-0.622591018676758
-0.395580619573593
0.327346354722977
0.543362736701965
0.128415137529373
0.0862221121788025
0.637405633926392
1.12901377677917
1.29332888126373
2.18012523651123
3.68674302101135
4.74602556228638
4.35737466812134
3.36108422279358
