% Type: Timesignal
% Date: 11-DEC-24 13:54:35
% NoOfItems: = 4096
% Unit_Y: = mm/s
% Unit_X: = Sec
% Min_X: = 0
% Max_X: = 1.60000002384186
% MinDisplay_X: = 0
% MaxDisplay_X: = 1.60000002384186
-1.64140129089355
-1.91726672649384
-2.12485194206238
-2.31564927101135
-2.53178977966309
-2.57004594802856
-2.47948980331421
-2.23929810523987
-2.47093462944031
-2.84365153312683
-3.19812822341919
-3.0212128162384
-1.81815528869629
0.16552546620369
1.94049119949341
2.47059202194214
2.36179542541504
2.1906909942627
2.17745471000671
1.40926051139832
0.0811032131314278
-1.08708763122559
-1.30435788631439
-0.731319725513458
0.0386499539017677
0.779241323471069
1.32532250881195
1.72128391265869
1.75760316848755
1.62895214557648
1.17149007320404
0.426863163709641
-0.517439246177673
-0.316310912370682
1.3350076675415
2.88673067092896
2.8944787979126
1.83573007583618
1.11676895618439
0.81217086315155
0.236065655946732
-0.512273848056793
-0.259329915046692
0.797804534435272
1.40554785728455
1.08270943164825
0.672704637050629
0.608782649040222
0.673834562301636
0.921613097190857
1.53597462177277
2.33451557159424
2.85331678390503
3.73595714569092
4.5462818145752
4.49026918411255
3.15307235717773
1.70401203632355
0.942436158657074
0.331787258386612
-0.463040977716446
-0.912593483924866
0.215242579579353
1.8224937915802
2.38100433349609
1.85849022865295
1.68496453762054
1.97212934494019
1.81087160110474
0.780532658100128
-0.526155889034271
-1.36263024806976
-1.8036276102066
-2.16956496238708
-2.34325194358826
-2.11371397972107
-1.90354609489441
-1.99813771247864
-2.17602181434631
-1.72711491584778
-1.03753197193146
-0.723571598529816
-0.997822821140289
-1.30161380767822
-1.25738489627838
-1.06368184089661
-0.823005855083466
-0.471111923456192
0.173112168908119
0.563423812389374
0.555030047893524
0.280455946922302
0.220730841159821
0.13324162364006
-0.263203978538513
-0.989267647266388
-1.59717237949371
-1.87368357181549
-2.0639967918396
-2.06738662719727
-1.85964000225067
-1.27094411849976
-0.674338757991791
-0.225270465016365
-0.0822530388832092
-0.190888166427612
-0.560538172721863
-0.997984290122986
-1.39426839351654
-1.67207098007202
-1.98667693138123
-2.42686724662781
-2.72500848770142
-2.68659067153931
-2.36811065673828
-2.23042011260986
-2.38554382324219
-2.73630785942078
-2.89885687828064
-2.78941464424133
-2.00459456443787
-0.271274954080582
1.60296356678009
2.60408568382263
2.54742741584778
2.27947163581848
2.20877003669739
1.89174258708954
0.799418747425079
-0.467560708522797
-1.18232500553131
-1.03946900367737
-0.439958035945892
0.368590831756592
1.14146602153778
1.60764479637146
1.81700551509857
1.82572209835052
1.76470565795898
1.3359762430191
0.40200462937355
-0.229790210723877
0.964227735996246
2.77486705780029
3.43281197547913
2.44379639625549
1.40264236927032
0.785698115825653
0.143249616026878
-0.642377734184265
-0.504687130451202
0.692882061004639
1.62378668785095
1.52225399017334
0.90966808795929
0.60248726606369
0.525651752948761
0.674641668796539
1.35873627662659
2.49545049667358
2.95162129402161
3.16889142990112
3.9503219127655
4.72852373123169
4.0610556602478
2.34113359451294
1.14663147926331
0.743729114532471
0.247526422142982
-0.514533698558807
-0.247546315193176
1.22976231575012
2.62135744094849
2.68285822868347
2.10756015777588
1.95679450035095
2.04137825965881
1.49206864833832
0.2124984562397
-0.961987793445587
-1.61315286159515
-1.97376346588135
-2.32791709899902
-2.37295317649841
-2.05269742012024
-1.74987494945526
-1.71420133113861
-1.61428284645081
-1.15585231781006
-0.656905472278595
-0.618810534477234
-1.03010666370392
-1.47029685974121
-1.46916699409485
-1.08918607234955
-0.615582168102264
-0.0580401569604874
0.500954627990723
0.786182343959808
0.570364892482758
0.238325536251068
0.140182644128799
-0.110985659062862
-0.704846978187561
-1.39055585861206
-1.7842572927475
-2.12097787857056
-2.38199257850647
-2.14131665229797
-1.3697327375412
-0.546817541122437
-0.124706290662289
-0.0338272750377655
-0.107434436678886
-0.27627894282341
-0.551498711109161
-0.823974370956421
-1.27352690696716
-1.79604089260101
-2.26480221748352
-2.44026494026184
-2.39280772209167
-2.29192066192627
-2.18812823295593
-2.09886336326599
-2.29595613479614
-2.85430526733398
-3.24493980407715
-2.89901852607727
-1.32243692874908
0.7127366065979
2.06446123123169
2.289963722229
2.08463859558105
2.04961061477661
2.10191035270691
1.48399758338928
0.282070130109787
-0.823974370956421
-1.14180874824524
-0.772804439067841
-0.0428667515516281
0.792800545692444
1.38343346118927
1.82039535045624
1.98181450366974
2.14016675949097
1.94646370410919
1.25526666641235
0.218632385134697
-0.483702629804611
0.590058028697968
2.39601612091064
3.31852698326111
2.45783972740173
1.33323204517365
0.424603313207626
-0.0690166652202606
-0.715339243412018
-0.535195350646973
0.464312434196472
1.30692076683044
1.21345901489258
0.688523709774017
0.684488236904144
1.06785893440247
1.54469132423401
2.14839911460876
2.82248592376709
2.99375152587891
3.22587251663208
3.70044493675232
3.84814357757568
3.04395294189453
1.76583564281464
1.02524423599243
0.720646142959595
0.200230598449707
-0.326157480478287
0.511285424232483
2.12773752212524
2.81699752807617
1.94823932647705
1.31935000419617
1.51499009132385
1.60102653503418
0.770524680614471
-0.458844065666199
-1.16957294940948
-1.59507393836975
-2.05495738983154
-2.34535050392151
-1.99442505836487
-1.46561574935913
-1.33002364635468
-1.61718833446503
-1.55358922481537
-1.03430354595184
-0.616389214992523
-0.823167264461517
-1.41073322296143
-1.72695350646973
-1.49773812294006
-0.957145214080811
-0.536486744880676
-0.0223665088415146
0.407977133989334
0.658984005451202
0.373433411121368
-0.0223665088415146
-0.25093612074852
-0.4544857442379
-0.706299722194672
-1.20330953598022
-1.75148916244507
-2.27868437767029
-2.3256573677063
-1.75617039203644
-1.00363397598267
-0.490805089473724
-0.27062925696373
-0.0814459398388863
0.0799732729792595
0.0028148889541626
-0.434631198644638
-1.10355246067047
-1.74680805206299
-2.2086284160614
-2.52920699119568
-2.74034333229065
-2.80168271064758
-2.58360528945923
-2.29208207130432
-2.26399517059326
-2.74454021453857
-3.2447783946991
-3.24445557594299
-2.27497172355652
-0.508076965808868
1.09852850437164
1.87786054611206
1.99876356124878
1.99601936340332
1.97099947929382
1.5877902507782
0.68222838640213
-0.280153006315231
-0.744878947734833
-0.651094377040863
-0.222042083740234
0.387154042720795
1.10417819023132
1.71821689605713
2.14048957824707
2.38374829292297
2.32822012901306
1.7301619052887
0.663826584815979
-0.310822665691376
-0.257715731859207
1.20248258113861
2.69641733169556
2.86138772964478
1.79876506328583
0.576821625232697
-0.200734749436378
-0.450773119926453
-0.337295413017273
0.292239546775818
0.874478697776794
0.898530125617981
0.520486295223236
0.604908585548401
1.22604978084564
1.68060624599457
2.00247621536255
2.5509786605835
3.14613127708435
3.2215142250061
3.35985040664673
3.52207660675049
3.20973062515259
2.0279803276062
0.831218302249908
0.519517779350281
0.536951065063477
0.295145094394684
0.445426374673843
1.67334234714508
2.88156533241272
2.75969362258911
1.81442272663116
1.4885174036026
1.58601462841034
1.20603370666504
0.051079235970974
-0.971027255058289
-1.48966717720032
-1.87142372131348
-2.17327761650085
-2.17392325401306
-1.59894800186157
-1.23833751678467
-1.26626300811768
-1.37215399742126
-1.03559494018555
-0.719051837921143
-0.933900833129883
-1.42074120044708
-1.76262712478638
-1.76181995868683
-1.60992455482483
-1.22493970394135
-0.583136856555939
0.0841701775789261
0.317582368850708
0.224604889750481
0.00475191976875067
-0.132293000817299
-0.374744653701782
-0.660940945148468
-0.914046287536621
-1.38361477851868
-1.98328721523285
-2.35503554344177
-1.90822720527649
-1.05754792690277
-0.420426309108734
-0.264495342969894
-0.244479358196259
-0.156828716397285
-0.150371953845024
-0.415745139122009
-0.818808913230896
-1.40282368659973
-2.17327761650085
-2.64591312408447
-2.72290992736816
-2.48481678962708
-2.48417091369629
-2.52597856521606
-2.42799711227417
-2.39522910118103
-2.82605695724487
-3.40458345413208
-3.09982395172119
-1.50306499004364
0.539372384548187
1.67705500125885
1.7945681810379
1.61248731613159
1.713374376297
1.82136380672455
1.36470878124237
0.436548322439194
-0.349079012870789
-0.58329826593399
-0.285479843616486
0.299826264381409
0.939046382904053
1.37068140506744
1.58649885654449
1.7863358259201
1.90869164466858
1.71079158782959
0.958900928497314
-0.161509871482849
-0.673531651496887
0.659306824207306
2.6791455745697
3.40117359161377
2.26349115371704
0.738725125789642
-0.171840712428093
-0.35182312130928
-0.534549713134766
-0.20719151198864
0.567620754241943
1.36826002597809
1.22621119022369
0.896915972232819
1.04816579818726
1.44509565830231
1.56825852394104
1.79811942577362
2.64799165725708
3.28075504302979
3.3553307056427
3.08253216743469
2.80537533760071
2.27672743797302
1.30466091632843
0.460115522146225
0.249140620231628
0.251400500535965
0.46415102481842
1.42879223823547
2.79165482521057
3.23410487174988
2.55582118034363
2.06010293960571
1.90158915519714
1.51902556419373
0.446717739105225
-0.613160848617554
-1.27449536323547
-1.76908385753632
-2.16036415100098
-2.21573090553284
-1.74212682247162
-1.41896557807922
-1.27659380435944
-1.22978222370148
-0.988137722015381
-0.843344628810883
-1.09838700294495
-1.47513949871063
-1.70354771614075
-1.75568604469299
-1.83074605464935
-1.77263510227203
-1.10726511478424
-0.192179530858994
0.331464409828186
0.259794294834137
0.00168495450634509
-0.0775718837976456
-0.277570307254791
-0.500974476337433
-0.591530680656433
-0.764087796211243
-1.53228187561035
-2.33324408531189
-2.17876577377319
-1.23559331893921
-0.424461781978607
-0.335035532712936
-0.320184975862503
-0.0504534542560577
0.225896254181862
-0.118088103830814
-0.949397087097168
-1.70435476303101
-2.40604400634766
-2.91225481033325
-3.23202633857727
-3.20313215255737
-2.89482140541077
-2.46431636810303
-2.1708562374115
-2.21476244926453
-2.6129834651947
-3.09546566009521
-3.10660362243652
-2.17586040496826
-0.623491704463959
0.804584145545959
1.48367476463318
1.66607856750488
1.5772979259491
1.46446597576141
1.13274943828583
0.394740760326385
-0.376358866691589
-0.81073796749115
-0.708721041679382
-0.145206540822983
0.389575332403183
0.901919960975647
1.32386982440948
1.80231630802155
2.32160186767578
2.39133501052856
1.93952262401581
0.8660848736763
-0.140848219394684
0.100796356797218
1.40280377864838
2.65315699577332
2.43604826927185
1.08803629875183
-0.199281975626945
-0.497907519340515
-0.202026098966599
0.205234587192535
0.604585766792297
0.772946000099182
0.683681130409241
0.423796206712723
0.655594229698181
1.00183844566345
1.11741459369659
1.16115915775299
1.85945880413055
2.61118793487549
2.7879421710968
2.5621166229248
2.55840396881104
2.33499979972839
1.42927658557892
0.479162991046906
0.332110106945038
0.784245312213898
1.02814972400665
1.49223005771637
2.40198874473572
3.15807628631592
2.93757772445679
2.32095623016357
1.91062867641449
1.57939636707306
0.907085359096527
-0.122607842087746
-0.931640982627869
-1.61040878295898
-2.05221319198608
-2.32969284057617
-2.15245461463928
-1.85382902622223
-1.53954577445984
-1.27304255962372
-1.08967041969299
-1.02542555332184
-1.16101765632629
-1.43607604503632
-1.86528968811035
-2.19668340682983
-2.23461699485779
-1.98086583614349
-1.48369467258453
-0.757469654083252
-0.147789239883423
0.268026679754257
0.202490463852882
-0.0473864898085594
-0.307755678892136
-0.371839106082916
-0.210258483886719
-0.457229882478714
-1.24850690364838
-2.20523858070374
-2.32759428024292
-1.68046474456787
-0.846411645412445
-0.396052002906799
-0.303235948085785
-0.0343115329742432
0.24801068007946
0.213628396391869
-0.326480329036713
-1.19297873973846
-2.17198634147644
-2.98069643974304
-3.28384184837341
-3.18569898605347
-3.16987991333008
-2.96859002113342
-2.58844780921936
-2.23865246772766
-2.52468729019165
-3.20603775978088
-3.56826257705688
-2.95535373687744
-1.54874658584595
-0.13874976336956
0.877868473529816
1.20409667491913
1.23718762397766
1.11224913597107
1.00861799716949
0.505797147750854
-0.278377383947372
-0.834466576576233
-0.748107314109802
-0.0993634760379791
0.518226444721222
0.926455676555634
1.22217571735382
1.67527937889099
2.10756015777588
2.3267674446106
2.0108699798584
1.26285326480865
0.200876265764236
-0.251097530126572
0.818627595901489
2.50093865394592
2.947101354599
1.57616806030273
0.0107244309037924
-0.646897494792938
-0.386366844177246
-0.293550789356232
-0.0916153565049171
0.234451472759247
0.755351305007935
0.85155713558197
0.915479123592377
1.09756004810333
1.12774538993835
1.04768145084381
1.39828407764435
2.36825203895569
2.77535128593445
2.63653087615967
2.22329759597778
2.03266167640686
1.46850144863129
0.774075925350189
0.708862543106079
1.27721965312958
1.66268873214722
1.79957222938538
2.31369233131409
3.1942343711853
3.52869486808777
2.74904012680054
1.83201742172241
1.44993817806244
1.33936607837677
0.588605225086212
-0.534549713134766
-1.38700461387634
-1.63300752639771
-1.69870507717133
-1.91662108898163
-2.038654088974
-1.8756206035614
-1.32970070838928
-0.953271150588989
-0.829139769077301
-0.901939809322357
-0.978775382041931
-1.30242097377777
-1.91161704063416
-2.28401112556458
-2.15794277191162
-1.66900396347046
-1.0998398065567
-0.427367329597473
0.152611926198006
0.340826719999313
0.0455909818410873
-0.349079012870789
-0.46578511595726
-0.229628786444664
-0.0812845230102539
-0.733902454376221
-1.81105291843414
-2.30612564086914
-1.76004445552826
-0.861907839775085
-0.318409353494644
-0.167805224657059
0.0898198485374451
0.525328874588013
0.704988479614258
0.212821289896965
-0.794111788272858
-1.83833277225494
-2.6777126789093
-3.2007110118866
-3.4607572555542
-3.50385618209839
-3.16794276237488
-2.53792357444763
-2.09256792068481
-2.17795872688293
-2.72662258148193
-3.26334166526794
-3.19958090782166
-2.31871628761292
-0.857065320014954
0.451076060533524
1.12580835819244
1.2091007232666
1.13226521015167
1.13533210754395
0.933396697044373
0.394740760326385
-0.246093541383743
-0.514210879802704
-0.33471268415451
0.211691364645958
0.785698115825653
1.27608966827393
1.61813700199127
1.90836882591248
2.31482243537903
2.52934861183167
2.2436363697052
1.17487978935242
0.238002687692642
0.62783008813858
1.88609290122986
2.4694619178772
1.55776619911194
0.136792838573456
-0.594920456409454
-0.373776137828827
-0.0281776003539562
0.264152616262436
0.700953006744385
1.14340305328369
1.02847266197205
0.679484248161316
0.650590240955353
0.910152316093445
0.833962440490723
0.956963896751404
1.87931334972382
2.83749771118164
2.83346223831177
2.11869812011719
1.80134785175323
1.75146925449371
1.30159389972687
0.88061261177063
0.988763451576233
1.43734753131866
1.56809711456299
2.02555918693542
3.00601935386658
3.45847749710083
2.8776912689209
2.12919020652771
1.87511646747589
1.69707095623016
0.989570558071136
-0.00767735997214913
-0.599763035774231
-0.781843960285187
-1.11130058765411
-1.72759914398193
-2.12485194206238
-1.97408628463745
-1.4610960483551
-1.01331913471222
-0.712433695793152
-0.651094377040863
-0.886120736598969
-1.54729390144348
-2.28223562240601
-2.58699512481689
-2.46108818054199
-2.1918408870697
-1.71888244152069
-0.96360194683075
-0.246416389942169
0.211045682430267
0.232353016734123
-0.0196223817765713
-0.318086504936218
-0.327933102846146
-0.149887695908546
-0.43479260802269
-1.41396164894104
-2.27125906944275
-2.14180088043213
-1.30855488777161
-0.635436713695526
-0.270144999027252
-0.0980721265077591
0.294176578521729
0.53630542755127
0.404425919055939
-0.0611071214079857
-0.995724380016327
-2.08481979370117
-3.19183278083801
-3.56374263763428
-3.5445339679718
-3.43557596206665
-3.26140451431274
-2.74954414367676
-2.1623010635376
-2.28998374938965
-3.03331923484802
-3.55696320533752
-2.98989748954773
-1.63365316390991
-0.28709402680397
0.569396376609802
0.834123849868774
0.906278252601624
0.995865941047668
0.997802972793579
0.707732617855072
0.210722848773003
-0.139395445585251
-0.198797717690468
0.160360053181648
0.553254425525665
0.695787608623505
0.85155713558197
1.05236268043518
1.71159875392914
2.33516120910645
2.45670986175537
1.97261357307434
0.889813482761383
0.486104041337967
1.05607533454895
2.09900498390198
2.03475999832153
0.836706578731537
-0.365705192089081
-0.675952911376953
-0.21413254737854
0.147930771112442
0.612495303153992
0.991668999195099
1.32193279266357
1.08383941650391
0.787635147571564
0.574238896369934
0.470284938812256
0.411366939544678
1.20102977752686
2.34872031211853
2.75501251220703
2.00538182258606
1.28464496135712
1.3797208070755
1.33936607837677
1.14324164390564
1.06689035892487
1.5148286819458
1.80909597873688
1.91821539402008
2.5177264213562
3.15032815933228
2.95936942100525
2.1906909942627
1.92596352100372
1.93790853023529
1.52515959739685
0.676901519298553
0.149544954299927
-0.11146991699934
-0.587172329425812
-1.36037039756775
-1.79119825363159
-1.84495091438293
-1.83268308639526
-1.68821287155151
-1.29547989368439
-0.843344628810883
-0.988137722015381
-1.52582514286041
-2.16665935516357
-2.49934434890747
-2.57166028022766
-2.44462323188782
-2.02929162979126
-1.29096019268036
-0.484025478363037
-0.0971036106348038
0.0328388623893261
-0.0682095661759377
-0.323251932859421
-0.449643194675446
-0.178943157196045
-0.0607842840254307
-0.769576072692871
-1.73082756996155
-2.00604724884033
-1.2891845703125
-0.59782600402832
-0.258199989795685
-0.120186552405357
0.372464895248413
0.809426724910736
0.578758656978607
-0.0719222128391266
-1.10645794868469
-2.11226105690002
-3.20652198791504
-3.75550889968872
-3.88819527626038
-3.73791408538818
-3.37875628471375
-2.76713895797729
-2.09611916542053
-1.92017221450806
-2.34066939353943
-2.83977746963501
-2.71596908569336
-1.95907425880432
-1.02042150497437
-0.275149017572403
0.180698871612549
0.352610349655151
0.601518750190735
0.704665660858154
0.586345374584198
0.113064214587212
-0.156344458460808
-0.13681273162365
0.181828796863556
0.622826099395752
0.812655091285706
1.0099093914032
1.28238499164581
1.79876506328583
2.26010131835938
2.39601612091064
2.00957870483398
0.996995866298676
0.309188574552536
0.62589305639267
1.56422305107117
1.95469605922699
1.47689521312714
0.760193884372711
0.259632855653763
0.24671933054924
0.167946755886078
0.473674744367599
0.896108865737915
1.11224913597107
0.639936566352844
0.23590424656868
0.360035628080368
0.683035492897034
0.679322838783264
0.664149403572083
1.35873627662659
2.24299073219299
2.26542806625366
1.54711258411407
1.2433215379715
1.28706622123718
1.34888970851898
1.18424212932587
1.23121511936188
1.58407759666443
2.13435578346252
2.54855728149414
2.82587552070618
2.89431738853455
2.67478728294373
2.56905770301819
2.21102976799011
1.7945681810379
1.26866436004639
0.892396211624146
0.237679854035378
-0.658842504024506
-1.38458335399628
-1.68046474456787
-1.67852771282196
-1.89612078666687
-1.87142372131348
-1.36989414691925
-0.494840562343597
-0.459812581539154
-1.43236339092255
-2.37715005874634
-2.58844780921936
-2.52888417243958
-2.50757670402527
-2.31371235847473
-1.66706693172455
-0.758922398090363
-0.229951620101929
-0.0950051546096802
-0.0754734352231026
0.00120069680269808
-0.180880188941956
-0.172324970364571
-0.0940366387367249
-0.376197427511215
-1.24140441417694
-2.03526425361633
-1.95051908493042
-1.3246967792511
-0.560053944587708
-0.259652763605118
0.220569416880608
0.751154363155365
1.04267752170563
0.777142882347107
-0.123092100024223
-1.46739137172699
-2.99490141868591
-3.80506443977356
-3.88900256156921
-3.65575170516968
-3.36664986610413
-2.80281257629395
-2.01218128204346
-1.55859327316284
-1.90257751941681
-2.56972312927246
-2.86786460876465
-2.47222590446472
-1.75665462017059
-0.844313144683838
0.000555019942112267
0.47932443022728
0.614916563034058
0.59780615568161
0.588282406330109
0.368752270936966
0.231223076581955
0.117099694907665
0.143733873963356
0.247365012764931
0.378598839044571
0.571333348751068
0.838805019855499
1.18504929542542
1.68980717658997
2.19730925559998
2.3356454372406
1.79085552692413
0.923388719558716
0.952121317386627
1.91304993629456
2.55436849594116
1.92741620540619
0.784083902835846
0.00523617723956704
-0.11211559176445
-0.0406068824231625
0.213628396391869
0.715642154216766
1.03928768634796
1.00571250915527
0.799095869064331
0.983275234699249
1.09643006324768
0.913057863712311
0.541793644428253
0.784568190574646
1.44687128067017
1.92709338665009
1.67576372623444
1.4793164730072
1.39763832092285
1.3974769115448
1.23169934749603
1.54388415813446
2.10739874839783
2.51078534126282
2.86348628997803
3.10109543800354
3.1190128326416
2.50594282150269
2.1370997428894
2.15824580192566
2.06074857711792
1.53161633014679
0.885939419269562
0.380535870790482
-0.172163546085358
-0.677728533744812
-1.10726511478424
-1.47320246696472
-1.81218278408051
-1.91888093948364
-1.54471111297607
-0.845120251178741
-0.375067502260208
-0.645444691181183
-1.53163623809814
-2.25479435920715
-2.56697916984558
-2.37230753898621
-1.91839671134949
-1.51694703102112
-1.21993565559387
-0.856903851032257
-0.339393854141235
0.0241222251206636
0.0996664240956306
-0.0186538677662611
-0.199443385004997
-0.13423003256321
-0.22623898088932
-0.797985851764679
-1.6044362783432
-1.8207380771637
-1.40330791473389
-0.776678502559662
-0.214293956756592
0.182797312736511
0.716287851333618
1.1177374124527
1.28270792961121
0.622018992900848
-0.634145319461823
-2.14470648765564
-3.37633514404297
-3.97229480743408
-4.02007484436035
-3.62282228469849
-3.03412628173828
-2.17424607276917
-1.4874073266983
-1.28175926208496
-1.79361963272095
-2.48513960838318
-2.70725226402283
-2.17440748214722
-1.27853083610535
-0.390079498291016
0.302731812000275
0.668023467063904
0.775205850601196
0.63719242811203
0.395386427640915
0.221699357032776
0.285944193601608
0.337759763002396
0.586668193340302
0.814753532409668
1.1085364818573
1.17294275760651
1.33791327476501
1.74775660037994
2.20134472846985
2.40925264358521
2.09222531318665
1.38601613044739
0.865277767181396
1.2636604309082
1.90643179416656
2.12499332427979
1.58859729766846
0.795383274555206
0.199262082576752
-0.0359257236123085
0.0865914672613144
0.481584280729294
0.93404233455658
1.03702783584595
0.812493681907654
0.779079914093018
1.05801236629486
1.17730116844177
1.04251611232758
0.894010424613953
1.26688873767853
1.69368124008179
1.97890901565552
1.86559271812439
1.64622390270233
1.35857486724854
1.1805294752121
1.41781580448151
1.91627836227417
2.35775995254517
2.50481271743774
2.64460182189941
2.63975930213928
2.42022919654846
2.15905284881592
2.21748661994934
2.24718761444092
2.02911043167114
1.72435081005096
1.22960090637207
0.403618812561035
-0.465139418840408
-0.879179716110229
-0.97167295217514
-1.23268783092499
-1.68772864341736
-1.76407992839813
-1.22881376743317
-0.504364311695099
-0.324543297290802
-0.912754893302917
-1.77424931526184
-2.25382590293884
-2.22945141792297
-1.99022817611694
-1.78796994686127
-1.70516180992126
-1.36037039756775
-0.79104483127594
-0.280637264251709
-0.142785251140594
-0.0745049193501472
0.161651402711868
0.248494938015938
-0.0523904822766781
-0.806056797504425
-1.22736096382141
-1.33970880508423
-1.17828953266144
-1.08272933959961
-0.62736576795578
0.139859810471535
0.922581613063812
1.35825204849243
1.39989817142487
1.07318568229675
0.0473665930330753
-1.65237772464752
-3.32387375831604
-4.09465074539185
-4.13419818878174
-3.90901851654053
-3.5698766708374
-2.90337681770325
-2.12033200263977
-1.53018343448639
-1.53389608860016
-1.91855812072754
-2.25737690925598
-2.29595613479614
-1.90661299228668
-1.28902316093445
-0.532612681388855
0.0125000420957804
0.35131898522377
0.421052098274231
0.323716282844543
0.190868273377419
0.15793876349926
0.204911753535271
0.23977829515934
0.386024117469788
0.668346345424652
1.0191103219986
1.30256247520447
1.57552230358124
1.76535129547119
1.89642369747162
1.84250974655151
1.51757287979126
1.09659147262573
1.2008683681488
1.86188006401062
2.10174894332886
1.59699106216431
0.760355293750763
0.416693776845932
0.256081640720367
0.232353016734123
0.349543362855911
0.966649055480957
1.40716207027435
1.10514676570892
0.710638165473938
0.888360738754272
1.29755842685699
1.21588027477264
0.778434216976166
0.785536706447601
1.21684885025024
1.51305305957794
1.50417506694794
1.44541847705841
1.44703269004822
1.25123107433319
1.07964253425598
1.31353890895844
1.98068463802338
2.44137501716614
2.5601794719696
2.54419898986816
2.48463535308838
2.34436202049255
2.18859243392944
2.28447556495667
2.42216610908508
2.22927021980286
1.58875870704651
0.793284833431244
-0.0026733644772321
-0.576034426689148
-0.775225758552551
-0.844474613666534
-1.24221158027649
-1.71178007125854
-1.56601846218109
-0.813643515110016
-0.352630227804184
-0.820584535598755
-1.71065008640289
-2.15519857406616
-2.22170329093933
-2.24091219902039
-2.06722521781921
-1.64656674861908
-1.37070119380951
-1.29725551605225
-1.0548038482666
-0.535679638385773
-0.136974155902863
0.0919182971119881
0.227349027991295
0.231223076581955
-0.150694787502289
-0.801537096500397
-1.29967677593231
-1.27094411849976
-1.01138210296631
-0.76763904094696
-0.40622141957283
0.157131657004356
0.770201861858368
1.04558300971985
0.92242020368576
0.218632385134697
-1.07966244220734
-2.72452425956726
-4.02863025665283
-4.48883628845215
-4.23282527923584
-3.64348387718201
-3.09110736846924
-2.33727955818176
-1.39136290550232
-0.777969896793365
-0.935999274253845
-1.63801145553589
-2.16472244262695
-2.10661149024963
-1.75552463531494
-1.25835347175598
-0.760375201702118
-0.103560373187065
0.279810279607773
0.242199584841728
0.0554375536739826
-0.00687026418745518
0.253498941659927
0.383441418409348
0.503214478492737
0.634448289871216
0.909506618976593
1.19295883178711
1.5240296125412
1.8678525686264
1.98342871665955
1.78278458118439
1.47479677200317
1.13145804405212
1.0108779668808
1.24929404258728
1.66075170040131
1.62717652320862
1.15744650363922
0.658499777317047
0.686102449893951
1.04090189933777
1.53452181816101
1.80457615852356
1.6604288816452
1.02588987350464
0.458017081022263
0.535336911678314
1.13468647003174
1.38311064243317
0.930168330669403
0.534045517444611
0.681259870529175
1.135493516922
1.30191671848297
1.53161633014679
1.63137340545654
1.50708055496216
1.02330720424652
0.824600160121918
1.46624147891998
2.64766883850098
3.50286769866943
3.40391778945923
2.93160510063171
2.62281012535095
2.32918858528137
1.93774712085724
2.06462264060974
2.30400729179382
2.09157967567444
1.31870436668396
0.439292460680008
-0.174746245145798
-0.260298430919647
-0.168612316250801
-0.470304846763611
-0.999437034130096
-1.26303458213806
-1.02510273456573
-0.749882936477661
-0.767154812812805
-1.2980625629425
-1.98990535736084
-2.34502768516541
-2.10532021522522
-1.57538080215454
-1.26723158359528
-1.2612589597702
-1.37263822555542
-1.10855638980865
-0.730835437774658
-0.485316842794418
-0.227046072483063
0.175856292247772
0.357937157154083
-0.0722450464963913
-0.753434181213379
-1.28595614433289
-1.21154189109802
-0.76618629693985
-0.463686645030975
-0.263526827096939
0.109512992203236
0.650913059711456
1.09691441059113
1.11063504219055
0.471253454685211
-0.725508630275726
-2.23106575012207
-3.60442042350769
-4.38552808761597
-4.28334951400757
-3.68303155899048
-2.98876738548279
-2.27190470695496
-1.38426041603088
-0.692740499973297
-0.596857488155365
-1.21218752861023
-1.88159310817719
-1.93582987785339
-1.41977274417877
-1.00088977813721
-0.916951835155487
-0.861585021018982
-0.576357245445251
-0.251904636621475
-0.193632304668427
-0.36183112859726
-0.402993023395538
-0.0228507667779922
0.600711703300476
1.14679288864136
1.50998616218567
1.73258328437805
1.82233238220215
1.7666426897049
1.63766872882843
1.45913910865784
1.27608966827393
0.926294267177582
0.471092045307159
0.633156955242157
1.7574417591095
2.61118793487549
2.34064936637878
1.49852538108826
1.14065897464752
1.32080280780792
1.53048634529114
1.60199511051178
1.46753287315369
1.11886739730835
0.376823216676712
-0.0633669942617416
0.386346966028214
1.30918061733246
1.44945394992828
0.991668999195099
0.70240581035614
0.900789976119995
1.11660754680634
1.32677531242371
1.58230197429657
1.6144243478775
1.32838952541351
0.81588351726532
0.951798498630524
1.84767508506775
2.84686017036438
3.24120736122131
3.064453125
2.76437497138977
2.36114978790283
2.01829528808594
2.11094999313354
2.50303721427917
2.36792922019958
1.68544888496399
0.860758066177368
0.105154670774937
-0.361992537975311
-0.352468818426132
-0.212841182947159
-0.513080954551697
-1.06965434551239
-1.17715954780579
-0.838663518428802
-0.65787398815155
-0.791529059410095
-1.38442182540894
-1.91484546661377
-2.04478788375854
-1.67320084571838
-1.22445547580719
-1.08030807971954
-1.25980627536774
-1.43139481544495
-1.1518167257309
-0.816710472106934
-0.527770102024078
-0.147304981946945
0.293692320585251
0.229124635457993
-0.508076965808868
-1.25851488113403
-1.450603723526
-1.01590180397034
-0.611062407493591
-0.511143922805786
-0.270790696144104
0.171659395098686
0.768910527229309
1.07141005992889
0.793769061565399
-0.0761191099882126
-1.48272621631622
-3.02460265159607
-4.22249460220337
-4.45106410980225
-3.78876113891602
-3.05381941795349
-2.40636706352234
-1.72356367111206
-0.807186722755432
-0.239313945174217
-0.530352771282196
-1.35391366481781
-1.85592746734619
-1.67190945148468
-1.41154026985168
-1.35342943668365
-1.38700461387634
-1.10468232631683
-0.589270830154419
-0.189435407519341
-0.166998133063316
-0.339878112077713
-0.328740179538727
0.10660744458437
0.775044441223145
1.31596028804779
1.53597462177277
1.5976368188858
1.56309306621552
1.54001009464264
1.71321296691895
1.81038725376129
1.65962171554565
1.18924617767334
0.771170377731323
0.912089347839355
1.46430444717407
1.70336639881134
1.3879531621933
1.01636612415314
0.891266286373138
1.2268568277359
1.79440677165985
2.10078048706055
1.79569816589355
0.955995380878448
0.15793876349926
0.0748078599572182
0.808135390281677
1.35954344272614
1.13404083251953
0.802808523178101
0.831702589988708
0.87544721364975
0.941790461540222
1.21668744087219
1.48932445049286
1.15179693698883
0.615885078907013
0.453013092279434
1.2268568277359
2.37422466278076
3.26687288284302
3.66283416748047
3.33870458602905
2.73451232910156
2.04944920539856
1.80134785175323
2.00764155387878
2.18939971923828
1.78100895881653
1.01039361953735
0.415079563856125
-0.0378627553582191
-0.197990626096725
-0.107918694615364
-0.0756348520517349
-0.463848084211349
-0.979421079158783
-1.16876578330994
-0.987653434276581
-0.838824927806854
-1.02429556846619
-1.7576230764389
-2.31903910636902
-2.23752236366272
-1.68805146217346
-1.3878116607666
-1.51081311702728
-1.72404789924622
-1.69805943965912
-1.39200854301453
-1.01606321334839
-0.521313309669495
-0.0270476657897234
0.14970637857914
-0.358764171600342
-0.990720391273499
-1.32405114173889
-1.05302822589874
-0.605574131011963
-0.420103460550308
-0.253680258989334
0.00136211607605219
0.456725746393204
0.813462197780609
0.856238305568695
0.358582854270935
-0.756985366344452
-2.28320407867432
-3.72483921051025
-4.51514768600464
-4.35501956939697
-3.81119847297668
-3.20894336700439
-2.57343578338623
-1.74454820156097
-0.90694385766983
-0.59120786190033
-0.859970808029175
-1.41396164894104
-1.63898003101349
-1.6589959859848
-1.69370114803314
-1.82202935218811
-1.77295792102814
-1.41460728645325
-0.877081274986267
-0.578455746173859
-0.509368300437927
-0.35182312130928
0.143088191747665
0.852687060832977
1.46075332164764
1.67996060848236
1.61765277385712
1.47140693664551
1.45881628990173
1.4260481595993
1.25090825557709
1.05978798866272
0.883195281028748
0.579565763473511
0.511285424232483
1.07254004478455
1.604900598526
1.62717652320862
1.11450910568237
0.680614173412323
0.799257338047028
1.40118956565857
1.91434133052826
1.80393052101135
1.10482394695282
0.117261111736298
-0.292259454727173
0.249786287546158
1.2186244726181
1.33533048629761
0.858336746692657
0.480938613414764
0.604424297809601
0.803777039051056
0.955833971500397
1.06527614593506
0.9561567902565
0.588282406330109
0.221699357032776
0.530817151069641
1.59166431427002
2.98148369789124
3.73353576660156
3.57292366027832
2.82926535606384
2.31562948226929
1.95711731910706
1.84606099128723
1.98407435417175
1.91434133052826
1.42830801010132
0.675287365913391
0.158584430813789
-0.0912925153970718
0.049303624778986
0.156163141131401
-0.107273019850254
-0.706461131572723
-1.22074282169342
-1.2799836397171
-1.16279327869415
-1.14535999298096
-1.58248329162598
-2.22057342529297
-2.53162837028503
-2.22977423667908
-1.80863153934479
-1.67320084571838
-1.76876103878021
-1.87545919418335
-1.75617039203644
-1.43139481544495
-0.793950378894806
-0.187821209430695
0.192321047186852
-0.0817687809467316
-0.828655481338501
-1.50903749465942
-1.50387215614319
-1.01541757583618
-0.55327433347702
-0.325188964605331
-0.0898397415876389
0.231384500861168
0.541309416294098
0.710153877735138
0.33162584900856
-0.535518229007721
-2.06819367408752
-3.66543674468994
-4.78326511383057
-4.89932537078857
-4.05720138549805
-3.07431960105896
-2.31855487823486
-1.79926931858063
-0.951172709465027
-0.279023081064224
-0.335358381271362
-1.16860437393188
-1.88449859619141
-1.81589543819427
-1.52873063087463
-1.52114391326904
-1.93211734294891
-2.00233459472656
-1.52792358398438
-0.913400590419769
-0.679342746734619
-0.704201281070709
-0.49693900346756
0.21508115530014
1.03057110309601
1.60796761512756
1.68141329288483
1.52144694328308
1.3074049949646
1.11822164058685
1.23734903335571
1.18262791633606
0.962936401367188
0.360358446836472
0.208624392747879
0.612656712532043
1.31596028804779
1.4336348772049
1.1107964515686
0.725004494190216
0.652527272701263
1.27883386611938
1.99714934825897
2.58180975914001
2.18665552139282
1.0463901758194
-0.186852693557739
-0.287416875362396
0.430737227201462
1.13404083251953
1.04881143569946
0.726457238197327
0.489009588956833
0.482229977846146
0.633318364620209
0.813623607158661
0.878514170646667
0.449300438165665
0.103379063308239
0.119198143482208
0.910313725471497
2.03427577018738
3.21747875213623
3.86250972747803
3.59390830993652
2.7311224937439
2.07834315299988
1.87511646747589
1.87656915187836
1.8770534992218
1.42168986797333
0.817659080028534
0.306767284870148
0.04639807716012
0.0149213308468461
0.143895283341408
0.121296592056751
-0.260137021541595
-0.844474613666534
-1.3684413433075
-1.38652038574219
-1.06513464450836
-0.910333633422852
-1.50806903839111
-2.1790885925293
-2.34615755081177
-1.8746520280838
-1.53970718383789
-1.55568766593933
-1.83833277225494
-1.96811378002167
-1.66432285308838
-1.02381134033203
-0.425268888473511
-0.0885483920574188
0.0649612918496132
-0.269337922334671
-0.913400590419769
-1.41573715209961
-1.28757035732269
-0.678697049617767
-0.218652278184891
-0.0381855927407742
0.0817488878965378
0.428154528141022
0.710153877735138
0.546797633171082
-0.23511703312397
-1.43123340606689
-2.74583148956299
-3.85575008392334
-4.27673149108887
-4.04687070846558
-3.38359880447388
-2.72016596794128
-2.12888741493225
-1.3259881734848
-0.611223816871643
-0.429788619279861
-0.777647018432617
-1.16731297969818
-1.25480222702026
-1.20282530784607
-1.23559331893921
-1.55245923995972
-1.93502283096313
-2.0617368221283
-1.8651282787323
-1.42526090145111
-1.06061494350433
-0.603314280509949
0.116615436971188
1.10724520683289
2.00360608100891
2.34968900680542
2.15259599685669
1.68060624599457
1.31450748443604
0.970038831233978
0.74179208278656
0.520647764205933
0.431544333696365
0.583924055099487
1.08561503887177
1.67576372623444
1.90368759632111
1.85913586616516
1.60603058338165
1.28512918949127
1.02476000785828
1.44444990158081
2.25880980491638
2.61490058898926
1.72806346416473
0.188285574316978
-0.472887545824051
0.0476894304156303
0.860273778438568
1.07108724117279
0.802485704421997
0.591510772705078
0.453497350215912
0.511285424232483
0.908699572086334
1.25752651691437
1.09465444087982
0.511608242988586
0.307251542806625
0.655917048454285
1.51434445381165
2.65848398208618
3.6794605255127
3.8116626739502
2.89770722389221
2.09174108505249
2.1199893951416
2.41070532798767
2.2731761932373
1.63815295696259
1.09981989860535
0.79054069519043
0.389413923025131
0.0181497149169445
0.0904655233025551
0.299342006444931
-0.058524414896965
-0.765863418579102
-1.23058938980103
-1.24543988704681
-1.0535124540329
-0.978775382041931
-1.18603765964508
-1.54212844371796
-1.75568604469299
-1.61105442047119
-1.34180724620819
-1.2707827091217
-1.51839983463287
-2.08514261245728
-2.35083866119385
-1.92340064048767
-1.0817608833313
-0.366189450025558
0.0838473364710808
0.0749692767858505
-0.548754572868347
-1.16473031044006
-1.29677128791809
-0.927766919136047
-0.458359807729721
-0.175714761018753
-0.0155869023874402
0.323716282844543
0.737110912799835
0.829765558242798
0.403618812561035
-0.605251312255859
-1.99700784683228
-3.32048392295837
-4.17891120910645
-4.21054935455322
-3.596510887146
-2.77666258811951
-2.23332548141479
-1.79765510559082
-1.07013869285583
-0.425268888473511
-0.26804655790329
-0.719536125659943
-1.12937951087952
-1.24737691879272
-1.21670734882355
-1.4407571554184
-1.99087393283844
-2.342444896698
-2.37295317649841
-2.04640197753906
-1.60847175121307
-1.0617448091507
-0.334874123334885
0.587313890457153
1.55921900272369
2.20215177536011
2.34742903709412
2.05445313453674
1.70078361034393
1.45768630504608
1.25784933567047
0.986826419830322
0.593286395072937
0.310802757740021
0.394095063209534
0.903534114360809
1.40054392814636
1.49093866348267
1.25268387794495
0.734205365180969
0.415886670351028
0.904341220855713
2.01232266426086
3.06364607810974
2.75937080383301
1.2804479598999
-0.290322422981262
-0.622038900852203
-0.135844215750694
0.453820198774338
0.757449746131897
0.802647113800049
0.752445757389069
0.554061532020569
0.72678005695343
0.964389204978943
1.14388740062714
0.819111883640289
0.398130565881729
0.235419988632202
0.597967565059662
1.55744338035583
3.02458262443542
4.06622076034546
3.76614260673523
2.76469779014587
2.29335355758667
2.48947787284851
2.49819469451904
2.12676906585693
1.57180964946747
1.10078847408295
0.494820654392242
0.0668983161449432
0.2055574208498
0.568427860736847
0.321456432342529
-0.553597152233124
-1.19071877002716
-1.5058091878891
-1.49160420894623
-1.40831196308136
-1.28450334072113
-1.3430985212326
-1.62170815467834
-1.80088341236115
-1.5511679649353
-1.14939546585083
-1.11339902877808
-1.55633330345154
-2.18974232673645
-2.17925000190735
-1.52469515800476
-0.674015879631042
-0.159250006079674
-0.0803160071372986
-0.574581682682037
-1.25254237651825
-1.52049827575684
-1.25205814838409
-0.62316882610321
-0.120509393513203
0.185541450977325
0.435418397188187
0.765359282493591
0.884486675262451
0.544376373291016
-0.320830643177032
-1.53551030158997
-2.8575336933136
-3.77713894844055
-4.02330303192139
-3.75470161437988
-3.20006513595581
-2.66076374053955
-2.11758804321289
-1.55326640605927
-1.05238258838654
-0.804765462875366
-0.823812901973724
-0.92421567440033
-1.07933950424194
-1.18926608562469
-1.29434990882874
-1.50258076190948
-1.93082594871521
-2.34680318832397
-2.45898962020874
-2.06109118461609
-1.31598007678986
-0.445930540561676
0.429607301950455
1.29384577274323
2.03653573989868
2.40457153320313
2.27479028701782
1.82798194885254
1.52047836780548
1.26349902153015
1.17810821533203
0.855108380317688
0.679484248161316
0.670283377170563
1.00603532791138
1.41071331501007
1.58843588829041
1.47737944126129
1.07124865055084
0.60668420791626
0.590219438076019
1.49352133274078
2.70190572738647
3.19956111907959
2.26607370376587
0.874801516532898
-0.00105917220935225
-0.00880729500204325
0.0880442336201668
0.399260491132736
0.730815589427948
0.844777524471283
0.567620754241943
0.46221399307251
0.863986432552338
1.0207245349884
0.869474649429321
0.405878692865372
0.430091559886932
0.483359903097153
0.983275234699249
2.02249217033386
3.62909770011902
4.33821249008179
3.65766882896423
2.88963627815247
2.7396776676178
2.88011240959167
2.36679935455322
1.72063827514648
1.05639815330505
0.546151995658875
0.0673825740814209
0.0502721406519413
0.415079563856125
0.583439826965332
0.19345098733902
-0.339716702699661
-0.623814523220062
-0.785233736038208
-0.908880829811096
-1.02429556846619
-0.978613972663879
-1.28079068660736
-1.78506433963776
-2.19539213180542
-1.84252965450287
-1.441725730896
-1.58522737026215
-2.17521452903748
-2.31694078445435
-1.58151471614838
-0.842698991298676
-0.226884663105011
-0.0285004395991564
-0.0740206614136696
-0.649964451789856
-1.10613512992859
-1.05641806125641
-0.42397752404213
0.216049671173096
0.370850712060928
0.422989130020142
0.609266877174377
0.796513199806213
0.474804699420929
-0.325350373983383
-1.44656825065613
-2.66431474685669
-3.69933485984802
-4.20489978790283
-3.94501495361328
-3.2092661857605
-2.42815852165222
-1.96359407901764
-1.43817448616028
-0.775871396064758
-0.417036503553391
-0.396697670221329
-0.509368300437927
-0.559246838092804
-0.877404093742371
-1.45399355888367
-2.04607915878296
-2.31952333450317
-2.30709409713745
-2.29401922225952
-2.33033847808838
-2.09482789039612
-1.37344539165497
-0.173293486237526
1.10756802558899
2.075599193573
2.49383616447449
2.41877627372742
2.09012675285339
1.74049282073975
1.56034898757935
1.31983435153961
0.892396211624146
0.182313054800034
-0.132454410195351
0.212014198303223
0.907892465591431
1.40506362915039
1.50514352321625
1.51886415481567
1.29433000087738
0.926132798194885
0.932428181171417
2.01425981521606
3.34112572669983
3.47155237197876
1.94452667236328
0.10531609505415
-0.63769656419754
-0.392823606729507
0.24801068007946
0.766812026500702
0.799580156803131
0.509509801864624
0.258341521024704
0.465442359447479
0.783115386962891
0.796351790428162
0.700468778610229
0.701598703861237
0.695141911506653
0.46415102481842
0.911282241344452
2.41280388832092
4.17356443405151
4.41391801834106
3.36178731918335
2.69076776504517
2.9052939414978
2.88640785217285
1.95469605922699
1.12370991706848
0.675771594047546
0.331787258386612
0.017988296225667
0.137922778725624
0.505958616733551
0.587636709213257
0.0791661813855171
-0.561345279216766
-1.09483575820923
-1.32808661460876
-1.29612553119659
-1.20508515834808
-1.44446980953217
-2.02913022041321
-2.19636058807373
-1.84285247325897
-1.37586665153503
-1.50984466075897
-1.93970394134521
-2.24833750724792
-1.97214925289154
-1.43736743927002
-0.750851452350616
-0.125351965427399
0.0370357632637024
-0.350531786680222
-1.00524818897247
-1.12243843078613
-0.746331691741943
-0.210581317543983
0.0420397594571114
0.178277581930161
0.310641348361969
0.325653314590454
0.120328083634377
-0.350047528743744
-1.17651391029358
-2.30773973464966
-3.33662581443787
-3.97003483772278
-3.85155320167542
-3.43880438804626
-3.02460265159607
-2.6396176815033
-2.09886336326599
-1.44947385787964
-0.951656937599182
-0.789269208908081
-0.758115291595459
-0.744556069374084
-1.02461838722229
-1.52808499336243
-2.10741853713989
-2.30548000335693
-2.38667392730713
-2.56504201889038
-2.8489785194397
-2.78182816505432
-2.08756399154663
-0.934223651885986
0.328881710767746
1.35744500160217
2.05703592300415
2.21054553985596
1.99634230136871
1.57487666606903
1.21507322788239
0.868183314800262
0.613140940666199
0.240262553095818
0.22831754386425
0.640420794487
1.199254155159
1.52806508541107
1.61991262435913
1.56034898757935
1.20861649513245
0.693366289138794
0.0202481653541327
0.560841143131256
2.09529232978821
3.39729952812195
2.71643328666687
0.971491634845734
-0.116635330021381
-0.252873152494431
-0.35182312130928
-0.491450756788254
-0.122123584151268
0.32339346408844
0.440422385931015
0.417016595602036
0.749217331409454
0.812009453773499
0.509025573730469
0.281908720731735
0.675933003425598
0.93969202041626
0.833316743373871
1.29868841171265
3.19843125343323
4.67590141296387
4.50108432769775
3.43830013275146
3.0558979511261
2.94968414306641
1.90481758117676
0.928876936435699
0.547766149044037
0.588120996952057
0.263184100389481
0.000555019942112267
0.422827690839767
0.914187788963318
0.849135875701904
0.0467209182679653
-0.828009843826294
-1.47562372684479
-1.66399991512299
-1.49999809265137
-1.40088665485382
-1.57909345626831
-1.95955860614777
-1.955845952034
-1.61896395683289
-1.51065170764923
-1.7842572927475
-2.18812823295593
-2.18909668922424
-1.74696946144104
-1.06610321998596
-0.421556234359741
-0.106143087148666
-0.133584350347519
-0.47466316819191
-0.866750419139862
-0.88111674785614
-0.560538172721863
-0.107918694615364
0.226703345775604
0.462698251008987
0.526620268821716
0.268026679754257
-0.291613757610321
-1.06222915649414
-2.08175301551819
-3.08319783210754
-3.85994696617126
-3.77633190155029
-3.12209987640381
-2.63493657112122
-2.33082270622253
-1.9729562997818
-1.28805458545685
-0.901939809322357
-0.909042298793793
-1.00960648059845
-0.852222740650177
-0.834628045558929
-1.4052449464798
-2.13405275344849
-2.48352527618408
-2.38376832008362
-2.42299318313599
-2.8036196231842
-3.1280722618103
-2.78521776199341
-1.56472718715668
0.0599572919309139
1.47027695178986
2.28011727333069
2.38520121574402
2.10449314117432
1.83815145492554
1.91272711753845
2.00780296325684
1.77697348594666
1.02588987350464
0.162458494305611
-0.029307534918189
0.515805184841156
1.11305630207062
1.30514514446259
1.30579078197479
1.27576684951782
1.16358053684235
0.690783619880676
0.444296449422836
1.58795166015625
3.24475836753845
3.70609450340271
2.04137825965881
0.0722251534461975
-0.831883907318115
-0.540683627128601
-0.134875699877739
0.290302515029907
0.581502795219421
0.513868153095245
0.350511878728867
0.576660215854645
0.806198358535767
0.598613202571869
0.402488887310028
0.502245962619781
0.740823566913605
0.592317879199982
0.875285744667053
2.26058554649353
4.54837989807129
5.4410285949707
4.74498891830444
3.69786214828491
3.32498383522034
2.867844581604
1.5798807144165
0.498533308506012
-0.00654742587357759
0.0434925332665443
-0.0841900706291199
0.273999184370041
0.920321702957153
1.33985030651093
0.991830468177795
0.176824808120728
-0.60153865814209
-1.16214764118195
-1.2428572177887
-1.25447940826416
-1.50936031341553
-1.95923566818237
-2.07061505317688
-1.78264307975769
-1.44043433666229
-1.67820489406586
-2.08191442489624
-2.14777326583862
-1.72259509563446
-1.20250236988068
-0.855451107025146
-0.49435630440712
-0.266270935535431
-0.245609283447266
-0.610578119754791
-0.780875444412231
-0.454647183418274
0.0651227086782455
0.284007161855698
0.356322973966599
0.4242804646492
0.380535870790482
0.0252521596848965
-0.690319240093231
-1.65705895423889
-2.56471920013428
-3.14695835113525
-3.34550404548645
-3.03638625144958
-2.78602504730225
-2.56778621673584
-2.35116147994995
-2.01008272171021
-1.63187754154205
-1.26900708675385
-0.759890913963318
-0.445284873247147
-0.471434772014618
-1.01348054409027
-1.64753520488739
-2.01234269142151
-2.15907263755798
-2.3259801864624
-2.75228834152222
-3.14954113960266
-3.12290692329407
-2.20701432228088
-0.691126346588135
0.832993924617767
1.85171067714691
2.32257056236267
2.38245701789856
2.29270792007446
2.27527475357056
2.28673553466797
2.26445960998535
1.68722438812256
0.616530776023865
-0.340200960636139
-0.357795655727386
0.320003658533096
0.899014413356781
1.03234672546387
1.15179693698883
1.30675935745239
1.31144046783447
0.888522148132324
1.00312983989716
2.25009322166443
3.42909932136536
3.0575122833252
1.11095786094666
-0.39233934879303
-0.640279293060303
-0.0196223817765713
0.462375402450562
0.74130779504776
0.694334805011749
0.396193534135818
0.270609378814697
0.406362950801849
0.500793159008026
0.340665310621262
0.293208062648773
0.430091559886932
0.718063473701477
0.943727493286133
1.64283418655396
3.3388659954071
5.11722135543823
5.30479049682617
4.16194248199463
3.27591228485107
2.77147722244263
1.73500454425812
0.507411360740662
0.0861072093248367
0.186832800507545
0.174564942717552
0.118229627609253
0.766327798366547
1.62507808208466
1.70885455608368
0.763260841369629
-0.367319375276566
-1.07837104797363
-1.33131492137909
-1.44446980953217
-1.80185198783875
-2.05108332633972
-2.15197014808655
-2.14535212516785
-2.0639967918396
-1.92114078998566
-1.85302186012268
-1.87788045406342
-1.89563655853271
-1.5308290719986
-1.07336699962616
-0.618487656116486
-0.319055020809174
-0.341169476509094
-0.476438760757446
-0.693709015846252
-0.571191847324371
-0.211226999759674
0.205234587192535
0.525167465209961
0.579242944717407
0.363748252391815
-0.0967807695269585
-0.710819482803345
-1.56698703765869
-2.56988453865051
-3.23735308647156
-3.36858701705933
-2.88061666488647
-2.57666420936584
-2.56778621673584
-2.55164432525635
-2.1185564994812
-1.57279813289642
-1.41718995571136
-1.30710208415985
-1.09919416904449
-0.826234221458435
-1.01606321334839
-1.59345972537994
-2.02896881103516
-2.15681290626526
-2.22977423667908
-2.5603609085083
-3.01669311523438
-3.17924213409424
-2.64526748657227
-1.35746490955353
0.147285088896751
1.40716207027435
2.11498546600342
2.27559757232666
2.10546159744263
1.87204945087433
1.87366366386414
1.94371962547302
1.63863730430603
0.623471796512604
-0.500490248203278
-0.772643029689789
-0.0486778430640697
0.682389795780182
0.799257338047028
0.803454220294952
1.06850457191467
1.34485423564911
1.23928606510162
0.698047459125519
1.0733470916748
2.37212610244751
3.17857670783997
2.13290286064148
0.381988644599915
-0.438182413578033
-0.253357410430908
0.0730322524905205
0.0677054151892662
0.309027135372162
0.32597616314888
0.250916242599487
0.400551855564117
0.761969447135925
0.476096034049988
-0.0439966842532158
-0.202510356903076
0.403941661119461
0.969554603099823
1.1982855796814
2.24815630912781
4.25653409957886
5.63828277587891
5.09785127639771
4.15290307998657
3.62845206260681
2.55695128440857
0.691590666770935
-0.258361399173737
-0.0438352636992931
0.102733388543129
-0.260621279478073
-0.0436738468706608
1.10643804073334
1.80909597873688
1.29675137996674
0.105477511882782
-0.713402211666107
-1.17199420928955
-1.46787559986115
-1.92049515247345
-2.24962878227234
-2.34809470176697
-2.32694864273071
-2.38457536697388
-2.45108008384705
-2.17795872688293
-1.98038160800934
-1.80508041381836
-1.60362923145294
-1.12227702140808
-0.703232765197754
-0.386205434799194
-0.201864674687386
-0.26175120472908
-0.441895067691803
-0.629464209079742
-0.454001486301422
-0.13051737844944
0.137277096509933
0.271093636751175
0.299503415822983
0.05463045835495
-0.602829992771149
-1.45576918125153
-2.20055747032166
-2.81572604179382
-3.20442366600037
-3.09433555603027
-2.82282853126526
-2.62234592437744
-2.72726845741272
-2.60910940170288
-2.17134046554565
-1.68918132781982
-1.35455930233002
-0.957468032836914
-0.578455746173859
-0.663685083389282
-1.19281721115112
-1.81750965118408
-2.11161541938782
-2.27238893508911
-2.42250895500183
-2.8302538394928
-3.22589230537415
-3.16874980926514
-2.24091219902039
-0.77974545955658
0.618790626525879
1.42976081371307
1.71289014816284
1.85687601566315
1.89771509170532
2.05735874176025
2.23895525932312
2.31191682815552
1.73161470890045
0.493045061826706
-0.587656617164612
-0.681925415992737
0.0381656996905804
0.541148006916046
0.650267362594604
0.828312754631042
1.24880981445313
1.46269035339355
1.16680884361267
0.932105302810669
1.83573007583618
2.98794054985046
2.89819145202637
1.2455815076828
-0.328094512224197
-0.622361719608307
-0.171356454491615
0.0668983161449432
0.0187953915446997
0.140505477786064
0.254790276288986
0.405394434928894
0.338405430316925
0.279487431049347
-0.0604614466428757
-0.137781247496605
0.24671933054924
1.01200783252716
1.42992222309113
2.0089328289032
3.50545048713684
5.267502784729
5.67928314208984
4.6074595451355
3.60762882232666
2.58487677574158
1.18763196468353
-0.127450421452522
-0.283219963312149
0.0116929458454251
-0.0996863171458244
-0.149242013692856
0.735173881053925
1.85138773918152
1.92257368564606
0.917739033699036
-0.341492295265198
-1.03059089183807
-1.35794913768768
-1.56311297416687
-1.88966405391693
-2.07303619384766
-2.16617512702942
-2.30822396278381
-2.40442991256714
-2.2359082698822
-1.92453062534332
-1.63607442378998
-1.38942587375641
-1.21089625358582
-0.939711928367615
-0.636082351207733
-0.253680258989334
-0.193470880389214
-0.34988608956337
-0.534872531890869
-0.564573645591736
-0.305172979831696
-0.0349572077393532
0.27206215262413
0.352448910474777
0.153580442070961
-0.394437819719315
-1.11695027351379
-1.86980950832367
-2.5166163444519
-2.89094734191895
-2.87060856819153
-2.57488870620728
-2.40927243232727
-2.4239616394043
-2.44220209121704
-2.0288074016571
-1.50823044776917
-1.10532808303833
-0.903715431690216
-0.743587553501129
-0.769898891448975
-1.02026009559631
-1.44285559654236
-1.9548773765564
-2.24898314476013
-2.51371073722839
-2.70127987861633
-3.05559515953064
-3.17004132270813
-2.68965768814087
-1.41718995571136
0.173919260501862
1.3797208070755
1.96599543094635
2.00780296325684
1.90659320354462
1.89529383182526
2.25800275802612
2.48511958122253
2.13193440437317
0.838643610477448
-0.429788619279861
-0.791690528392792
-0.132131576538086
0.440906643867493
0.51854932308197
0.713543713092804
1.22491979598999
1.63153481483459
1.53193914890289
0.99360603094101
0.990539073944092
2.11272549629211
3.0391104221344
2.50739550590515
0.877222776412964
0.0815874710679054
0.0121772037819028
0.285459935665131
-0.1032375395298
-0.104690313339233
0.145509481430054
0.449623286724091
0.521454811096191
0.473190486431122
0.246235072612762
-0.292905122041702
-0.206061586737633
0.642035007476807
1.60167229175568
1.83314740657806
2.41570925712585
3.99568057060242
5.45345783233643
5.20987606048584
4.08655977249146
2.95969223976135
1.74146127700806
0.180214613676071
-0.665944933891296
-0.339716702699661
0.024767903611064
-0.00590174878016114
0.328236043453217
1.56987261772156
2.24218368530273
1.68415749073029
0.500308930873871
-0.262719720602036
-0.738583564758301
-1.21864438056946
-1.64107847213745
-1.90822720527649
-1.89854204654694
-2.22138047218323
-2.60071563720703
-2.70789813995361
-2.24155783653259
-1.67110240459442
-1.41267025470734
-1.23914456367493
-1.12324559688568
-0.939711928367615
-0.688866436481476
-0.4683678150177
-0.38087859749794
-0.411548256874084
-0.529222846031189
-0.430272877216339
-0.133100092411041
0.0932096540927887
0.214758321642876
0.129367560148239
-0.273857653141022
-0.948751389980316
-1.63672006130219
-2.22396326065063
-2.59845590591431
-2.73711490631104
-2.38215398788452
-2.12210774421692
-2.2628653049469
-2.61072373390198
-2.47045040130615
-1.74793791770935
-1.298708319664
-1.17764389514923
-1.10484373569489
-0.739552080631256
-0.752304196357727
-1.09806418418884
-1.51291155815125
-1.86383700370789
-2.12307620048523
-2.55325841903687
-2.84558868408203
-3.02879953384399
-2.87173867225647
-2.11516666412354
-0.758438169956207
0.704019963741302
1.54081726074219
1.82717490196228
1.81361567974091
1.85881304740906
2.05800437927246
2.30545997619629
2.31466102600098
1.51386022567749
0.168431013822556
-0.735032379627228
-0.632853984832764
0.01120868884027
0.292239546775818
0.514029562473297
1.00845658779144
1.56099462509155
1.69771671295166
1.31240904331207
0.770524680614471
1.26414465904236
2.48592662811279
2.96501898765564
1.72063827514648
0.195710852742195
-0.406544238328934
0.0614100657403469
0.2752905189991
0.38812255859375
0.427186012268066
0.519840657711029
0.496596276760101
0.384087085723877
0.410721242427826
0.0125000420957804
-0.123253524303436
0.108060218393803
1.09094178676605
1.68028342723846
2.17132067680359
3.16921424865723
4.80519819259644
5.65797567367554
4.9170618057251
3.61553835868835
2.29222369194031
1.07108724117279
-0.163608327507973
-0.629141330718994
-0.440119445323944
-0.0288232769817114
0.350834727287292
1.25849497318268
2.03427577018738
2.07156348228455
1.39344143867493
0.612333834171295
-0.0320516638457775
-0.70097291469574
-1.23946738243103
-1.77263510227203
-1.95762157440186
-2.31807065010071
-2.71613049507141
-2.99038171768188
-2.55584120750427
-1.87174654006958
-1.37053978443146
-1.03236651420593
-0.901132762432098
-0.747623085975647
-0.679504156112671
-0.491612166166306
-0.363122493028641
-0.288385391235352
-0.351016044616699
-0.45755273103714
-0.262719720602036
0.0712566375732422
0.408461391925812
0.462698251008987
0.154387533664703
-0.477730125188828
-1.22445547580719
-1.87820327281952
-2.27190470695496
-2.49353337287903
-2.3992645740509
-2.15907263755798
-2.13356852531433
-2.37359881401062
-2.56940031051636
-2.16213965415955
-1.58813297748566
-1.15762782096863
-1.02897679805756
-0.851092755794525
-0.82155305147171
-0.991688907146454
-1.29564130306244
-1.56747126579285
-1.84269106388092
-2.29740905761719
-2.56956171989441
-2.61362934112549
-2.54212045669556
-2.380539894104
-1.67077958583832
-0.451580226421356
0.858659565448761
1.64848387241364
1.87059664726257
1.87043523788452
2.03976392745972
2.43879222869873
2.64008212089539
2.22668743133545
0.859950959682465
-0.434954047203064
-0.679019868373871
-0.027209086343646
0.411366939544678
0.333562880754471
0.524521827697754
1.22201430797577
1.89093554019928
1.9848815202713
1.4625289440155
1.17746257781982
2.06526827812195
3.04556727409363
2.82506847381592
1.51014757156372
0.502891600131989
0.171820804476738
0.172627910971642
0.0283191259950399
0.0176654569804668
0.198939234018326
0.377791732549667
0.491592288017273
0.652850091457367
0.592963576316833
0.18586428463459
0.05463045835495
0.585861086845398
1.35647642612457
1.90288054943085
2.75339841842651
4.09156370162964
5.29171562194824
5.24232149124146
4.31771183013916
3.15710783004761
1.9484007358551
0.594254910945892
-0.432855576276779
-0.586042404174805
-0.115505397319794
0.501116037368774
1.38278782367706
2.30320024490356
2.52079319953918
1.92886900901794
1.12467849254608
0.571333348751068
-0.0117128407582641
-0.731803953647614
-1.54487264156342
-1.98538565635681
-2.12243056297302
-2.16036415100098
-2.44026494026184
-2.51936030387878
-2.13647413253784
-1.4328476190567
-0.909365117549896
-0.816226243972778
-0.826879918575287
-0.77651709318161
-0.548108875751495
-0.405737161636353
-0.417036503553391
-0.336004048585892
-0.194116562604904
0.121780849993229
0.265282541513443
0.274483442306519
0.314999669790268
0.212659880518913
-0.191856682300568
-1.15117108821869
-1.99394083023071
-2.47335600852966
-2.48804497718811
-2.42041039466858
-2.24736905097961
-1.97715330123901
-2.01105117797852
-2.1629467010498
-2.04963040351868
-1.41460728645325
-0.741489112377167
-0.506785571575165
-0.501135885715485
-0.517600655555725
-0.390886574983597
-0.489029467105865
-0.952302634716034
-1.61993253231049
-2.33808660507202
-2.61798763275146
-2.61621189117432
-2.45850539207458
-2.43170976638794
-2.10790276527405
-1.17732107639313
0.0484965294599533
1.08755207061768
1.56567573547363
1.67899203300476
1.74355971813202
2.1387140750885
2.65961384773254
2.65929102897644
1.64848387241364
0.193773820996284
-0.561022460460663
-0.320184975862503
0.198939234018326
0.438485354185104
0.827989935874939
1.5503408908844
2.09593796730042
2.03685855865479
1.80990302562714
1.26947152614594
1.26043200492859
2.01167702674866
2.7587251663208
2.22604179382324
0.844293296337128
0.0788433402776718
0.219923734664917
0.579404354095459
0.21120710670948
0.207333043217659
0.378598839044571
0.668346345424652
0.420406401157379
0.313708305358887
0.0769063085317612
0.0562446489930153
0.306605845689774
1.06737458705902
2.04944920539856
2.71853184700012
3.60601472854614
4.56581354141235
5.41019725799561
4.8085880279541
3.60892033576965
2.08480000495911
0.958900928497314
0.00071643921546638
-0.521797597408295
-0.532451212406158
0.0636699348688126
1.18860042095184
2.10336327552795
2.45009160041809
1.93726277351379
1.39989817142487
0.825245797634125
0.333078622817993
-0.472887545824051
-1.20298671722412
-1.83349013328552
-2.00023627281189
-1.99442505836487
-2.17327761650085
-2.38667392730713
-2.41169381141663
-1.84123826026917
-1.23833751678467
-0.678858458995819
-0.67514580488205
-0.757631063461304
-0.797501623630524
-0.653192818164825
-0.641247808933258
-0.670626103878021
-0.445123434066772
-0.178297474980354
-0.0457722954452038
-0.126159071922302
0.0846544355154037
0.226541921496391
0.0152441691607237
-0.781359672546387
-1.61718833446503
-2.19377779960632
-2.53695511817932
-2.5353410243988
-2.34696459770203
-2.03929972648621
-2.04624056816101
-2.06157541275024
-1.85608887672424
-1.22122704982758
-0.752142786979675
-0.716307759284973
-0.921148717403412
-0.94068044424057
-0.779906928539276
-0.900325655937195
-1.33276772499084
-2.08256006240845
-2.66334629058838
-2.82444262504578
-2.47577714920044
-2.35584282875061
-2.61249923706055
-2.8953058719635
-2.30499577522278
-0.989590466022491
0.356807231903076
1.22249853610992
1.58020353317261
1.85655319690704
2.18584847450256
2.79795002937317
2.92030596733093
2.17277336120605
0.612818121910095
-0.623491704463959
-0.829139769077301
-0.3327756524086
0.0735165104269981
0.254467457532883
0.840257823467255
1.73129189014435
2.23346710205078
2.11950516700745
1.51821851730347
0.822017431259155
1.30788922309875
2.40731549263
2.72111463546753
1.4507452249527
0.40265029668808
0.195226594805717
0.445910632610321
-0.114698305726051
-0.647220313549042
-0.404930055141449
0.282554388046265
0.434934139251709
0.162942752242088
0.0702881217002869
0.04575240239501
0.278518915176392
0.886423707008362
1.87624633312225
2.47236752510071
3.05993342399597
4.04442930221558
5.0663743019104
4.89785289764404
3.60004210472107
2.3165979385376
1.14453303813934
0.0646384507417679
-0.921794414520264
-1.05641806125641
-0.242865160107613
1.04897284507751
1.97777903079987
2.59133338928223
2.68996071815491
2.21490383148193
1.26785731315613
0.332917183637619
-0.337779670953751
-1.019291639328
-1.68643724918365
-2.26012110710144
-2.16795086860657
-1.89692795276642
-1.93695986270905
-2.24349498748779
-2.12759590148926
-1.6386570930481
-1.22154986858368
-1.1534309387207
-1.24656987190247
-1.21864438056946
-1.22316408157349
-1.21832144260406
-1.12146997451782
-0.719213306903839
-0.345204949378967
-0.263688236474991
-0.282897114753723
-0.210097059607506
-0.0102600678801537
-0.0783789753913879
-0.572321772575378
-1.42574524879456
-2.16165542602539
-2.67028737068176
-2.67916536331177
-2.440749168396
-2.23639249801636
-2.10273742675781
-2.06415820121765
-1.79910790920258
-1.49418699741364
-0.985070705413818
-0.599924445152283
-0.684508144855499
-1.03091382980347
-1.14826560020447
-1.12033998966217
-1.38296914100647
-2.21799063682556
-2.80458807945251
-2.80313539505005
-2.46706056594849
-2.37569737434387
-2.83606481552124
-3.1277494430542
-2.87044715881348
-1.74535524845123
-0.383622735738754
0.851072907447815
1.62830638885498
2.07285499572754
2.29642057418823
2.52789568901062
2.76163077354431
2.32273197174072
1.06543755531311
-0.586526691913605
-1.45334792137146
-1.13309216499329
-0.187014117836952
0.596999049186707
1.16567897796631
1.7942453622818
2.26865649223328
2.14888334274292
1.56922698020935
0.814592123031616
0.225250571966171
0.943404674530029
2.06898093223572
2.45106029510498
1.24203026294708
0.475288957357407
0.583762645721436
0.775205850601196
-0.190242499113083
-0.851577043533325
-0.367480784654617
0.437194019556046
0.526135981082916
0.19538801908493
0.263184100389481
0.337436944246292
0.503053069114685
0.926455676555634
2.01425981521606
2.66574764251709
3.0726854801178
3.85815143585205
4.82763528823853
4.58889627456665
3.13289499282837
1.77148532867432
0.70563417673111
-0.16667528450489
-1.01654744148254
-0.852222740650177
0.319035142660141
1.81861972808838
2.52676582336426
2.67381858825684
2.55388426780701
2.08609127998352
1.14178884029388
0.159875795245171
-0.565703570842743
-1.23898315429688
-1.8746520280838
-2.3256573677063
-2.09224510192871
-1.59055423736572
-1.41073322296143
-1.73292601108551
-1.96310973167419
-1.67836630344391
-1.28966879844666
-1.2990311384201
-1.52953779697418
-1.61638128757477
-1.5156557559967
-1.32001566886902
-1.07901668548584
-0.754564106464386
-0.43737530708313
-0.16215555369854
-0.0268862470984459
-0.000574914563912898
-0.00670884503051639
-0.166191026568413
-0.597987473011017
-1.3694099187851
-2.04123663902283
-2.28772377967834
-2.15939545631409
-2.14067101478577
-2.27481031417847
-2.23719954490662
-1.81621825695038
-1.25899910926819
-0.812352180480957
-0.54762464761734
-0.649641573429108
-0.886605024337769
-1.13438355922699
-1.18636047840118
-1.41896557807922
-2.00750017166138
-2.60927081108093
-2.70805954933167
-2.35713410377502
-2.04220509529114
-2.31871628761292
-3.0731897354126
-3.43557596206665
-2.75438690185547
-1.27949941158295
0.236711338162422
1.30546796321869
1.92128229141235
2.29206228256226
2.51530504226685
2.87849831581116
2.72434282302856
1.73452031612396
0.047850850969553
-1.34632694721222
-1.67174804210663
-0.849640011787415
0.390866696834564
1.29901123046875
1.99198389053345
2.40473294258118
2.43507957458496
1.97777903079987
1.45897769927979
0.709185361862183
0.448331922292709
1.26253044605255
2.21684098243713
1.95017635822296
0.991991877555847
0.921613097190857
1.22298276424408
0.621696174144745
-0.804281234741211
-1.08337497711182
-0.30226743221283
0.17004519701004
-0.246577799320221
-0.11905661970377
0.422020614147186
0.609589755535126
0.51612800359726
1.41329598426819
2.83878922462463
3.59842801094055
3.71497273445129
3.84297800064087
4.08284711837769
3.50319075584412
2.4171621799469
1.24929404258728
0.347283512353897
-0.494840562343597
-0.727607071399689
0.0321931876242161
1.33549201488495
2.41005969047546
2.82248592376709
2.84298610687256
2.23120713233948
1.18537211418152
0.38182720541954
0.228156119585037
-0.357472807168961
-1.68869709968567
-2.72000455856323
-2.43074131011963
-1.73889851570129
-1.75633180141449
-2.22799873352051
-2.1899037361145
-1.66545271873474
-1.39055585861206
-1.5511679649353
-1.70952022075653
-1.4956396818161
-1.48902153968811
-1.61492848396301
-1.45657622814178
-0.859970808029175
-0.382169961929321
-0.340523779392242
-0.353275895118713
-0.192179530858994
-0.0483550019562244
-0.345204949378967
-0.944070219993591
-1.57279813289642
-2.10661149024963
-2.43316245079041
-2.48045825958252
-2.38005566596985
-2.36197662353516
-2.25447154045105
-1.99862205982208
-1.54309701919556
-1.19975829124451
-0.835273683071136
-0.49064365029335
-0.482572704553604
-0.678697049617767
-0.941971778869629
-0.984747886657715
-1.43462324142456
-2.37343740463257
-3.11806440353394
-3.18828153610229
-2.74244165420532
-2.29740905761719
-2.28013706207275
-2.76891446113586
-3.29578685760498
-2.94227886199951
-1.50258076190948
0.312739789485931
1.47479677200317
1.89819931983948
2.15969848632813
2.49238348007202
2.75275278091431
2.15178894996643
0.80506843328476
-0.803635537624359
-1.79959213733673
-1.63268458843231
-0.688705027103424
0.481584280729294
1.39925253391266
2.18907690048218
2.56679773330688
2.37987422943115
1.80780458450317
1.08965051174164
0.302086114883423
0.330818742513657
1.23783338069916
1.7774578332901
1.1910218000412
0.50724995136261
0.670606195926666
0.762130916118622
-0.268207967281342
-1.33970880508423
-1.02074432373047
0.00475191976875067
0.394579321146011
0.172950744628906
0.407977133989334
0.625570237636566
0.430737227201462
0.427347421646118
1.6058691740036
3.13015079498291
3.85266327857971
3.90544724464417
3.85314750671387
3.53595876693726
2.61667633056641
1.65074372291565
0.818950474262238
0.0504335574805737
-0.636728048324585
-0.342622250318527
0.977948367595673
2.37244892120361
2.90787649154663
2.7330596446991
2.3353226184845
1.58843588829041
0.60862123966217
-0.26288115978241
-0.892577528953552
-1.50241935253143
-2.28271985054016
-2.74938273429871
-2.40007162094116
-1.66174006462097
-1.3164644241333
-1.55036079883575
-1.69515383243561
-1.51759278774261
-1.30403506755829
-1.31291317939758
-1.46642279624939
-1.4883759021759
-1.53163623809814
-1.41541433334351
-1.24043595790863
-0.90080988407135
-0.596857488155365
-0.464978009462357
-0.322283416986465
-0.267562299966812
-0.258522838354111
-0.586203813552856
-1.0370477437973
-1.54697108268738
-1.97925174236298
-2.21024250984192
-2.4680290222168
-2.62686562538147
-2.48110413551331
-1.96488535404205
-1.26723158359528
-0.778131306171417
-0.491289347410202
-0.286286920309067
-0.26546385884285
-0.4544857442379
-0.901939809322357
-1.29434990882874
-1.77376508712769
-2.3592324256897
-2.96503877639771
-2.94615292549133
-2.64930295944214
-2.39216208457947
-2.26883769035339
-2.56762480735779
-2.94857406616211
-3.07641816139221
-2.18021869659424
-0.541813552379608
1.07689833641052
1.92564058303833
2.25477433204651
2.47688722610474
2.64799165725708
2.34823608398438
1.30385375022888
-0.0883869677782059
-1.21331751346588
-1.37409102916718
-0.686606585979462
0.483037054538727
1.47576522827148
2.39682340621948
2.94548726081848
2.96308183670044
2.37002778053284
1.63637733459473
0.759063959121704
0.00233063148334622
0.471253454685211
1.52483665943146
1.95275902748108
1.07818973064423
0.760839521884918
0.913542151451111
0.578920066356659
-0.78733217716217
-1.30016100406647
-0.501620173454285
0.376984626054764
0.384248495101929
0.388445407152176
0.884648084640503
1.00748813152313
0.858175337314606
1.16164350509644
2.51304507255554
3.34177136421204
3.6087589263916
3.69624805450439
3.86057281494141
3.28366041183472
2.01748824119568
0.943081855773926
0.308058619499207
-0.153761759400368
-0.310176968574524
0.672058999538422
2.16018271446228
3.05864214897156
2.88140392303467
2.66300368309021
2.43572545051575
1.79085552692413
0.849458694458008
0.0102401729673147
-0.674661576747894
-1.53680157661438
-2.19506931304932
-2.32694864273071
-1.88127028942108
-1.58086907863617
-1.42994213104248
-1.33954727649689
-1.04592573642731
-0.96973592042923
-1.19378578662872
-1.40395355224609
-1.44915103912354
-1.5156557559967
-1.75568604469299
-1.65173208713531
-1.08692622184753
-0.397666186094284
-0.144399434328079
-0.0793474912643433
0.0363900847733021
-0.0186538677662611
-0.406059980392456
-0.889187693595886
-1.20492374897003
-1.40443789958954
-1.58748722076416
-1.81541121006012
-2.08998537063599
-2.17295479774475
-1.90209329128265
-1.3158186674118
-0.674822986125946
-0.453194409608841
-0.171033605933189
0.0788433402776718
0.0710952207446098
-0.356020033359528
-0.935999274253845
-1.35520505905151
-2.07400488853455
-2.89143180847168
-3.2704439163208
-2.81847023963928
-2.2165379524231
-1.95213329792023
-2.26980638504028
-2.84994697570801
-3.0820677280426
-2.56229782104492
-1.23849892616272
0.303861737251282
1.44557988643646
2.1995689868927
2.78648924827576
3.25589632987976
3.26445174217224
2.38342547416687
0.731622636318207
-0.879502534866333
-1.52082109451294
-0.88999480009079
0.468186497688293
1.433957695961
1.93403446674347
2.30400729179382
2.60069584846497
2.45896983146667
1.76260721683502
1.06172502040863
0.119036726653576
-0.0922610312700272
0.882711052894592
2.18520283699036
2.24880194664001
1.52645087242126
1.36180329322815
1.19505727291107
0.0599572919309139
-1.52340388298035
-1.45560777187347
-0.0657882764935493
0.884002387523651
0.734366774559021
0.711445271968842
1.06011080741882
1.10756802558899
0.762130916118622
1.21910870075226
2.64476323127747
3.81924939155579
3.96226692199707
3.49398970603943
3.03814196586609
2.4155478477478
1.81087160110474
1.17423415184021
0.615723669528961
0.052532009780407
0.365201026201248
1.69545686244965
2.91062068939209
3.17680096626282
3.03378367424011
2.96453475952148
2.34855890274048
1.18714773654938
0.17698623239994
-0.180718764662743
-0.734870970249176
-1.9016090631485
-2.80733227729797
-2.4433319568634
-1.51549422740936
-1.23397922515869
-1.5597231388092
-1.46174168586731
-0.900971293449402
-0.890963315963745
-1.43769025802612
-1.75504040718079
-1.6041134595871
-1.58458173274994
-1.83930122852325
-1.72485506534576
-0.974417090415955
-0.213002607226372
0.051724910736084
0.096276618540287
0.255758792161942
0.268510937690735
-0.0891940668225288
-0.676437199115753
-1.22219550609589
-1.50128936767578
-1.67465364933014
-1.99087393283844
-2.36762642860413
-2.4078197479248
-1.86819529533386
-1.07272136211395
-0.481281340122223
-0.111631333827972
0.107414543628693
0.0746464431285858
-0.315988063812256
-0.899841368198395
-1.4785293340683
-2.13017868995667
-2.93162512779236
-3.25882196426392
-2.87480545043945
-2.35035443305969
-2.06770944595337
-2.06819367408752
-2.2964403629303
-2.6675431728363
-2.8473641872406
-2.32081484794617
-1.00992929935455
0.520970582962036
1.71805548667908
2.55178570747375
3.02619695663452
3.13822174072266
2.65170431137085
1.30482232570648
-0.276440352201462
-1.14778125286102
-0.94116473197937
-0.0162325780838728
0.844454705715179
1.40102815628052
1.95485746860504
2.43637108802795
2.57632160186768
2.14452505111694
1.50917899608612
0.710153877735138
-0.0787018164992332
0.273030668497086
1.56890416145325
2.48754096031189
2.00812578201294
1.43589472770691
0.954542577266693
0.0712566375732422
-1.3427757024765
-1.6754606962204
-0.486446768045425
0.79247772693634
0.832509696483612
0.449784696102142
0.692236363887787
1.12128865718842
0.977302730083466
0.828635632991791
1.48900163173676
2.53580522537231
3.24007725715637
3.53741145133972
3.61118006706238
3.40343356132507
2.74500465393066
1.79585957527161
0.970038831233978
0.472544819116592
0.294176578521729
0.802969932556152
1.78520596027374
2.76647329330444
2.97696399688721
2.87123441696167
2.6702675819397
2.29997181892395
1.57229399681091
0.577467322349548
-0.584751069545746
-1.82751762866974
