% Type: Timesignal
% Date: 11-DEC-24 13:59:37
% NoOfItems: = 4096
% Unit_Y: = mm/s
% Unit_X: = Sec
% Min_X: = 0
% Max_X: = 1.60000002384186
% MinDisplay_X: = 0
% MaxDisplay_X: = 1.60000002384186
1.89618253707886
1.93050372600555
2.14722681045532
1.75551390647888
0.797903776168823
-0.00405241083353758
-0.408011466264725
-0.613133072853088
-0.827922642230988
-0.908811092376709
-1.13407421112061
-1.70464420318604
-2.2736029624939
-2.29277777671814
-1.90525412559509
-1.87383329868317
-2.6150426864624
-3.2128438949585
-3.05493426322937
-2.52464723587036
-2.48371958732605
-2.75877261161804
-2.89251255989075
-2.72525715827942
-2.40363693237305
-1.87367224693298
-1.0137083530426
-0.322933524847031
-0.24446202814579
-0.780388534069061
-1.23284840583801
-1.25862967967987
-0.98019278049469
-0.685481548309326
-0.309076130390167
0.0217287801206112
0.173193275928497
0.283407866954803
0.547020554542542
0.546053767204285
-0.190643787384033
-1.45617806911469
-2.71430015563965
-3.32692575454712
-3.5716860294342
-3.59682250022888
-3.23685264587402
-2.51449584960938
-1.76990294456482
-1.50338983535767
-1.47116339206696
-1.28763353824615
-0.944904744625092
-1.00758528709412
-1.33710110187531
-1.64228594303131
-1.72430241107941
-1.85046911239624
-2.21914005279541
-2.65016937255859
-2.82967090606689
-2.5122401714325
-1.66436111927032
-0.631179869174957
0.338031768798828
1.05233192443848
1.58535802364349
1.90021085739136
1.81513297557831
1.45403516292572
1.00882613658905
0.990940451622009
0.985945343971252
0.781629383563995
0.148862287402153
-0.398343503475189
0.0534718744456768
1.29950904846191
2.00607490539551
1.39070999622345
0.446957319974899
0.233134552836418
0.934382975101471
1.62886381149292
1.80337023735046
1.73231089115143
1.391676902771
0.651595532894135
-0.234310671687126
-0.535144984722137
-0.00260221865028143
0.799353957176208
1.137570977211
0.740701735019684
0.275834649801254
0.326591372489929
0.930676937103271
1.25825917720795
1.12870872020721
0.562811553478241
0.169809505343437
0.402001351118088
1.36541223526001
2.54280710220337
3.44869375228882
3.702960729599
3.24244403839111
2.62611246109009
2.3873143196106
2.40842270851135
2.24293947219849
1.74471807479858
0.886365473270416
0.214282050728798
-0.219969883561134
-0.261219799518585
-0.325189381837845
-0.467147052288055
-0.716418981552124
-1.14003610610962
-1.70593333244324
-2.17321729660034
-2.0430223941803
-1.87302768230438
-2.1324508190155
-2.76344561576843
-2.86060833930969
-2.48565316200256
-2.23541450500488
-2.42071676254272
-2.6756284236908
-2.76360678672791
-2.56090211868286
-1.88060092926025
-1.05189669132233
-0.296346664428711
-0.0828461796045303
-0.379168748855591
-0.874006509780884
-1.11409378051758
-0.973747491836548
-0.640847861766815
-0.209335148334503
0.143544912338257
0.440834283828735
0.635643422603607
0.854783535003662
0.823362708091736
0.228461712598801
-0.838235080242157
-2.05704092979431
-2.88622856140137
-3.17497777938843
-3.10230708122253
-2.8066291809082
-2.29696702957153
-1.7794097661972
-1.38963031768799
-1.24042165279388
-1.10233116149902
-0.88238537311554
-0.679036259651184
-0.804880678653717
-1.24444997310638
-1.67419028282166
-1.90928244590759
-2.03641605377197
-2.43199610710144
-2.95922160148621
-3.1657931804657
-2.47920799255371
-1.14100301265717
0.194623902440071
1.10921168327332
1.70459604263306
2.09437537193298
2.19443869590759
2.03105044364929
1.71700322628021
1.61516749858856
1.42583692073822
1.01849412918091
0.369774878025055
-0.348714709281921
-0.409945040941238
0.563939452171326
1.92244708538055
2.03620672225952
1.09293723106384
0.246025145053864
0.757942914962769
1.78419554233551
2.31657719612122
2.16124534606934
1.85976660251617
1.03557419776917
-0.228832170367241
-0.917995631694794
-0.267342835664749
0.97950005531311
1.58116865158081
1.15384531021118
0.547020554542542
0.475800007581711
0.884270787239075
1.33495819568634
1.41955280303955
1.09325957298279
0.328363835811615
-0.164540335536003
0.324174374341965
1.7426233291626
3.48655986785889
4.45963859558105
4.19731521606445
3.39970946311951
3.12675094604492
3.21811318397522
2.77338767051697
1.92260825634003
0.973376989364624
0.403773814439774
-0.0156539473682642
-0.306175738573074
-0.313748985528946
-0.0905805379152298
0.0441261902451515
-0.530310988426208
-1.29875159263611
-1.71640694141388
-1.60973727703094
-1.48695433139801
-1.74702215194702
-2.2695746421814
-2.60392451286316
-2.52706432342529
-2.21430611610413
-2.1102147102356
-2.34143972396851
-2.77504706382751
-2.87575483322144
-2.23831486701965
-1.259113073349
-0.504368662834167
-0.199828341603279
-0.14327085018158
-0.466502547264099
-0.815193176269531
-0.884802341461182
-0.442332655191422
0.202680513262749
0.578119099140167
0.644827961921692
0.642572104930878
0.948240339756012
1.0481424331665
0.701707720756531
-0.147299155592918
-1.11844444274902
-1.91911149024963
-2.59167838096619
-2.93295693397522
-2.90185832977295
-2.39429116249084
-1.90654325485229
-1.66146075725555
-1.40477681159973
-0.998723030090332
-0.582034528255463
-0.485355019569397
-0.751706957817078
-1.0897628068924
-1.29955732822418
-1.34918606281281
-1.5871787071228
-2.17096161842346
-2.86350870132446
-3.1859347820282
-2.62938332557678
-1.4083217382431
-0.031122662127018
0.978533267974854
1.528156042099
1.73569464683533
1.90504479408264
2.1499662399292
2.20539569854736
2.24938488006592
2.21506357192993
1.89843833446503
1.34075903892517
0.390560954809189
0.0241457670927048
0.450341075658798
1.37733602523804
1.69815075397491
1.2437572479248
0.697034895420074
0.62371963262558
1.2935471534729
2.26114749908447
3.0071907043457
2.95546722412109
1.86540627479553
0.0731300339102745
-1.04480683803558
-0.706589877605438
0.668192148208618
1.9564460515976
2.18944358825684
1.44565618038177
0.727488875389099
0.63838267326355
1.00286424160004
1.18156015872955
1.07940220832825
0.601644456386566
0.0373586267232895
0.189467653632164
1.12774193286896
3.11595511436462
4.79543876647949
4.99653196334839
4.02570915222168
3.31076431274414
3.54988479614258
3.27177023887634
2.41921854019165
1.56070482730865
1.05700480937958
0.538641691207886
-0.0262886881828308
-0.050297424197197
0.43132746219635
0.769705593585968
0.312250584363937
-0.552869498729706
-1.22028017044067
-1.44119274616241
-1.30729162693024
-1.31889319419861
-1.62939536571503
-2.1633882522583
-2.5357654094696
-2.39719152450562
-2.13712382316589
-2.12197732925415
-2.45374894142151
-2.81436347961426
-2.63002800941467
-1.82162642478943
-0.879646122455597
-0.250101655721664
0.105356521904469
0.112607479095459
-0.193705305457115
-0.403822004795074
-0.195800021290779
0.238290786743164
0.716693043708801
0.934705197811127
0.862840175628662
0.800643026828766
0.890232682228088
0.803382277488708
0.112929746508598
-0.75412392616272
-1.62875092029572
-2.05011224746704
-2.28762149810791
-2.40927648544312
-2.19706511497498
-1.77264213562012
-1.419762134552
-1.36046540737152
-1.04996311664581
-0.538689851760864
-0.22560952603817
-0.500018060207367
-1.02982151508331
-1.33726227283478
-1.40445446968079
-1.58669531345367
-1.85723674297333
-2.29406666755676
-2.66434907913208
-2.77472472190857
-2.0027391910553
-0.543362736701965
0.854300141334534
1.69670057296753
1.94919514656067
2.11918973922729
2.16527366638184
2.16285681724548
2.05103087425232
2.0814847946167
1.88055264949799
1.298220038414
0.447601824998856
-0.225448399782181
0.129526391625404
1.15948498249054
2.10936069488525
1.98996162414551
1.36509001255035
0.867513000965118
1.03251266479492
1.67897605895996
2.48866653442383
3.03555011749268
2.8289783000946
1.40601766109467
-0.194349825382233
-0.633596897125244
0.276640325784683
1.60775542259216
2.22505378723145
1.82302844524384
1.01108205318451
0.534613370895386
0.604544818401337
0.931482553482056
1.10083281993866
0.880081355571747
0.368163555860519
0.23603492975235
0.601966738700867
1.77098262310028
3.90034794807434
5.2277569770813
4.85699129104614
3.44788789749146
3.35749268531799
3.46609592437744
2.63046312332153
1.39393270015717
0.81063324213028
0.732645153999329
0.270678400993347
-0.106049247086048
0.212670728564262
0.960325300693512
1.06312775611877
0.142739251255989
-0.929758310317993
-1.43974256515503
-1.29826819896698
-1.2773209810257
-1.63857996463776
-1.97357428073883
-2.21736764907837
-2.25974559783936
-2.24347114562988
-2.0900731086731
-2.11279273033142
-2.45213770866394
-2.72864103317261
-2.47904682159424
-1.48292601108551
-0.572366535663605
-0.00227995379827917
0.170615166425705
0.0750636234879494
-0.141176119446754
-0.265248119831085
0.0273684170097113
0.343188017606735
0.61824107170105
0.554110407829285
0.548954129219055
0.572801768779755
0.408124387264252
0.171420827507973
-0.451194941997528
-1.24847829341888
-1.97550785541534
-2.24379348754883
-2.32967710494995
-2.40927648544312
-2.31388592720032
-1.94392597675323
-1.53223252296448
-1.24187183380127
-0.994694709777832
-0.581551074981689
-0.284745126962662
-0.369339674711227
-0.820993900299072
-1.18885934352875
-1.34741365909576
-1.63535726070404
-1.97889173030853
-2.48323631286621
-2.74974942207336
-2.67063331604004
-1.76861381530762
-0.400438219308853
0.841570675373077
1.55007004737854
1.59985995292664
1.56489419937134
1.71942019462585
1.91020107269287
2.15044951438904
2.19121599197388
1.87281835079193
1.04572546482086
0.0566945225000381
-0.342913955450058
0.169164970517159
0.945662260055542
1.34639859199524
1.29209697246552
1.13579857349396
0.926809728145599
1.10469996929169
2.10259318351746
3.22536420822144
3.42242908477783
2.21296882629395
0.498841971158981
-0.572688817977905
-0.438948899507523
0.257787823677063
1.30015361309052
1.70636856555939
1.30466532707214
0.542508840560913
0.394105851650238
0.610023319721222
0.676571071147919
0.559911131858826
0.405707389116287
0.450663357973099
0.627103388309479
1.2551976442337
2.83526253700256
4.70955514907837
5.08547687530518
4.21584510803223
3.51185750961304
3.40663814544678
2.70377826690674
1.55587077140808
0.816272854804993
0.520433723926544
0.207836762070656
-0.219969883561134
-0.0849409028887749
0.573929667472839
1.02284467220306
0.400712311267853
-0.602014899253845
-1.37641751766205
-1.65807700157166
-1.60635352134705
-1.64744222164154
-1.92281758785248
-2.3697988986969
-2.64356303215027
-2.59651231765747
-2.34176206588745
-2.24524354934692
-2.40766501426697
-2.596351146698
-2.45423245429993
-1.85755896568298
-1.07042694091797
-0.388192176818848
0.039453350007534
0.0913380011916161
-0.160673156380653
-0.41348996758461
-0.340174704790115
-0.00485807284712791
0.231523230671883
0.337226122617722
0.311606049537659
0.298232048749924
0.169326096773148
-0.0441743917763233
-0.377718567848206
-1.09314656257629
-1.6753181219101
-2.18659138679504
-2.37414956092834
-2.49886608123779
-2.40250897407532
-2.11859345436096
-1.87608921527863
-1.65856039524078
-1.32598304748535
-0.700789093971252
-0.369823068380356
-0.530633270740509
-1.03771710395813
-1.41734504699707
-1.6026474237442
-1.84112346172333
-2.18288540840149
-2.68626308441162
-3.06911373138428
-3.06105709075928
-2.26699638366699
-0.871106088161469
0.433744460344315
1.14594984054565
1.36444544792175
1.44227242469788
1.65206682682037
1.80836534500122
1.86315035820007
1.78757929801941
1.41407430171967
0.713792622089386
-0.204017773270607
-0.570916354656219
0.0243069007992744
0.853011071681976
1.25036370754242
1.18365490436554
1.08020782470703
1.07344031333923
0.827391028404236
0.893294215202332
1.80127549171448
2.87038922309875
2.77741599082947
1.31401097774506
0.0781251341104507
-0.0999262183904648
0.550082087516785
0.979016661643982
1.2000904083252
0.952913165092468
0.637415885925293
0.113090880215168
0.00932158250361681
0.148378878831863
0.338998556137085
0.451307892799377
0.630487143993378
0.995452165603638
1.49415707588196
2.50784134864807
4.08532810211182
5.04503297805786
4.59724569320679
3.60612010955811
3.02700996398926
2.57551693916321
1.26051509380341
0.207675620913506
-0.0556147955358028
0.0699073821306229
-0.275399446487427
-0.547713279724121
0.137583017349243
1.07617950439453
1.08133578300476
-0.00808072183281183
-0.966657638549805
-1.53803336620331
-1.64679765701294
-1.65791583061218
-1.83290565013885
-2.30018973350525
-2.85545229911804
-3.03527593612671
-2.77408027648926
-2.41266012191772
-2.4086320400238
-2.59167838096619
-2.5586462020874
-2.13309550285339
-1.46697390079498
-0.802141427993774
-0.333890527486801
-0.140853852033615
-0.297313451766968
-0.616516828536987
-0.737366199493408
-0.574138998985291
-0.318744093179703
-0.0696333199739456
0.0545997992157936
0.0260793566703796
-0.0841352343559265
-0.242850691080093
-0.35322642326355
-0.825827896595001
-1.44860482215881
-2.07170391082764
-2.47888565063477
-2.58346056938171
-2.67949557304382
-2.59328961372375
-2.467928647995
-2.18465781211853
-1.85820353031158
-1.35547029972076
-0.837590575218201
-0.659055829048157
-0.732693314552307
-0.952155709266663
-1.12424516677856
-1.46310675144196
-1.98501467704773
-2.52529191970825
-3.00337171554565
-3.1885130405426
-2.94923138618469
-2.00870108604431
-0.638753116130829
0.508348762989044
1.12516379356384
1.33882534503937
1.57649576663971
1.84188091754913
1.97400951385498
2.01171445846558
1.89505457878113
1.22893309593201
0.0695851147174835
-1.03626692295074
-1.01757550239563
-0.152777656912804
0.581986308097839
0.757781803607941
0.899094939231873
1.1449830532074
1.22861075401306
1.00479781627655
1.41214072704315
2.6509268283844
3.39632558822632
2.40471649169922
0.359945774078369
-0.698533236980438
-0.344847530126572
0.585047841072083
1.00995409488678
1.05603790283203
0.727005481719971
0.516083121299744
0.350438982248306
0.248442128300667
0.220243960618973
0.387499421834946
0.569256842136383
0.697840511798859
0.921653509140015
1.38281452655792
2.87119507789612
4.51764631271362
4.97800159454346
4.11288166046143
3.27837657928467
2.85846543312073
1.98528873920441
0.665291786193848
-0.0678608566522598
-0.160673156380653
-0.291834950447083
-0.541912496089935
-0.166473910212517
0.861873388290405
1.46676456928253
0.963547945022583
-0.189676985144615
-1.0365891456604
-1.30761384963989
-1.30713045597076
-1.58427834510803
-2.13519024848938
-2.69528651237488
-3.03882098197937
-3.02448010444641
-2.74346518516541
-2.36448168754578
-2.25281691551208
-2.25265574455261
-2.21462845802307
-1.72494697570801
-1.06849336624146
-0.652127087116241
-0.510169446468353
-0.476170480251312
-0.534339308738708
-0.800207853317261
-0.873039722442627
-0.571399748325348
-0.0498140268027782
0.421337246894836
0.545248091220856
0.31885701417923
0.0114163039252162
-0.348553568124771
-0.657766759395599
-1.27280926704407
-1.89478051662445
-2.39284086227417
-2.60601925849915
-2.5895836353302
-2.67466163635254
-2.63743996620178
-2.52416396141052
-2.13083958625793
-1.57831645011902
-0.964562952518463
-0.670335054397583
-0.818899214267731
-1.16146683692932
-1.51901972293854
-1.77860403060913
-2.0269091129303
-2.2064106464386
-2.31565856933594
-2.62873888015747
-2.96389436721802
-2.85400199890137
-1.91379415988922
-0.482454657554626
0.623236179351807
1.09374296665192
1.1026052236557
1.07263457775116
1.26470446586609
1.6572231054306
2.09115290641785
2.0014021396637
0.894099831581116
-0.737043917179108
-1.56735944747925
-0.96440178155899
-0.100570745766163
0.213315263390541
0.284858077764511
0.735545516014099
1.29983139038086
1.43083202838898
1.1140456199646
1.672691822052
2.7927234172821
3.03055500984192
1.49915218353271
-0.342591673135757
-1.02192604541779
-0.452967405319214
0.20219711959362
0.372997522354126
0.252953857183456
0.0824757143855095
0.0239846352487803
-0.161156550049782
-0.34549206495285
-0.563665390014648
-0.46940290927887
-0.175658464431763
0.41247496008873
1.05523228645325
1.77259397506714
2.75131249427795
3.83879542350769
4.23743677139282
3.662677526474
2.6884708404541
1.67349743843079
0.58230859041214
-0.371112138032913
-0.706750988960266
-0.786028206348419
-0.917351126670837
-0.903010308742523
-0.196122288703918
0.571351587772369
0.648050606250763
-0.0962201729416847
-1.11167681217194
-1.92894065380096
-2.36802649497986
-2.3818838596344
-2.53383183479309
-2.99789333343506
-3.64113402366638
-3.95727586746216
-3.92424368858337
-3.65386343002319
-3.43375658988953
-3.22525119781494
-2.94391393661499
-2.484041929245
-1.92507350444794
-1.54882919788361
-1.22769224643707
-1.0198312997818
-0.893181264400482
-1.03755593299866
-1.15324902534485
-1.08799040317535
-0.884641230106354
-0.606687784194946
-0.461024045944214
-0.362894356250763
-0.551097095012665
-0.961340308189392
-1.43216931819916
-1.87206089496613
-2.2036714553833
-2.59167838096619
-2.86753702163696
-2.99386501312256
-3.0265748500824
-3.10810780525208
-3.2302463054657
-3.09650635719299
-2.56702518463135
-1.78231012821198
-1.09266316890717
-0.925085484981537
-1.1811249256134
-1.6181161403656
-1.73928773403168
-1.88317906856537
-2.24379348754883
-2.90943145751953
-3.55251121520996
-3.69849705696106
-3.3357880115509
-2.43779683113098
-1.4352308511734
-0.533372521400452
0.0607228316366673
0.392816811800003
0.632581889629364
0.820945739746094
1.22877192497253
1.81674420833588
2.06698298454285
1.30869364738464
-0.272982478141785
-1.42701303958893
-1.32292151451111
-0.418968468904495
-0.0208101850003004
0.0483156330883503
0.443251252174377
1.07746863365173
1.3338303565979
0.913596868515015
1.14337170124054
2.32882308959961
3.23889923095703
2.32076644897461
0.260849326848984
-0.8570876121521
-0.810842573642731
-0.254935622215271
0.114218808710575
0.380892992019653
0.365907698869705
0.19478502869606
-0.0501362904906273
-0.238500118255615
-0.350809425115585
-0.233505010604858
0.0375197604298592
0.638543784618378
1.21056401729584
1.83301866054535
2.83864617347717
4.36231470108032
5.16974925994873
4.60804176330566
3.54891800880432
2.63545823097229
1.70814096927643
0.384599059820175
-0.389158964157104
-0.418968468904495
-0.422513365745544
-0.651482582092285
-0.346619993448257
0.730550408363342
1.39860558509827
1.02397263050079
-0.213685721158981
-1.22624206542969
-1.70931708812714
-1.68820869922638
-1.8588479757309
-2.31146907806396
-2.83547186851501
-3.25731658935547
-3.40153002738953
-3.2450704574585
-2.82032537460327
-2.50031638145447
-2.18143510818481
-1.8043851852417
-1.34241855144501
-0.937492668628693
-0.609910428524017
-0.338079959154129
-0.0543257333338261
-0.0258052907884121
-0.279588907957077
-0.397860109806061
-0.172758087515831
0.227978318929672
0.459364503622055
0.491913259029388
0.271645218133926
-0.159222960472107
-0.665501117706299
-1.05109107494354
-1.40219867229462
-1.65420985221863
-1.76571345329285
-1.81115281581879
-1.82533240318298
-2.04092764854431
-2.12987279891968
-1.93909192085266
-1.40542125701904
-0.799241065979004
-0.21433025598526
0.0254348274320364
-0.201761916279793
-0.72769820690155
-1.0406174659729
-1.16726756095886
-1.50000607967377
-2.01836919784546
-2.43489646911621
-2.46422266960144
-2.45681047439575
-2.12052702903748
-1.39994275569916
-0.182748287916183
0.827713310718536
1.40972363948822
1.680748462677
1.91455161571503
2.22634291648865
2.45869588851929
2.65656661987305
2.45515108108521
1.49673521518707
0.158691361546516
-0.550452530384064
-0.211913272738457
0.553788125514984
1.08826446533203
1.60582184791565
2.18396520614624
2.71376848220825
2.60822677612305
2.22650408744812
2.80577516555786
3.99154877662659
4.16186571121216
2.39359831809998
0.560555696487427
-0.126835331320763
0.327074766159058
0.789524912834167
1.12741959095001
1.30063700675964
1.35397183895111
1.2558422088623
0.920525550842285
0.673348426818848
0.515438616275787
0.751497626304626
1.32674050331116
2.09824252128601
2.49527287483215
3.03119945526123
4.16960000991821
5.49523687362671
5.8603630065918
5.02070188522339
3.83122205734253
2.74873423576355
1.61822903156281
0.612601459026337
0.439545214176178
0.571673810482025
0.578119099140167
0.790169417858124
1.68187642097473
2.52669382095337
2.50155711174011
1.59857094287872
0.546376049518585
-0.222225740551949
-0.658250153064728
-0.883513331413269
-1.16227245330811
-1.3928530216217
-1.88108432292938
-2.27714776992798
-2.32500410079956
-1.89768087863922
-1.46520149707794
-1.23768246173859
-0.888025045394897
-0.621511936187744
-0.486644089221954
-0.423319041728973
-0.0293502043932676
0.446635037660599
0.647567212581635
0.510443508625031
0.358817845582962
0.509798943996429
0.834964215755463
1.09019804000854
1.15884041786194
1.01462697982788
0.608250916004181
0.120019569993019
-0.287484377622604
-0.437659829854965
-0.663084149360657
-0.734949171543121
-0.813259541988373
-0.99517810344696
-1.31534826755524
-1.55237412452698
-1.14632034301758
-0.470530837774277
0.0731300339102745
0.363812953233719
0.655301570892334
0.698807299137115
0.266488969326019
-0.372884571552277
-0.737366199493408
-1.04448461532593
-1.70625555515289
-2.32726001739502
-2.36673736572266
-2.12310528755188
-1.92217302322388
-1.59088480472565
-0.584451496601105
0.804510235786438
1.75776982307434
2.13723659515381
2.31528806686401
2.63239669799805
3.02427077293396
3.32446050643921
3.26097440719604
2.3953709602356
0.911824405193329
-0.278622090816498
-0.268309623003006
0.631937384605408
1.44130563735962
1.82560658454895
2.29579091072083
2.77467656135559
3.03603339195251
2.82543325424194
2.40697240829468
3.0622980594635
3.99364352226257
3.75420069694519
2.0693998336792
0.714920580387115
0.507059693336487
1.04830360412598
1.24504637718201
1.28033435344696
1.32738494873047
1.42777049541473
1.23682856559753
1.02574503421783
1.07489049434662
1.09003686904907
1.31256079673767
1.75615847110748
2.42389130592346
2.85475945472717
3.58533406257629
4.65170860290527
5.70068073272705
5.73564672470093
4.87600469589233
3.67766284942627
2.34477519989014
1.1301589012146
0.391850024461746
0.590687453746796
0.759876549243927
0.782918453216553
1.2854905128479
2.41986298561096
2.95063328742981
2.26050305366516
1.08133578300476
0.26665011048317
-0.131830438971519
-0.703367233276367
-1.2194744348526
-1.37738430500031
-1.08186733722687
-1.2705534696579
-1.71592354774475
-1.89542508125305
-1.55237412452698
-1.23881030082703
-1.1972382068634
-1.04722392559052
-0.927824735641479
-0.639881074428558
-0.332601457834244
0.145639628171921
0.434388965368271
0.55958890914917
0.554754912853241
0.687528073787689
0.914080262184143
1.13322043418884
1.31352758407593
1.34946012496948
1.2746946811676
0.866868495941162
0.342704623937607
-0.288612306118011
-0.601692676544189
-0.754285097122192
-0.827922642230988
-1.10974323749542
-1.39881491661072
-1.49049925804138
-1.20142757892609
-0.619417250156403
-0.198378145694733
0.169809505343437
0.406029671430588
0.592137634754181
0.361879378557205
-0.0485249646008015
-0.505979955196381
-0.863855123519897
-1.35853171348572
-1.86368203163147
-2.04833984375
-2.15452599525452
-2.28439879417419
-2.17998504638672
-1.34612452983856
-0.0191988609731197
1.26986074447632
2.04990291595459
2.58212327957153
2.97238612174988
3.36329340934753
3.50363993644714
3.35040283203125
2.58002853393555
1.02751755714417
-0.580745458602905
-1.08766806125641
0.107451245188713
1.55683755874634
2.2501904964447
2.31045413017273
2.45402312278748
2.76935935020447
2.72375869750977
2.26195311546326
2.34348630905151
3.25581812858582
3.85571432113647
3.1415753364563
1.80933213233948
1.12129664421082
1.15465104579926
1.1038943529129
0.747952699661255
0.573768556118011
0.594554603099823
0.840764999389648
1.04540324211121
1.50011897087097
1.60904455184937
1.43437695503235
1.3795919418335
1.88683688640594
2.46852493286133
2.94370460510254
3.58452820777893
4.67410612106323
5.4046802520752
5.03165864944458
3.96077251434326
2.82317757606506
1.73714482784271
0.648533999919891
0.240385517477989
0.603416919708252
1.08053004741669
1.43776071071625
2.16027855873108
2.86748886108398
2.74647855758667
1.83543562889099
0.864612638950348
0.180283114314079
-0.48825541138649
-1.08041715621948
-1.53497183322906
-1.59346282482147
-1.67064535617828
-1.99065434932709
-2.27456974983215
-2.1593599319458
-1.59668552875519
-1.16130566596985
-0.823733150959015
-0.806975424289703
-0.757991135120392
-0.524349093437195
-0.12039003521204
0.226205855607986
0.250053465366364
0.315473228693008
0.47644454240799
0.830613672733307
1.00189745426178
1.12596940994263
1.27372789382935
1.28565168380737
0.801932096481323
-0.00679166242480278
-0.66066712141037
-0.929274916648865
-0.976003348827362
-1.00468492507935
-1.15067088603973
-1.41347789764404
-1.54705667495728
-1.43845343589783
-0.6460040807724
0.123242221772671
0.622752785682678
0.575379848480225
0.640638530254364
0.826907634735107
0.554754912853241
-0.160834282636642
-1.05431365966797
-1.54802346229553
-2.02239751815796
-2.37672758102417
-2.51997447013855
-2.23477005958557
-1.92636251449585
-1.64728105068207
-1.05689179897308
0.0681349262595177
1.33818089962006
2.13175821304321
2.55102491378784
2.94837737083435
3.35942625999451
3.51959204673767
3.04521799087524
1.83044052124023
0.29227015376091
-0.847097396850586
-0.669851660728455
0.483212113380432
1.64465475082397
2.12740755081177
2.35428214073181
2.67074632644653
2.90100455284119
2.75453519821167
2.23021006584167
2.82817268371582
3.97366309165955
4.20923900604248
2.67944741249084
1.21491456031799
0.628875851631165
0.7278111577034
0.494007974863052
0.28840297460556
0.544120192527771
0.932771623134613
1.03331828117371
1.10631132125854
1.38184773921967
1.32802951335907
1.20685791969299
1.26293206214905
1.92760336399078
2.34719228744507
2.83993530273438
3.70505547523499
5.1072301864624
5.50861072540283
4.56050777435303
3.26886987686157
2.13272500038147
1.34108126163483
0.491107612848282
0.418920248746872
0.693167686462402
1.11033964157104
1.60437166690826
2.38989233970642
2.76774787902832
2.05892634391785
1.06345009803772
0.193334832787514
-0.109755292534828
-0.67275208234787
-1.29262864589691
-1.74299383163452
-1.66307210922241
-1.56752049922943
-2.00854015350342
-2.42555093765259
-2.04366683959961
-1.14777052402496
-0.714646518230438
-0.860310256481171
-1.04093968868256
-0.792795717716217
-0.579295217990875
-0.434759438037872
-0.491639196872711
-0.234632939100266
0.0536330044269562
0.290981113910675
0.523656368255615
0.767127454280853
1.14449965953827
1.13032007217407
0.695101261138916
-0.182426035404205
-0.890603125095367
-1.29794597625732
-1.22140800952911
-0.988088250160217
-1.12746787071228
-1.43716442584991
-1.65388751029968
-1.30374670028687
-0.753157138824463
-0.239789187908173
-0.0272554829716682
0.0879542157053947
0.226528123021126
0.35640087723732
0.174482345581055
-0.446683257818222
-1.05302464962006
-1.84918010234833
-2.39703035354614
-2.70946621894836
-2.58636093139648
-2.51481819152832
-2.54237174987793
-2.55139517784119
-1.99790525436401
-0.936364769935608
0.257143288850784
1.3412424325943
1.98931705951691
2.46771931648254
2.63594150543213
2.93887066841125
2.67574143409729
1.73037719726563
0.103906325995922
-1.23043143749237
-1.20787286758423
-0.0211324505507946
1.52767264842987
2.33043456077576
2.56294870376587
2.63787508010864
2.62031173706055
2.47045850753784
1.78629016876221
1.55280923843384
2.60452079772949
3.59081244468689
3.01669764518738
1.40327835083008
0.588753879070282
0.683983147144318
0.639671742916107
-0.0556147955358028
-0.498084485530853
-0.236405402421951
0.242157965898514
0.61195695400238
0.924553871154785
1.11646258831024
1.07988560199738
1.00044727325439
1.32222878932953
1.70475721359253
2.15238308906555
3.01266932487488
4.15542078018188
4.7375922203064
4.11046457290649
3.02185392379761
2.03105044364929
1.31562232971191
0.405546277761459
-0.156967103481293
0.0687794536352158
0.766482949256897
1.4898065328598
1.9577351808548
2.28338384628296
1.84703719615936
1.18027102947235
0.392011135816574
-0.179042249917984
-0.862404942512512
-1.56993758678436
-2.0631639957428
-2.24814391136169
-2.17257285118103
-2.38542890548706
-2.54124402999878
-2.42764544487
-1.98227548599243
-1.55269634723663
-1.46068978309631
-1.56188094615936
-1.51466906070709
-1.32018220424652
-1.15921092033386
-1.10474812984467
-0.955217242240906
-0.708040058612823
-0.388997822999954
-0.0522310137748718
0.203002780675888
0.405546277761459
0.456786394119263
0.311928331851959
-0.227220848202705
-0.937653839588165
-1.55237412452698
-1.78392148017883
-1.59829688072205
-1.60635352134705
-2.02658677101135
-2.34450125694275
-1.98598146438599
-1.30890297889709
-0.625056862831116
-0.411717504262924
-0.378846496343613
-0.393992930650711
-0.276043981313705
-0.302953094244003
-0.955861747264862
-1.72543036937714
-2.48452520370483
-2.91603803634644
-3.27697467803955
-3.40668630599976
-3.16901588439941
-2.8027617931366
-2.73041343688965
-2.82193660736084
-2.3751163482666
-1.15389358997345
0.413764029741287
1.6296694278717
2.20942401885986
2.36298322677612
2.44129371643066
2.3294677734375
1.70556282997131
0.31498983502388
-1.12408399581909
-1.66838943958282
-0.984865605831146
0.291142225265503
1.12903094291687
1.52090501785278
1.78935170173645
1.96144115924835
1.77501094341278
1.26067614555359
0.595199167728424
1.19348394870758
2.5023627281189
2.94128751754761
1.85299909114838
0.577796876430511
0.111962951719761
-0.000185232027433813
-0.459090441465378
-1.04029512405396
-0.784739136695862
-0.00598599994555116
0.609378814697266
0.713953793048859
0.689139366149902
0.451469004154205
0.314506441354752
0.389433026313782
0.765355050563812
1.07698512077332
1.71603643894196
2.85121464729309
3.83380031585693
3.94723749160767
3.19184851646423
2.3442919254303
1.37943077087402
0.419242531061172
-0.431859046220779
-0.514681160449982
0.0923047959804535
0.883303999900818
1.44195020198822
1.87265717983246
1.92309165000916
1.41874706745148
0.602611243724823
-0.285873055458069
-1.02192604541779
-1.83790075778961
-2.5277087688446
-3.10617423057556
-3.19076871871948
-3.07862067222595
-2.91861605644226
-2.83434391021729
-2.59473991394043
-2.12938928604126
-1.95230484008789
-2.07009267807007
-2.28149843215942
-2.15065884590149
-1.9932324886322
-1.92491233348846
-1.78698289394379
-1.37432277202606
-0.774587750434875
-0.422191113233566
-0.291673839092255
-0.103309996426105
0.104067459702492
0.141933590173721
-0.260253012180328
-0.918156802654266
-1.56558692455292
-1.97824716567993
-2.00112795829773
-2.05172348022461
-2.24991655349731
-2.50305557250977
-2.27714776992798
-1.61972749233246
-1.02434301376343
-0.78892856836319
-0.959245562553406
-0.997917354106903
-0.960212349891663
-1.08509004116058
-1.65485429763794
-2.44375872612
-2.87962198257446
-3.14661860466003
-3.28325891494751
-3.41055345535278
-3.06846928596497
-2.65339207649231
-2.78535962104797
-3.32096385955811
-3.36704778671265
-2.22687458992004
-0.525638163089752
0.904895722866058
1.55796551704407
1.76663208007813
1.74342894554138
1.6578676700592
1.30079817771912
0.445345997810364
-0.796179533004761
-1.5918515920639
-1.34129059314728
-0.117006257176399
1.10695576667786
1.6699526309967
1.82737898826599
1.76727652549744
1.61226713657379
1.23328363895416
0.573607385158539
0.494491368532181
1.59083652496338
2.62756276130676
2.32511711120605
1.1382155418396
0.497069507837296
0.467260003089905
0.0976221635937691
-0.971330463886261
-1.54657328128815
-1.0789669752121
-0.198055878281593
0.349472165107727
0.504803836345673
0.447118431329727
0.234584748744965
0.0629786849021912
0.107451245188713
0.3415766954422
0.798064887523651
1.92937576770782
3.39229726791382
4.18474674224854
3.89712524414063
2.89552593231201
1.910684466362
0.837542355060577
-0.0556147955358028
-0.748806595802307
-0.903171479701996
-0.146976888179779
1.15932381153107
2.15012717247009
2.28870129585266
1.97239816188812
1.55748212337494
1.02832317352295
0.0894044116139412
-1.1965936422348
-2.34143972396851
-3.00014925003052
-3.29840540885925
-3.29663276672363
-3.07539796829224
-2.7462043762207
-2.48678112030029
-2.36448168754578
-2.32145929336548
-2.34965753555298
-2.37592196464539
-2.36254811286926
-2.07299304008484
-1.82823288440704
-1.633584856987
-1.38785791397095
-0.896565020084381
-0.374173641204834
-0.159384086728096
-0.0715669095516205
0.0148000856861472
0.137744143605232
-0.0581929124891758
-0.601209282875061
-1.26620292663574
-1.74943912029266
-1.87737822532654
-1.863520860672
-2.13438439369202
-2.6500084400177
-2.59522318840027
-1.95166027545929
-1.06543183326721
-0.37191778421402
-0.2069181650877
-0.327928632497787
-0.557864606380463
-0.692571341991425
-1.13874709606171
-2.08282208442688
-2.96115517616272
-3.23395228385925
-3.26231169700623
-3.34094429016113
-3.39331221580505
-2.90975379943848
-2.46003317832947
-2.7180061340332
-3.31210160255432
-3.18561267852783
-1.94360363483429
-0.334857314825058
1.06216096878052
1.8683066368103
2.2474513053894
2.19524431228638
2.03910708427429
1.41197955608368
0.259399145841599
-1.20755064487457
-1.92829608917236
-1.25008964538574
0.138227537274361
1.33753633499146
1.85670506954193
2.07052779197693
2.08519101142883
1.94581139087677
1.54733073711395
0.730550408363342
0.787430167198181
1.8911874294281
2.75372934341431
2.13417506217957
0.98610645532608
0.388305097818375
0.345604985952377
-0.266214907169342
-1.2389714717865
-1.30310225486755
-0.365311354398727
0.527201294898987
0.652884602546692
0.533807694911957
0.370258271694183
0.121953159570694
-0.0623823553323746
0.334970265626907
1.16141855716705
1.97594308853149
2.79320693016052
3.55133509635925
4.14961957931519
3.80366849899292
2.64899325370789
1.46257507801056
0.580213844776154
-0.0414351373910904
-0.751868069171906
-0.665501117706299
0.570384740829468
1.91712975502014
2.36926746368408
1.9490339756012
1.50269711017609
1.31449437141418
0.817239701747894
-0.290545910596848
-1.70174384117126
-2.64404654502869
-3.1522581577301
-3.34046077728271
-3.26215052604675
-2.87333798408508
-2.4005753993988
-2.26796340942383
-2.24008727073669
-2.20963335037231
-1.9650342464447
-1.85385286808014
-1.84499061107635
-1.91024923324585
-1.85014688968658
-1.47503054141998
-1.08895719051361
-0.603626251220703
-0.242045029997826
0.0624952912330627
0.14596189558506
0.0491212978959084
-0.0230660401284695
-0.246234476566315
-0.683547914028168
-1.45827269554138
-1.94038105010986
-2.04833984375
-2.21736764907837
-2.56331896781921
-2.500155210495
-1.52401483058929
-0.438465476036072
0.120180703699589
0.0212453827261925
-0.244945421814919
-0.40930050611496
-0.730920851230621
-1.37899553775787
-2.17176723480225
-2.78036451339722
-3.06444096565247
-3.29389357566833
-3.30581736564636
-3.08458256721497
-2.61794304847717
-1.91331076622009
-1.847407579422
-2.62938332557678
-3.6295325756073
-3.29244327545166
-1.70464420318604
0.31096151471138
1.69170546531677
2.19943380355835
2.31706047058105
2.11548376083374
1.66318500041962
0.788396954536438
-0.209818542003632
-0.96955806016922
-0.777488172054291
0.121308632194996
1.19155037403107
1.78371214866638
1.89908289909363
1.83591902256012
1.62096834182739
1.4972186088562
0.966126024723053
0.715565085411072
1.24037349224091
2.156733751297
2.36088848114014
1.7036292552948
0.901995360851288
0.287597328424454
-0.241078242659569
-1.06510961055756
-1.25315117835999
-0.627957224845886
0.349149912595749
0.848660528659821
0.897161364555359
0.603094637393951
0.181088775396347
-0.209174022078514
-0.0317671932280064
0.527845799922943
1.5429801940918
2.85105347633362
3.97898054122925
4.49911594390869
4.16073799133301
3.1080596446991
1.70669078826904
0.674315214157104
-0.012914695776999
-0.671301901340485
-1.005007147789
-0.168085247278214
1.54555833339691
2.59146904945374
2.53007769584656
2.05667042732239
1.90246665477753
1.48046088218689
0.35656201839447
-1.18064153194427
-2.32693767547607
-2.75925612449646
-2.98468041419983
-3.07233643531799
-2.79277157783508
-2.19770956039429
-1.86964392662048
-2.06203603744507
-2.17837357521057
-1.97325205802917
-1.77957081794739
-1.82001507282257
-1.847407579422
-1.74911677837372
-1.68240797519684
-1.44860482215881
-0.920251488685608
-0.345814317464828
-0.00953091401606798
0.0238235034048557
0.0460597798228264
0.119536176323891
0.065395675599575
-0.259930729866028
-0.805364072322845
-1.24444997310638
-1.59136819839478
-1.89961457252502
-2.36560964584351
-2.33289957046509
-1.61602139472961
-0.549969136714935
0.342543482780457
0.517211079597473
0.35237255692482
-0.117650784552097
-0.549324631690979
-1.12376177310944
-1.80583548545837
-2.435702085495
-2.86737608909607
-2.97597932815552
-3.0770092010498
-2.92506146430969
-2.7368586063385
-2.21946239471436
-1.91298854351044
-2.36512613296509
-3.26005578041077
-3.44793629646301
-2.34127855300903
-0.514519989490509
1.24085688591003
2.46691370010376
3.11708307266235
3.11885547637939
2.66317296028137
1.67817032337189
0.464198470115662
-0.838073968887329
-1.19224309921265
-0.618933856487274
0.541058659553528
1.27437245845795
1.56795573234558
1.81416606903076
2.09679245948792
2.30465340614319
1.90713953971863
1.2437572479248
1.14578878879547
1.82834577560425
2.39392066001892
2.00188541412354
1.32142305374146
0.72120475769043
0.475800007581711
-0.190321519970894
-0.677586019039154
-0.562054097652435
0.259882539510727
1.0871365070343
1.35348844528198
1.16254651546478
0.635321140289307
0.243769288063049
0.316923409700394
0.687689185142517
1.26583242416382
2.19895029067993
3.13948059082031
3.81559228897095
3.79206681251526
3.29529547691345
2.22231459617615
1.31111061573029
0.752786695957184
0.354467272758484
-0.197411343455315
-0.124579481780529
1.26776599884033
2.62643480300903
2.86813354492188
2.21167993545532
1.82770121097565
1.77098262310028
1.41633009910583
0.295009404420853
-1.19756042957306
-2.15919899940491
-2.5842661857605
-2.62390494346619
-2.58104372024536
-2.28198170661926
-1.78005421161652
-1.53481066226959
-1.67854082584381
-1.75443422794342
-1.57718849182129
-1.47841429710388
-1.60989832878113
-1.84692418575287
-1.90799343585968
-1.61714935302734
-0.960695743560791
-0.254291087388992
0.272128611803055
0.357206523418427
0.230234161019325
0.106806710362434
0.0449318550527096
-0.0739838927984238
-0.371595531702042
-0.734949171543121
-1.06446504592896
-1.42862439155579
-1.95842790603638
-2.10763645172119
-1.65356528759003
-0.792634606361389
-0.0369234308600426
0.282279938459396
0.297587543725967
0.0128664961084723
-0.425574898719788
-1.08428430557251
-1.73928773403168
-2.30889081954956
-2.7139778137207
-2.94294714927673
-2.87092089653015
-2.57121467590332
-2.25845646858215
-2.07444334030151
-1.89655303955078
-1.76071834564209
-2.1983540058136
-2.94020795822144
-3.08474373817444
-2.03818845748901
-0.246395617723465
1.61548984050751
3.07019352912903
3.76660799980164
3.27354264259338
2.07278370857239
0.646117031574249
-0.494539588689804
-1.00790750980377
-0.853864908218384
-0.145204439759254
0.639510571956635
1.20589113235474
1.5288006067276
1.99253976345062
2.32962870597839
2.32108879089355
1.40440630912781
0.673992931842804
1.0756961107254
1.90552818775177
2.18332052230835
1.81642198562622
1.5018914937973
1.0979323387146
0.419564783573151
-0.545779705047607
-0.663728654384613
-0.00211882148869336
0.806282639503479
1.11904072761536
1.01817178726196
0.542025446891785
-0.128446653485298
-0.335018455982208
0.183666884899139
0.924392759799957
1.58132970333099
2.64722084999084
3.89293575286865
4.36134767532349
3.485915184021
2.24664568901062
1.20685791969299
0.657557427883148
0.0186672639101744
-0.545940816402435
-0.408333718776703
0.764065980911255
2.29611325263977
2.76098036766052
2.43388152122498
2.07391166687012
2.06408262252808
1.60904455184937
0.368485808372498
-1.13923048973083
-2.25974559783936
-2.75007152557373
-2.92199993133545
-2.73476409912109
-2.35835862159729
-1.83306682109833
-1.68385815620422
-1.94489276409149
-2.08910632133484
-1.95391619205475
-1.81904828548431
-1.99709963798523
-2.18062949180603
-2.15968227386475
-1.93715834617615
-1.42346811294556
-0.71674120426178
-0.104921326041222
0.235068142414093
0.0895655378699303
-0.156805977225304
-0.3530652821064
-0.428958684206009
-0.614583253860474
-0.918962419033051
-1.20239436626434
-1.60893154144287
-2.1902973651886
-2.41314363479614
-1.98662602901459
-1.04416239261627
-0.171630159020424
0.16110834479332
0.309027940034866
0.118569381535053
-0.250585049390793
-1.06108129024506
-1.97744154930115
-2.69657564163208
-3.29679393768311
-3.6430675983429
-3.62969350814819
-3.08039307594299
-2.43892478942871
-2.07347631454468
-1.95617198944092
-1.90654325485229
-2.00435066223145
-2.51014542579651
-2.86818170547485
-2.43924713134766
-1.28006029129028
0.313056230545044
1.81368267536163
2.75614643096924
2.53088331222534
1.49335145950317
0.233779087662697
-0.739622056484222
-1.08621788024902
-0.919768095016479
-0.303436487913132
0.457108646631241
0.988523483276367
1.23731195926666
1.46080267429352
1.72344851493835
1.76679313182831
1.53572928905487
0.631615102291107
0.0117385694757104
0.494169116020203
1.7110413312912
2.30513668060303
2.0014021396637
1.19364511966705
0.272934257984161
-0.503562986850739
-0.993083357810974
-0.725442349910736
-0.0046969405375421
0.552015662193298
0.576991200447083
0.339320838451385
0.000781562644988298
-0.345975458621979
-0.295379877090454
0.281957685947418
1.07118439674377
2.04941940307617
3.186692237854
3.90502071380615
3.64044117927551
2.68734288215637
1.57133948802948
0.744568943977356
0.0676515251398087
-0.528538525104523
-0.722703099250793
-0.079945795238018
1.30530989170074
2.27645516395569
2.22021985054016
1.90649497509003
1.89827728271484
1.80465936660767
0.860906541347504
-0.553030669689178
-1.7592681646347
-2.48388075828552
-2.829509973526
-2.8631865978241
-2.51111221313477
-2.05526852607727
-1.77344787120819
-1.93619155883789
-2.17579555511475
-2.20689415931702
-2.08282208442688
-2.10086894035339
-2.22332954406738
-2.20737743377686
-2.09442353248596
-1.79181694984436
-1.23027038574219
-0.573494493961334
-0.160350888967514
-0.120873436331749
-0.260575264692307
-0.42041864991188
-0.677747189998627
-0.941520988941193
-1.14744830131531
-1.2040057182312
-1.58733987808228
-2.35400795936584
-2.78906559944153
-2.44939851760864
-1.49291622638702
-0.601531505584717
-0.0179098006337881
0.317406833171844
0.441317677497864
0.193334832787514
-0.607171177864075
-1.69803786277771
-2.73428058624268
-3.38235521316528
-3.64226198196411
-3.57797002792358
-3.22670125961304
-2.72171235084534
-2.11053681373596
-1.83129441738129
-1.84644079208374
-2.05430173873901
-2.53334832191467
-3.13630604743958
-3.22944068908691
-2.42957925796509
-0.546424210071564
1.64046537876129
2.91308951377869
2.64593172073364
1.4071456193924
0.366391092538834
-0.333407133817673
-0.620867431163788
-0.78522253036499
-0.567049205303192
-0.0150094171985984
0.721526980400085
1.18446052074432
1.49222350120544
1.65915668010712
1.67800915241241
1.4709540605545
0.888460218906403
0.0657179355621338
0.117602586746216
1.28146231174469
2.42582488059998
2.35315418243408
1.23344480991364
0.0919825285673141
-0.592991530895233
-0.896403908729553
-0.901237905025482
-0.306014627218246
0.511249184608459
0.790975093841553
0.608412027359009
0.33368119597435
0.1873729377985
-0.0362788997590542
-0.113622471690178
0.218310371041298
0.99126273393631
2.45337843894958
3.83251118659973
4.31993675231934
3.34846925735474
2.0827739238739
0.967092871665955
0.322563052177429
-0.144559904932976
-0.588479816913605
-0.645198404788971
0.288241863250732
1.76872682571411
2.40407204627991
2.08664107322693
1.87555754184723
2.06085991859436
1.69041645526886
0.376864701509476
-1.13214063644409
-2.02062487602234
-2.40943765640259
-2.62019872665405
-2.66273784637451
-2.29938411712646
-1.80986380577087
-1.63890218734741
-1.84644079208374
-2.13277316093445
-2.0578465461731
-1.9925879240036
-2.03544926643372
-2.1405074596405
-2.03996086120605
-1.92313981056213
-1.69964909553528
-1.14567577838898
-0.521932125091553
-0.14327085018158
-0.13150817155838
-0.324061453342438
-0.594763934612274
-0.755896389484406
-0.909939050674438
-0.948449671268463
-1.18950378894806
-1.79971241950989
-2.53963255882263
-2.56412482261658
-1.7753814458847
-0.735593736171722
0.0515382848680019
0.430360674858093
0.591976523399353
0.413119494915009
-0.193383038043976
-1.29472327232361
-2.51078987121582
-3.5610511302948
-4.04896020889282
-3.97274470329285
-3.54767727851868
-3.11842036247253
-2.51691293716431
-2.01289057731628
-1.72236883640289
-1.67419028282166
-1.95149922370911
-2.44214749336243
-2.97178983688354
-2.8954131603241
-1.84918010234833
0.488529473543167
2.49172806739807
2.81093144416809
1.56505537033081
0.320307195186615
-0.180009037256241
-0.287484377622604
-0.292801767587662
-0.194672092795372
0.299682259559631
0.751497626304626
0.918269693851471
0.9234259724617
1.15658462047577
1.28226792812347
1.24150145053864
1.04508090019226
0.519466936588287
0.090854600071907
0.897000253200531
2.41051721572876
3.19652128219604
2.32334470748901
0.767772018909454
-0.407850325107574
-0.808586716651917
-0.939909636974335
-0.725925803184509
0.0396144837141037
0.918108582496643
1.22941648960114
0.962258875370026
0.55958890914917
0.274223327636719
0.121792033314705
0.174321204423904
0.727005481719971
1.82770121097565
3.08775687217712
3.7218132019043
3.43161368370056
2.58212327957153
1.71877574920654
0.877503216266632
0.260204792022705
-0.151810869574547
-0.364989101886749
0.0410646758973598
1.01704394817352
1.89908289909363
1.98609447479248
1.83946394920349
1.98480534553528
2.00543022155762
1.23280024528503
-0.0707612410187721
-1.13230180740356
-1.79052782058716
-2.35594153404236
-2.72122883796692
-2.55429553985596
-2.08395004272461
-1.75298404693604
-1.85772013664246
-2.03609371185303
-2.03867173194885
-1.96310067176819
-2.05945801734924
-2.12503886222839
-2.02529788017273
-2.07911610603333
-2.0377049446106
-1.56462013721466
-0.728987276554108
-0.279750019311905
-0.154872387647629
-0.146171227097511
-0.197250217199326
-0.413812220096588
-0.78490024805069
-0.88238537311554
-0.903815984725952
-1.50822377204895
-2.52915906906128
-2.81597471237183
-2.00692868232727
-0.889152944087982
-0.217069506645203
0.245380610227585
0.576668918132782
0.676409900188446
0.0884376168251038
-1.06075894832611
-2.21994590759277
-3.28889846801758
-3.94857478141785
-4.07780313491821
-3.64677357673645
-3.09054446220398
-2.59393429756165
-2.05220699310303
-1.67161214351654
-1.55736923217773
-1.68579173088074
-2.0820164680481
-2.58700561523438
-3.00208282470703
-2.52448606491089
-0.625701367855072
1.78467893600464
2.70184469223022
1.62838041782379
0.154501914978027
-0.360316246747971
0.0149612184613943
0.241674572229385
0.151923805475235
0.101167075335979
0.320790588855743
0.492235541343689
0.469676971435547
0.640638530254364
0.967898488044739
1.3177170753479
1.46483099460602
1.19445073604584
0.440189749002457
-0.0949311107397079
0.837542355060577
2.41889619827271
3.08469557762146
1.77517211437225
-0.034506443887949
-1.14519238471985
-1.2544401884079
-1.16211128234863
-0.777649283409119
0.218149229884148
1.30482649803162
1.62676906585693
1.11662375926971
0.340609908103943
-0.253002047538757
-0.350970566272736
0.0943995118141174
1.34913790225983
2.59066343307495
3.32301044464111
3.02104806900024
2.30642580986023
1.54314136505127
0.925681829452515
0.315795511007309
-0.256708085536957
-0.421063184738159
-0.192899644374847
0.831258177757263
1.83301866054535
2.38924789428711
2.08889698982239
1.82979595661163
1.67978167533875
1.18156015872955
0.0284963436424732
-1.29021155834198
-2.12729477882385
-2.53286504745483
-2.63582873344421
-2.65161967277527
-2.32903242111206
-1.97760260105133
-1.71125066280365
-1.91169941425323
-2.20060992240906
-2.36335372924805
-2.3859121799469
-2.43811917304993
-2.5881335735321
-2.56621956825256
-2.51804089546204
-2.17466759681702
-1.65694904327393
-0.926535665988922
-0.422029972076416
-0.228348776698112
-0.416068077087402
-0.753318309783936
-1.00323474407196
-0.918640196323395
-0.750579059123993
-1.12263381481171
-2.11102032661438
-2.89057898521423
-2.62471055984497
-1.8399955034256
-0.940554201602936
-0.34146374464035
0.0615284964442253
0.0787696689367294
-0.196605682373047
-0.849675476551056
-1.78456592559814
-2.8349883556366
-3.97161674499512
-4.4572696685791
-4.28824186325073
-3.76649498939514
-3.35512399673462
-2.8644757270813
-2.2534613609314
-1.94875991344452
-1.99645507335663
-2.38881254196167
-2.76296210289001
-3.15564203262329
-3.14613509178162
-1.86239290237427
0.403451561927795
1.96369707584381
1.49496269226074
0.111801818013191
-0.75815224647522
-0.646487474441528
-0.221258953213692
-0.050619687885046
-0.0150094171985984
-0.0456245839595795
-0.0880024135112762
-0.158256158232689
0.120019569993019
0.784368634223938
1.25842034816742
1.60324370861053
1.58020186424255
1.13225364685059
-0.0258052907884121
-0.308914989233017
1.05104279518127
2.43210911750793
2.04506897926331
0.0513771511614323
-1.25814628601074
-1.48582637310028
-1.34129059314728
-1.46568489074707
-1.03981173038483
0.262299537658691
1.11243426799774
0.791780769824982
-0.0216158479452133
-0.455384403467178
-0.365794748067856
-0.0258052907884121
0.914080262184143
1.58568036556244
1.77968382835388
1.73247194290161
1.64546048641205
1.46757018566132
1.01817178726196
0.494169116020203
-0.0424019321799278
-0.129574581980705
-0.00356901343911886
0.326913625001907
1.07891881465912
1.65206682682037
1.71410286426544
1.20556890964508
0.972249090671539
0.870574533939362
0.314023047685623
-0.885124623775482
-1.90364277362823
-2.28665471076965
-2.52174687385559
-2.8591582775116
-2.9646999835968
-2.66144871711731
-2.38704013824463
-2.34450125694275
-2.51497936248779
-2.47614645957947
-2.40911531448364
-2.50305557250977
-2.8067901134491
-2.9727566242218
-2.97195100784302
-2.97195100784302
-2.72139000892639
-2.00741219520569
-1.07477748394012
-0.610877215862274
-0.613938748836517
-0.90510505437851
-1.20835638046265
-1.40783834457397
-1.39784812927246
-1.53545522689819
-2.36915445327759
-3.34529495239258
-3.43117833137512
-2.60118508338928
-1.6214998960495
-0.973425209522247
-0.50017923116684
-0.089291475713253
-0.189676985144615
-0.864983081817627
-2.01095700263977
-2.96437764167786
-3.7579550743103
-4.48176193237305
-4.69945192337036
-4.3920111656189
-3.69559669494629
-3.13260006904602
-2.72735190391541
-2.59393429756165
-2.53689336776733
-2.757000207901
-3.23105192184448
-3.74248623847961
-3.84593343734741
-2.62003779411316
-0.509847164154053
1.01688277721405
0.691234111785889
-0.526604950428009
-1.17032909393311
-0.832273185253143
-0.284261733293533
-0.0562593229115009
-0.0809125900268555
-0.130057990550995
-0.129735723137856
0.0149612184613943
0.318534761667252
0.700902044773102
0.88604325056076
0.97917777299881
1.09422636032104
0.875730752944946
0.195590689778328
-0.580262064933777
0.14612303674221
1.59663736820221
2.19476103782654
1.0790798664093
-0.42847529053688
-1.37303364276886
-1.64341390132904
-1.8433792591095
-1.55527448654175
-0.435887366533279
1.1409547328949
1.69331681728363
1.03509068489075
-0.059965368360281
-0.44313833117485
-0.0325728543102741
0.774861812591553
1.52364432811737
1.67704236507416
1.77339959144592
1.90053308010101
1.90295004844666
1.35816133022308
0.905379116535187
0.446312785148621
0.112124085426331
-0.11652285605669
0.0475099720060825
0.864290356636047
1.75825321674347
2.17913103103638
1.76743769645691
1.14514422416687
0.928582191467285
0.84140956401825
0.109707094728947
-1.08911836147308
-2.00999021530151
-2.18868613243103
-2.2386372089386
-2.39703035354614
-2.41314363479614
-1.92877948284149
-1.35885405540466
-1.2773209810257
-1.45102179050446
-1.62842857837677
-1.70206618309021
-2.19770956039429
-2.73975920677185
-2.90604782104492
-2.59506225585938
-2.31710863113403
-1.9502100944519
-1.12037801742554
-0.226737454533577
0.19124011695385
-0.0934809222817421
-0.489061087369919
-0.654382944107056
-0.511941909790039
-0.538851022720337
-1.22527527809143
-2.07831048965454
-2.37850022315979
-1.85804235935211
-1.02627670764923
-0.226576313376427
0.383471131324768
0.790169417858124
0.852527678012848
0.5408975481987
-0.290545910596848
-1.32501626014709
-2.43183493614197
-3.50272130966187
-4.08553743362427
-3.989985704422
-3.38944506645203
-2.81323552131653
-2.29390573501587
-1.82420456409454
-1.48340940475464
-1.5763828754425
-2.02610349655151
-2.46680068969727
-2.57653188705444
-2.01224613189697
-0.640686690807343
0.836736679077148
1.4031172990799
0.882337152957916
0.186406135559082
0.0597560368478298
0.595038056373596
1.19541752338409
1.33447480201721
1.03541302680969
0.598421812057495
0.504159331321716
0.847210288047791
1.23296141624451
1.67575335502625
1.94001054763794
2.44612765312195
2.52943301200867
2.18074250221252
1.08504176139832
0.623075067996979
1.71200811862946
2.92517423629761
2.72456455230713
1.01382124423981
-0.221420079469681
-0.72512012720108
-0.462957620620728
-0.565115571022034
0.0338137149810791
1.27985095977783
2.56874942779541
2.47416472434998
1.54894208908081
0.699774146080017
0.715726256370544
1.23763418197632
1.99253976345062
2.43710422515869
2.21893072128296
2.16607928276062
2.05779838562012
2.16060090065002
1.6813930273056
1.53572928905487
1.39054894447327
1.40956258773804
1.2908079624176
1.58600258827209
2.51235294342041
3.14963173866272
3.07099914550781
2.31319332122803
2.05473685264587
2.06488823890686
1.79434680938721
0.814822673797607
-0.269276410341263
-0.877873659133911
-1.12472856044769
-1.38447403907776
-1.5522129535675
-1.32018220424652
-0.892375588417053
-0.549646854400635
-0.530794382095337
-0.513392090797424
-0.753479421138763
-1.17000675201416
-1.89075219631195
-2.26167917251587
-2.07331538200378
-1.81437540054321
-1.39124166965485
-0.815354287624359
0.230395302176476
0.915852725505829
0.888782501220703
0.429232746362686
0.16819816827774
0.282602220773697
0.470966041088104
0.104550860822201
-0.847741901874542
-1.43780887126923
-1.21319031715393
-0.387869894504547
0.295331686735153
0.880725860595703
1.32754611968994
1.66076803207397
1.45983588695526
0.764227092266083
-0.214652523398399
-1.15550482273102
-2.0214307308197
-3.0144898891449
-3.42892265319824
-3.2289571762085
-2.51127338409424
-1.90912127494812
-1.52836537361145
-1.037233710289
-0.761536061763763
-0.961984813213348
-1.58685648441315
-1.88607943058014
-1.38656878471375
-0.224964991211891
0.930193543434143
1.48706722259521
1.29096901416779
0.809505343437195
0.521883904933929
0.580213844776154
1.10067164897919
1.57343423366547
1.76099240779877
1.51881039142609
1.3789473772049
1.5665055513382
1.9221248626709
2.397465467453
2.77532124519348
3.04844069480896
3.01621413230896
2.54989695549011
1.88989841938019
1.02316689491272
1.17398691177368
2.29111814498901
3.12659001350403
2.58389592170715
1.27646720409393
0.387177169322968
0.194462761282921
0.312572836875916
0.459525644779205
1.39393270015717
2.64254808425903
2.88940286636353
1.76663208007813
0.855105817317963
1.05523228645325
1.66721332073212
1.97272050380707
2.30449223518372
2.57052183151245
2.46723604202271
2.05312561988831
1.8985995054245
2.34106922149658
2.47013640403748
2.14416527748108
1.60582184791565
1.750035405159
2.14513206481934
2.88763046264648
3.56116414070129
3.84121227264404
3.32993912696838
2.66494536399841
2.56746029853821
2.75969123840332
2.41937971115112
1.33366918563843
0.271484076976776
-0.383841574192047
-0.591219067573547
-1.00210678577423
-1.11925005912781
-1.07638883590698
-0.817126750946045
-0.558992564678192
-0.281200230121613
-0.19902266561985
-0.668401479721069
-1.22156918048859
-1.57589948177338
-1.5596250295639
-1.53771102428436
-1.29794597625732
-0.712068378925323
0.158852487802505
0.89635568857193
1.17479252815247
1.03944134712219
0.752142190933228
0.602127850055695
0.702029943466187
0.638866066932678
-0.0019576889462769
-0.77281528711319
-0.928308129310608
-0.332923740148544
0.41634213924408
1.03766882419586
1.49560725688934
1.80111443996429
1.90520596504211
1.61645662784576
0.914724826812744
-0.0635102838277817
-1.20352232456207
-2.41910552978516
-3.18061757087708
-3.16402077674866
-2.63099479675293
-2.13760709762573
-1.60877048969269
-0.891892194747925
-0.301341772079468
-0.320677667856216
-0.862404942512512
-1.20658385753632
-0.918640196323395
-0.143593102693558
0.542508840560913
0.937122225761414
0.932771623134613
0.872669219970703
0.802093207836151
0.863484680652618
1.06651151180267
1.45854675769806
1.72941040992737
1.81029891967773
1.91825771331787
2.21296882629395
2.56439876556396
2.75775766372681
2.9567563533783
3.24760031700134
3.44772696495056
3.13641905784607
2.50961375236511
1.46515321731567
1.17817640304565
2.10581588745117
3.21134567260742
3.18298625946045
1.9846442937851
1.02703416347504
0.625008642673492
0.850432932376862
0.77212256193161
1.18816661834717
2.05280327796936
2.64254808425903
1.98770582675934
1.14917254447937
1.1254860162735
1.63337552547455
2.03765678405762
2.22167015075684
2.65253829956055
2.71441316604614
2.34541988372803
1.9462947845459
2.30690908432007
2.60967707633972
2.34960913658142
1.81706655025482
2.0014021396637
2.53394484519958
3.22101354598999
3.75049471855164
4.08581113815308
3.91307735443115
3.05214667320251
2.54457950592041
2.35170388221741
2.494145154953
1.95016193389893
0.915852725505829
-0.0775288045406342
-0.342108279466629
-0.315360307693481
-0.636013865470886
-0.736560523509979
-0.583484709262848
-0.21787516772747
-0.215619310736656
-0.207723826169968
-0.308431595563889
-0.66759580373764
-1.21464049816132
-1.70690011978149
-1.74379944801331
-1.47583615779877
-1.06897675991058
-0.361927568912506
0.635965645313263
1.24939692020416
1.22651612758636
0.819656670093536
0.620658099651337
0.770511269569397
0.90441232919693
0.360751450061798
-0.541751384735107
-0.929597198963165
-0.444588512182236
0.322401940822601
0.924553871154785
1.31787812709808
1.60791659355164
1.81497180461884
1.58487462997437
1.13998794555664
0.292914688587189
-0.496634304523468
-1.56993758678436
-2.40911531448364
-2.71413898468018
-2.48661994934082
-1.85772013664246
-1.49259400367737
-1.05286347866058
-0.57123863697052
-0.194994360208511
-0.581067681312561
-1.2665251493454
-1.44022595882416
-0.808103322982788
0.0844093039631844
0.505770623683929
0.521561622619629
0.545086979866028
0.689945042133331
0.909407436847687
0.993196308612823
1.24134027957916
1.56747233867645
1.88973724842072
2.19041037559509
2.397465467453
2.72504782676697
2.81753778457642
2.94096541404724
2.96239590644836
3.24099397659302
3.20570588111877
2.82398319244385
2.11161661148071
1.04701459407806
1.23038327693939
2.25905275344849
3.27886009216309
2.78692269325256
1.70507943630219
1.07134556770325
1.00560355186462
1.06699502468109
0.885076403617859
1.46853697299957
2.24358415603638
2.32560062408447
1.54620289802551
1.2598705291748
1.68042623996735
2.02589416503906
1.89763271808624
2.15657258033752
2.7234365940094
2.72585344314575
2.07858443260193
1.55780434608459
1.88570892810822
2.16817402839661
2.27146005630493
2.30980944633484
2.80206918716431
3.19104290008545
3.66751146316528
4.02329206466675
4.10772514343262
3.35539793968201
2.54554629325867
2.42292451858521
2.57003831863403
2.4888277053833
1.544269323349
0.663358211517334
0.0130276288837194
-0.175013944506645
-0.505496561527252
-0.550613701343536
-0.489866733551025
-0.613938748836517
-0.527088344097137
-0.19161057472229
0.232812285423279
-0.245267689228058
-1.00210678577423
-1.51466906070709
-1.56655371189117
-1.63374602794647
-1.75781798362732
-1.45440554618835
-0.422191113233566
0.614212810993195
0.888460218906403
0.641766428947449
0.536546945571899
0.875247359275818
1.03235149383545
0.654657006263733
-0.189193591475487
-0.630696475505829
-0.551419317722321
0.0247902981936932
0.677376687526703
1.24262928962708
1.58052408695221
1.60211586952209
1.64562153816223
1.45677435398102
0.987395524978638
0.0320412591099739
-1.31003093719482
-2.52158570289612
-3.04204368591309
-2.86640930175781
-2.49322652816772
-2.17660117149353
-1.90799343585968
-1.15727734565735
-0.45780137181282
-0.471658766269684
-1.02063703536987
-1.27135908603668
-0.750901281833649
-0.0523921437561512
0.204775243997574
-0.0983148887753487
-0.352581888437271
-0.144721031188965
0.34463819861412
0.730550408363342
1.00286424160004
1.2585813999176
1.58229649066925
1.88812589645386
2.19846701622009
2.47497034072876
2.55779242515564
2.57132744789124
2.62288999557495
3.08356761932373
3.4387035369873
3.2633912563324
2.46143507957458
1.19332277774811
0.377670347690582
1.20863044261932
2.45676231384277
2.65817785263062
1.73343873023987
1.10453879833221
1.16012954711914
1.55377614498138
1.3372141122818
1.22216546535492
1.71958136558533
1.88619232177734
1.29161357879639
0.684627652168274
1.20427978038788
1.86782324314117
2.03733468055725
1.8568662405014
2.18235373497009
2.39279270172119
2.01477599143982
1.25245845317841
1.17817640304565
1.43486034870148
1.62934720516205
1.95547926425934
2.23729991912842
2.69620513916016
3.02636551856995
3.6800799369812
3.94643187522888
3.46657943725586
2.55763125419617
2.26565933227539
2.55118584632874
2.68669843673706
2.15625023841858
1.06103301048279
0.229589641094208
-0.249618262052536
-0.501146018505096
-0.742361307144165
-0.708040058612823
-0.653899550437927
-0.671140730381012
-0.709812521934509
-0.321161061525345
-0.219969883561134
-0.801174640655518
-1.68047440052032
-2.2091498374939
-2.05188465118408
-1.88930201530457
-1.74186587333679
-1.41831195354462
-0.438143223524094
0.320307195186615
0.410541385412216
0.141933590173721
0.211059406399727
0.636932492256165
0.635482251644135
-0.0320894569158554
-0.691604554653168
-0.682258903980255
-0.25187411904335
0.147573217749596
0.414730817079544
0.732967376708984
1.06199991703033
1.06731724739075
0.96451473236084
0.659491002559662
0.125175818800926
-0.917512238025665
-2.30727958679199
-3.17820048332214
-3.192702293396
-2.70882177352905
-2.42248940467834
-2.17063927650452
-1.57428812980652
-0.737688422203064
-0.513392090797424
-0.988893926143646
-1.51563584804535
-1.38060688972473
-0.814387500286102
-0.359832853078842
-0.38287478685379
-0.649065613746643
-0.620061755180359
-0.159706354141235
0.570868134498596
0.950979590415955
1.02268350124359
0.938733518123627
1.19461190700531
1.62999176979065
2.09518122673035
2.24132823944092
2.06247115135193
1.89972746372223
2.04764699935913
2.52459907531738
2.70538973808289
2.33559083938599
1.48303890228271
0.392977952957153
0.469515860080719
1.78790152072906
2.81109261512756
2.35653805732727
1.32641816139221
0.914724826812744
1.16738045215607
1.11952412128448
0.645633637905121
0.851722002029419
1.43099319934845
1.50736999511719
1.07392370700836
1.31078839302063
1.8905428647995
1.79499137401581
1.21281981468201
1.28194570541382
1.97046458721161
1.93453204631805
1.08407497406006
0.463715076446533
0.67979371547699
0.796453595161438
0.825940847396851
1.758092045784
3.12046694755554
3.80527973175049
3.69683766365051
3.77289223670959
3.86489868164063
2.91083359718323
1.74407351016998
1.78274524211884
2.49591755867004
2.29530763626099
1.05104279518127
-0.0185543317347765
-0.421063184738159
-0.303114235401154
-0.310526311397552
-0.575105786323547
-0.98712146282196
-1.33613431453705
-1.31373691558838
-1.03755593299866
-0.648259937763214
-0.828244864940643
-1.42395150661469
-1.90444850921631
-2.11069798469543
-2.14324688911438
-2.14244103431702
-1.78649950027466
-1.18225288391113
-0.508558094501495
-0.230282366275787
-0.0749506875872612
0.152729466557503
0.549115300178528
0.697196006774902
0.292914688587189
-0.377235144376755
-0.870139300823212
-0.790056467056274
-0.356932461261749
0.0600783042609692
0.249570056796074
0.501258969306946
0.76261579990387
1.03557419776917
0.941633939743042
0.44985768198967
-0.48825541138649
-1.88672387599945
-3.19109106063843
-3.76826739311218
-3.35302925109863
-2.8241925239563
-2.46937894821167
-2.0093457698822
-1.06575405597687
-0.393831789493561
-0.588157534599304
-1.27007007598877
-1.48083126544952
-1.0096800327301
-0.637464046478271
-0.79698520898819
-1.30761384963989
-1.45569467544556
-1.06140351295471
-0.264120191335678
0.266005575656891
0.493846863508224
0.549276411533356
0.895872294902802
1.47659361362457
2.20249533653259
2.57229423522949
2.43001437187195
2.11548376083374
1.894571185112
2.03491759300232
2.13514184951782
1.99544012546539
1.37814176082611
0.411024779081345
0.227817177772522
1.5052752494812
2.66091704368591
2.41180634498596
1.25713121891022
0.728616833686829
1.13805437088013
1.40472853183746
1.1443384885788
0.974343836307526
1.01623821258545
0.692362010478973
0.187695205211639
0.685272216796875
1.64014303684235
1.86685645580292
1.24021232128143
0.76954448223114
1.26277089118958
1.48529481887817
1.23698973655701
0.857361674308777
0.77615088224411
0.622913956642151
0.629842638969421
1.56843912601471
2.67703032493591
3.43386960029602
3.61739945411682
3.69329261779785
3.46093964576721
2.47513151168823
1.46837592124939
1.54588055610657
2.2945020198822
2.39698219299316
1.54088544845581
0.63725471496582
-0.0965424329042435
-0.309559524059296
-0.418485075235367
-0.579939782619476
-1.03803932666779
-1.55575788021088
-1.55753028392792
-1.18338084220886
-0.756863176822662
-0.866433262825012
-1.37416160106659
-1.9805029630661
-2.16886687278748
-2.02529788017273
-1.80809128284454
-1.67692947387695
-1.62585043907166
-1.38254046440125
-1.04883515834808
-0.795212745666504
-0.511458516120911
-0.0420796684920788
0.278412759304047
0.0811866521835327
-0.523221135139465
-0.996306002140045
-0.8490309715271
-0.312459915876389
-0.10185980796814
-0.216263845562935
-0.182426035404205
0.178832918405533
0.610990166664124
0.812889099121094
0.592782199382782
0.0320412591099739
-1.21866881847382
-2.56186890602112
-3.57007455825806
-3.70478129386902
-3.25699424743652
-2.8443341255188
-2.28327083587646
-1.72236883640289
-1.13858592510223
-0.970202565193176
-1.05801975727081
-1.23317074775696
-1.18966495990753
-1.0675265789032
-1.08396208286285
-1.36964988708496
-1.63310146331787
-1.6725789308548
-1.09201872348785
-0.406239002943039
0.0813477858901024
0.271000683307648
0.526717841625214
1.06699502468109
1.66495752334595
2.2595362663269
2.36072731018066
2.2219922542572
1.84590923786163
1.59486484527588
1.53637373447418
1.41423535346985
0.942600727081299
0.114863336086273
-0.180170178413391
0.875408470630646
2.15931177139282
2.31222653388977
1.37298548221588
0.79081392288208
0.851077497005463
1.23715078830719
1.20315194129944
1.02332806587219
0.85236656665802
0.278896152973175
-0.343880742788315
-0.107016041874886
1.05893838405609
1.87120699882507
1.61162269115448
0.946790158748627
0.870413362979889
1.13048112392426
1.18349373340607
0.976921916007996
0.905218005180359
0.607445240020752
0.253437250852585
0.225883588194847
1.30305397510529
2.753084897995
3.33622312545776
3.03506660461426
2.56842708587646
2.37361788749695
1.75583612918854
1.32158422470093
1.45790231227875
1.85638284683228
1.55522632598877
0.726683259010315
-0.0744672939181328
-0.563020884990692
-0.655510902404785
-0.605076432228088
-0.699177801609039
-1.18837594985962
-1.62021088600159
-1.60635352134705
-1.20352232456207
-1.0359445810318
-1.43909800052643
-2.18272423744202
-2.4558436870575
-2.24862742424011
-2.0457615852356
-1.96712899208069
-1.90332055091858
-1.80938029289246
-1.76764702796936
-1.63229584693909
-1.14068067073822
-0.407689183950424
-0.016459608450532
-0.239950314164162
-0.776521384716034
-1.25734055042267
-1.34000158309937
-0.964079558849335
-0.526766061782837
-0.368856281042099
-0.391092538833618
-0.218358561396599
0.276318043470383
0.568290054798126
0.460331290960312
-0.191127181053162
-1.25411796569824
-2.63083362579346
-3.98789095878601
-4.49465274810791
-4.12130880355835
-3.24249243736267
-2.56928086280823
-2.10280251502991
-1.65163171291351
-1.23365414142609
-1.08492887020111
-1.27345383167267
-1.46794068813324
-1.59249603748322
-1.69449293613434
-1.92684590816498
-2.03577136993408
-2.03206539154053
-1.59765231609344
-0.919445872306824
-0.312621057033539
0.0633009523153305
0.249570056796074
0.521561622619629
1.06699502468109
1.74697387218475
2.00059628486633
1.88200283050537
1.54475271701813
1.39199912548065
1.24134027957916
1.09358179569244
0.694295644760132
0.149345681071281
-0.223353669047356
0.158530235290527
1.01027631759644
1.31755590438843
1.00270307064056
0.535096764564514
0.609539926052094
0.926165223121643
1.33238005638123
1.48142766952515
1.58423006534576
0.985784232616425
0.0554054640233517
-0.604270756244659
-0.216747239232063
0.648372888565063
1.11275660991669
0.808860778808594
0.232006624341011
0.356723129749298
0.863806962966919
1.23666739463806
0.930515766143799
0.340771019458771
-0.0543257333338261
-0.095414511859417
0.389271885156631
1.51397633552551
2.64158129692078
3.13142395019531
2.88537454605103
2.43065881729126
1.87861907482147
1.38200891017914
1.36734580993652
1.55329275131226
1.38458704948425
0.588270485401154
-0.196766823530197
-0.610554933547974
-0.544974029064178
-0.452645152807236
-0.607171177864075
-0.8332399725914
-1.21705746650696
-1.59894132614136
-1.62842857837677
-1.34209620952606
-1.43410289287567
-2.16967248916626
-2.86914849281311
-2.77746415138245
-2.20318794250488
-1.90509307384491
-1.88656282424927
-1.90654325485229
-1.80486869812012
-1.73026430606842
-1.456822514534
-0.776360213756561
-0.111688882112503
-0.0249996297061443
-0.56318199634552
-1.06591522693634
-1.15453803539276
-0.887702763080597
-0.534178137779236
-0.314876914024353
-0.239950314164162
-0.122001364827156
0.198329940438271
0.606478452682495
0.754398047924042
0.228461712598801
-0.921701669692993
-2.27940368652344
-3.5758752822876
-4.36832475662231
-4.48385667800903
-3.92069888114929
-3.0575122833252
-2.3657705783844
-1.94827651977539
-1.62133872509003
-1.20996761322021
-0.949899852275848
-1.09524130821228
-1.42814099788666
-1.6685506105423
-1.68933665752411
-1.60248625278473
-1.59620213508606
-1.52900993824005
-1.29842936992645
-0.94683837890625
-0.602337181568146
-0.327445238828659
0.0035208142362535
0.562005877494812
1.18752205371857
1.70507943630219
1.9295369386673
1.886514544487
1.90101647377014
1.89424896240234
1.6411098241806
0.978533267974854
0.104389727115631
-0.643748223781586
-0.462635368108749
0.503998219966888
1.27372789382935
1.37266325950623
1.03750777244568
0.874119400978088
1.24585199356079
1.80079209804535
2.19975614547729
2.10758829116821
1.53798508644104
0.151279270648956
-0.984543323516846
-1.0353000164032
0.0122219668701291
0.980144560337067
1.04363071918488
0.335292518138885
-0.0868744850158691
0.220243960618973
0.755525946617126
1.01849412918091
0.920364439487457
0.478861540555954
0.0489601641893387
0.252148181200027
1.18301033973694
2.5466742515564
3.526198387146
3.73937654495239
3.00815749168396
2.18509292602539
1.46418642997742
1.27453351020813
1.48674499988556
1.54136884212494
1.05039834976196
0.425204426050186
-0.0417574048042297
-0.287000983953476
-0.171952426433563
-0.040468342602253
-0.275077193975449
-0.908488810062408
-1.44119274616241
-1.58476173877716
-1.39253067970276
-1.32775545120239
-1.69819891452789
-2.43489646911621
-2.8121075630188
-2.56412482261658
-2.0417332649231
-1.71028387546539
-1.65839922428131
-1.67709064483643
-1.7310699224472
-1.45182740688324
-0.808586716651917
-0.190804913640022
0.019956324249506
-0.273304730653763
-0.740588843822479
-1.08847379684448
-1.06172573566437
-0.71674120426178
-0.422835648059845
-0.340013563632965
-0.33469620347023
-0.125546276569366
0.291625618934631
0.551371157169342
0.320307195186615
-0.42799186706543
-1.58363378047943
-2.90749788284302
-4.01882839202881
-4.35672330856323
-4.01673364639282
-3.33353209495544
-2.69383645057678
-2.16854453086853
-1.52659285068512
-0.957150816917419
-0.586385071277618
-0.653738439083099
-0.873845338821411
-1.14019727706909
-1.23687672615051
-1.37931787967682
-1.60377538204193
-1.93071305751801
-2.08169412612915
-1.78408253192902
-1.32694983482361
-0.78892856836319
-0.354676604270935
0.174965739250183
0.776795446872711
1.56457197666168
1.97900462150574
1.81158804893494
1.39183795452118
1.32625710964203
1.54136884212494
1.38603723049164
0.640638530254364
-0.192738503217697
-0.189838126301765
0.470482647418976
1.052170753479
0.911663293838501
0.662552535533905
0.461620360612869
0.672542750835419
1.28178453445435
2.02251029014587
2.41647911071777
1.96659743785858
0.784046411514282
-0.558831453323364
-0.979709386825562
-0.500018060207367
0.444701462984085
0.853655576705933
0.639188289642334
0.0479933694005013
-0.0668940618634224
0.324496656656265
0.695101261138916
0.719593405723572
0.399262100458145
0.187211811542511
0.176577061414719
0.57054591178894
1.5476530790329
3.00380706787109
3.91984486579895
3.54843473434448
2.38715314865112
1.70669078826904
1.49641299247742
1.3022483587265
1.00399219989777
0.697034895420074
0.46854904294014
-0.0275777485221624
-0.346942245960236
-0.235277473926544
0.191401243209839
0.175126865506172
-0.450550407171249
-1.11876666545868
-1.57879984378815
-1.56945419311523
-1.45263314247131
-1.51756954193115
-2.02175283432007
-2.56122446060181
-2.63147807121277
-2.19883751869202
-1.73606503009796
-1.67709064483643
-1.93989765644073
-2.05961894989014
-1.80599653720856
-1.15405464172363
-0.590574502944946
-0.220292150974274
-0.181298106908798
-0.686609447002411
-1.30874180793762
-1.62746179103851
-1.23784351348877
-0.634885966777802
-0.284422874450684
-0.198378145694733
-0.106210380792618
0.288886368274689
0.555721700191498
0.471610575914383
-0.0941254496574402
-1.10362017154694
-2.42410063743591
-3.63114380836487
-4.19671869277954
-4.12936544418335
-3.58699345588684
-3.01642346382141
-2.51530170440674
-1.93151879310608
-1.27780437469482
-0.659378051757813
-0.39093142747879
-0.436854153871536
-0.745261669158936
-1.11586630344391
-1.41154432296753
-1.75556206703186
-2.06251931190491
-2.29503345489502
-2.30067324638367
-2.07428216934204
-1.56413674354553
-0.746228456497192
0.0571779198944569
0.79194188117981
1.39554405212402
1.88296973705292
2.07020568847656
1.99705147743225
2.06102108955383
2.03233957290649
1.74842405319214
