% Type: Spectrum
% Date: 11-DEC-24 13:50:47
% NoOfItems: = 1601
% Unit_Y: = dB
% Unit_X: = Hz
% Min_X: = 0
% Max_X: = 1000
% MinDisplay_X: = 0
% MaxDisplay_X: = 1000
0
0
0
0
0.0152869690209627
0.0124094216153026
0.00976792350411415
0.00912721920758486
0.00804813951253891
0.00493454374372959
0.00411399314180017
0.00427135871723294
0.00357445306144655
0.00421515665948391
0.00321475951932371
0.00330468290485442
0.0034283276181668
0.00265273870900273
0.00347328931093216
0.00725006964057684
0.00576633447781205
0.00331592350266874
0.0110605712980032
0.0250324122607708
0.0162536446005106
0.00455236947163939
0.0039566271007061
0.00364189548417926
0.00404655048623681
0.0035969337914139
0.00336088496260345
0.00509190931916237
0.00695781875401735
0.00708146346732974
0.00668804906308651
0.015253247693181
0.0772441551089287
0.594292163848877
0.736640810966492
0.204463213682175
0.0235149543732405
0.00827294774353504
0.00459733093157411
0.00402406975626945
0.0022143623791635
0.00187714979983866
0.00372057850472629
0.00424887798726559
0.00387794431298971
0.00292250863276422
0.00222560274414718
0.00173102435655892
0.00185466906987131
0.00121396512258798
0.000606982561293989
0.0006969059468247
0.00110156100708991
0.00161862024106085
0.00200079451315105
0.000932954717427492
0.00103411846794188
0.00164110108744353
0.00563144963234663
0.00827294774353504
0.00358569342643023
0.000629463407676667
0.000730627158191055
0.00095543556381017
0.000820550543721765
0.000674425100442022
0.00105659931432456
0.0013825714122504
0.00213567935861647
0.00293374923057854
0.0292250867933035
0.101939350366592
0.0901369154453278
0.0199854634702206
0.00504694785922766
0.0027651428245008
0.00191087112762034
0.00177598604932427
0.000887993024662137
0.000831790966913104
0.0010116376215592
0.00107908016070724
0.000606982561293989
0.000753108004573733
0.000562020926736295
0.000606982561293989
0.000809310120530427
0.000786829274147749
0.000944195140618831
0.000786829274147749
0.000674425100442022
0.000753108004573733
0.000764348427765071
0.00164110108744353
0.0020457562059164
0.00111280137207359
0.00110156100708991
0.000932954717427492
0.00237172818742692
0.0022368433419615
0.00170854362659156
0.00183218822348863
0.00177598604932427
0.00286630657501519
0.00277638342231512
0.00420391652733088
0.0054066414013505
0.0115439100190997
0.149351432919502
0.302142441272736
0.149947181344032
0.0166920218616724
0.0117349969223142
0.00312483636662364
0.00193335197400302
0.00209071789868176
0.00136009056586772
0.00168606278020889
0.00285506621003151
0.00254033459350467
0.00167482229880989
0.00116900354623795
0.000685665523633361
0.00123644596897066
0.00129264814313501
0.00110156100708991
0.000910473871044815
0.000966675987001508
0.000719386793207377
0.000595742196310312
0.000606982561293989
0.00159613939467818
0.0013938118936494
0.000651944254059345
0.000685665523633361
0.000854271813295782
0.000910473871044815
0.00153993733692914
0.00149497564416379
0.00116900354623795
0.000876752601470798
0.00174226483795792
0.00267521943897009
0.00284382584504783
0.00328220217488706
0.00854271743446589
0.0262688565999269
0.0321251153945923
0.0192885585129261
0.00841907318681479
0.00501322653144598
0.00318103842437267
0.0043388013727963
0.0022143623791635
0.000977916410192847
0.000764348427765071
0.00103411846794188
0.00122520560398698
0.00182094774208963
0.00125892681535333
0.00141629274003208
0.000921714294236153
0.000730627158191055
0.00128140766173601
0.00224808370694518
0.00171978399157524
0.00238296878524125
0.00245041120797396
0.0010228781029582
0.00196707318536937
0.00122520560398698
0.000449616723926738
0.000764348427765071
0.000843031390104443
0.000809310120530427
0.000831790966913104
0.00104535894934088
0.00124768645036966
0.00106783967930824
0.00124768645036966
0.00151745649054646
0.00189963064622134
0.0027876237872988
0.0135559439659119
0.0429833605885506
0.0383185856044292
0.0188164599239826
0.00832915026694536
0.00307987467385828
0.00130388850811869
0.00152869685553014
0.000876752601470798
0.000640703830868006
0.000977916410192847
0.000921714294236153
0.000741867581382394
0.000921714294236153
0.0010228781029582
0.0006969059468247
0.000932954717427492
0.00149497564416379
0.00230428576469421
0.00212443899363279
0.0015848990296945
0.00269770040176809
0.0027651428245008
0.00170854362659156
0.00239420915022492
0.00159613939467818
0.0013938118936494
0.000932954717427492
0.000674425100442022
0.000921714294236153
0.00156241818331182
0.00188839028123766
0.00192211149260402
0.00179846689570695
0.0025965366512537
0.00291126826778054
0.0027651428245008
0.00333840423263609
0.0328557416796684
0.0647335723042488
0.054212536662817
0.0289890393614769
0.0084640346467495
0.00203451560810208
0.00341708725318313
0.00216940068639815
0.00214691995643079
0.00210195826366544
0.00168606278020889
0.00170854362659156
0.00270894076675177
0.00310235540382564
0.00183218822348863
0.00134885020088404
0.00207947730086744
0.00231552612967789
0.0029562299605459
0.00212443899363279
0.00184342858847231
0.00189963064622134
0.00187714979983866
0.00422639725729823
0.00403531035408378
0.00194459233898669
0.00198955414816737
0.00141629274003208
0.00227056443691254
0.00251785363070667
0.00411399314180017
0.00423763785511255
0.00363065511919558
0.00485586049035192
0.00467601418495178
0.00838535185903311
0.0108694843947887
0.0103074638172984
0.00993653014302254
0.0226606838405132
0.0335076861083508
0.0280785653740168
0.0175462923943996
0.0061709894798696
0.00595742184668779
0.00633959611877799
0.00404655048623681
0.00298995128832757
0.00339460629038513
0.00376554019749165
0.00290002790279686
0.00250661326572299
0.00211319862864912
0.00263025797903538
0.003810501890257
0.00224808370694518
0.00508066918700933
0.00406903121620417
0.00273142172954977
0.0041701951995492
0.00445120548829436
0.00614850874990225
0.00397910829633474
0.0020457562059164
0.00284382584504783
0.00256281532347202
0.00267521943897009
0.00368685717694461
0.0036194147542119
0.00339460629038513
0.00386670394800603
0.00319227878935635
0.0029562299605459
0.00512563064694405
0.0065531637519598
0.013286174274981
0.0407240353524685
0.0551342517137527
0.045175239443779
0.0170179940760136
0.00653068302199244
0.00549656432121992
0.00568765169009566
0.00197831355035305
0.00292250863276422
0.00263025797903538
0.00119148439262062
0.00277638342231512
0.00410275254398584
0.00352949136868119
0.00306863407604396
0.00327096180990338
0.00245041120797396
0.00149497564416379
0.00282134488224983
0.00279886415228248
0.00330468290485442
0.00351825100369751
0.00367561681196094
0.00654192361980677
0.00448492681607604
0.00282134488224983
0.00230428576469421
0.00197831355035305
0.00169730314519256
0.00197831355035305
0.00357445306144655
0.00645200023427606
0.00394538696855307
0.003788020927459
0.00292250863276422
0.00819426495581865
0.00991404894739389
0.0492217913269997
0.103175796568394
0.0909012630581856
0.0530210547149181
0.0200191847980022
0.0065531637519598
0.00499074580147862
0.00325972121208906
0.00209071789868176
0.00258529628627002
0.00211319862864912
0.00147249479778111
0.0017647456843406
0.00210195826366544
0.0013938118936494
0.00128140766173601
0.00232676649466157
0.00219188164919615
0.00170854362659156
0.00160737975966185
0.00213567935861647
0.0027651428245008
0.00198955414816737
0.00100039725657552
0.00130388850811869
0.00111280137207359
0.00228180480189621
0.00229304539971054
0.0013825714122504
0.00118024391122162
0.00232676649466157
0.0034283276181668
0.00410275254398584
0.00330468290485442
0.00232676649466157
0.00439500343054533
0.00524927536025643
0.0101500973105431
0.0496714077889919
0.0811783000826836
0.08292056620121
0.0320464335381985
0.0130613660439849
0.00765472464263439
0.00393414637073874
0.00383298262022436
0.00279886415228248
0.00230428576469421
0.00238296878524125
0.00129264814313501
0.00210195826366544
0.00201203487813473
0.00111280137207359
0.00115776306483895
0.00198955414816737
0.000741867581382394
0.00188839028123766
0.00229304539971054
0.00201203487813473
0.00165234145242721
0.0013938118936494
0.00148373516276479
0.0015848990296945
0.00178722653072327
0.00131512898951769
0.00115776306483895
0.00077558885095641
0.000674425100442022
0.00105659931432456
0.0015736585482955
0.00211319862864912
0.00153993733692914
0.00179846689570695
0.00277638342231512
0.00372057850472629
0.00581129640340805
0.0174451284110546
0.0549656450748444
0.0486485287547112
0.0165571365505457
0.00838535185903311
0.00363065511919558
0.00195583282038569
0.0015848990296945
0.00118024391122162
0.00110156100708991
0.00124768645036966
0.00174226483795792
0.00166358193382621
0.00119148439262062
0.000820550543721765
0.000910473871044815
0.00104535894934088
0.00124768645036966
0.00115776306483895
0.0010116376215592
0.00107908016070724
0.00116900354623795
0.0010228781029582
0.00132636935450137
0.000865512178279459
0.000932954717427492
0.000573261349927634
0.000528299657162279
0.00106783967930824
0.0010116376215592
0.00095543556381017
0.000899233447853476
0.00129264814313501
0.00125892681535333
0.00128140766173601
0.00205699657090008
0.00173102435655892
0.00352949136868119
0.0109369270503521
0.0198955405503511
0.0117799583822489
0.00646324036642909
0.00331592350266874
0.00210195826366544
0.00115776306483895
0.00105659931432456
0.0010116376215592
0.00124768645036966
0.00121396512258798
0.000651944254059345
0.000764348427765071
0.000753108004573733
0.000944195140618831
0.000887993024662137
0.000989156775176525
0.00114652269985527
0.000606982561293989
0.000393414637073874
0.000831790966913104
0.0006969059468247
0.000618222984485328
0.000674425100442022
0.000651944254059345
0.000854271813295782
0.000404655060265213
0.000539540080353618
0.000618222984485328
0.000719386793207377
0.000573261349927634
0.000359693396603689
0.00133760971948504
0.00159613939467818
0.0015848990296945
0.00207947730086744
0.00203451560810208
0.0128927594050765
0.0154106132686138
0.0117012755945325
0.0103299440816045
0.00556400697678328
0.00282134488224983
0.00268646003678441
0.00156241818331182
0.00177598604932427
0.00150621600914747
0.00116900354623795
0.00109032052569091
0.0013825714122504
0.00114652269985527
0.00131512898951769
0.00130388850811869
0.00100039725657552
0.0010116376215592
0.00109032052569091
0.00110156100708991
0.00132636935450137
0.00113528221845627
0.000876752601470798
0.000584501773118973
0.000831790966913104
0.000876752601470798
0.000831790966913104
0.000539540080353618
0.000550780503544956
0.000303491280646995
0.000831790966913104
0.00095543556381017
0.000944195140618831
0.00112404185347259
0.00112404185347259
0.00122520560398698
0.00211319862864912
0.00373181886970997
0.0065531637519598
0.010026453062892
0.00803689938038588
0.00603610463440418
0.00426011858507991
0.00251785363070667
0.00141629274003208
0.000865512178279459
0.000786829274147749
0.000539540080353618
0.000415895483456552
0.000595742196310312
0.000584501773118973
0.000269770040176809
0.000370933790691197
0.000370933790691197
0.000359693396603689
0.000393414637073874
0.000483337993500754
0.000404655060265213
0.000393414637073874
0.000449616723926738
0.000674425100442022
0.000899233447853476
0.000573261349927634
0.000438376300735399
0.000382174213882536
0.000359693396603689
0.000382174213882536
0.000449616723926738
0.000539540080353618
0.000719386793207377
0.000629463407676667
0.000573261349927634
0.000629463407676667
0.00174226483795792
0.00239420915022492
0.00651944242417812
0.0120384879410267
0.0117125157266855
0.00938574969768524
0.00809310097247362
0.00472097564488649
0.00265273870900273
0.00141629274003208
0.000629463407676667
0.00127016729675233
0.00136009056586772
0.000944195140618831
0.00034845297341235
0.000921714294236153
0.0010116376215592
0.00178722653072327
0.000944195140618831
0.00121396512258798
0.00113528221845627
0.000708146370016038
0.00077558885095641
0.000798069697339088
0.00110156100708991
0.00152869685553014
0.00146125431638211
0.00100039725657552
0.000786829274147749
0.000606982561293989
0.000505818810779601
0.000651944254059345
0.000786829274147749
0.000831790966913104
0.000741867581382394
0.000932954717427492
0.000843031390104443
0.00095543556381017
0.00209071789868176
0.00358569342643023
0.00620471080765128
0.0119373239576817
0.0158040281385183
0.0123419789597392
0.00945319142192602
0.00677797198295593
0.003788020927459
0.00166358193382621
0.00193335197400302
0.00140505225863308
0.00100039725657552
0.000843031390104443
0.000393414637073874
0.000573261349927634
0.000764348427765071
0.000674425100442022
0.000483337993500754
0.00051705923397094
0.000910473871044815
0.00104535894934088
0.000944195140618831
0.000944195140618831
0.0010228781029582
0.000606982561293989
0.000640703830868006
0.000618222984485328
0.000865512178279459
0.00106783967930824
0.000966675987001508
0.000932954717427492
0.000899233447853476
0.000730627158191055
0.000865512178279459
0.000899233447853476
0.000741867581382394
0.000629463407676667
0.0015736585482955
0.00293374923057854
0.00913846027106047
0.0132974144071341
0.0133985783904791
0.00848651584237814
0.00828418787568808
0.00513687124475837
0.00165234145242721
0.000798069697339088
0.00105659931432456
0.000977916410192847
0.00104535894934088
0.000708146370016038
0.000663184677250683
0.000528299657162279
0.000494578387588263
0.000753108004573733
0.000708146370016038
0.000910473871044815
0.00128140766173601
0.00107908016070724
0.000843031390104443
0.000865512178279459
0.000584501773118973
0.00109032052569091
0.0010228781029582
0.000573261349927634
0.0010228781029582
0.00095543556381017
0.00100039725657552
0.000764348427765071
0.000708146370016038
0.000708146370016038
0.000640703830868006
0.000932954717427492
0.00111280137207359
0.00187714979983866
0.00319227878935635
0.00313607673160732
0.00811558216810226
0.0164334923028946
0.012094690464437
0.00484462035819888
0.00394538696855307
0.0034283276181668
0.000944195140618831
0.000674425100442022
0.00107908016070724
0.00100039725657552
0.000843031390104443
0.00077558885095641
0.000685665523633361
0.000618222984485328
0.000528299657162279
0.000550780503544956
0.000505818810779601
0.000708146370016038
0.000786829274147749
0.000809310120530427
0.000910473871044815
0.000550780503544956
0.000505818810779601
0.000629463407676667
0.000854271813295782
0.000876752601470798
0.000977916410192847
0.000764348427765071
0.000595742196310312
0.000393414637073874
0.000708146370016038
0.000989156775176525
0.000944195140618831
0.00148373516276479
0.00131512898951769
0.00200079451315105
0.0045074075460434
0.00814930349588394
0.0101163759827614
0.00794697552919388
0.0135671850293875
0.00662060640752316
0.0046422928571701
0.00298995128832757
0.00203451560810208
0.0017647456843406
0.00209071789868176
0.00151745649054646
0.0013825714122504
0.00149497564416379
0.00136009056586772
0.000573261349927634
0.000640703830868006
0.000393414637073874
0.000606982561293989
0.00095543556381017
0.000876752601470798
0.00077558885095641
0.00077558885095641
0.000798069697339088
0.000798069697339088
0.000606982561293989
0.000741867581382394
0.000753108004573733
0.000539540080353618
0.000438376300735399
0.000876752601470798
0.000944195140618831
0.000843031390104443
0.000876752601470798
0.0010228781029582
0.00124768645036966
0.00150621600914747
0.00177598604932427
0.00292250863276422
0.00521555403247476
0.0102400211617351
0.0137133104726672
0.0117799583822489
0.00569889228790998
0.00312483636662364
0.0027651428245008
0.00141629274003208
0.00182094774208963
0.00104535894934088
0.000528299657162279
0.00104535894934088
0.00147249479778111
0.00127016729675233
0.00131512898951769
0.000854271813295782
0.000876752601470798
0.00104535894934088
0.00127016729675233
0.00111280137207359
0.000831790966913104
0.000977916410192847
0.000741867581382394
0.000764348427765071
0.00140505225863308
0.00150621600914747
0.00150621600914747
0.00159613939467818
0.00131512898951769
0.00133760971948504
0.00159613939467818
0.00113528221845627
0.00121396512258798
0.00146125431638211
0.00187714979983866
0.00237172818742692
0.00338336592540145
0.00949815381318331
0.0129714431241155
0.0156466625630856
0.0176024958491325
0.0107683204114437
0.00884620938450098
0.0092396242544055
0.00606982596218586
0.00198955414816737
0.00124768645036966
0.00103411846794188
0.000910473871044815
0.000944195140618831
0.00145001395139843
0.0013938118936494
0.00146125431638211
0.0013938118936494
0.00168606278020889
0.00187714979983866
0.00148373516276479
0.00116900354623795
0.00112404185347259
0.00115776306483895
0.00152869685553014
0.00125892681535333
0.00165234145242721
0.00147249479778111
0.00165234145242721
0.00131512898951769
0.000809310120530427
0.00114652269985527
0.00150621600914747
0.00146125431638211
0.00105659931432456
0.00114652269985527
0.00112404185347259
0.00216940068639815
0.00452988874167204
0.0105659933760762
0.015938913449645
0.0113528221845627
0.011993526481092
0.00690161669626832
0.00684541463851929
0.00702526140958071
0.00527175609022379
0.00268646003678441
0.00129264814313501
0.00130388850811869
0.00109032052569091
0.00136009056586772
0.0012027247576043
0.0010228781029582
0.000921714294236153
0.000606982561293989
0.00104535894934088
0.00128140766173601
0.00124768645036966
0.000977916410192847
0.000798069697339088
0.000595742196310312
0.00104535894934088
0.000899233447853476
0.000887993024662137
0.000944195140618831
0.00105659931432456
0.0010228781029582
0.00134885020088404
0.00112404185347259
0.00133760971948504
0.00177598604932427
0.00132636935450137
0.00188839028123766
0.00247289193794131
0.00304615334607661
0.00490082241594791
0.00967800058424473
0.00918342173099518
0.00649696169421077
0.00731751229614019
0.00783457141369581
0.00529423682019114
0.00405779108405113
0.00304615334607661
0.00277638342231512
0.00214691995643079
0.00192211149260402
0.00162986060604453
0.00124768645036966
0.00123644596897066
0.00170854362659156
0.00124768645036966
0.0010116376215592
0.00115776306483895
0.00147249479778111
0.00109032052569091
0.00124768645036966
0.00133760971948504
0.00145001395139843
0.00162986060604453
0.00149497564416379
0.00153993733692914
0.00123644596897066
0.00095543556381017
0.000876752601470798
0.00121396512258798
0.00111280137207359
0.000786829274147749
0.00127016729675233
0.000809310120530427
0.00147249479778111
0.00215816032141447
0.00323724048212171
0.00492330314591527
0.00889117084443569
0.0139043973758817
0.00930706597864628
0.00798069685697556
0.00554152624681592
0.00529423682019114
0.00269770040176809
0.0022368433419615
0.00215816032141447
0.00184342858847231
0.00137133104726672
0.000989156775176525
0.00110156100708991
0.00159613939467818
0.00177598604932427
0.00107908016070724
0.00118024391122162
0.000899233447853476
0.00169730314519256
0.00104535894934088
0.00169730314519256
0.00219188164919615
0.00252909399569035
0.00232676649466157
0.00194459233898669
0.00156241818331182
0.00151745649054646
0.00171978399157524
0.00232676649466157
0.00105659931432456
0.00133760971948504
0.0020457562059164
0.00146125431638211
0.00077558885095641
0.00148373516276479
0.00222560274414718
0.00153993733692914
0.00366437644697726
0.0130164045840502
0.0146687459200621
0.00799193698912859
0.0101051358506083
0.00729503156617284
0.00520431343466043
0.00322600011713803
0.0022368433419615
0.00182094774208963
0.00234924745745957
0.00218064105138183
0.00100039725657552
0.000865512178279459
0.00141629274003208
0.00116900354623795
0.00150621600914747
0.00184342858847231
0.00196707318536937
0.00143877358641475
0.00192211149260402
0.0017647456843406
0.00164110108744353
0.00187714979983866
0.00160737975966185
0.0013938118936494
0.00156241818331182
0.0010116376215592
0.00095543556381017
0.00150621600914747
0.00220312201417983
0.00169730314519256
0.0015736585482955
0.00242793024517596
0.00258529628627002
0.00358569342643023
0.00338336592540145
0.00546284345909953
0.00956559553742409
0.0192997977137566
0.0179734285920858
0.0119373239576817
0.00794697552919388
0.00716014625504613
0.00666556786745787
0.00311359576880932
0.00303491298109293
0.00255157495848835
0.00274266209453344
0.00192211149260402
0.00121396512258798
0.00195583282038569
0.00183218822348863
0.00263025797903538
0.0022368433419615
0.00177598604932427
0.00265273870900273
0.00227056443691254
0.00105659931432456
0.00171978399157524
0.00211319862864912
0.00147249479778111
0.00238296878524125
0.00211319862864912
0.00159613939467818
0.00218064105138183
0.00231552612967789
0.00234924745745957
0.00147249479778111
0.0015848990296945
0.00267521943897009
0.00231552612967789
0.00205699657090008
0.00330468290485442
0.00704774213954806
0.0119148436933756
0.0173102449625731
0.0181420352309942
0.00991404894739389
0.00695781875401735
0.00583377713337541
0.00503570726141334
0.00306863407604396
0.00241668988019228
0.00238296878524125
0.00184342858847231
0.00142753310501575
0.0012027247576043
0.0013825714122504
0.00130388850811869
0.00210195826366544
0.00222560274414718
0.00136009056586772
0.000820550543721765
0.00123644596897066
0.00122520560398698
0.00167482229880989
0.00165234145242721
0.00170854362659156
0.00112404185347259
0.00114652269985527
0.00122520560398698
0.00128140766173601
0.0017647456843406
0.00189963064622134
0.00137133104726672
0.00124768645036966
0.00121396512258798
0.00103411846794188
0.00141629274003208
0.00129264814313501
0.00196707318536937
0.003810501890257
0.00628339359536767
0.007621003780514
0.00583377713337541
0.00273142172954977
0.00343956798315048
0.00210195826366544
0.00272018113173544
0.00171978399157524
0.00114652269985527
0.0012027247576043
0.000944195140618831
0.000831790966913104
0.000708146370016038
0.000798069697339088
0.000989156775176525
0.000674425100442022
0.000584501773118973
0.000708146370016038
0.000764348427765071
0.000899233447853476
0.000843031390104443
0.00077558885095641
0.0006969059468247
0.000910473871044815
0.000854271813295782
0.000719386793207377
0.000404655060265213
0.000606982561293989
0.000876752601470798
0.000685665523633361
0.000606982561293989
0.000651944254059345
0.000944195140618831
0.00140505225863308
0.00177598604932427
0.00105659931432456
0.00128140766173601
0.00291126826778054
0.00566517096012831
0.00663184700533748
0.00435004197061062
0.00399034842848778
0.00419267592951655
0.00205699657090008
0.00210195826366544
0.00164110108744353
0.000977916410192847
0.000764348427765071
0.00131512898951769
0.00107908016070724
0.000764348427765071
0.00121396512258798
0.00095543556381017
0.00025852961698547
0.0006969059468247
0.000809310120530427
0.000989156775176525
0.00113528221845627
0.000865512178279459
0.000618222984485328
0.000910473871044815
0.000932954717427492
0.000539540080353618
0.000854271813295782
0.000640703830868006
0.000595742196310312
0.000663184677250683
0.000831790966913104
0.00104535894934088
0.000562020926736295
0.000876752601470798
0.00113528221845627
0.00141629274003208
0.00110156100708991
0.00186590943485498
0.00354073173366487
0.00569889228790998
0.00500198593363166
0.00468725431710482
0.00518183270469308
0.00414771446958184
0.0025965366512537
0.00201203487813473
0.00200079451315105
0.00132636935450137
0.000786829274147749
0.000730627158191055
0.000730627158191055
0.000786829274147749
0.000606982561293989
0.000370933790691197
0.000505818810779601
0.000314731703838333
0.000629463407676667
0.000944195140618831
0.000865512178279459
0.000809310120530427
0.000663184677250683
0.000629463407676667
0.000651944254059345
0.000663184677250683
0.000730627158191055
0.000404655060265213
0.000505818810779601
0.000606982561293989
0.000562020926736295
0.000460857147118077
0.00034845297341235
0.000584501773118973
0.000753108004573733
0.000651944254059345
0.00095543556381017
0.00200079451315105
0.00330468290485442
0.00454112887382507
0.00377678056247532
0.00323724048212171
0.00178722653072327
0.00122520560398698
0.00100039725657552
0.00110156100708991
0.000798069697339088
0.000685665523633361
0.000764348427765071
0.000539540080353618
0.000438376300735399
0.000629463407676667
0.00051705923397094
0.000427135906647891
0.000292250886559486
0.000483337993500754
0.000494578387588263
0.000505818810779601
0.000404655060265213
0.000337212550221011
0.000191087106941268
0.000281010463368148
0.000370933790691197
0.000292250886559486
0.000325972127029672
0.000213567953323945
0.000269770040176809
0.000337212550221011
0.000314731703838333
0.000325972127029672
0.000247289193794131
0.000314731703838333
0.00051705923397094
0.000505818810779601
0.000921714294236153
0.00159613939467818
0.00183218822348863
0.00300119165331125
0.00272018113173544
0.00167482229880989
0.00182094774208963
0.00100039725657552
0.000663184677250683
0.000618222984485328
0.00051705923397094
0.000427135906647891
0.000393414637073874
0.000303491280646995
0.000202327530132607
0.000281010463368148
0.000281010463368148
0.000202327530132607
0.00034845297341235
0.000325972127029672
0.000483337993500754
0.000494578387588263
0.000281010463368148
0.00025852961698547
0.00034845297341235
0.000325972127029672
0.000224808361963369
0.000269770040176809
0.000314731703838333
0.00025852961698547
0.000224808361963369
0.00034845297341235
0.000382174213882536
0.000438376300735399
0.000247289193794131
0.000247289193794131
0.000337212550221011
0.000325972127029672
0.000472097570309415
0.000719386793207377
0.00118024391122162
0.0013938118936494
0.000843031390104443
0.000921714294236153
0.000809310120530427
0.000798069697339088
0.000831790966913104
0.000640703830868006
0.000449616723926738
0.000213567953323945
0.000202327530132607
0.000179846698301844
0.000179846698301844
0.000224808361963369
0.000191087106941268
0.000191087106941268
0.000134885020088404
0.000247289193794131
0.00034845297341235
0.000325972127029672
0.000236048785154708
0.000269770040176809
0.000213567953323945
0.000168606275110506
0.000157365851919167
0.000157365851919167
0.000202327530132607
0.000146125443279743
0.000134885020088404
0.000202327530132607
0.000247289193794131
0.000236048785154708
0.000157365851919167
0.000337212550221011
0.000281010463368148
0.000191087106941268
0.000303491280646995
0.000438376300735399
0.00106783967930824
0.00121396512258798
0.000876752601470798
0.00133760971948504
0.00115776306483895
0.000629463407676667
0.000651944254059345
0.000854271813295782
0.000663184677250683
0.000528299657162279
0.000483337993500754
0.000370933790691197
0.000224808361963369
0.000191087106941268
0.000191087106941268
0.000168606275110506
0.000134885020088404
0.000168606275110506
0.000269770040176809
0.000292250886559486
0.000213567953323945
0.000213567953323945
0.00025852961698547
0.00025852961698547
0.000202327530132607
0.000202327530132607
0.000123644596897066
0.000157365851919167
0.000179846698301844
0.000179846698301844
0.000168606275110506
0.000191087106941268
0.000325972127029672
0.000325972127029672
0.000281010463368148
0.000427135906647891
0.000528299657162279
0.00100039725657552
0.00132636935450137
0.00104535894934088
0.00105659931432456
0.000899233447853476
0.000438376300735399
0.000213567953323945
0.000370933790691197
0.000528299657162279
0.000494578387588263
0.000539540080353618
0.000382174213882536
0.000202327530132607
0.000168606275110506
0.000168606275110506
0.00025852961698547
0.000179846698301844
0.000146125443279743
0.000191087106941268
0.000213567953323945
0.000168606275110506
0.000202327530132607
0.000236048785154708
0.000202327530132607
0.00025852961698547
0.000247289193794131
0.000179846698301844
0.000112404180981684
0.000134885020088404
0.00025852961698547
0.000202327530132607
0.000191087106941268
0.000202327530132607
0.000269770040176809
0.000236048785154708
0.000213567953323945
0.000404655060265213
0.000741867581382394
0.00113528221845627
0.00148373516276479
0.00127016729675233
0.000876752601470798
0.000786829274147749
0.000663184677250683
0.000370933790691197
0.000472097570309415
0.000663184677250683
0.000562020926736295
0.000247289193794131
0.000146125443279743
0.000202327530132607
0.000269770040176809
0.000269770040176809
0.000269770040176809
0.000146125443279743
0.00025852961698547
0.00034845297341235
0.000325972127029672
0.000146125443279743
0.000179846698301844
0.000247289193794131
0.000281010463368148
0.000202327530132607
0.000325972127029672
0.00034845297341235
0.000191087106941268
0.000236048785154708
0.000269770040176809
0.000303491280646995
0.000269770040176809
0.00025852961698547
0.00034845297341235
0.000303491280646995
0.000281010463368148
0.000438376300735399
0.000741867581382394
0.000798069697339088
0.00129264814313501
0.00128140766173601
0.000753108004573733
0.000708146370016038
0.000438376300735399
0.000370933790691197
0.000224808361963369
0.000281010463368148
0.000370933790691197
0.000292250886559486
0.000157365851919167
0.000202327530132607
0.000269770040176809
0.000314731703838333
0.000281010463368148
0.000247289193794131
0.000269770040176809
0.000303491280646995
0.000269770040176809
0.000146125443279743
0.000179846698301844
0.000157365851919167
0.000236048785154708
0.000269770040176809
0.000236048785154708
0.000191087106941268
0.000191087106941268
0.000157365851919167
0.000168606275110506
0.000101163765066303
0.000157365851919167
0.000157365851919167
0.000224808361963369
0.000292250886559486
0.000247289193794131
0.000427135906647891
0.000798069697339088
0.00103411846794188
0.000910473871044815
0.000618222984485328
0.000415895483456552
0.000202327530132607
0.000202327530132607
0.000202327530132607
0.000213567953323945
0.000134885020088404
8.99233491509221E-5
0.000213567953323945
0.00025852961698547
0.00025852961698547
0.000191087106941268
0.000179846698301844
0.000157365851919167
0.000157365851919167
0.000123644596897066
0.000146125443279743
0.000191087106941268
0.000134885020088404
0.000101163765066303
0.000224808361963369
0.000191087106941268
0.000168606275110506
0.000101163765066303
0.000179846698301844
0.00025852961698547
0.000213567953323945
0.000191087106941268
0.000213567953323945
0.000292250886559486
0.000292250886559486
0.00025852961698547
0.000281010463368148
0.000269770040176809
0.000393414637073874
0.000887993024662137
0.00128140766173601
0.00105659931432456
0.000741867581382394
0.000606982561293989
0.000584501773118973
0.000382174213882536
0.000134885020088404
0.000179846698301844
0.000224808361963369
0.000179846698301844
0.000224808361963369
0.000123644596897066
0.000123644596897066
0.000101163765066303
0.000134885020088404
8.99233491509221E-5
0.000112404180981684
0.000146125443279743
8.99233491509221E-5
0.000112404180981684
0.000146125443279743
0.000123644596897066
0.000202327530132607
0.000191087106941268
0.000134885020088404
0.000179846698301844
0.000157365851919167
0.000134885020088404
0.000168606275110506
0.000168606275110506
0.000146125443279743
0.000157365851919167
0.000123644596897066
0.000202327530132607
0.000236048785154708
0.000168606275110506
0.00025852961698547
0.000573261349927634
0.0010228781029582
0.000798069697339088
0.000236048785154708
0.000584501773118973
0.000438376300735399
0.000281010463368148
0.000292250886559486
0.000415895483456552
0.00034845297341235
0.000123644596897066
0.000134885020088404
0.000112404180981684
0.000168606275110506
0.000202327530132607
0.000101163765066303
0.000168606275110506
0.000202327530132607
0.000191087106941268
0.000157365851919167
0.000168606275110506
0.000123644596897066
0.000123644596897066
0.000146125443279743
0.000213567953323945
0.000202327530132607
0.000168606275110506
0.000157365851919167
0.000191087106941268
0.000247289193794131
0.000224808361963369
0.000213567953323945
0.000179846698301844
0.000202327530132607
0.00025852961698547
0.000281010463368148
0.000236048785154708
0.000393414637073874
0.000809310120530427
0.000932954717427492
0.000528299657162279
0.000359693396603689
0.000741867581382394
0.0006969059468247
0.000247289193794131
0.000224808361963369
0.000191087106941268
0.000179846698301844
0.000269770040176809
0.000146125443279743
0.000146125443279743
0.000157365851919167
0.000101163765066303
0.000134885020088404
0.000168606275110506
0.000112404180981684
0.000146125443279743
0.000123644596897066
0.000146125443279743
0.000168606275110506
0.000168606275110506
0.000191087106941268
0.000236048785154708
0.000236048785154708
0.000168606275110506
0.000157365851919167
0.000191087106941268
0.000202327530132607
0.000292250886559486
0.000314731703838333
0.00025852961698547
0.000236048785154708
0.000213567953323945
0.000236048785154708
0.000325972127029672
0.000460857147118077
0.0006969059468247
0.00077558885095641
0.00051705923397094
0.000382174213882536
0.000606982561293989
0.000651944254059345
0.000337212550221011
0.000281010463368148
0.000303491280646995
0.000393414637073874
0.000415895483456552
0.000314731703838333
0.000213567953323945
0.000247289193794131
0.000236048785154708
0.000157365851919167
0.000157365851919167
0.000157365851919167
