% Type: Spectrum
% Date: 11-DEC-24 14:01:47
% NoOfItems: = 1601
% Unit_Y: = dB
% Unit_X: = Hz
% Min_X: = 0
% Max_X: = 1000
% MinDisplay_X: = 0
% MaxDisplay_X: = 1000
0
0
0
0
0.00867328885942698
0.0136069254949689
0.00981095340102911
0.00863949675112963
0.0062289978377521
0.00254566641524434
0.00247808243148029
0.00238797022029758
0.00156569748651236
0.0019937299657613
0.00198246585205197
0.00226406613364816
0.00284979469142854
0.00241049844771624
0.00114892912097275
0.00137420929968357
0.00121651322115213
0.00536166923120618
0.0196894910186529
0.0196556989103556
0.00566579727455974
0.00262451451271772
0.00341299525462091
0.00268083461560309
0.00165580958127975
0.00138547329697758
0.00128409720491618
0.00195993785746396
0.00300749088637531
0.00399872381240129
0.00975463353097439
0.0142827657982707
0.0761447101831436
0.59004271030426
0.738186955451965
0.213926091790199
0.0188221614807844
0.00841421633958817
0.00397619605064392
0.00280473870225251
0.00328909116797149
0.00264704250730574
0.00220774603076279
0.00233165035024285
0.00212889816612005
0.0016896016895771
0.00156569748651236
0.00153190549463034
0.0020951060578227
0.00217395415529609
0.00207257806323469
0.00250061042606831
0.00318771507591009
0.00390861183404922
0.00319897918961942
0.00251187453977764
0.00272589060477912
0.00224153813906014
0.00408883579075336
0.00799744762480259
0.00517018092796206
0.00172339368145913
0.00149811350274831
0.00127283320762217
0.00146432139445096
0.00190361787099391
0.00120524922385812
0.00223027425818145
0.00262451451271772
0.00439296429976821
0.0236544236540794
0.0834663212299347
0.0690145939588547
0.0123228281736374
0.00477594044059515
0.00291737890802324
0.00185856176540256
0.000946176936849952
0.00112640112638474
0.000912384886760265
0.00101376103702933
0.00095744093414396
0.000709632702637464
0.000574464560486376
0.000585728557780385
0.000732160697225481
0.000585728557780385
0.000709632702637464
0.000889856833964586
0.000923648884054273
0.000394240370951593
0.000698368705343455
0.000788480741903186
0.000934912881348282
0.00116019311826676
0.000506880518514663
0.00031539230258204
0.000608256610576063
0.00100249692332
0.00122777721844614
0.000799744797404855
0.00135168130509555
0.00225280225276947
0.00306381098926067
0.00247808243148029
0.00453939661383629
0.00801997538655996
0.0155781274661422
0.154677391052246
0.301571369171143
0.149281933903694
0.012615691870451
0.00822272803634405
0.00279347482137382
0.00236544222570956
0.00144179339986295
0.00148684938903898
0.00127283320762217
0.0016896016895771
0.00208384194411337
0.00121651322115213
0.00149811350274831
0.00075468875002116
0.00108134502079338
0.00085606484208256
0.000799744797404855
0.00102502503432333
0.00095744093414396
0.000777216744609177
0.00074342469451949
0.000687104649841785
0.00107008102349937
0.00109260901808739
0.000912384886760265
0.000811008794698864
0.000912384886760265
0.00104755302891135
0.000732160697225481
0.00111513712909073
0.000788480741903186
0.00126156921032816
0.00264704250730574
0.00263577862642705
0.00192614586558193
0.00287232268601656
0.00924775283783674
0.0488294884562492
0.0606679618358612
0.0201175231486559
0.00333414715714753
0.00339046726003289
0.00237670633941889
0.00342425936833024
0.00194867386016995
0.0017909777816385
0.00154316949192435
0.00174592167604715
0.00220774603076279
0.0019937299657613
0.00135168130509555
0.000461824442027137
0.000844800844788551
0.00127283320762217
0.00121651322115213
0.00153190549463034
0.00112640112638474
0.00208384194411337
0.00270336261019111
0.00121651322115213
0.00157696148380637
0.00174592167604715
0.000991232926025987
0.000382976373657584
0.000675840652547777
0.000709632702637464
0.000608256610576063
0.000720896699931473
0.00108134502079338
0.00121651322115213
0.00111513712909073
0.00140800140798092
0.00243302644230425
0.00297369877807796
0.00996864959597588
0.0355604812502861
0.0345692485570908
0.0176732335239649
0.00741171929985285
0.00289485091343522
0.000867328839376569
0.00154316949192435
0.00140800140798092
0.0016896016895771
0.00131788931321353
0.000709632702637464
0.00105881702620536
0.000912384886760265
0.00105881702620536
0.00128409720491618
0.00130662531591952
0.00112640112638474
0.00180224177893251
0.00170086568687111
0.0011038730153814
0.00330035528168082
0.00366080366075039
0.00194867386016995
0.00243302644230425
0.00136294530238956
0.000811008794698864
0.00112640112638474
0.000979968928731978
0.00052940851310268
0.00125030521303415
0.00114892912097275
0.00185856176540256
0.00298496289178729
0.00242176232859492
0.00205005006864667
0.00330035528168082
0.00612762197852135
0.0264704264700413
0.057288758456707
0.0509583838284016
0.0259748082607985
0.00723149487748742
0.00203878595493734
0.00206131394952536
0.00147558539174497
0.0015882255975157
0.00113766512367874
0.00141926540527493
0.00185856176540256
0.00333414715714753
0.00218521803617477
0.00147558539174497
0.0017909777816385
0.00244429032318294
0.00278221070766449
0.00283853081054986
0.00252313842065632
0.00188108987640589
0.00287232268601656
0.00190361787099391
0.00373965152539313
0.00361574743874371
0.00085606484208256
0.0015882255975157
0.00195993785746396
0.00186982576269656
0.00319897918961942
0.0042577963322401
0.0041338917799294
0.00370585964992642
0.00464077247306705
0.00477594044059515
0.00646554213017225
0.00923648849129677
0.00886477623134851
0.0296018198132515
0.0412488095462322
0.0279685389250517
0.0326205752789974
0.028959771618247
0.0104867937043309
0.00537293311208487
0.00457318825647235
0.00559821352362633
0.00448307627812028
0.00299622700549662
0.00390861183404922
0.00281600281596184
0.00381849962286651
0.00326656317338347
0.00433664442971349
0.00500122085213661
0.00343552324920893
0.00352563546039164
0.00218521803617477
0.00384102761745453
0.00508006894960999
0.00384102761745453
0.00510259717702866
0.00406630802899599
0.00100249692332
0.00293990690261126
0.00286105880513787
0.00239923433400691
0.00183603377081454
0.00144179339986295
0.00184729776810855
0.00245555443689227
0.00228659412823617
0.00184729776810855
0.00370585964992642
0.00428032409399748
0.0111851627007127
0.0423639453947544
0.0598231628537178
0.0499333590269089
0.0183716025203466
0.00575590971857309
0.00407757190987468
0.0046069803647697
0.00287232268601656
0.00315392296761274
0.00263577862642705
0.00264704250730574
0.00224153813906014
0.0042014759965241
0.00333414715714753
0.00304128299467266
0.00244429032318294
0.00241049844771624
0.00164454558398575
0.00259072240442038
0.00316518708132207
0.00414515612646937
0.00462950859218836
0.00492237275466323
0.00705127092078328
0.00468582846224308
0.00193740986287594
0.00192614586558193
0.00155443348921835
0.00250061042606831
0.00264704250730574
0.00458445260301232
0.0073103429749608
0.00422400422394276
0.00638669403269887
0.00304128299467266
0.00831284001469612
0.0120412278920412
0.0513526275753975
0.103595107793808
0.0909681543707848
0.0430285222828388
0.0185518264770508
0.00471962057054043
0.00610509375110269
0.00326656317338347
0.00325529905967414
0.00261325063183904
0.00305254687555134
0.00245555443689227
0.00214016204699874
0.00136294530238956
0.000979968928731978
0.00102502503432333
0.00085606484208256
0.00125030521303415
0.00130662531591952
0.00193740986287594
0.00256819440983236
0.00367206754162908
0.00293990690261126
0.00170086568687111
0.00253440253436565
0.0021964821498841
0.00224153813906014
0.00182476977352053
0.00144179339986295
0.00165580958127975
0.00200499384663999
0.00254566641524434
0.00191488186828792
0.0031764511950314
0.00279347482137382
0.00352563546039164
0.00624026218429208
0.0104642659425735
0.0336793921887875
0.0701635256409645
0.0756490975618362
0.0275405067950487
0.0132014211267233
0.00674714241176844
0.00524902902543545
0.00468582846224308
0.00325529905967414
0.00288358679972589
0.00147558539174497
0.00119398511014879
0.00181350577622652
0.00152064149733633
0.00141926540527493
0.00119398511014879
0.00149811350274831
0.00197120197117329
0.00210636993870139
0.00195993785746396
0.00148684938903898
0.00237670633941889
0.00147558539174497
0.00105881702620536
0.0016896016895771
0.00135168130509555
0.00103628903161734
0.00153190549463034
0.00116019311826676
0.00074342469451949
0.000720896699931473
0.00182476977352053
0.00253440253436565
0.00318771507591009
0.00293990690261126
0.00495616486296058
0.00431411620229483
0.00349184335209429
0.02029774710536
0.056331317871809
0.0488858073949814
0.0160624794661999
0.00585728557780385
0.0018923538736999
0.0017909777816385
0.00207257806323469
0.00191488186828792
0.00122777721844614
0.00130662531591952
0.00171212968416512
0.00120524922385812
0.000833536789286882
0.00127283320762217
0.00128409720491618
0.00131788931321353
0.00164454558398575
0.00150937750004232
0.00100249692332
0.000934912881348282
0.00139673741068691
0.00136294530238956
0.00118272111285478
0.000664576655253768
0.00109260901808739
0.00123904121574014
0.000991232926025987
0.00119398511014879
0.00150937750004232
0.000889856833964586
0.000698368705343455
0.000630784605164081
0.000923648884054273
0.00150937750004232
0.00131788931321353
0.00119398511014879
0.00511386105790734
0.0124354679137468
0.0194754749536514
0.00834663212299347
0.006093829870224
0.00250061042606831
0.00278221070766449
0.00188108987640589
0.000709632702637464
0.00108134502079338
0.000461824442027137
0.000709632702637464
0.00104755302891135
0.000991232926025987
0.000833536789286882
0.00123904121574014
0.000991232926025987
0.000653312657959759
0.00120524922385812
0.0011038730153814
0.000923648884054273
0.00129536120221019
0.00101376103702933
0.000777216744609177
0.00136294530238956
0.0015882255975157
0.00118272111285478
0.00101376103702933
0.000867328839376569
0.00114892912097275
0.00118272111285478
0.000720896699931473
0.0011038730153814
0.00149811350274831
0.00188108987640589
0.00184729776810855
0.00215142616070807
0.00274841859936714
0.0114104431122541
0.0153528470546007
0.0130775170400739
0.0103741539642215
0.00682599050924182
0.00260198651812971
0.00206131394952536
0.00164454558398575
0.00233165035024285
0.00237670633941889
0.00197120197117329
0.00150937750004232
0.00155443348921835
0.00116019311826676
0.00174592167604715
0.00172339368145913
0.00140800140798092
0.00120524922385812
0.00150937750004232
0.00140800140798092
0.0016896016895771
0.00167833757586777
0.00103628903161734
0.000698368705343455
0.000675840652547777
0.000777216744609177
0.00100249692332
0.000979968928731978
0.000664576655253768
0.000878592836670578
0.00131788931321353
0.00107008102349937
0.00105881702620536
0.00095744093414396
0.000765952747315168
0.00130662531591952
0.00122777721844614
0.00183603377081454
0.00287232268601656
0.00782848801463842
0.00679219840094447
0.00691610248759389
0.00378470774739981
0.00143052940256894
0.00108134502079338
0.000563200563192368
0.000709632702637464
0.00101376103702933
0.000653312657959759
0.000630784605164081
0.00075468875002116
0.000416768394643441
0.000653312657959759
0.000777216744609177
0.000292864278890193
0.00042803242104128
0.000551936507690698
0.000461824442027137
0.000518144515808672
0.000563200563192368
0.000574464560486376
0.000901120889466256
0.000608256610576063
0.00042803242104128
0.000382976373657584
0.000292864278890193
0.000292864278890193
0.000259072257904336
0.00042803242104128
0.000506880518514663
0.000450560444733128
0.000709632702637464
0.000720896699931473
0.00167833757586777
0.00265830662101507
0.00671335030347109
0.0136519810184836
0.0114892907440662
0.00860570464283228
0.00713011901825666
0.00397619605064392
0.00253440253436565
0.00228659412823617
0.00176844967063516
0.00127283320762217
0.00109260901808739
0.00102502503432333
0.00118272111285478
0.00130662531591952
0.00111513712909073
0.0015882255975157
0.000878592836670578
0.00103628903161734
0.000923648884054273
0.000709632702637464
0.000946176936849952
0.00122777721844614
0.00117145711556077
0.00108134502079338
0.00075468875002116
0.000574464560486376
0.00095744093414396
0.00085606484208256
0.000608256610576063
0.000585728557780385
0.000675840652547777
0.000822272791992873
0.000596992555074394
0.000889856833964586
0.00120524922385812
0.00141926540527493
0.00255693052895367
0.00352563546039164
0.00716391112655401
0.0118947951123118
0.0130549883469939
0.0118159474804997
0.00901120901107788
0.00573338149115443
0.00341299525462091
0.00214016204699874
0.00137420929968357
0.00114892912097275
0.00100249692332
0.00052940851310268
0.00064204860245809
0.000822272791992873
0.000844800844788551
0.000653312657959759
0.000912384886760265
0.000765952747315168
0.000709632702637464
0.000765952747315168
0.000698368705343455
0.000923648884054273
0.000811008794698864
0.00111513712909073
0.000912384886760265
0.000630784605164081
0.00101376103702933
0.000923648884054273
0.000788480741903186
0.000574464560486376
0.000912384886760265
0.000901120889466256
0.000799744797404855
0.00135168130509555
0.00137420929968357
0.00137420929968357
0.00202752207405865
0.00325529905967414
0.0069048386067152
0.00901120901107788
0.010700810700655
0.0099461218342185
0.00797491986304522
0.00332288327626884
0.00224153813906014
0.00131788931321353
0.00108134502079338
0.00112640112638474
0.000765952747315168
0.00085606484208256
0.00132915331050754
0.000991232926025987
0.000709632702637464
0.000979968928731978
0.000901120889466256
0.000867328839376569
0.00085606484208256
0.000698368705343455
0.000867328839376569
0.000732160697225481
0.000596992555074394
0.00103628903161734
0.000991232926025987
0.000788480741903186
0.000844800844788551
0.000811008794698864
0.00114892912097275
0.000799744797404855
0.00064204860245809
0.00117145711556077
0.00163328158669174
0.00203878595493734
0.00195993785746396
0.00227533024735749
0.00297369877807796
0.00335667515173554
0.00841421633958817
0.0158484634011984
0.01017140224576
0.00698368670418859
0.00375091563910246
0.00382976373657584
0.00255693052895367
0.00220774603076279
0.00121651322115213
0.000720896699931473
0.00150937750004232
0.00150937750004232
0.00131788931321353
0.000765952747315168
0.00103628903161734
0.00104755302891135
0.000946176936849952
0.000833536789286882
0.00104755302891135
0.00114892912097275
0.00105881702620536
0.000991232926025987
0.00102502503432333
0.00129536120221019
0.00153190549463034
0.00144179339986295
0.00125030521303415
0.00143052940256894
0.0011038730153814
0.00119398511014879
0.000867328839376569
0.00109260901808739
0.00136294530238956
0.00197120197117329
0.00265830662101507
0.00403251592069864
0.0056883255019784
0.00848180055618286
0.0110612586140633
0.0131225725635886
0.0145756304264069
0.00610509375110269
0.00360448355786502
0.00326656317338347
0.00315392296761274
0.00182476977352053
0.00123904121574014
0.00132915331050754
0.00144179339986295
0.000889856833964586
0.000889856833964586
0.00105881702620536
0.00104755302891135
0.00121651322115213
0.000979968928731978
0.000664576655253768
0.000664576655253768
0.000889856833964586
0.00114892912097275
0.000979968928731978
0.000934912881348282
0.00118272111285478
0.000946176936849952
0.000664576655253768
0.000506880518514663
0.00042803242104128
0.00075468875002116
0.00105881702620536
0.000991232926025987
0.000687104649841785
0.0011038730153814
0.00173465767875314
0.0021964821498841
0.00303001888096333
0.00408883579075336
0.00727655086666346
0.0091463765129447
0.0107458662241697
0.0114442352205515
0.00447181239724159
0.00251187453977764
0.00226406613364816
0.00182476977352053
0.000934912881348282
0.000619520607870072
0.000608256610576063
0.000878592836670578
0.000923648884054273
0.000596992555074394
0.000867328839376569
0.000934912881348282
0.000596992555074394
0.000585728557780385
0.000912384886760265
0.00126156921032816
0.00101376103702933
0.00100249692332
0.000720896699931473
0.00064204860245809
0.00112640112638474
0.000799744797404855
0.000923648884054273
0.000687104649841785
0.000811008794698864
0.000777216744609177
0.00139673741068691
0.00129536120221019
0.00141926540527493
0.00183603377081454
0.00244429032318294
0.00319897918961942
0.00446054851636291
0.0110837863758206
0.0191713459789753
0.0141813894733787
0.0185067690908909
0.0111851627007127
0.00506880506873131
0.00652186246588826
0.00423526810482144
0.00107008102349937
0.00125030521303415
0.00114892912097275
0.00138547329697758
0.00122777721844614
0.000878592836670578
0.00121651322115213
0.00152064149733633
0.00113766512367874
0.00122777721844614
0.00129536120221019
0.00190361787099391
0.00167833757586777
0.00230912212282419
0.00210636993870139
0.00175718567334116
0.00164454558398575
0.00139673741068691
0.00122777721844614
0.00159948959480971
0.00157696148380637
0.00144179339986295
0.00123904121574014
0.00107008102349937
0.00129536120221019
0.00207257806323469
0.0016896016895771
0.00127283320762217
0.00229785824194551
0.00315392296761274
0.0102840419858694
0.0216832216829062
0.0148910228163004
0.00834663212299347
0.0103178340941668
0.00808755960315466
0.00464077247306705
0.00190361787099391
0.00181350577622652
0.00155443348921835
0.00140800140798092
0.00103628903161734
0.000833536789286882
0.000912384886760265
0.00108134502079338
0.00130662531591952
0.000968704931437969
0.00104755302891135
0.0011038730153814
0.000901120889466256
0.00064204860245809
0.000979968928731978
0.000518144515808672
0.00103628903161734
0.000698368705343455
0.000934912881348282
0.000878592836670578
0.00052940851310268
0.000574464560486376
0.00127283320762217
0.00154316949192435
0.00128409720491618
0.00211763405241072
0.00297369877807796
0.00192614586558193
0.00105881702620536
0.00310886697843671
0.00545178120955825
0.00893236044794321
0.0100249694660306
0.00922522507607937
0.00835789646953344
0.00584602169692516
0.00522650126367807
0.00369459553621709
0.00283853081054986
0.00283853081054986
0.0018923538736999
0.00147558539174497
0.00150937750004232
0.00112640112638474
0.00145305739715695
0.00152064149733633
0.000923648884054273
0.000912384886760265
0.000867328839376569
0.00111513712909073
0.00112640112638474
0.00214016204699874
0.00173465767875314
0.00103628903161734
0.00163328158669174
0.00200499384663999
0.00162201758939773
0.00107008102349937
0.00111513712909073
0.000934912881348282
0.00144179339986295
0.00165580958127975
0.000934912881348282
0.00103628903161734
0.00144179339986295
0.00148684938903898
0.00197120197117329
0.00147558539174497
0.0040550441481173
0.00934912916272879
0.0126720126718283
0.00889856833964586
0.00760320713743567
0.00471962057054043
0.00291737890802324
0.0017909777816385
0.000946176936849952
0.00143052940256894
0.00137420929968357
0.000585728557780385
0.00149811350274831
0.00200499384663999
0.00153190549463034
0.00241049844771624
0.00236544222570956
0.00170086568687111
0.000473088468424976
0.00108134502079338
0.00126156921032816
0.00194867386016995
0.0020951060578227
0.00173465767875314
0.00212889816612005
0.00202752207405865
0.00130662531591952
0.00208384194411337
0.00161075359210372
0.00128409720491618
0.00210636993870139
0.0021964821498841
0.00184729776810855
0.00154316949192435
0.00166707357857376
0.00190361787099391
0.00157696148380637
0.00310886697843671
0.00458445260301232
0.0078622791916132
0.00899994466453791
0.00578970182687044
0.0100925536826253
0.0063641662709415
0.00533914100378752
0.00333414715714753
0.00252313842065632
0.00201625796034932
0.00192614586558193
0.00184729776810855
0.00195993785746396
0.00167833757586777
0.00195993785746396
0.00198246585205197
0.0019937299657613
0.00159948959480971
0.00104755302891135
0.00127283320762217
0.00184729776810855
0.0015882255975157
0.00162201758939773
0.00218521803617477
0.00164454558398575
0.000923648884054273
0.00109260901808739
0.00101376103702933
0.00118272111285478
0.00174592167604715
0.00126156921032816
0.00208384194411337
0.00233165035024285
0.0018923538736999
0.00161075359210372
0.00144179339986295
0.00212889816612005
0.00423526810482144
0.00824525579810143
0.0138659970834851
0.0139899011701345
0.0103854183107615
0.00892109703272581
0.00532787712290883
0.00523776514455676
0.00202752207405865
0.00163328158669174
0.00085606484208256
0.00170086568687111
0.00197120197117329
0.0015882255975157
0.00162201758939773
0.00197120197117329
0.00248934631235898
0.00171212968416512
0.00165580958127975
0.0017909777816385
0.00200499384663999
0.00253440253436565
0.00148684938903898
0.00159948959480971
0.00159948959480971
0.00181350577622652
0.00188108987640589
0.00174592167604715
0.00159948959480971
0.00150937750004232
0.00230912212282419
0.00226406613364816
0.00138547329697758
0.00194867386016995
0.00270336261019111
0.00239923433400691
0.00310886697843671
0.00385229173116386
0.00360448355786502
0.00918016862124205
0.0167495850473642
0.0117370989173651
0.0069048386067152
0.00449434015899897
0.00298496289178729
0.00359321944415569
0.00297369877807796
0.00235417834483087
0.00184729776810855
0.00244429032318294
0.00206131394952536
0.00164454558398575
0.00157696148380637
0.00197120197117329
0.00263577862642705
0.0015882255975157
0.00146432139445096
0.00101376103702933
0.000946176936849952
0.00141926540527493
0.000912384886760265
0.000889856833964586
0.00143052940256894
0.00146432139445096
0.00085606484208256
0.000720896699931473
0.000979968928731978
0.00122777721844614
0.00144179339986295
0.00128409720491618
0.00109260901808739
0.00153190549463034
0.00172339368145913
0.0018923538736999
0.00205005006864667
0.00244429032318294
0.00270336261019111
0.00601498177275062
0.00733287120237947
0.00379597162827849
0.00511386105790734
0.00345805124379694
0.00139673741068691
0.00150937750004232
0.00128409720491618
0.00105881702620536
0.00107008102349937
0.00143052940256894
0.000889856833964586
0.000912384886760265
0.00118272111285478
0.00095744093414396
0.000698368705343455
0.000901120889466256
0.000551936507690698
0.00042803242104128
0.000765952747315168
0.00095744093414396
0.000574464560486376
0.000574464560486376
0.000563200563192368
0.000811008794698864
0.000585728557780385
0.000788480741903186
0.000889856833964586
0.00100249692332
0.000991232926025987
0.00074342469451949
0.000349184352671728
0.000811008794698864
0.00105881702620536
0.00128409720491618
0.00165580958127975
0.00143052940256894
0.00202752207405865
0.00398745993152261
0.00309760309755802
0.00301875500008464
0.00308633898384869
0.00210636993870139
0.0021964821498841
0.00150937750004232
0.000732160697225481
0.000844800844788551
0.00146432139445096
0.00122777721844614
0.000765952747315168
0.00085606484208256
0.000867328839376569
0.000720896699931473
0.00075468875002116
0.000630784605164081
0.000608256610576063
0.000664576655253768
0.000968704931437969
0.00105881702620536
0.00074342469451949
0.000495616463012993
0.000822272791992873
0.00121651322115213
0.000833536789286882
0.000687104649841785
0.000822272791992873
0.000844800844788551
0.000709632702637464
0.000934912881348282
0.00117145711556077
0.00134041730780154
0.000934912881348282
0.000867328839376569
0.00135168130509555
0.00150937750004232
0.00207257806323469
0.00546304509043694
0.00554189318791032
0.00328909116797149
0.0020951060578227
0.00111513712909073
0.00128409720491618
0.00085606484208256
0.000630784605164081
0.000934912881348282
0.000991232926025987
0.00064204860245809
0.000506880518514663
0.000563200563192368
0.00074342469451949
0.000709632702637464
0.000540672510396689
0.000608256610576063
0.000563200563192368
0.000540672510396689
0.000304128305288032
0.00052940851310268
0.000416768394643441
0.000450560444733128
0.000833536789286882
0.00074342469451949
0.000450560444733128
0.000630784605164081
0.000563200563192368
0.000394240370951593
0.00042803242104128
0.000461824442027137
0.000732160697225481
0.000777216744609177
0.000765952747315168
0.00111513712909073
0.00127283320762217
0.0016896016895771
0.00304128299467266
0.00443802028894424
0.00404377980157733
0.00197120197117329
0.00108134502079338
0.000811008794698864
0.000698368705343455
0.00108134502079338
0.000979968928731978
0.000608256610576063
0.000788480741903186
0.000563200563192368
0.000473088468424976
0.000563200563192368
0.000574464560486376
0.00052940851310268
0.000394240370951593
0.00052940851310268
0.000473088468424976
0.000180224174982868
0.000405504397349432
0.00042803242104128
0.000506880518514663
0.000371712347259745
0.000236544234212488
0.000191488186828792
0.000337920326273888
0.00032665632897988
0.000270336255198345
0.000236544234212488
0.000416768394643441
0.000473088468424976
0.000360448349965736
0.000439296418335289
0.000506880518514663
0.000608256610576063
0.00052940851310268
0.00100249692332
0.00256819440983236
0.00315392296761274
0.00227533024735749
0.00162201758939773
0.000732160697225481
0.000439296418335289
0.000574464560486376
0.00042803242104128
0.000630784605164081
0.000574464560486376
0.000461824442027137
0.000450560444733128
0.000439296418335289
0.000416768394643441
0.000461824442027137
0.000382976373657584
0.000371712347259745
0.000450560444733128
0.000439296418335289
0.000461824442027137
0.000371712347259745
0.000270336255198345
0.000259072257904336
0.00021401621052064
0.000247808231506497
0.000135168127599172
0.000202752198674716
0.000270336255198345
0.000349184352671728
0.000270336255198345
0.000281600281596184
0.000247808231506497
0.000270336255198345
0.000349184352671728
0.000371712347259745
0.000371712347259745
0.000405504397349432
0.00102502503432333
0.00153190549463034
0.00123904121574014
0.000675840652547777
0.000788480741903186
0.000484352465718985
0.000473088468424976
0.000484352465718985
0.000394240370951593
0.000360448349965736
0.000371712347259745
0.000259072257904336
0.000135168127599172
0.00021401621052064
0.00021401621052064
0.000259072257904336
0.000292864278890193
0.000281600281596184
0.000202752198674716
0.00015769615129102
0.000225280222366564
0.000180224174982868
0.00015769615129102
0.000202752198674716
0.000202752198674716
0.000225280222366564
0.000180224174982868
0.000112640111183282
0.000225280222366564
0.000281600281596184
0.000304128305288032
0.000304128305288032
0.00032665632897988
0.000281600281596184
0.000281600281596184
0.000281600281596184
0.000349184352671728
0.000450560444733128
0.000720896699931473
0.000923648884054273
0.00111513712909073
0.00107008102349937
0.000585728557780385
0.000461824442027137
0.00052940851310268
0.000653312657959759
0.000439296418335289
0.000259072257904336
0.000202752198674716
0.000112640111183282
0.000191488186828792
0.000236544234212488
0.000292864278890193
0.00031539230258204
0.000236544234212488
0.000202752198674716
0.000225280222366564
0.000180224174982868
0.000225280222366564
0.00021401621052064
0.000168960163136944
0.000146432139445096
0.000123904115753248
0.000146432139445096
0.000135168127599172
7.88480756455101E-5
0.000123904115753248
0.00015769615129102
0.000202752198674716
0.00015769615129102
0.000236544234212488
0.00031539230258204
0.000247808231506497
0.00032665632897988
0.000416768394643441
0.000664576655253768
0.000765952747315168
0.000675840652547777
0.00102502503432333
0.00113766512367874
0.000495616463012993
0.000461824442027137
0.000608256610576063
0.000439296418335289
0.000292864278890193
0.000382976373657584
0.000202752198674716
0.000146432139445096
0.000168960163136944
0.000146432139445096
0.000146432139445096
9.01120874914341E-5
0.000135168127599172
0.000112640111183282
0.00015769615129102
0.000168960163136944
0.00021401621052064
0.00015769615129102
0.000191488186828792
0.000191488186828792
0.000135168127599172
9.01120874914341E-5
0.000168960163136944
0.000123904115753248
0.000123904115753248
0.000180224174982868
0.000236544234212488
0.000247808231506497
0.000236544234212488
0.000270336255198345
0.000247808231506497
0.000337920326273888
0.000473088468424976
0.000811008794698864
0.00116019311826676
0.00112640112638474
0.000698368705343455
0.000596992555074394
0.000405504397349432
0.000405504397349432
0.000292864278890193
0.000416768394643441
0.000495616463012993
0.000416768394643441
0.000180224174982868
0.000270336255198345
0.000236544234212488
0.000202752198674716
0.000123904115753248
0.000168960163136944
0.000146432139445096
0.000123904115753248
0.000247808231506497
0.000270336255198345
0.000292864278890193
0.00015769615129102
0.000259072257904336
0.000191488186828792
0.000168960163136944
0.00015769615129102
0.000168960163136944
0.000247808231506497
0.000270336255198345
0.000247808231506497
0.000247808231506497
0.000236544234212488
0.000281600281596184
0.000270336255198345
0.000247808231506497
0.000225280222366564
0.000551936507690698
0.000934912881348282
0.00107008102349937
0.00111513712909073
0.000709632702637464
0.000698368705343455
0.000382976373657584
0.000236544234212488
0.000360448349965736
0.000405504397349432
0.00031539230258204
0.000371712347259745
0.000236544234212488
0.000112640111183282
0.000225280222366564
0.000247808231506497
0.000202752198674716
0.000146432139445096
0.000112640111183282
0.000135168127599172
0.000123904115753248
0.000168960163136944
0.000281600281596184
0.000281600281596184
0.000259072257904336
0.000202752198674716
0.000202752198674716
0.00015769615129102
0.000146432139445096
0.000202752198674716
0.000146432139445096
0.000202752198674716
0.00021401621052064
0.000259072257904336
0.000281600281596184
0.000236544234212488
0.000304128305288032
0.000247808231506497
0.000371712347259745
0.000698368705343455
0.00085606484208256
0.000709632702637464
0.000292864278890193
0.000202752198674716
0.000225280222366564
0.000146432139445096
0.00021401621052064
0.000259072257904336
0.000191488186828792
0.000146432139445096
0.000146432139445096
0.000146432139445096
0.000236544234212488
0.000146432139445096
0.00015769615129102
0.000191488186828792
0.000112640111183282
0.000101376099337358
0.000112640111183282
0.000180224174982868
0.000247808231506497
0.000180224174982868
0.000112640111183282
0.000168960163136944
0.000180224174982868
0.000191488186828792
0.000191488186828792
0.000123904115753248
0.000168960163136944
0.00021401621052064
0.000247808231506497
0.000259072257904336
0.000236544234212488
0.000202752198674716
0.000416768394643441
0.000461824442027137
0.000540672510396689
0.000709632702637464
0.000630784605164081
0.00031539230258204
0.000574464560486376
0.000337920326273888
0.000270336255198345
0.000202752198674716
0.000146432139445096
0.000292864278890193
0.000337920326273888
0.000236544234212488
0.000225280222366564
0.000168960163136944
0.000202752198674716
0.000180224174982868
6.75840637995861E-5
0.000146432139445096
0.000123904115753248
0.000101376099337358
9.01120874914341E-5
0.00015769615129102
0.000168960163136944
7.88480756455101E-5
9.01120874914341E-5
0.000112640111183282
0.000123904115753248
4.5056043745717E-5
6.75840637995861E-5
0.000146432139445096
0.000180224174982868
0.00015769615129102
0.000168960163136944
0.000259072257904336
0.000292864278890193
0.000270336255198345
0.000259072257904336
0.00032665632897988
0.000506880518514663
0.00064204860245809
0.00075468875002116
0.000563200563192368
0.000698368705343455
0.000349184352671728
0.000281600281596184
0.000304128305288032
0.000416768394643441
0.000281600281596184
0.00021401621052064
0.000180224174982868
0.000112640111183282
7.88480756455101E-5
0.00015769615129102
0.000168960163136944
0.000135168127599172
0.000101376099337358
9.01120874914341E-5
0.000112640111183282
9.01120874914341E-5
0.000168960163136944
0.000191488186828792
0.000112640111183282
0.000112640111183282
0.00015769615129102
0.000135168127599172
0.000112640111183282
0.000112640111183282
7.88480756455101E-5
0.000135168127599172
0.000112640111183282
0.000135168127599172
0.000191488186828792
0.000202752198674716
0.000259072257904336
0.000292864278890193
0.000281600281596184
0.000394240370951593
0.000653312657959759
0.000675840652547777
0.000506880518514663
0.000484352465718985
0.000270336255198345
0.000123904115753248
0.000180224174982868
0.000247808231506497
0.000236544234212488
0.000247808231506497
0.000202752198674716
0.000191488186828792
0.000123904115753248
0.00015769615129102
0.000191488186828792
0.000146432139445096
0.000202752198674716
0.000202752198674716
0.000123904115753248
0.000146432139445096
0.000180224174982868
0.000146432139445096
0.000101376099337358
0.000168960163136944
0.00015769615129102
9.01120874914341E-5
0.000135168127599172
0.000135168127599172
0.000123904115753248
0.00021401621052064
0.000168960163136944
0.000202752198674716
0.000270336255198345
0.000259072257904336
0.000202752198674716
0.000236544234212488
0.000337920326273888
0.000484352465718985
0.000765952747315168
0.000540672510396689
0.000292864278890193
0.000450560444733128
0.000360448349965736
0.000247808231506497
0.000112640111183282
0.000180224174982868
0.000247808231506497
0.000270336255198345
0.000270336255198345
0.000135168127599172
0.000180224174982868
0.000202752198674716
0.000236544234212488
0.000135168127599172
0.000168960163136944
