% Type: Spectrum
% Date: 11-DEC-24 13:49:04
% NoOfItems: = 1601
% Unit_Y: = dB
% Unit_X: = Hz
% Min_X: = 0
% Max_X: = 1000
% MinDisplay_X: = 0
% MaxDisplay_X: = 1000
0
0
0
0
0.0123471356928349
0.0113670146092772
0.00629907101392746
0.00711185438558459
0.00647836131975055
0.00265349866822362
0.00289255240932107
0.00359776150435209
0.00255787698552012
0.00229491759091616
0.00305989035405219
0.00303598493337631
0.00230687041766942
0.00198414758779109
0.00266545126214623
0.00181680987589061
0.00227101240307093
0.00458983518183231
0.0155026474967599
0.0229730829596519
0.0126339998096228
0.00198414758779109
0.00225905957631767
0.00366947776637971
0.00534285511821508
0.00387267349287868
0.00127893849276006
0.00231882301159203
0.00388462631963193
0.00564167276024818
0.00737481378018856
0.0174748413264751
0.0737242326140404
0.619173586368561
0.78331995010376
0.226790457963943
0.0246345065534115
0.00786487385630608
0.00304793752729893
0.0038009574636817
0.00222320156171918
0.00169728288892657
0.00245030270889401
0.00242639728821814
0.00179290445521474
0.00158970861230046
0.00131479662377387
0.00107574264984578
0.00145822891499847
0.00145822891499847
0.000992073793895543
0.000561776745598763
0.000920357590075582
0.000872546806931496
0.0019961001817137
0.00166142475791276
0.00198414758779109
0.00224710698239505
0.00517551740631461
0.00793659035116434
0.00304793752729893
0.000824736023787409
0.00139846547972411
0.001290891203098
0.000836688734125346
0.00086059415480122
0.0012191750574857
0.00160166132263839
0.00202000560238957
0.00184071518015116
0.0302642267197371
0.0978567227721214
0.0820313543081284
0.0177856124937534
0.00554605107754469
0.00475717289373279
0.0028686469886452
0.00156580319162458
0.001290891203098
0.00060958752874285
0.000705209095031023
0.000729114457499236
0.000334675482008606
0.000418344367062673
0.000406391685828567
0.00050201325211674
0.00039443897549063
0.000729114457499236
0.000848641444463283
0.000764972588513047
0.000561776745598763
0.000776925240643322
0.000681303674355149
0.00118331692647189
0.00175704632420093
0.00111160078085959
0.000717161747161299
0.00106378993950784
0.00158970861230046
0.0017092355992645
0.00138651276938617
0.00150603975635022
0.00213953270576894
0.00278497813269496
0.00444640312343836
0.00280888355337083
0.00473326770588756
0.0108291432261467
0.141854599118233
0.295637995004654
0.150173678994179
0.0202239621430635
0.0135065466165543
0.00386072089895606
0.00182876258622855
0.00133870192803442
0.00130284391343594
0.00126698578242213
0.00119526963680983
0.00126698578242213
0.00119526963680983
0.00113550620153546
0.000729114457499236
0.000764972588513047
0.000693256384693086
0.0003227228007745
0.000717161747161299
0.000800830661319196
0.00103988451883197
0.000872546806931496
0.000633492891211063
0.00148213433567435
0.00135065463837236
0.000525918614584953
0.000334675482008606
0.000525918614584953
0.000693256384693086
0.00150603975635022
0.00188852602150291
0.00144627620466053
0.000621540180873126
0.00179290445521474
0.00210367445833981
0.00246225553564727
0.00186462060082704
0.00686084758490324
0.0203673951327801
0.0264752227813005
0.0172238349914551
0.00833102967590094
0.00402805861085653
0.00282083638012409
0.00354995089583099
0.00188852602150291
0.000800830661319196
0.000944263010751456
0.00108769536018372
0.000932310300413519
0.00147018162533641
0.00142237090039998
0.000836688734125346
0.000717161747161299
0.000705209095031023
0.00113550620153546
0.00207976903766394
0.00175704632420093
0.00227101240307093
0.00283278897404671
0.00125503307208419
0.00218734331429005
0.00139846547972411
0.000776925240643322
0.000478107860544696
0.000585682108066976
0.000537871324922889
0.00102793192490935
0.00105183722916991
0.00103988451883197
0.00101597921457142
0.00102793192490935
0.000705209095031023
0.00198414758779109
0.00245030270889401
0.0143312830477953
0.0411292277276516
0.0339695625007153
0.0200088135898113
0.00932310335338116
0.00267740385606885
0.00133870192803442
0.00130284391343594
0.00115941150579602
0.000896452227607369
0.000776925240643322
0.000980121083557606
0.00119526963680983
0.0012191750574857
0.00112355349119753
0.000956215721089393
0.000812783371657133
0.000956215721089393
0.00118331692647189
0.00108769536018372
0.00108769536018372
0.00271326210349798
0.00300012668594718
0.0024383501149714
0.00237858644686639
0.00105183722916991
0.0012191750574857
0.000788877950981259
0.00101597921457142
0.0012191750574857
0.00150603975635022
0.00147018162533641
0.00190047873184085
0.00194828945677727
0.002581782406196
0.00290450523607433
0.00204391102306545
0.00551019283011556
0.0341608077287674
0.0698396041989326
0.0631580501794815
0.0330492034554482
0.0108171897009015
0.00534285511821508
0.00404001120477915
0.00245030270889401
0.00180485716555268
0.00175704632420093
0.0017092355992645
0.00123112776782364
0.00271326210349798
0.00230687041766942
0.00164947204757482
0.00142237090039998
0.00182876258622855
0.00241444469429553
0.00203195842914283
0.00190047873184085
0.00264154584147036
0.0038009574636817
0.00288059981539845
0.00314355921000242
0.00394438998773694
0.00309574836865067
0.00239053927361965
0.0023427284322679
0.00277302553877234
0.00301207951270044
0.00375314662232995
0.0064305504783988
0.00756605667993426
0.00492451107129455
0.00474522029981017
0.00497232144698501
0.00699232751503587
0.00806806981563568
0.00907209608703852
0.0250648036599159
0.0337544158101082
0.0271087158471346
0.0163034778088331
0.00543847680091858
0.00294036325067282
0.00375314662232995
0.002581782406196
0.00203195842914283
0.00289255240932107
0.00329894409514964
0.00301207951270044
0.00262959324754775
0.00230687041766942
0.00338261295109987
0.00492451107129455
0.00425515975803137
0.00357385608367622
0.0036575251724571
0.00493646366521716
0.00561776710674167
0.00552214588969946
0.00733895553275943
0.00461374083533883
0.00331089692190289
0.00466155167669058
0.00460178824141622
0.00297622126527131
0.00251006614416838
0.00359776150435209
0.00225905957631767
0.0024383501149714
0.00301207951270044
0.00229491759091616
0.00509184878319502
0.00833102967590094
0.0149408699944615
0.0334197394549847
0.0495797842741013
0.0401730127632618
0.0191362667828798
0.0108410958200693
0.00732700293883681
0.00510380137711763
0.00125503307208419
0.00217539072036743
0.00150603975635022
0.00194828945677727
0.00212757987901568
0.00239053927361965
0.00246225553564727
0.00313160638324916
0.0027252146974206
0.0018526678904891
0.0018526678904891
0.00298817409202456
0.00219929614104331
0.0023427284322679
0.00239053927361965
0.00425515975803137
0.00583291565999389
0.00344237661920488
0.00265349866822362
0.00282083638012409
0.00333480234257877
0.00296426867134869
0.00382486288435757
0.00601220643147826
0.00638273963704705
0.00325113348662853
0.00484084198251367
0.00426711235195398
0.00647836131975055
0.00677717896178365
0.0457907803356647
0.106689766049385
0.0996018201112747
0.0528070107102394
0.0182517673820257
0.00564167276024818
0.00510380137711763
0.00439859228208661
0.00194828945677727
0.00229491759091616
0.00158970861230046
0.00152994517702609
0.0017092355992645
0.00163751933723688
0.00172118830960244
0.00211562728509307
0.0019961001817137
0.00157775590196252
0.00188852602150291
0.00169728288892657
0.00157775590196252
0.00282083638012409
0.00285669439472258
0.00245030270889401
0.00200805300846696
0.00211562728509307
0.00202000560238957
0.00127893849276006
0.00119526963680983
0.00154189777094871
0.00133870192803442
0.00198414758779109
0.00229491759091616
0.00296426867134869
0.00431492319330573
0.00512770656496286
0.00571338878944516
0.00805611722171307
0.0545162484049797
0.0810990408062935
0.0720986649394035
0.033348023891449
0.013626073487103
0.00811588112264872
0.00604806421324611
0.00591658474877477
0.00479303114116192
0.00323918065987527
0.00150603975635022
0.00148213433567435
0.00150603975635022
0.00154189777094871
0.00204391102306545
0.00260568782687187
0.00223515415564179
0.00174509361386299
0.00284474180079997
0.00278497813269496
0.00236663385294378
0.0024861607234925
0.00202000560238957
0.00144627620466053
0.00149408704601228
0.00172118830960244
0.00126698578242213
0.0014343234943226
0.00132674933411181
0.00106378993950784
0.00115941150579602
0.00111160078085959
0.0013626073487103
0.00229491759091616
0.00331089692190289
0.00537871336564422
0.00539066595956683
0.00543847680091858
0.0170564968138933
0.0540500916540623
0.0509782508015633
0.021634379401803
0.00761386752128601
0.0044822609052062
0.00267740385606885
0.00182876258622855
0.00204391102306545
0.00133870192803442
0.00106378993950784
0.00138651276938617
0.00119526963680983
0.000705209095031023
0.000824736023787409
0.00086059415480122
0.000645445601549
0.000741067167837173
0.00101597921457142
0.0012191750574857
0.00207976903766394
0.00215148529969156
0.000992073793895543
0.000621540180873126
0.00101597921457142
0.000741067167837173
0.00075301987817511
0.000908404937945306
0.000490060541778803
0.000788877950981259
0.000621540180873126
0.000800830661319196
0.00102793192490935
0.00125503307208419
0.00193633674643934
0.00254592439159751
0.00212757987901568
0.00579705787822604
0.014259566552937
0.0212160367518663
0.013040391728282
0.00620344933122396
0.00191243144217879
0.00236663385294378
0.00102793192490935
0.00105183722916991
0.000968168373219669
0.000633492891211063
0.000812783371657133
0.00117136421613395
0.000944263010751456
0.000956215721089393
0.000884499517269433
0.000812783371657133
0.000812783371657133
0.000693256384693086
0.000573729397729039
0.000717161747161299
0.000693256384693086
0.000812783371657133
0.000705209095031023
0.000705209095031023
0.000932310300413519
0.00105183722916991
0.00111160078085959
0.000968168373219669
0.000741067167837173
0.000729114457499236
0.000800830661319196
0.000788877950981259
0.000800830661319196
0.00115941150579602
0.00203195842914283
0.00192438415251672
0.00265349866822362
0.0137216951698065
0.019100409001112
0.0135663105174899
0.00845055654644966
0.00469740945845842
0.00228296499699354
0.00249811355024576
0.00168533017858863
0.00186462060082704
0.00198414758779109
0.00118331692647189
0.000956215721089393
0.00161361403297633
0.00118331692647189
0.000920357590075582
0.000597634818404913
0.00111160078085959
0.00109964807052165
0.000944263010751456
0.000776925240643322
0.000992073793895543
0.0012191750574857
0.000729114457499236
0.00126698578242213
0.0018526678904891
0.00118331692647189
0.000908404937945306
0.000788877950981259
0.000729114457499236
0.00107574264984578
0.000956215721089393
0.000597634818404913
0.000824736023787409
0.000872546806931496
0.00075301987817511
0.00176899903453887
0.00221124873496592
0.00402805861085653
0.00824736058712006
0.00882108975201845
0.00910795480012894
0.00732700293883681
0.00421930197626352
0.00280888355337083
0.0017092355992645
0.000824736023787409
0.00124308036174625
0.000968168373219669
0.000478107860544696
0.000334675482008606
0.000346628192346543
0.0003227228007745
0.000490060541778803
0.000872546806931496
0.000836688734125346
0.000645445601549
0.000478107860544696
0.00028686469886452
0.000298817409202456
0.000310770090436563
0.000657398311886936
0.00107574264984578
0.000681303674355149
0.000358580873580649
0.000370533583918586
0.000382486294256523
0.000406391685828567
0.000573729397729039
0.000454202468972653
0.000537871324922889
0.000800830661319196
0.00111160078085959
0.00103988451883197
0.00138651276938617
0.00192438415251672
0.00449421396479011
0.00992073770612478
0.0104107987135649
0.00878523197025061
0.00704013789072633
0.00375314662232995
0.00200805300846696
0.00160166132263839
0.000920357590075582
0.000944263010751456
0.000992073793895543
0.00114745879545808
0.00105183722916991
0.000932310300413519
0.00119526963680983
0.00150603975635022
0.000992073793895543
0.000788877950981259
0.000884499517269433
0.000693256384693086
0.000800830661319196
0.00115941150579602
0.00075301987817511
0.00086059415480122
0.00115941150579602
0.000848641444463283
0.000693256384693086
0.000490060541778803
0.000573729397729039
0.000681303674355149
0.00108769536018372
0.00109964807052165
0.000920357590075582
0.000992073793895543
0.00156580319162458
0.00215148529969156
0.00237858644686639
0.00398024776950479
0.00436273403465748
0.011151866056025
0.0156460795551538
0.0100402645766735
0.00860594119876623
0.00802025943994522
0.00466155167669058
0.00186462060082704
0.00127893849276006
0.000932310300413519
0.000657398311886936
0.000418344367062673
0.000549824035260826
0.000633492891211063
0.000669350964017212
0.000681303674355149
0.000693256384693086
0.000741067167837173
0.000812783371657133
0.000633492891211063
0.000585682108066976
0.00060958752874285
0.000800830661319196
0.00101597921457142
0.00112355349119753
0.000896452227607369
0.000513965962454677
0.000561776745598763
0.00060958752874285
0.000848641444463283
0.000884499517269433
0.000944263010751456
0.000944263010751456
0.00109964807052165
0.00155385048128664
0.00150603975635022
0.00192438415251672
0.00347823463380337
0.0106020411476493
0.0137575529515743
0.0132555402815342
0.0142356613650918
0.0113192033022642
0.00424320716410875
0.00227101240307093
0.00160166132263839
0.00125503307208419
0.00101597921457142
0.000776925240643322
0.000681303674355149
0.000561776745598763
0.000729114457499236
0.000848641444463283
0.00120722234714776
0.00139846547972411
0.00105183722916991
0.000525918614584953
0.000525918614584953
0.000657398311886936
0.000597634818404913
0.000669350964017212
0.000884499517269433
0.000920357590075582
0.00102793192490935
0.000920357590075582
0.00086059415480122
0.00115941150579602
0.00127893849276006
0.000776925240643322
0.000968168373219669
0.00137456005904824
0.00162556674331427
0.00197219499386847
0.00217539072036743
0.00274912011809647
0.00310770096257329
0.0082832183688879
0.0144149521365762
0.0103629874065518
0.00533090252429247
0.00423125457018614
0.00357385608367622
0.00150603975635022
0.00137456005904824
0.001290891203098
0.000896452227607369
0.000561776745598763
0.000717161747161299
0.000968168373219669
0.00101597921457142
0.00133870192803442
0.00120722234714776
0.00075301987817511
0.000836688734125346
0.000788877950981259
0.000968168373219669
0.000968168373219669
0.00103988451883197
0.000836688734125346
0.00131479662377387
0.00148213433567435
0.00107574264984578
0.00102793192490935
0.00127893849276006
0.00130284391343594
0.000848641444463283
0.000932310300413519
0.00114745879545808
0.00107574264984578
0.00118331692647189
0.00180485716555268
0.00228296499699354
0.00252201897092164
0.00500817969441414
0.00797244813293219
0.00990878511220217
0.0143312830477953
0.00971754174679518
0.00655007734894753
0.00341847119852901
0.00228296499699354
0.00197219499386847
0.00152994517702609
0.000597634818404913
0.000621540180873126
0.000884499517269433
0.000836688734125346
0.000896452227607369
0.00102793192490935
0.00115941150579602
0.000956215721089393
0.00118331692647189
0.00108769536018372
0.000920357590075582
0.00111160078085959
0.00125503307208419
0.00152994517702609
0.0014343234943226
0.00109964807052165
0.00109964807052165
0.000848641444463283
0.000884499517269433
0.000956215721089393
0.00109964807052165
0.00106378993950784
0.00105183722916991
0.00108769536018372
0.000980121083557606
0.00131479662377387
0.00163751933723688
0.00323918065987527
0.00295231607742608
0.0110084330663085
0.0170684494078159
0.0133033506572247
0.00694451667368412
0.00566557794809341
0.00401610601693392
0.00188852602150291
0.00144627620466053
0.00107574264984578
0.000513965962454677
0.00103988451883197
0.00100402650423348
0.000812783371657133
0.00117136421613395
0.00135065463837236
0.00086059415480122
0.00156580319162458
0.00133870192803442
0.000525918614584953
0.000693256384693086
0.000992073793895543
0.00174509361386299
0.00176899903453887
0.00150603975635022
0.00127893849276006
0.00113550620153546
0.000956215721089393
0.0012191750574857
0.00120722234714776
0.00117136421613395
0.00103988451883197
0.00127893849276006
0.00166142475791276
0.00131479662377387
0.00181680987589061
0.00311965378932655
0.00490060541778803
0.00877327937632799
0.0137814590707421
0.0174509361386299
0.0132794454693794
0.00877327937632799
0.00988487992435694
0.00639469269663095
0.00222320156171918
0.00166142475791276
0.00168533017858863
0.00103988451883197
0.00125503307208419
0.00132674933411181
0.00111160078085959
0.00133870192803442
0.000597634818404913
0.00130284391343594
0.00127893849276006
0.00147018162533641
0.00131479662377387
0.0014343234943226
0.00157775590196252
0.000872546806931496
0.00166142475791276
0.00206781644374132
0.00154189777094871
0.00186462060082704
0.00156580319162458
0.00115941150579602
0.0013626073487103
0.000848641444463283
0.00106378993950784
0.00139846547972411
0.00114745879545808
0.00131479662377387
0.00163751933723688
0.00266545126214623
0.00809197500348091
0.0193633679300547
0.018084429204464
0.0122993243858218
0.00460178824141622
0.00561776710674167
0.00468545686453581
0.00488865282386541
0.00285669439472258
0.00157775590196252
0.00103988451883197
0.000729114457499236
0.000908404937945306
0.000717161747161299
0.00112355349119753
0.00106378993950784
0.000741067167837173
0.000872546806931496
0.000932310300413519
0.00117136421613395
0.00113550620153546
0.00106378993950784
0.00111160078085959
0.00149408704601228
0.00154189777094871
0.00117136421613395
0.0017809517448768
0.0017809517448768
0.00137456005904824
0.000669350964017212
0.00107574264984578
0.00124308036174625
0.00101597921457142
0.00169728288892657
0.00200805300846696
0.00215148529969156
0.00425515975803137
0.00879718456417322
0.0117973107844591
0.0075062932446599
0.00594048993662
0.0126698575913906
0.0115104466676712
0.00510380137711763
0.004386639688164
0.00266545126214623
0.00239053927361965
0.00162556674331427
0.00173314090352505
0.00197219499386847
0.0013626073487103
0.00106378993950784
0.0013626073487103
0.0014343234943226
0.00124308036174625
0.0014343234943226
0.0012191750574857
0.000741067167837173
0.00145822891499847
0.00132674933411181
0.000980121083557606
0.00151799246668816
0.00152994517702609
0.000908404937945306
0.00118331692647189
0.000980121083557606
0.000872546806931496
0.000920357590075582
0.00100402650423348
0.00111160078085959
0.00115941150579602
0.000992073793895543
0.00192438415251672
0.00230687041766942
0.00236663385294378
0.00580901047214866
0.00939481891691685
0.0130762495100498
0.00822345539927483
0.00664569903165102
0.00621540192514658
0.00640664529055357
0.00409977464005351
0.00245030270889401
0.00213953270576894
0.00192438415251672
0.00161361403297633
0.00105183722916991
0.00101597921457142
0.00113550620153546
0.00150603975635022
0.000800830661319196
0.000980121083557606
0.000992073793895543
0.000693256384693086
0.00112355349119753
0.00162556674331427
0.00106378993950784
0.00169728288892657
0.00230687041766942
0.00227101240307093
0.0013626073487103
0.00125503307208419
0.00173314090352505
0.00200805300846696
0.00198414758779109
0.00162556674331427
0.00142237090039998
0.00137456005904824
0.00147018162533641
0.00204391102306545
0.00242639728821814
0.00228296499699354
0.00561776710674167
0.0135902157053351
0.0151560185477138
0.00788877997547388
0.00772144179791212
0.00551019283011556
0.00415953807532787
0.00167337746825069
0.00197219499386847
0.00205586384981871
0.00155385048128664
0.0013626073487103
0.0014343234943226
0.00187657331116498
0.00207976903766394
0.00149408704601228
0.00174509361386299
0.00154189777094871
0.00132674933411181
0.00145822891499847
0.00141041819006205
0.00105183722916991
0.00115941150579602
0.00205586384981871
0.00191243144217879
0.00151799246668816
0.00157775590196252
0.00108769536018372
0.00138651276938617
0.00172118830960244
0.00221124873496592
0.00172118830960244
0.00108769536018372
0.00135065463837236
0.00149408704601228
0.00265349866822362
0.00371728860773146
0.00611978070810437
0.0118570746853948
0.0168772079050541
0.0116538787260652
0.00579705787822604
0.00443445052951574
0.00473326770588756
0.00332284951582551
0.00291645782999694
0.00236663385294378
0.0017809517448768
0.00123112776782364
0.00158970861230046
0.00202000560238957
0.00194828945677727
0.00190047873184085
0.00161361403297633
0.00150603975635022
0.00174509361386299
0.00245030270889401
0.00169728288892657
0.00137456005904824
0.00182876258622855
0.00162556674331427
0.00144627620466053
0.00266545126214623
0.00249811355024576
0.00233077583834529
0.00180485716555268
0.00131479662377387
0.00137456005904824
0.00167337746825069
0.00130284391343594
0.00101597921457142
0.00139846547972411
0.00259373500011861
0.00420734891667962
0.00513965962454677
0.0111638186499476
0.0192079823464155
0.0191482193768024
0.0107454741373658
0.0053548077121377
0.00414758548140526
0.00473326770588756
0.00264154584147036
0.00180485716555268
0.00228296499699354
0.00186462060082704
0.00174509361386299
0.00212757987901568
0.00187657331116498
0.00150603975635022
0.00113550620153546
0.00137456005904824
0.00184071518015116
0.00138651276938617
0.00160166132263839
0.00162556674331427
0.00141041819006205
0.00141041819006205
0.00106378993950784
0.00124308036174625
0.00108769536018372
0.00101597921457142
0.00118331692647189
0.00124308036174625
0.000717161747161299
0.00126698578242213
0.00142237090039998
0.00125503307208419
0.000992073793895543
0.00106378993950784
0.00164947204757482
0.00264154584147036
0.00364557234570384
0.00622735498473048
0.00872546806931496
0.00628711842000484
0.00368143036030233
0.0047810785472393
0.0039922003634274
0.00294036325067282
0.00181680987589061
0.00137456005904824
0.000824736023787409
0.000980121083557606
0.001290891203098
0.0013626073487103
0.000956215721089393
0.00106378993950784
0.00124308036174625
0.000812783371657133
0.000549824035260826
0.000513965962454677
0.000717161747161299
0.00120722234714776
0.00124308036174625
0.000513965962454677
0.000597634818404913
0.000693256384693086
0.000932310300413519
0.000729114457499236
0.000848641444463283
0.000896452227607369
0.00135065463837236
0.00113550620153546
0.000585682108066976
0.000824736023787409
0.00130284391343594
0.00131479662377387
0.00111160078085959
0.00194828945677727
0.00317941722460091
0.00469740945845842
0.00616759108379483
0.00467350427061319
0.00378900463692844
0.00467350427061319
0.00280888355337083
0.00204391102306545
0.00131479662377387
0.000848641444463283
0.00101597921457142
0.000908404937945306
0.000812783371657133
0.000872546806931496
0.000621540180873126
0.000418344367062673
0.000549824035260826
0.000836688734125346
0.000669350964017212
0.000705209095031023
0.00100402650423348
0.000896452227607369
0.000442249758634716
0.00075301987817511
0.00103988451883197
0.000597634818404913
0.00039443897549063
0.000513965962454677
0.00102793192490935
0.000992073793895543
0.000669350964017212
0.000776925240643322
0.000908404937945306
0.00105183722916991
0.000776925240643322
0.000693256384693086
0.00157775590196252
0.00267740385606885
0.00401610601693392
0.00574924703687429
0.00690865842625499
0.00650226697325706
0.00466155167669058
0.00384876830503345
0.00245030270889401
0.00162556674331427
0.00144627620466053
0.000992073793895543
0.000705209095031023
0.000573729397729039
0.000382486294256523
0.00043029707740061
0.000573729397729039
0.000454202468972653
0.000633492891211063
0.00060958752874285
0.000406391685828567
0.000573729397729039
0.000645445601549
0.000573729397729039
0.000657398311886936
0.000764972588513047
0.000645445601549
0.000537871324922889
0.000573729397729039
0.00060958752874285
0.000657398311886936
0.000669350964017212
0.000717161747161299
0.000490060541778803
0.000585682108066976
0.000705209095031023
0.000669350964017212
0.000872546806931496
0.00164947204757482
0.00193633674643934
0.00265349866822362
0.00295231607742608
0.00351409264840186
0.00353799806907773
0.00230687041766942
0.00240249186754227
0.00169728288892657
0.00137456005904824
0.00102793192490935
0.00100402650423348
0.000800830661319196
0.000490060541778803
0.000585682108066976
0.00050201325211674
0.000262959307292476
0.0003227228007745
0.000454202468972653
0.000490060541778803
0.000370533583918586
0.00025100662605837
0.000382486294256523
0.00039443897549063
0.00028686469886452
0.000346628192346543
0.000370533583918586
0.000525918614584953
0.000513965962454677
0.000370533583918586
0.00039443897549063
0.000406391685828567
0.000454202468972653
0.000418344367062673
0.00039443897549063
0.000525918614584953
0.000418344367062673
0.000633492891211063
0.000968168373219669
0.00117136421613395
0.0014343234943226
0.0024383501149714
0.0024383501149714
0.00158970861230046
0.0014343234943226
0.000669350964017212
0.000669350964017212
0.00086059415480122
0.000657398311886936
0.000370533583918586
0.000513965962454677
0.000454202468972653
0.000310770090436563
0.00028686469886452
0.000203195842914283
0.00025100662605837
0.000239053930272348
0.000370533583918586
0.000549824035260826
0.000525918614584953
0.000334675482008606
0.00025100662605837
0.000262959307292476
0.0003227228007745
0.000274912017630413
0.000227101234486327
0.00025100662605837
0.000203195842914283
0.000274912017630413
0.000310770090436563
0.000262959307292476
0.000167337741004303
0.000179290436790325
0.0003227228007745
0.000406391685828567
0.00039443897549063
0.000561776745598763
0.000645445601549
0.00118331692647189
0.00184071518015116
0.00130284391343594
0.00100402650423348
0.000776925240643322
0.000657398311886936
0.000573729397729039
0.000657398311886936
0.000549824035260826
0.000358580873580649
0.000310770090436563
0.000203195842914283
0.000191243147128262
0.000179290436790325
9.56215735641308E-5
0.000131479653646238
0.000215148538700305
0.000262959307292476
0.000227101234486327
0.00014343234943226
0.000167337741004303
0.000167337741004303
0.000215148538700305
0.000215148538700305
0.000179290436790325
0.000179290436790325
0.000131479653646238
0.000239053930272348
0.000179290436790325
0.00014343234943226
0.000155385045218281
0.000215148538700305
0.000203195842914283
0.000227101234486327
0.000334675482008606
0.000334675482008606
0.00043029707740061
0.000334675482008606
0.000920357590075582
0.00135065463837236
0.000932310300413519
0.00119526963680983
0.00101597921457142
0.000573729397729039
0.000370533583918586
0.000585682108066976
0.000442249758634716
0.000490060541778803
0.000298817409202456
0.000203195842914283
0.000167337741004303
0.00014343234943226
0.000155385045218281
0.000227101234486327
0.000274912017630413
0.00025100662605837
0.000227101234486327
0.000203195842914283
0.000191243147128262
0.000215148538700305
0.000167337741004303
0.000215148538700305
0.000239053930272348
0.00025100662605837
0.000298817409202456
0.000239053930272348
0.000227101234486327
0.000298817409202456
0.00025100662605837
0.000155385045218281
0.000215148538700305
0.000346628192346543
0.00039443897549063
0.000478107860544696
0.000549824035260826
0.000884499517269433
0.00126698578242213
0.00102793192490935
0.000776925240643322
0.00107574264984578
0.00046615515020676
0.0003227228007745
0.000334675482008606
0.000478107860544696
0.000298817409202456
0.000298817409202456
0.000310770090436563
0.000310770090436563
0.00025100662605837
0.000167337741004303
0.000179290436790325
0.000131479653646238
0.000227101234486327
0.000370533583918586
0.000227101234486327
0.000155385045218281
0.000107574269350152
9.56215735641308E-5
0.00014343234943226
0.000239053930272348
0.000167337741004303
0.00025100662605837
0.000227101234486327
0.000107574269350152
0.000179290436790325
0.000227101234486327
0.00025100662605837
0.000215148538700305
0.000274912017630413
0.000274912017630413
0.0003227228007745
0.0003227228007745
0.000513965962454677
0.000968168373219669
0.00142237090039998
0.00125503307208419
0.000681303674355149
0.000872546806931496
0.000717161747161299
0.000490060541778803
0.000442249758634716
0.000681303674355149
0.000681303674355149
0.000358580873580649
0.000167337741004303
0.000203195842914283
0.00025100662605837
0.000227101234486327
0.00014343234943226
0.000215148538700305
0.000239053930272348
0.000179290436790325
0.000119526965136174
0.000191243147128262
0.000167337741004303
0.000155385045218281
0.000227101234486327
0.000179290436790325
0.00014343234943226
0.000191243147128262
0.000215148538700305
0.000274912017630413
0.000274912017630413
0.000167337741004303
0.000239053930272348
0.00028686469886452
0.000167337741004303
0.000155385045218281
0.000262959307292476
0.00043029707740061
0.000621540180873126
0.000932310300413519
0.00123112776782364
0.00106378993950784
0.000705209095031023
0.000812783371657133
0.000717161747161299
0.000418344367062673
0.000310770090436563
0.00043029707740061
0.000298817409202456
0.000274912017630413
0.000203195842914283
0.000203195842914283
0.000191243147128262
0.00025100662605837
0.000215148538700305
0.00025100662605837
0.000274912017630413
0.000167337741004303
0.000167337741004303
0.00014343234943226
0.000167337741004303
0.000179290436790325
0.000239053930272348
0.000239053930272348
0.00025100662605837
0.000239053930272348
0.000262959307292476
0.000203195842914283
0.000239053930272348
0.00014343234943226
0.000179290436790325
0.000167337741004303
9.56215735641308E-5
0.000191243147128262
0.000334675482008606
0.000418344367062673
0.000669350964017212
0.000908404937945306
0.000980121083557606
0.000513965962454677
0.000418344367062673
0.000478107860544696
0.000418344367062673
0.00028686469886452
0.000155385045218281
9.56215735641308E-5
0.000167337741004303
0.000203195842914283
0.000179290436790325
0.000179290436790325
0.000227101234486327
0.000155385045218281
0.000131479653646238
0.000107574269350152
0.00014343234943226
0.000191243147128262
0.000227101234486327
0.000191243147128262
0.000215148538700305
0.00025100662605837
0.00028686469886452
0.0003227228007745
0.00025100662605837
0.000167337741004303
0.000191243147128262
0.000239053930272348
0.000191243147128262
0.000131479653646238
0.000227101234486327
0.000262959307292476
0.000298817409202456
0.000334675482008606
0.000406391685828567
0.000573729397729039
0.000741067167837173
0.000968168373219669
0.000812783371657133
0.000442249758634716
0.000442249758634716
0.0003227228007745
0.000239053930272348
0.000310770090436563
0.000262959307292476
0.00025100662605837
0.000274912017630413
0.000203195842914283
0.000119526965136174
0.000119526965136174
0.000179290436790325
0.000215148538700305
0.000179290436790325
0.000155385045218281
0.000155385045218281
0.00014343234943226
0.000155385045218281
0.000131479653646238
0.000119526965136174
0.000167337741004303
0.000167337741004303
7.17161747161299E-5
0.000131479653646238
0.000167337741004303
0.000119526965136174
0.000167337741004303
0.000215148538700305
0.000155385045218281
0.000167337741004303
0.000203195842914283
0.000191243147128262
0.000298817409202456
0.00028686469886452
0.0003227228007745
0.000669350964017212
0.00102793192490935
0.000717161747161299
0.000406391685828567
0.00050201325211674
0.000298817409202456
0.000227101234486327
0.000274912017630413
0.000346628192346543
0.000346628192346543
0.000239053930272348
0.000167337741004303
0.00014343234943226
0.000107574269350152
0.000191243147128262
0.000215148538700305
0.000167337741004303
0.000107574269350152
0.000155385045218281
0.000191243147128262
0.000119526965136174
0.000107574269350152
7.17161747161299E-5
0.000119526965136174
0.00014343234943226
8.36688705021515E-5
8.36688705021515E-5
9.56215735641308E-5
0.000167337741004303
0.000179290436790325
0.000131479653646238
8.36688705021515E-5
0.000107574269350152
0.000119526965136174
0.000203195842914283
0.00028686469886452
0.000310770090436563
0.000418344367062673
0.000633492891211063
0.000741067167837173
0.000597634818404913
0.000490060541778803
0.000645445601549
0.000537871324922889
0.000274912017630413
0.000346628192346543
0.00028686469886452
0.000155385045218281
9.56215735641308E-5
0.000119526965136174
0.000131479653646238
0.000119526965136174
0.000131479653646238
0.00014343234943226
0.00014343234943226
0.000203195842914283
0.000227101234486327
0.000191243147128262
0.000203195842914283
0.00014343234943226
0.00014343234943226
0.00014343234943226
0.000167337741004303
0.00014343234943226
0.00014343234943226
0.000191243147128262
0.000179290436790325
0.000179290436790325
0.000155385045218281
0.000119526965136174
0.000167337741004303
0.000203195842914283
0.000191243147128262
0.000239053930272348
0.000227101234486327
0.000310770090436563
0.000549824035260826
0.000741067167837173
0.000478107860544696
0.00039443897549063
0.000597634818404913
0.000478107860544696
0.000382486294256523
0.000537871324922889
0.000418344367062673
0.000370533583918586
0.00025100662605837
0.000310770090436563
0.00025100662605837
0.000179290436790325
0.00028686469886452
0.00025100662605837
0.000334675482008606
0.000334675482008606
