% Type: Spectrum
% Date: 11-DEC-24 13:51:15
% NoOfItems: = 1601
% Unit_Y: = dB
% Unit_X: = Hz
% Min_X: = 0
% Max_X: = 1000
% MinDisplay_X: = 0
% MaxDisplay_X: = 1000
0
0
0
0
0.0258208699524403
0.0139462426304817
0.0116169126704335
0.00824681855738163
0.00341965444386005
0.00622476218268275
0.00417296960949898
0.00272581144236028
0.00385578419081867
0.00310246902517974
0.0028348439373076
0.00289431633427739
0.00276545970700681
0.00267625134438276
0.00463883578777313
0.00927767157554626
0.00668071629479527
0.00809813849627972
0.0220344699919224
0.019050944596529
0.00686904508620501
0.00502540543675423
0.00455953925848007
0.00627432251349092
0.00612564198672771
0.00421261787414551
0.00535250268876553
0.00481725251302123
0.0044505069963634
0.00635361904278398
0.0137678263708949
0.00766200851649046
0.0774526968598366
0.524247884750366
0.649585664272308
0.179893642663956
0.0249882582575083
0.0098823057487607
0.00331062194891274
0.00206170463934541
0.00357824703678489
0.00253748265095055
0.00214100093580782
0.00224012136459351
0.00277537177316844
0.00296370056457818
0.00288440426811576
0.00269607547670603
0.00253748265095055
0.00183372769970447
0.0014174219686538
0.00118944502901286
0.00129847752396017
0.00200223247520626
0.00305290892720222
0.00227976962924004
0.00207161670550704
0.00260686711408198
0.00463883578777313
0.00715649407356977
0.00346921454183757
0.00111014873255044
0.00219056126661599
0.00210135290399194
0.00130838947370648
0.0014174219686538
0.00207161670550704
0.00319167738780379
0.00322141358628869
0.00475778011605144
0.0248098410665989
0.0879198089241982
0.0751927495002747
0.0151555119082332
0.0089010139927268
0.00345930270850658
0.00315202935598791
0.00171478325501084
0.00108041253406554
0.000971380097325891
0.000971380097325891
0.00104076438583434
0.00096146808937192
0.00109032460022718
0.00120926916133612
0.00110023666638881
0.000723579083569348
0.000654194736853242
0.00102094036992639
0.000882171734701842
0.000941643957048655
0.000911907874979079
0.000733491091523319
0.00146698218304664
0.00156610261183232
0.000892083742655814
0.00110023666638881
0.00110023666638881
0.00181390368379653
0.00208152877166867
0.00261677894741297
0.00195267226081342
0.00216082506813109
0.00279519590549171
0.00370710366405547
0.00603643339127302
0.0071069342084229
0.0129153905436397
0.145102381706238
0.284802705049515
0.146946027874947
0.0187634956091642
0.0111510474234819
0.00486681237816811
0.00310246902517974
0.001873375964351
0.00145707011688501
0.00208152877166867
0.00316194142214954
0.00255730678327382
0.00116962089668959
0.00129847752396017
0.00111014873255044
0.00170487118884921
0.00209144083783031
0.00127865339163691
0.00108041253406554
0.00114979688078165
0.00115970894694328
0.00096146808937192
0.000792963372077793
0.000971380097325891
0.00105067645199597
0.00064428272889927
0.000535250233951956
0.000832611520309001
0.000951556023210287
0.00177425553556532
0.00211126497015357
0.00139759795274585
0.00101102830376476
0.00188328791409731
0.00179407955147326
0.00225003343075514
0.00314211728982627
0.00742411939427257
0.0326502658426762
0.0434444807469845
0.0244926549494267
0.0073150871321559
0.00403420114889741
0.0037170157302171
0.00438112253323197
0.00163548695854843
0.00122909317724407
0.00221038539893925
0.003746751928702
0.00208152877166867
0.0014471581671387
0.0012390052434057
0.00131830153986812
0.00110023666638881
0.000594722514506429
0.000763227231800556
0.00211126497015357
0.00182381574995816
0.00140750990249217
0.00274563557468355
0.00100111623760313
0.00131830153986812
0.000852435594424605
0.00092181988293305
0.000683930877130479
0.000564986374229193
0.000991204171441495
0.00134803773835301
0.00127865339163691
0.0014174219686538
0.00108041253406554
0.00100111623760313
0.00120926916133612
0.00227976962924004
0.00245818635448813
0.0144517570734024
0.0483410283923149
0.0456746891140938
0.0220542922616005
0.00762236025184393
0.00227976962924004
0.00189319998025894
0.00130838947370648
0.00111014873255044
0.0014868063153699
0.0014174219686538
0.00128856545779854
0.00112006068229675
0.00154627847950906
0.000991204171441495
0.00078305130591616
0.00109032460022718
0.00130838947370648
0.00138768588658422
0.00105067645199597
0.00109032460022718
0.00312229315750301
0.00312229315750301
0.00174451933708042
0.00282493187114596
0.00185355183202773
0.00135794968809932
0.00143724610097706
0.00139759795274585
0.00116962089668959
0.00130838947370648
0.00176434346940368
0.00195267226081342
0.00174451933708042
0.00195267226081342
0.00239871419034898
0.00295378849841654
0.00494610890746117
0.031341876834631
0.066341295838356
0.0554479621350765
0.0278131887316704
0.0092281112447381
0.00274563557468355
0.00252757058478892
0.00237889005802572
0.00232932972721756
0.00249783461913466
0.00182381574995816
0.00147689424920827
0.00277537177316844
0.00284475600346923
0.00161566282622516
0.00132821360602975
0.00285466806963086
0.00292405229993165
0.00204188073985279
0.00096146808937192
0.00162557489238679
0.00205179257318377
0.00149671826511621
0.00316194142214954
0.00299343653023243
0.00151654239743948
0.00218064920045435
0.00222029746510088
0.00338000617921352
0.0028348439373076
0.00351877487264574
0.00505514116957784
0.0049262847751379
0.00365754356607795
0.0049560209736228
0.00410358514636755
0.00424235407263041
0.00781068904325366
0.0208053756505251
0.0292702596634626
0.0287449210882187
0.0307570658624172
0.0189319998025894
0.00409367308020592
0.00418288167566061
0.00399455288425088
0.0045694513246417
0.00393508048728108
0.00375666376203299
0.00309255695901811
0.00278528383933008
0.00340974237769842
0.0038954324554652
0.00401437701657414
0.0045694513246417
0.00344939064234495
0.00417296960949898
0.00254739471711218
0.00234915385954082
0.00376657582819462
0.00455953925848007
0.00739438319578767
0.00553091941401362
0.00263660307973623
0.00320158945396543
0.00215091300196946
0.00284475600346923
0.0025077466852963
0.00237889005802572
0.00239871419034898
0.00183372769970447
0.00189319998025894
0.00239871419034898
0.00430182600393891
0.00555074354633689
0.0112402550876141
0.036892618983984
0.0594326034188271
0.0442077070474625
0.0152546325698495
0.00709702214226127
0.00687895715236664
0.00627432251349092
0.00152645446360111
0.00217073713429272
0.00134803773835301
0.00109032460022718
0.0022698575630784
0.00285466806963086
0.00292405229993165
0.00323132565245032
0.00314211728982627
0.00252757058478892
0.00246809842064977
0.00328088575042784
0.00288440426811576
0.0036872795317322
0.0037170157302171
0.00441085873171687
0.00530294235795736
0.0036872795317322
0.00284475600346923
0.00325114978477359
0.00339983031153679
0.00261677894741297
0.00241853832267225
0.00466857152059674
0.00636353110894561
0.0024780104868114
0.0028051077388227
0.00431173807010055
0.0091983750462532
0.010814038105309
0.0541494861245155
0.110221907496452
0.0941842198371887
0.0493124090135098
0.021786667406559
0.00821708235889673
0.00735473493114114
0.00455953925848007
0.00201214454136789
0.00219056126661599
0.00197249627672136
0.00225003343075514
0.00196258421055973
0.00125882937572896
0.00114979688078165
0.00136786175426096
0.001873375964351
0.00172469532117248
0.00128856545779854
0.00204188073985279
0.00249783461913466
0.00310246902517974
0.00185355183202773
0.00233924179337919
0.00227976962924004
0.00176434346940368
0.00194276019465178
0.0012390052434057
0.000773139239754528
0.00137777382042259
0.00149671826511621
0.00155619054567069
0.00112997274845839
0.00380622409284115
0.00308264512568712
0.00428200187161565
0.00429191393777728
0.00838558748364449
0.0541395731270313
0.0955520868301392
0.0842027962207794
0.0306381210684776
0.0136191453784704
0.00750341592356563
0.00320158945396543
0.00390534452162683
0.00361789530143142
0.00140750990249217
0.00138768588658422
0.00237889005802572
0.00264651514589787
0.00225994549691677
0.00119935709517449
0.0012390052434057
0.00196258421055973
0.0021211770363152
0.00176434346940368
0.00198240834288299
0.00215091300196946
0.00232932972721756
0.00181390368379653
0.00126874132547528
0.000941643957048655
0.000991204171441495
0.00108041253406554
0.0014471581671387
0.00126874132547528
0.00096146808937192
0.00129847752396017
0.00171478325501084
0.00102094036992639
0.000892083742655814
0.00127865339163691
0.00215091300196946
0.00465865945443511
0.00444059493020177
0.0170487128198147
0.0536439716815948
0.047121848911047
0.0169099438935518
0.00982283335179091
0.00411349721252918
0.00287449220195413
0.00269607547670603
0.00230950582772493
0.00178416748531163
0.00211126497015357
0.00182381574995816
0.00120926916133612
0.00118944502901286
0.00064428272889927
0.00113988481462002
0.000901995808817446
0.000713667017407715
0.00117953296285123
0.0014174219686538
0.00131830153986812
0.00102094036992639
0.0010308523196727
0.00136786175426096
0.00112997274845839
0.000842523586470634
0.000654194736853242
0.00078305130591616
0.00107050046790391
0.000991204171441495
0.00087225966854021
0.0010308523196727
0.00108041253406554
0.00128856545779854
0.00185355183202773
0.00270598754286766
0.00312229315750301
0.00552100734785199
0.0123504046350718
0.0194969866424799
0.0121620753780007
0.00486681237816811
0.00222029746510088
0.0022995937615633
0.00190311204642057
0.00133812567219138
0.00137777382042259
0.00153636652976274
0.00134803773835301
0.00129847752396017
0.00110023666638881
0.000802875380031765
0.000584810448344797
0.000446041871327907
0.000535250233951956
0.000654194736853242
0.000584810448344797
0.00096146808937192
0.00143724610097706
0.0010308523196727
0.000733491091523319
0.000763227231800556
0.000654194736853242
0.000614546588622034
0.000773139239754528
0.000495602085720748
0.000951556023210287
0.00116962089668959
0.000763227231800556
0.00102094036992639
0.00120926916133612
0.00134803773835301
0.00133812567219138
0.00151654239743948
0.00263660307973623
0.0157601460814476
0.0206269584596157
0.013014511205256
0.007285350933671
0.00290422816760838
0.00253748265095055
0.00269607547670603
0.00143724610097706
0.00124891730956733
0.00112006068229675
0.000664106803014874
0.00142733403481543
0.00180399161763489
0.00149671826511621
0.000842523586470634
0.000822699454147369
0.000525338225997984
0.0010308523196727
0.00113988481462002
0.000812787446193397
0.000416305760154501
0.000763227231800556
0.00101102830376476
0.00135794968809932
0.00110023666638881
0.000911907874979079
0.00131830153986812
0.0010308523196727
0.00087225966854021
0.000882171734701842
0.000852435594424605
0.000713667017407715
0.000703754951246083
0.000743403157684952
0.000773139239754528
0.00116962089668959
0.00211126497015357
0.00410358514636755
0.00570933613926172
0.00870277266949415
0.00907943025231361
0.00667080422863364
0.00295378849841654
0.00286458013579249
0.00169495912268758
0.000792963372077793
0.00104076438583434
0.000852435594424605
0.000792963372077793
0.000446041871327907
0.000337009434588253
0.000436129834270105
0.000436129834270105
0.000485690048662946
0.000574898440390825
0.000515426159836352
0.000624458654783666
0.00064428272889927
0.000703754951246083
0.000584810448344797
0.000564986374229193
0.000664106803014874
0.000307273294311017
0.000475778011605144
0.000455953937489539
0.000267625116975978
0.000337009434588253
0.000317185331368819
0.000257713079918176
0.000475778011605144
0.000446041871327907
0.000376657582819462
0.000812787446193397
0.00179407955147326
0.00278528383933008
0.00567959994077682
0.00832611508667469
0.0108338613063097
0.00921819917857647
0.00706728594377637
0.00512452563270926
0.00252757058478892
0.00162557489238679
0.00125882937572896
0.00147689424920827
0.00131830153986812
0.000981292105279863
0.00105067645199597
0.00118944502901286
0.000703754951246083
0.000674018869176507
0.000574898440390825
0.000842523586470634
0.000604634580668062
0.000614546588622034
0.000376657582819462
0.000991204171441495
0.00102094036992639
0.000654194736853242
0.00133812567219138
0.00134803773835301
0.00105067645199597
0.000892083742655814
0.000723579083569348
0.00112997274845839
0.00114979688078165
0.00128856545779854
0.00111014873255044
0.000773139239754528
0.000862347660586238
0.00100111623760313
0.00126874132547528
0.00412340927869081
0.00597696145996451
0.0120827788487077
0.0150563912466168
0.00912899058312178
0.00901004578918219
0.00739438319578767
0.00556065561249852
0.00290422816760838
0.00167513510677963
0.00132821360602975
0.00104076438583434
0.000852435594424605
0.00064428272889927
0.000634370662737638
0.000892083742655814
0.000931731949094683
0.00087225966854021
0.000485690048662946
0.000574898440390825
0.00087225966854021
0.00096146808937192
0.00100111623760313
0.00100111623760313
0.00078305130591616
0.000426217797212303
0.000574898440390825
0.000406393723096699
0.000654194736853242
0.000901995808817446
0.00064428272889927
0.000446041871327907
0.000683930877130479
0.000634370662737638
0.000674018869176507
0.00108041253406554
0.00116962089668959
0.0026861634105444
0.00379631202667952
0.00858382787555456
0.0140354512259364
0.0159484762698412
0.0150563912466168
0.00995169021189213
0.00512452563270926
0.0026861634105444
0.00092181988293305
0.00128856545779854
0.00092181988293305
0.000753315165638924
0.000743403157684952
0.000574898440390825
0.000485690048662946
0.000674018869176507
0.000753315165638924
0.000564986374229193
0.000614546588622034
0.000703754951246083
0.00064428272889927
0.00102094036992639
0.00078305130591616
0.000911907874979079
0.00111014873255044
0.000842523586470634
0.000733491091523319
0.00087225966854021
0.00087225966854021
0.000802875380031765
0.000723579083569348
0.00109032460022718
0.00113988481462002
0.000892083742655814
0.00087225966854021
0.0014471581671387
0.00185355183202773
0.00312229315750301
0.00614546611905098
0.0110023664310575
0.0164143405854702
0.01051667612046
0.00636353110894561
0.00429191393777728
0.00274563557468355
0.00124891730956733
0.0014174219686538
0.00125882937572896
0.000852435594424605
0.00112006068229675
0.000991204171441495
0.00104076438583434
0.00102094036992639
0.000723579083569348
0.000693842943292111
0.00050551415188238
0.000842523586470634
0.000773139239754528
0.00113988481462002
0.00180399161763489
0.00130838947370648
0.000555074366275221
0.000713667017407715
0.00127865339163691
0.00120926916133612
0.000911907874979079
0.00107050046790391
0.00108041253406554
0.000594722514506429
0.00104076438583434
0.000693842943292111
0.00064428272889927
0.000664106803014874
0.00119935709517449
0.00172469532117248
0.00317185348831117
0.00753315165638924
0.00787016097456217
0.0100111626088619
0.0141147477552295
0.0072556147351861
0.00586792873218656
0.00335027021355927
0.00261677894741297
0.00225003343075514
0.00124891730956733
0.000842523586470634
0.000664106803014874
0.000564986374229193
0.000614546588622034
0.00064428272889927
0.000971380097325891
0.000991204171441495
0.000763227231800556
0.000713667017407715
0.000693842943292111
0.000545162300113589
0.000406393723096699
0.000564986374229193
0.0010308523196727
0.000901995808817446
0.000931731949094683
0.000753315165638924
0.000763227231800556
0.00087225966854021
0.000832611520309001
0.000753315165638924
0.000911907874979079
0.000693842943292111
0.00064428272889927
0.00102094036992639
0.00182381574995816
0.00251765875145793
0.00339983031153679
0.00356833497062325
0.0107942139729857
0.0168603826314211
0.0135101126506925
0.00716640613973141
0.0047776042483747
0.00420270580798388
0.00257713091559708
0.00177425553556532
0.00105067645199597
0.00132821360602975
0.00117953296285123
0.000911907874979079
0.000733491091523319
0.000376657582819462
0.000812787446193397
0.000723579083569348
0.00092181988293305
0.00096146808937192
0.000862347660586238
0.00109032460022718
0.00118944502901286
0.00136786175426096
0.00162557489238679
0.00111014873255044
0.00109032460022718
0.00154627847950906
0.00122909317724407
0.00108041253406554
0.00087225966854021
0.000614546588622034
0.00101102830376476
0.00109032460022718
0.0010605885181576
0.00145707011688501
0.00154627847950906
0.00205179257318377
0.00781068904325366
0.0110915750265121
0.0136389695107937
0.0189022645354271
0.0130541594699025
0.00747367972508073
0.00906951818615198
0.0072556147351861
0.00264651514589787
0.00114979688078165
0.00126874132547528
0.00174451933708042
0.00178416748531163
0.00120926916133612
0.00101102830376476
0.00101102830376476
0.00145707011688501
0.00158592674415559
0.00108041253406554
0.000792963372077793
0.000882171734701842
0.00165531097445637
0.0014471581671387
0.00139759795274585
0.000614546588622034
0.00126874132547528
0.00135794968809932
0.000981292105279863
0.000525338225997984
0.00107050046790391
0.00127865339163691
0.00100111623760313
0.00179407955147326
0.00131830153986812
0.00101102830376476
0.00192293617874384
0.00172469532117248
0.00375666376203299
0.011269991286099
0.0189914721995592
0.0150563912466168
0.0136687057092786
0.00690869335085154
0.00579854426905513
0.00345930270850658
0.00348903867416084
0.00290422816760838
0.00211126497015357
0.00232932972721756
0.0015958386939019
0.000802875380031765
0.000594722514506429
0.00116962089668959
0.00161566282622516
0.000822699454147369
0.00096146808937192
0.00133812567219138
0.000951556023210287
0.000822699454147369
0.000862347660586238
0.00118944502901286
0.00132821360602975
0.00131830153986812
0.000882171734701842
0.00134803773835301
0.00138768588658422
0.00150663033127785
0.00150663033127785
0.00113988481462002
0.00162557489238679
0.00177425553556532
0.00114979688078165
0.00181390368379653
0.00151654239743948
0.0026861634105444
0.00314211728982627
0.00777104077860713
0.00862347614020109
0.00659150769934058
0.0095254722982645
0.00812787469476461
0.00452980305999517
0.00377648789435625
0.00294387643225491
0.00231941789388657
0.00149671826511621
0.00124891730956733
0.000683930877130479
0.00109032460022718
0.00164539890829474
0.0024780104868114
0.00225994549691677
0.00120926916133612
0.000832611520309001
0.0010308523196727
0.000981292105279863
0.000991204171441495
0.000802875380031765
0.00113988481462002
0.00134803773835301
0.00102094036992639
0.000981292105279863
0.00118944502901286
0.00119935709517449
0.000723579083569348
0.00125882937572896
0.000981292105279863
0.00169495912268758
0.00206170463934541
0.00162557489238679
0.00192293617874384
0.00154627847950906
0.00273572350852191
0.00313220522366464
0.00651221163570881
0.0114087602123618
0.0071069342084229
0.00526329409331083
0.00390534452162683
0.00313220522366464
0.00189319998025894
0.000941643957048655
0.00167513510677963
0.00181390368379653
0.00136786175426096
0.0014868063153699
0.00137777382042259
0.00100111623760313
0.001665223040618
0.0012390052434057
0.00102094036992639
0.00116962089668959
0.00173460727091879
0.00157601467799395
0.00135794968809932
0.00096146808937192
0.00176434346940368
0.00178416748531163
0.00177425553556532
0.00210135290399194
0.00225003343075514
0.00108041253406554
0.00120926916133612
0.00157601467799395
0.00177425553556532
0.00175443140324205
0.000931731949094683
0.00115970894694328
0.00180399161763489
0.00233924179337919
0.00253748265095055
0.00476769218221307
0.0109230699017644
0.0140552753582597
0.00899022165685892
0.00781068904325366
0.00559039181098342
0.00326106185093522
0.00207161670550704
0.00214100093580782
0.00277537177316844
0.00242845015600324
0.00192293617874384
0.00116962089668959
0.00160575076006353
0.0012390052434057
0.00128856545779854
0.00122909317724407
0.00171478325501084
0.001873375964351
0.00198240834288299
0.00200223247520626
0.000852435594424605
0.00116962089668959
0.00137777382042259
0.00112997274845839
0.00177425553556532
0.00200223247520626
0.00172469532117248
0.00112006068229675
0.000991204171441495
0.00198240834288299
0.00190311204642057
0.00150663033127785
0.00139759795274585
0.00240862625651062
0.00253748265095055
0.00301326066255569
0.00430182600393891
0.00742411939427257
0.0166324060410261
0.0154925212264061
0.00860365200787783
0.00627432251349092
0.00468839565292001
0.00454962719231844
0.00419279374182224
0.00295378849841654
0.00170487118884921
0.0018436397658661
0.00152645446360111
0.00113988481462002
0.00210135290399194
0.00232932972721756
0.000971380097325891
0.00129847752396017
0.00151654239743948
0.00165531097445637
0.00135794968809932
0.00179407955147326
0.00156610261183232
0.00137777382042259
0.00122909317724407
0.00129847752396017
0.00142733403481543
0.00130838947370648
0.00182381574995816
0.00104076438583434
0.00173460727091879
0.00150663033127785
0.00208152877166867
0.00185355183202773
0.00156610261183232
0.00219056126661599
0.00256721884943545
0.00345930270850658
0.00825673062354326
0.0164440777152777
0.0197447873651981
0.0128063578158617
0.00727543886750937
0.00452980305999517
0.00214100093580782
0.00153636652976274
0.00221038539893925
0.00252757058478892
0.00176434346940368
0.00211126497015357
0.00190311204642057
0.00140750990249217
0.00157601467799395
0.00152645446360111
0.00117953296285123
0.00119935709517449
0.00167513510677963
0.00137777382042259
0.000773139239754528
0.00117953296285123
0.00125882937572896
0.00132821360602975
0.0012390052434057
0.000436129834270105
0.000832611520309001
0.00128856545779854
0.00107050046790391
0.000703754951246083
0.000753315165638924
0.00101102830376476
0.00114979688078165
0.000931731949094683
0.00101102830376476
0.000733491091523319
0.00111014873255044
0.00298352469690144
0.00571924820542336
0.00744394352659583
0.00700781354680657
0.00380622409284115
0.00429191393777728
0.00249783461913466
0.00188328791409731
0.00165531097445637
0.00171478325501084
0.00105067645199597
0.00109032460022718
0.00136786175426096
0.000951556023210287
0.000852435594424605
0.000822699454147369
0.000723579083569348
0.000842523586470634
0.000753315165638924
0.000693842943292111
0.000555074366275221
0.00078305130591616
0.000624458654783666
0.000664106803014874
0.000624458654783666
0.000812787446193397
0.000733491091523319
0.00050551415188238
0.00064428272889927
0.000802875380031765
0.000842523586470634
0.00100111623760313
0.00114979688078165
0.00078305130591616
0.000733491091523319
0.00120926916133612
0.00130838947370648
0.00140750990249217
0.00240862625651062
0.00300334859639406
0.00539215095341206
0.00547144701704383
0.00285466806963086
0.00303308479487896
0.00343947857618332
0.00293396436609328
0.0015958386939019
0.00087225966854021
0.000693842943292111
0.000832611520309001
0.000634370662737638
0.000733491091523319
0.000941643957048655
0.000931731949094683
0.000763227231800556
0.00050551415188238
0.000495602085720748
0.000882171734701842
0.000951556023210287
0.000882171734701842
0.000802875380031765
0.000743403157684952
0.000792963372077793
0.000743403157684952
0.000564986374229193
0.000485690048662946
0.000535250233951956
0.00087225966854021
0.00112006068229675
0.00110023666638881
0.000931731949094683
0.000802875380031765
0.000842523586470634
0.000842523586470634
0.00107050046790391
0.00143724610097706
0.00310246902517974
0.0042720902711153
0.00509478943422437
0.00517408596351743
0.00379631202667952
0.00312229315750301
0.00190311204642057
0.00116962089668959
0.00168504717294127
0.00112997274845839
0.000475778011605144
0.000703754951246083
0.000832611520309001
0.000901995808817446
0.000852435594424605
0.000614546588622034
0.000525338225997984
0.000574898440390825
0.000564986374229193
0.000614546588622034
0.000564986374229193
0.000555074366275221
0.000634370662737638
0.000802875380031765
0.00092181988293305
0.000495602085720748
0.000237889005802572
0.000545162300113589
0.000485690048662946
0.000465865974547341
0.000416305760154501
0.000327097368426621
0.000257713079918176
0.000465865974547341
0.000555074366275221
0.000574898440390825
0.00096146808937192
0.00125882937572896
0.0026266910135746
0.00314211728982627
0.00291414023377001
0.00269607547670603
0.00207161670550704
0.00182381574995816
0.0012390052434057
0.00112997274845839
0.000882171734701842
0.000654194736853242
0.000713667017407715
0.000525338225997984
0.000346921471646056
0.000475778011605144
0.000386569619877264
0.000307273294311017
0.000426217797212303
0.000297361257253215
0.000317185331368819
0.00050551415188238
0.000525338225997984
0.000386569619877264
0.000455953937489539
0.000564986374229193
0.000436129834270105
0.00020815288007725
0.000287449220195413
0.000376657582819462
0.000406393723096699
0.000327097368426621
0.000327097368426621
0.000237889005802572
0.000376657582819462
0.000376657582819462
0.000337009434588253
0.000307273294311017
0.000545162300113589
0.00109032460022718
0.00118944502901286
0.0024780104868114
0.00249783461913466
0.00116962089668959
0.0010605885181576
0.000842523586470634
0.000624458654783666
0.000475778011605144
0.000594722514506429
0.00050551415188238
0.00050551415188238
0.000436129834270105
0.000416305760154501
0.000376657582819462
0.000297361257253215
0.000307273294311017
0.00036674554576166
0.000307273294311017
0.000356833508703858
0.000346921471646056
0.000287449220195413
0.000307273294311017
0.000436129834270105
0.000406393723096699
0.000317185331368819
0.000297361257253215
0.000307273294311017
0.000307273294311017
0.00036674554576166
0.000267625116975978
0.000307273294311017
0.000237889005802572
0.000168504717294127
0.000277537183137611
0.000257713079918176
0.000277537183137611
0.000564986374229193
0.000634370662737638
0.00087225966854021
0.00136786175426096
0.000951556023210287
0.000882171734701842
0.000981292105279863
0.000614546588622034
0.000624458654783666
0.000683930877130479
0.000525338225997984
0.000158592665684409
0.000247801042860374
0.000327097368426621
0.000277537183137611
0.000237889005802572
0.000168504717294127
0.000178416754351929
0.000168504717294127
0.000198240843019448
0.000346921471646056
0.000376657582819462
0.000237889005802572
0.000188328791409731
0.000267625116975978
0.000247801042860374
0.00020815288007725
0.00020815288007725
0.00022797696874477
0.000277537183137611
0.000237889005802572
0.000158592665684409
0.000168504717294127
0.000188328791409731
0.000138768591568805
0.000218064917135052
0.000237889005802572
0.000356833508703858
0.000584810448344797
0.000555074366275221
0.000733491091523319
0.0010308523196727
0.000832611520309001
0.00117953296285123
0.00110023666638881
0.000773139239754528
0.000624458654783666
0.000892083742655814
0.000664106803014874
0.000436129834270105
0.000327097368426621
0.000257713079918176
0.000158592665684409
0.000218064917135052
0.000218064917135052
0.000277537183137611
0.000297361257253215
0.00020815288007725
0.000109032458567526
0.000168504717294127
0.000138768591568805
0.000158592665684409
0.00020815288007725
0.00022797696874477
0.000178416754351929
0.000188328791409731
0.000168504717294127
0.000138768591568805
0.000148680628626607
0.000178416754351929
0.000218064917135052
0.000237889005802572
0.000188328791409731
0.000277537183137611
0.000317185331368819
0.000386569619877264
0.000475778011605144
0.00078305130591616
0.00096146808937192
0.000773139239754528
0.000832611520309001
0.00096146808937192
0.000604634580668062
0.000218064917135052
0.000446041871327907
0.000683930877130479
0.000555074366275221
0.00036674554576166
0.00022797696874477
0.00020815288007725
0.000158592665684409
0.000148680628626607
0.000158592665684409
0.000168504717294127
0.00022797696874477
0.000218064917135052
0.000178416754351929
0.000158592665684409
0.000158592665684409
0.00020815288007725
0.00020815288007725
0.00020815288007725
0.000158592665684409
0.000178416754351929
0.000198240843019448
0.00020815288007725
0.000158592665684409
9.91204215097241E-5
0.000188328791409731
0.000158592665684409
0.000237889005802572
0.000277537183137611
0.000257713079918176
0.000426217797212303
0.000455953937489539
0.000674018869176507
0.00131830153986812
0.00105067645199597
0.000574898440390825
0.000892083742655814
0.000832611520309001
0.000495602085720748
0.000465865974547341
0.00064428272889927
0.000634370662737638
0.000465865974547341
0.000138768591568805
0.000178416754351929
0.00022797696874477
0.00020815288007725
0.000267625116975978
0.000188328791409731
0.000188328791409731
0.000307273294311017
0.000327097368426621
0.000247801042860374
0.000218064917135052
0.00020815288007725
0.000218064917135052
0.000237889005802572
0.000317185331368819
0.000168504717294127
0.000218064917135052
0.000237889005802572
0.000237889005802572
0.000247801042860374
0.000257713079918176
0.000247801042860374
0.000188328791409731
0.00020815288007725
0.00036674554576166
0.000654194736853242
0.000753315165638924
0.000594722514506429
0.000951556023210287
0.00117953296285123
0.000693842943292111
0.000555074366275221
0.00036674554576166
0.000307273294311017
0.000317185331368819
0.00036674554576166
0.000287449220195413
0.00022797696874477
0.000317185331368819
0.000317185331368819
0.000356833508703858
0.000188328791409731
9.91204215097241E-5
0.000198240843019448
0.000247801042860374
0.000257713079918176
0.000237889005802572
0.000188328791409731
0.00020815288007725
0.000198240843019448
0.000237889005802572
0.000247801042860374
0.000277537183137611
0.000287449220195413
0.000247801042860374
0.000148680628626607
0.000148680628626607
0.000128856539959088
0.000148680628626607
0.00020815288007725
0.000118944502901286
0.000218064917135052
0.000416305760154501
0.000455953937489539
0.000475778011605144
0.000654194736853242
0.000822699454147369
0.000604634580668062
0.000396481686038896
0.000297361257253215
0.00022797696874477
0.00022797696874477
0.000277537183137611
0.000178416754351929
0.000188328791409731
0.00022797696874477
0.000148680628626607
0.000158592665684409
0.000198240843019448
0.000198240843019448
0.000118944502901286
0.000158592665684409
0.000218064917135052
0.000188328791409731
0.000188328791409731
0.000138768591568805
0.000148680628626607
0.000188328791409731
0.000198240843019448
0.000158592665684409
0.000158592665684409
0.000188328791409731
0.000237889005802572
0.000198240843019448
0.000128856539959088
0.000158592665684409
0.000178416754351929
0.000218064917135052
0.000247801042860374
0.000307273294311017
0.000346921471646056
0.000455953937489539
0.000465865974547341
0.000773139239754528
0.000792963372077793
0.000654194736853242
0.000624458654783666
0.000455953937489539
0.000277537183137611
0.000188328791409731
0.000218064917135052
0.000148680628626607
0.000178416754351929
0.000188328791409731
0.000109032458567526
0.000128856539959088
0.000188328791409731
0.000188328791409731
0.000168504717294127
0.000118944502901286
0.000109032458567526
0.000109032458567526
0.000128856539959088
0.000118944502901286
0.000148680628626607
0.000109032458567526
0.000109032458567526
0.000109032458567526
9.91204215097241E-5
0.000118944502901286
0.000158592665684409
0.000178416754351929
0.000138768591568805
5.94722514506429E-5
0.000118944502901286
0.000138768591568805
0.000168504717294127
0.000188328791409731
0.000188328791409731
0.000515426159836352
0.000545162300113589
0.000763227231800556
0.000822699454147369
0.000535250233951956
0.000574898440390825
0.000356833508703858
0.000257713079918176
0.000465865974547341
0.000515426159836352
0.000356833508703858
0.000188328791409731
0.000188328791409731
9.91204215097241E-5
0.000138768591568805
0.000178416754351929
0.000138768591568805
0.000178416754351929
0.000237889005802572
0.000178416754351929
9.91204215097241E-5
0.000128856539959088
8.92083771759644E-5
0.000158592665684409
0.000168504717294127
0.000158592665684409
0.000158592665684409
0.000148680628626607
0.000128856539959088
0.000109032458567526
0.000148680628626607
0.000148680628626607
0.000109032458567526
0.000158592665684409
8.92083771759644E-5
0.000148680628626607
0.000218064917135052
0.00020815288007725
0.000267625116975978
0.000604634580668062
0.00087225966854021
0.000693842943292111
0.000406393723096699
0.000455953937489539
0.000545162300113589
0.000386569619877264
0.000337009434588253
0.000237889005802572
0.000247801042860374
0.000178416754351929
7.92963328422047E-5
8.92083771759644E-5
0.000138768591568805
0.000178416754351929
0.000178416754351929
0.00022797696874477
0.000188328791409731
0.000128856539959088
0.000158592665684409
0.000128856539959088
0.000128856539959088
0.000138768591568805
0.000109032458567526
0.000128856539959088
0.000188328791409731
0.000148680628626607
0.000118944502901286
9.91204215097241E-5
6.93842957844026E-5
0.000188328791409731
0.000218064917135052
0.000198240843019448
0.000168504717294127
0.000148680628626607
0.000168504717294127
0.000267625116975978
0.000287449220195413
0.000535250233951956
0.000743403157684952
0.000485690048662946
0.000247801042860374
0.000743403157684952
0.000555074366275221
0.000346921471646056
0.000475778011605144
0.00050551415188238
0.000337009434588253
0.000218064917135052
0.00022797696874477
0.00022797696874477
0.000247801042860374
0.000168504717294127
0.000198240843019448
0.000218064917135052
0.000118944502901286
