% Type: Timesignal
% Date: 11-DEC-24 12:27:18
% NoOfItems: = 4096
% Unit_Y: = mm/s
% Unit_X: = Sec
% Min_X: = 0
% Max_X: = 1.60000002384186
% MinDisplay_X: = 0
% MaxDisplay_X: = 1.60000002384186
-0.805432498455048
-0.901462852954865
-0.889797806739807
-0.75900799036026
-0.666512489318848
-0.68171238899231
-0.676469027996063
-0.532894790172577
-0.390793472528458
-0.445937275886536
-0.708754062652588
-0.902876794338226
-0.922613084316254
-0.920138716697693
-1.01652252674103
-1.10324442386627
-0.94853538274765
-0.720831513404846
-0.743513524532318
-0.946355581283569
-0.978522777557373
-0.733910501003265
-0.553279161453247
-0.657675385475159
-0.700741767883301
-0.470327794551849
-0.222121745347977
-0.166094213724136
-0.157669469714165
0.0875319689512253
0.492273390293121
0.759037494659424
0.864435195922852
0.927944839000702
1.10215449333191
1.3330397605896
1.47637832164764
1.49646806716919
1.52704465389252
1.6459926366806
1.72817814350128
1.7552787065506
1.68310868740082
1.60109996795654
1.46082496643066
1.26193022727966
1.12648618221283
0.990511894226074
0.785431087017059
0.756386339664459
0.705130875110626
0.269341588020325
-0.241268903017044
-0.0798436403274536
0.424757570028305
0.489740073680878
0.103262089192867
-0.128447964787483
0.29455691576004
0.707428514957428
0.54087769985199
0.300566166639328
0.484968036413193
0.894128024578094
1.05643701553345
0.998642027378082
1.06238734722137
1.22923266887665
1.35636985301971
1.29303693771362
1.18457567691803
1.25438916683197
1.35230469703674
1.25757050514221
0.900844275951385
0.59001225233078
0.608157873153687
0.701301455497742
0.506707429885864
0.0885924249887466
-0.223889172077179
-0.383605897426605
-0.688841044902802
-1.01275205612183
-1.11932802200317
-1.1254551410675
-1.21429789066315
-1.36706280708313
-1.45761406421661
-1.52760434150696
-1.55494058132172
-1.50869286060333
-1.40353071689606
-1.30066633224487
-1.19856786727905
-1.01110243797302
-0.853153109550476
-0.849912822246552
-0.960730671882629
-0.979229748249054
-0.846731424331665
-0.786462068557739
-0.861460030078888
-0.915661215782166
-0.880371510982513
-0.78775817155838
-0.703805267810822
-0.69490921497345
-0.705337047576904
-0.657793164253235
-0.534662246704102
-0.488767981529236
-0.621855437755585
-0.843432247638702
-0.903524875640869
-0.835950136184692
-0.867999494075775
-1.02200162410736
-1.07973766326904
-0.924380540847778
-0.810911536216736
-0.902935683727264
-0.984237492084503
-0.781866788864136
-0.551865220069885
-0.547564506530762
-0.676527976989746
-0.595697462558746
-0.393032193183899
-0.177464678883553
-0.0341261215507984
0.0852932259440422
0.330317914485931
0.619410514831543
0.793502330780029
0.811294496059418
0.856246113777161
1.05690836906433
1.35477912425995
1.50053322315216
1.47278451919556
1.44120645523071
1.46017694473267
1.57376372814178
1.70019388198853
1.77866768836975
1.67951488494873
1.363734126091
1.21332585811615
1.04795336723328
0.762513399124146
0.591131627559662
0.741952300071716
0.719623804092407
0.176787167787552
-0.240915417671204
-0.00867513008415699
0.290020525455475
0.220619440078735
-0.0397818945348263
0.100080721080303
0.65163666009903
0.828026175498962
0.533749103546143
0.388407438993454
0.664421081542969
0.997640490531921
1.03976428508759
1.01702332496643
1.07581984996796
1.25079536437988
1.36343955993652
1.25450694561005
1.17137885093689
1.29356718063354
1.39996647834778
1.21096932888031
0.860311210155487
0.692051887512207
0.740243792533875
0.639264643192291
0.30804830789566
-0.0442004688084126
-0.248279705643654
-0.486529231071472
-0.80183869600296
-1.03378438949585
-1.18130588531494
-1.28917801380157
-1.36700391769409
-1.39952456951141
-1.54527866840363
-1.68101727962494
-1.53650033473969
-1.27939832210541
-1.24911630153656
-1.32929873466492
-1.22130870819092
-0.964677929878235
-0.892272233963013
-1.01316440105438
-1.06400752067566
-0.929211497306824
-0.78687447309494
-0.822340905666351
-0.937577307224274
-0.992897868156433
-0.904703140258789
-0.791528701782227
-0.755001842975616
-0.751938283443451
-0.684363543987274
-0.539905607700348
-0.492420673370361
-0.647306442260742
-0.875128149986267
-0.974457681179047
-0.920786738395691
-0.895100116729736
-1.03914558887482
-1.17288112640381
-1.07090044021606
-0.928563416004181
-0.923732459545135
-1.0197628736496
-0.915425539016724
-0.681948065757751
-0.551334977149963
-0.670459747314453
-0.740155398845673
-0.564531803131104
-0.299476265907288
-0.149362549185753
-0.0635243728756905
0.192222729325294
0.527798712253571
0.69358366727829
0.671196222305298
0.714792788028717
0.913923263549805
1.18634307384491
1.4049152135849
1.51037192344666
1.52987253665924
1.50000298023224
1.60646116733551
1.75127255916595
1.81395745277405
1.68540632724762
1.43366539478302
1.2596914768219
1.11405515670776
0.934130847454071
0.738712012767792
0.809880554676056
0.780305564403534
0.373914510011673
-0.137402936816216
-0.0948078781366348
0.24524562060833
0.306634366512299
0.0385741591453552
-0.0784886106848717
0.33049464225769
0.70165491104126
0.624241471290588
0.375740855932236
0.430649012327194
0.767462193965912
0.999702513217926
1.04936730861664
1.0890166759491
1.16825640201569
1.25568521022797
1.23206067085266
1.17232143878937
1.21727311611176
1.34871101379395
1.31872355937958
0.974663913249969
0.598142445087433
0.563088417053223
0.677971363067627
0.555606305599213
0.150688126683235
-0.1959637850523
-0.294880926609039
-0.591102182865143
-0.953248560428619
-1.13688445091248
-1.17694628238678
-1.20463597774506
-1.38485491275787
-1.49590837955475
-1.53402602672577
-1.55935919284821
-1.55164134502411
-1.52736866474152
-1.43581581115723
-1.23980784416199
-1.01599228382111
-0.815801441669464
-0.759538233280182
-0.893980741500854
-1.00898146629333
-0.949831545352936
-0.845435321331024
-0.85686469078064
-0.904349684715271
-0.91348135471344
-0.812914609909058
-0.761364579200745
-0.82723081111908
-0.855863153934479
-0.722893536090851
-0.49041759967804
-0.354914635419846
-0.427791655063629
-0.636525094509125
-0.81533008813858
-1.0189380645752
-1.20758175849915
-1.26237201690674
-1.08286011219025
-0.785637259483337
-0.667219460010529
-0.823460280895233
-0.927915394306183
-0.83353465795517
-0.733498096466064
-0.757476210594177
-0.7293741106987
-0.50007951259613
-0.271786510944366
-0.150776490569115
-0.0893288478255272
0.0736281871795654
0.308755278587341
0.478723108768463
0.559435725212097
0.640266180038452
0.83586174249649
1.09632205963135
1.29150521755219
1.35336518287659
1.3606116771698
1.41917252540588
1.58519303798676
1.70855975151062
1.75262761116028
1.68970715999603
1.49039995670319
1.24555194377899
1.12489545345306
1.13273108005524
0.93254017829895
0.726516783237457
0.63796854019165
0.478075057268143
0.0801087617874146
-0.155371800065041
0.0581337176263332
0.289667040109634
0.236054986715317
-0.0471461862325668
0.0338020995259285
0.555606305599213
0.778302431106567
0.556136548519135
0.404314309358597
0.607392013072968
0.915985226631165
1.02880620956421
1.07399344444275
1.16896331310272
1.2641099691391
1.28584945201874
1.22251653671265
1.2373628616333
1.33527851104736
1.37003791332245
1.19865620136261
0.860664665699005
0.653698682785034
0.692169725894928
0.729698121547699
0.426112622022629
-0.0222254265099764
-0.2958824634552
-0.481462597846985
-0.810616970062256
-1.12138998508453
-1.19297099113464
-1.12439465522766
-1.13971245288849
-1.328120470047
-1.49031150341034
-1.56684124469757
-1.48654103279114
-1.36252641677856
-1.33371722698212
-1.334188580513
-1.18796324729919
-0.937871932983398
-0.82045567035675
-0.932157218456268
-1.04868972301483
-0.985887110233307
-0.897751271724701
-0.945295095443726
-1.026007771492
-0.961967885494232
-0.832002878189087
-0.766077756881714
-0.776446640491486
-0.750760018825531
-0.677941918373108
-0.613371789455414
-0.584562659263611
-0.612193524837494
-0.65396374464035
-0.737681031227112
-0.804666638374329
-0.854154646396637
-0.991719603538513
-1.10742735862732
-1.12209701538086
-0.940346300601959
-0.838719069957733
-0.836774945259094
-0.823224604129791
-0.784458994865417
-0.756003379821777
-0.783162891864777
-0.726958632469177
-0.544677674770355
-0.288282543420792
-0.101995423436165
0.0586050301790237
0.249723106622696
0.39306166768074
0.423579305410385
0.465820878744125
0.670371413230896
0.940081179141998
1.25262176990509
1.46771788597107
1.54083061218262
1.49882471561432
1.4615318775177
1.60127675533295
1.8229124546051
1.89961886405945
1.69807291030884
1.37463331222534
1.21120488643646
1.19117403030396
1.05832231044769
0.837864816188812
0.834094345569611
0.887942016124725
0.472949504852295
-0.165976390242577
-0.217349678277969
0.212548166513443
0.364488214254379
0.0539508014917374
-0.139464944601059
0.284718215465546
0.709902942180634
0.545826494693756
0.329139620065689
0.477368086576462
0.906912446022034
1.10197782516479
1.07640898227692
1.1518782377243
1.31560111045837
1.41610896587372
1.30870819091797
1.24620008468628
1.40067338943481
1.55679643154144
1.46789467334747
1.07517170906067
0.738947689533234
0.654641270637512
0.669782280921936
0.542645156383514
0.246600657701492
0.0269091241061687
-0.142116084694862
-0.45571705698967
-0.912420928478241
-1.19998180866241
-1.19738948345184
-1.10831105709076
-1.16545796394348
-1.36447060108185
-1.51028347015381
-1.4772914648056
-1.40105640888214
-1.42933523654938
-1.45449161529541
-1.23821711540222
-0.85509729385376
-0.679179072380066
-0.775268375873566
-0.959846973419189
-0.988714993000031
-0.903878331184387
-0.866467714309692
-0.890033483505249
-0.889208674430847
-0.785224854946136
-0.711346328258514
-0.747225165367126
-0.812620043754578
-0.755708813667297
-0.590866506099701
-0.461313903331757
-0.417187064886093
-0.438514053821564
-0.5323646068573
-0.733321368694305
-0.917075157165527
-1.03802621364594
-1.09682273864746
-1.02382791042328
-0.825993597507477
-0.650605618953705
-0.731789588928223
-0.866290986537933
-0.83589118719101
-0.730611324310303
-0.713467240333557
-0.717119932174683
-0.545620322227478
-0.326223343610764
-0.198202520608902
-0.150187343358994
0.0153030008077621
0.237174361944199
0.334500819444656
0.405021280050278
0.598731577396393
0.907265901565552
1.21862816810608
1.40420830249786
1.45846831798553
1.40043771266937
1.3890084028244
1.54613292217255
1.78497159481049
1.91199088096619
1.82261788845062
1.56245219707489
1.33192038536072
1.26888203620911
1.22870254516602
0.97684371471405
0.805874347686768
0.844463229179382
0.655053675174713
0.0942481979727745
-0.188069254159927
0.135900631546974
0.391765564680099
0.157227620482445
-0.207275331020355
0.0698576718568802
0.650929689407349
0.721626877784729
0.428940504789352
0.412680149078369
0.746842205524445
0.975606560707092
1.00771486759186
1.10945987701416
1.35153889656067
1.4569365978241
1.36933100223541
1.27524483203888
1.34128773212433
1.45092737674713
1.42618334293365
1.17597413063049
0.833328425884247
0.677676796913147
0.756739795207977
0.712436258792877
0.318535059690475
-0.0611677952110767
-0.237262725830078
-0.480578899383545
-0.902110934257507
-1.1505526304245
-1.10141813755035
-1.04521381855011
-1.19933366775513
-1.45219397544861
-1.57373428344727
-1.55505836009979
-1.47081089019775
-1.42750883102417
-1.42014455795288
-1.28811752796173
-1.02971935272217
-0.813739418983459
-0.874126613140106
-1.05022156238556
-1.0786771774292
-0.966563165187836
-0.909534096717834
-0.949536919593811
-0.942290484905243
-0.872064590454102
-0.83618575334549
-0.84349113702774
-0.79918760061264
-0.742394149303436
-0.731200456619263
-0.724719882011414
-0.609483420848846
-0.475806832313538
-0.51357090473175
-0.636937499046326
-0.750111937522888
-0.89103502035141
-1.12592649459839
-1.24446201324463
-1.06524467468262
-0.80637514591217
-0.80066043138504
-0.905645787715912
-0.893804013729095
-0.801013946533203
-0.773618757724762
-0.788052797317505
-0.6042400598526
-0.373119175434113
-0.258412957191467
-0.159260153770447
0.0125929415225983
0.204300165176392
0.292141437530518
0.325428009033203
0.488620698451996
0.790144264698029
1.04465413093567
1.24826204776764
1.38017117977142
1.41540205478668
1.36561942100525
1.40709507465363
1.65589034557343
1.86686253547668
1.8657431602478
1.62566721439362
1.3476505279541
1.26829290390015
1.32019639015198
1.15452933311462
0.860075533390045
0.777418732643127
0.73040509223938
0.325958251953125
-0.191250637173653
-0.19678857922554
0.173429057002068
0.274938434362411
0.00911699701100588
-0.0949257090687752
0.371381193399429
0.803576707839966
0.693937122821808
0.458162009716034
0.512539923191071
0.772175371646881
0.902670621871948
0.982735157012939
1.21291351318359
1.50377345085144
1.5854287147522
1.41687488555908
1.2665843963623
1.27141535282135
1.34128773212433
1.31512975692749
1.04877817630768
0.858131349086761
0.754618883132935
0.729462504386902
0.462403833866119
0.0947784259915352
-0.0896234139800072
-0.220118656754494
-0.505440771579742
-0.876188635826111
-0.996314942836761
-0.979759991168976
-1.1070739030838
-1.37425029277802
-1.52772212028503
-1.48789608478546
-1.38809525966644
-1.33636844158173
-1.37819755077362
-1.39198350906372
-1.25400614738464
-0.965797305107117
-0.77791953086853
-0.843726813793182
-0.981173932552338
-0.992956817150116
-0.916132509708405
-0.922377467155457
-0.948594331741333
-0.886616468429565
-0.767962992191315
-0.743808090686798
-0.785931885242462
-0.759125828742981
-0.678648889064789
-0.592162609100342
-0.537961423397064
-0.453537225723267
-0.464848756790161
-0.538786232471466
-0.678825616836548
-0.805020093917847
-1.01233959197998
-1.20510733127594
-1.11626446247101
-0.827289700508118
-0.667219460010529
-0.816037058830261
-0.92007976770401
-0.824697494506836
-0.739212810993195
-0.746577084064484
-0.708282768726349
-0.491890460252762
-0.2521091401577
-0.19661183655262
-0.163560897111893
-0.0260548572987318
0.162706643342972
0.283952325582504
0.401486426591873
0.625891089439392
0.920109272003174
1.18145322799683
1.3453528881073
1.33380568027496
1.24419701099396
1.27754247188568
1.51573312282562
1.80040717124939
1.87122213840485
1.75851905345917
1.49287438392639
1.2879114151001
1.25067758560181
1.22917377948761
1.04253327846527
0.829616844654083
0.736650049686432
0.485910654067993
0.024964950978756
-0.251166492700577
-0.0942187309265137
0.172486424446106
0.18880569934845
0.0172471739351749
0.166477158665657
0.623063206672668
0.822547137737274
0.65735137462616
0.493157118558884
0.609630763530731
0.843284964561462
1.01625740528107
1.09850180149078
1.25026512145996
1.34122884273529
1.36762249469757
1.29109275341034
1.26982474327087
1.28502464294434
1.2933315038681
1.15370452404022
0.801337957382202
0.578700721263885
0.652814924716949
0.733350813388824
0.39901202917099
-0.0651150569319725
-0.284865498542786
-0.401515871286392
-0.716589689254761
-1.056525349617
-1.13352644443512
-1.11490941047668
-1.24257683753967
-1.42220664024353
-1.47676122188568
-1.44836461544037
-1.40170443058014
-1.39822840690613
-1.35775434970856
-1.25818908214569
-1.06347727775574
-0.84337329864502
-0.75182044506073
-0.86375766992569
-1.0389689207077
-1.05575942993164
-0.930271983146667
-0.885968387126923
-0.920138716697693
-0.892448961734772
-0.834948599338531
-0.807317733764648
-0.850619792938232
-0.895571410655975
-0.872064590454102
-0.740744590759277
-0.48358353972435
-0.307311862707138
-0.327401638031006
-0.49789971113205
-0.683362007141113
-0.980997204780579
-1.25665736198425
-1.23886525630951
-0.896396219730377
-0.63929408788681
-0.706750988960266
-0.841370224952698
-0.897574484348297
-0.911183714866638
-0.918489098548889
-0.786344230175018
-0.520758450031281
-0.278915137052536
-0.162736102938652
-0.0959861651062965
-0.0674127116799355
-0.018513822928071
0.083407960832119
0.239530935883522
0.450915545225143
0.725279569625854
1.08483374118805
1.32679486274719
1.32602894306183
1.22133815288544
1.25444805622101
1.48014879226685
1.75156712532043
1.8795291185379
1.83787667751312
1.61665332317352
1.31436395645142
1.20713984966278
1.27059054374695
1.16077423095703
0.803046464920044
0.639559209346771
0.623181045055389
0.266572594642639
-0.326635748147964
-0.363869607448578
0.0870017409324646
0.330082267522812
0.0541275441646576
-0.141173452138901
0.277295023202896
0.691344916820526
0.603621482849121
0.342395335435867
0.462992966175079
0.8276726603508
1.04530215263367
1.09154999256134
1.11882722377777
1.20926082134247
1.29468655586243
1.35519158840179
1.30040121078491
1.25244498252869
1.25927901268005
1.28579044342041
1.00046837329865
0.555017173290253
0.511597275733948
0.777890086174011
0.658883094787598
0.0694452673196793
-0.284394174814224
-0.313085466623306
-0.575430989265442
-1.07243227958679
-1.26708519458771
-1.12910783290863
-1.16899275779724
-1.46427142620087
-1.63989508152008
-1.5577095746994
-1.44164836406708
-1.41236793994904
-1.41708099842072
-1.37071549892426
-1.17046570777893
-0.906352758407593
-0.786167502403259
-0.953778803348541
-1.1659882068634
-1.17152607440948
-1.01510858535767
-0.935927748680115
-0.96644538640976
-0.933924674987793
-0.876600980758667
-0.902876794338226
-0.957843840122223
-0.931921541690826
-0.818923890590668
-0.607598185539246
-0.40787860751152
-0.307959914207458
-0.405345290899277
-0.64459639787674
-0.890622615814209
-1.10801649093628
-1.20929026603699
-1.23238468170166
-1.02141237258911
-0.765488564968109
-0.703746378421783
-0.876836657524109
-1.0634183883667
-0.989834368228912
-0.791410863399506
-0.719005167484283
-0.649663031101227
-0.476219236850739
-0.343603074550629
-0.273553937673569
-0.237144887447357
-0.145356371998787
-0.0559833347797394
0.129655703902245
0.442490786314011
0.708312213420868
0.888236582279205
1.05349123477936
1.21079254150391
1.15794634819031
1.0491316318512
1.16448593139648
1.5413019657135
1.85319435596466
1.85337114334106
1.73583698272705
1.53953444957733
1.36750459671021
1.2733006477356
1.17243933677673
0.952453196048737
0.727577209472656
0.647276997566223
0.491802096366882
0.00752630969509482
-0.408467769622803
-0.263538509607315
0.184033632278442
0.348110049962997
0.100552029907703
0.116282157599926
0.50317257642746
0.733291923999786
0.572868227958679
0.448323309421539
0.670253574848175
0.991336643695831
1.14203953742981
1.11682415008545
1.10875296592712
1.11134517192841
1.19859731197357
1.25303411483765
1.28396415710449
1.30175626277924
1.27282929420471
1.07805860042572
0.662123382091522
0.478899836540222
0.65193122625351
0.726811349391937
0.395948469638824
-0.0490314438939095
-0.26018038392067
-0.48358353972435
-0.840545415878296
-1.08668947219849
-1.05558276176453
-1.04350531101227
-1.21665453910828
-1.35345351696014
-1.39009833335876
-1.40588736534119
-1.41808259487152
-1.3625853061676
-1.28776407241821
-1.17618036270142
-0.99077695608139
-0.80566817522049
-0.8421950340271
-1.04810059070587
-1.17476642131805
-1.09947395324707
-0.969921290874481
-0.957843840122223
-0.938225388526917
-0.904879868030548
-0.917782127857208
-0.956783413887024
-0.974752247333527
-0.855745315551758
-0.679886043071747
-0.419072329998016
-0.231076717376709
-0.246983587741852
-0.474569648504257
-0.780511736869812
-1.01446056365967
-1.14654648303986
-1.12739932537079
-0.988479316234589
-0.775209426879883
-0.642652213573456
-0.71588271856308
-0.897986888885498
-0.950420677661896
-0.823990523815155
-0.642711102962494
-0.533778548240662
-0.430737376213074
-0.322040438652039
-0.250930845737457
-0.261947810649872
-0.316031187772751
-0.173753082752228
0.0912435725331306
0.380454003810883
0.592722356319427
0.796919405460358
1.04235649108887
1.16271841526031
1.13137602806091
1.07387566566467
1.19235241413116
1.49069452285767
1.81313264369965
1.92966520786285
1.80046606063843
1.57753419876099
1.33804750442505
1.25079536437988
1.2043708562851
1.09149098396301
0.884525001049042
0.747784852981567
0.675968289375305
0.302274703979492
-0.270431488752365
-0.454126358032227
-0.0463213846087456
0.381867945194244
0.268870264291763
0.00310773518867791
0.205773025751114
0.576285243034363
0.559965968132019
0.333381444215775
0.477250248193741
0.993752181529999
1.31348025798798
1.26016271114349
1.09861969947815
1.05419826507568
1.0767035484314
1.14044880867004
1.18663763999939
1.25963246822357
1.3315669298172
1.30387723445892
0.981085598468781
0.527268528938293
0.480078130960464
0.715853273868561
0.68156510591507
0.23829373717308
-0.117372065782547
-0.2949398458004
-0.609071016311646
-1.04757034778595
-1.21965909004211
-1.14636969566345
-1.24139857292175
-1.42650735378265
-1.48070847988129
-1.48259377479553
-1.52642607688904
-1.4919022321701
-1.36676824092865
-1.23762798309326
-1.10218393802643
-0.89763343334198
-0.771733522415161
-0.916544914245605
-1.14519143104553
-1.16763782501221
-0.984119653701782
-0.851267874240875
-0.859044551849365
-0.860870897769928
-0.833416819572449
-0.877013385295868
-0.910005450248718
-0.847143828868866
-0.696853399276733
-0.489769518375397
-0.333587646484375
-0.283922880887985
-0.464318543672562
-0.729786515235901
-0.970333695411682
-1.07090044021606
-1.08132827281952
-1.06960439682007
-0.947592794895172
-0.833122253417969
-0.862343728542328
-0.984001815319061
-0.999201714992523
-0.860046088695526
-0.688841044902802
-0.607774913311005
-0.523586332798004
-0.424845933914185
-0.344840288162231
-0.3225117623806
-0.333293080329895
-0.193489372730255
0.101435750722885
0.35830220580101
0.5468869805336
0.742894947528839
0.956695020198822
1.06857335567474
1.09107863903046
1.07140123844147
1.18227803707123
1.4469211101532
1.74331915378571
1.96401226520538
1.87941122055054
1.72699987888336
1.46930861473083
1.3071174621582
1.20820033550262
1.13137602806091
1.02456438541412
0.83574390411377
0.728284180164337
0.507885694503784
0.0220192335546017
-0.430619537830353
-0.241268903017044
0.300448358058929
0.466115444898605
0.22462560236454
0.173134490847588
0.607274174690247
0.804460406303406
0.527209579944611
0.341275990009308
0.668662905693054
1.06639349460602
1.12784111499786
1.07852983474731
1.06032538414001
1.07405233383179
1.14109694957733
1.22935056686401
1.26139998435974
1.3085902929306
1.40161609649658
1.33262741565704
0.909445762634277
0.584768891334534
0.696823954582214
0.781778395175934
0.389880299568176
-0.11260000616312
-0.251932382583618
-0.415478557348251
-0.842843115329742
-1.14654648303986
-1.05369746685028
-1.00856912136078
-1.26626038551331
-1.44158935546875
-1.39009833335876
-1.33813583850861
-1.42261898517609
-1.47776281833649
-1.40794932842255
-1.23804044723511
-1.0335488319397
-0.893745064735413
-0.900932610034943
-1.06872057914734
-1.18967175483704
-1.13670778274536
-1.00173509120941
-0.949478030204773
-0.935574233531952
-0.895865976810455
-0.860870897769928
-0.902346551418304
-0.842607438564301
-0.65160721540451
-0.398157745599747
-0.252521544694901
-0.201207160949707
-0.344899207353592
-0.621973276138306
-0.875010311603546
-1.0364944934845
-1.04079520702362
-1.06477332115173
-0.972160041332245
-0.804843366146088
-0.727960169315338
-0.831119120121002
-0.97009801864624
-0.811618506908417
-0.571248054504395
-0.514984846115112
-0.574547231197357
-0.532482445240021
-0.444169849157333
-0.463081330060959
-0.462020874023438
-0.341717839241028
-0.0839676409959793
0.193577751517296
0.502877950668335
0.77747768163681
0.9409059882164
1.07847094535828
1.21214759349823
1.26711463928223
1.24608218669891
1.36638522148132
1.68175363540649
1.92783880233765
1.88188564777374
1.74797332286835
1.61488592624664
1.42571198940277
1.2237536907196
1.14451396465302
1.02432870864868
0.834742367267609
0.703009963035583
0.65204906463623
0.386286526918411
-0.31620791554451
-0.496014446020126
-0.000132552871946245
0.502406656742096
0.336327165365219
0.076220415532589
0.446673721075058
0.793738007545471
0.629190325737
0.249840945005417
0.504881083965302
1.03351938724518
1.24260628223419
1.10757458209991
1.03422629833221
1.10026931762695
1.19264698028564
1.24036753177643
1.26487588882446
1.29934072494507
1.37828600406647
1.40391373634338
1.07758724689484
0.607568740844727
0.551776885986328
0.683273673057556
0.437777638435364
-0.083555243909359
-0.296942949295044
-0.292583286762238
-0.644066154956818
-1.17388272285461
-1.29660129547119
-1.09352350234985
-1.15556037425995
-1.41472446918488
-1.47440469264984
-1.40223467350006
-1.4014687538147
-1.47517061233521
-1.41873061656952
-1.28581988811493
-1.13912320137024
-0.963322877883911
-0.87094521522522
-0.963912069797516
-1.16333699226379
-1.13570618629456
-0.912656605243683
-0.806021630764008
-0.847732961177826
-0.852151572704315
-0.749169290065765
-0.756592512130737
-0.829469561576843
-0.748108863830566
-0.538256049156189
-0.336062043905258
-0.30931493639946
-0.382957845926285
-0.558463633060455
-0.804725527763367
-0.972572445869446
-0.996845126152039
-0.962674856185913
-0.991837441921234
-0.941288948059082
-0.872418105602264
-0.884318768978119
-1.01770079135895
-1.01946830749512
-0.740744590759277
-0.521759986877441
-0.486411422491074
-0.573074400424957
-0.53354287147522
-0.458544939756393
-0.45695424079895
-0.347373604774475
-0.126327037811279
0.210839658975601
0.496220648288727
0.729933798313141
0.897073745727539
1.01714110374451
1.15382242202759
1.23365128040314
1.29645395278931
1.37922859191895
1.61741924285889
1.95717811584473
2.04325199127197
1.88995695114136
1.66920495033264
1.39937734603882
1.2066684961319
1.12601482868195
1.13544106483459
0.955752432346344
0.761158406734467
0.703245580196381
0.538638949394226
-0.0278812013566494
-0.411236733198166
-0.0563368201255798
0.518961608409882
0.557373702526093
0.19587542116642
0.163590356707573
0.624653875827789
0.803046464920044
0.485321521759033
0.363545596599579
0.720036208629608
1.17509043216705
1.20101273059845
1.05867576599121
1.07470047473907
1.26994252204895
1.42264842987061
1.37410306930542
1.33580875396729
1.46606826782227
1.4600590467453
1.08683681488037
0.639500319957733
0.593311488628387
0.738947689533234
0.550009429454803
0.0882978513836861
-0.165446162223816
-0.214757442474365
-0.506795763969421
-0.898281455039978
-1.01628684997559
-0.931626975536346
-1.05528819561005
-1.30549728870392
-1.3625853061676
-1.33460104465485
-1.38662230968475
-1.45472729206085
-1.43929171562195
-1.4060640335083
-1.31415772438049
-1.09322893619537
-0.90599924325943
-0.956194281578064
-1.16757881641388
-1.19462049007416
-0.990423500537872
-0.877720355987549
-0.974163115024567
-0.999849796295166
-0.860163927078247
-0.734028339385986
-0.779038906097412
-0.774207890033722
-0.61142760515213
-0.457366645336151
-0.420486271381378
-0.466851860284805
-0.558463633060455
-0.724366366863251
-0.91141939163208
-1.00438618659973
-0.992132008075714
-1.00921714305878
-0.986122727394104
-0.846083402633667
-0.740921318531036
-0.821987450122833
-0.906647324562073
-0.826229274272919
-0.732967853546143
-0.761894822120667
-0.81974869966507
-0.733203530311584
-0.599585831165314
-0.439692348241806
-0.269253194332123
-0.176109656691551
-0.0771924927830696
0.163354709744453
0.558610916137695
0.882050573825836
1.06338894367218
1.18475246429443
1.29156410694122
1.29763221740723
1.22793662548065
1.34741485118866
1.63161754608154
1.80064284801483
1.75875473022461
1.66661274433136
1.54972672462463
1.36626744270325
1.25839531421661
1.20095384120941
0.995283901691437
0.73040509223938
0.653698682785034
0.683332562446594
0.257735460996628
-0.356505334377289
-0.284688770771027
0.324190825223923
0.507767856121063
0.0891226530075073
-0.108593828976154
0.367846339941025
0.710845530033112
0.478251785039902
0.320891618728638
0.702126204967499
1.17986249923706
1.17974472045898
0.986859202384949
0.985327422618866
1.1471061706543
1.30576241016388
1.39071691036224
1.41051208972931
1.41086554527283
1.39124715328217
1.25757050514221
0.879694044589996
0.546651303768158
0.561203181743622
0.640737533569336
0.394888013601303
-0.0112084466964006
-0.16845078766346
-0.316620320081711
-0.684717059135437
-1.0519300699234
-1.12062418460846
-1.14572167396545
-1.357990026474
-1.53284776210785
-1.52842915058136
-1.52348029613495
-1.62758195400238
-1.63459277153015
-1.46273970603943
-1.26891148090363
-1.06930983066559
-0.890033483505249
-0.828998208045959
-0.965797305107117
-1.09593904018402
-1.00297224521637
-0.802368938922882
-0.713938534259796
-0.764310300350189
-0.767786264419556
-0.726899683475494
-0.75123131275177
-0.774149000644684
-0.718592762947083
-0.587861895561218
-0.453065901994705
-0.361866533756256
-0.421369999647141
-0.652608752250671
-0.934808373451233
-1.10619008541107
-1.09635150432587
-1.09917938709259
-1.06459665298462
-0.923202216625214
-0.806551873683929
-0.889267563819885
-1.0235333442688
-0.984649896621704
-0.82634711265564
-0.752821981906891
-0.792824804782867
-0.760539770126343
-0.602354824542999
-0.40664142370224
-0.284158527851105
-0.223358944058418
-0.125620067119598
0.16164618730545
0.536341309547424
0.857483327388763
1.05137038230896
1.20926082134247
1.35495591163635
1.34670794010162
1.26546502113342
1.29409742355347
1.51632225513458
1.78750491142273
1.86839425563812
1.7943389415741
1.68905901908875
1.48609924316406
1.33510172367096
1.24131011962891
1.07864773273468
0.812767326831818
0.754854559898376
0.82896876335144
0.404962360858917
-0.3643998503685
-0.444169849157333
0.189041346311569
0.550539672374725
0.23122401535511
-0.0890342742204666
0.212017938494682
0.690873622894287
0.528211116790771
0.192694038152695
0.419337451457977
0.985621988773346
1.28443539142609
1.15617895126343
1.06904470920563
1.18510591983795
1.41858339309692
1.50719046592712
1.43649327754974
1.43985140323639
1.48550999164581
1.41840660572052
1.09720575809479
0.698885917663574
0.611221432685852
0.724867165088654
0.602560997009277
0.194873869419098
-0.131570413708687
-0.292936772108078
-0.586153388023376
-0.976519703865051
-1.273801445961
-1.35021328926086
-1.33153748512268
-1.4267430305481
-1.54952049255371
-1.68396294116974
-1.67430102825165
-1.59682869911194
-1.54492509365082
-1.47322642803192
-1.31457006931305
-0.994252920150757
-0.8131502866745
-0.888383865356445
-1.01469624042511
-0.955664038658142
-0.777448177337646
-0.715647041797638
-0.788229525089264
-0.789466738700867
-0.65838235616684
-0.604888141155243
-0.677647292613983
-0.729609787464142
-0.687250375747681
-0.580320835113525
-0.530302584171295
-0.568243443965912
-0.641768515110016
-0.783398568630219
-0.898399293422699
-0.947769522666931
-0.967387974262238
-1.03861546516418
-1.09976851940155
-1.01581561565399
-0.951009809970856
-1.01764190196991
-1.04397666454315
-0.920315444469452
-0.763014197349548
-0.763073086738586
-0.819925427436829
-0.77132111787796
-0.603592038154602
-0.435155957937241
-0.256174206733704
-0.0373074933886528
0.185447573661804
0.432769924402237
0.710374236106873
0.979141414165497
1.13597130775452
1.20825922489166
1.24343109130859
1.23783421516418
1.23418152332306
1.33209717273712
1.52144777774811
1.79651880264282
1.87964689731598
1.78102433681488
1.56168627738953
1.33186149597168
1.26835179328918
1.1539990901947
0.942614495754242
0.804224789142609
0.92022705078125
0.664185404777527
-0.100640393793583
-0.48505637049675
-0.0457911565899849
0.418453752994537
0.290668576955795
-0.00997124519199133
0.0987846031785011
0.523851454257965
0.558728754520416
0.309697896242142
0.415449112653732
0.832326889038086
1.16071534156799
1.17190909385681
1.13031554222107
1.16165804862976
1.29468655586243
1.45192885398865
1.48933947086334
1.47213649749756
1.48397827148438
1.49428832530975
1.26882314682007
0.866025865077972
0.62300431728363
0.720566391944885
0.72981595993042
0.413269281387329
0.0613740049302578
-0.133868083357811
-0.405757695436478
-0.831413745880127
-1.15650296211243
-1.22955679893494
-1.25271010398865
-1.3724240064621
-1.47075200080872
-1.53732514381409
-1.60990762710571
-1.64513838291168
-1.5010929107666
-1.30991590023041
-1.17099595069885
-0.988066911697388
-0.811323940753937
-0.780806303024292
-0.982646822929382
-1.04597973823547
-0.840133011341095
-0.610131502151489
-0.628100395202637
-0.742217421531677
-0.725191175937653
-0.671991527080536
-0.698326230049133
-0.770790874958038
-0.72996324300766
-0.567300796508789
-0.434154391288757
-0.435509443283081
-0.596522271633148
-0.841959357261658
-1.05204784870148
-1.09423053264618
-1.07584929466248
-1.04992699623108
-1.04497814178467
-0.954721391201019
-0.893273770809174
-1.02930688858032
-1.16257119178772
-1.06200444698334
-0.811264991760254
-0.758242130279541
-0.818688213825226
-0.800248026847839
-0.625979483127594
-0.514454662799835
-0.384489625692368
-0.177287936210632
0.0511229112744331
0.305632799863815
0.594430863857269
0.89206600189209
1.02244341373444
1.03004336357117
1.07034075260162
1.16165804862976
1.17143774032593
1.25550854206085
1.53405547142029
1.86220824718475
1.93962168693542
1.75592684745789
1.53511595726013
1.3054678440094
1.19741892814636
1.2053724527359
1.12843036651611
0.906441152095795
0.746017396450043
0.601323843002319
0.153103619813919
-0.393385678529739
-0.324397027492523
0.215258225798607
0.442962110042572
0.179202660918236
-0.0850870162248611
0.179320484399796
0.485026925802231
0.340627908706665
0.191928148269653
0.493687331676483
1.01973342895508
1.25827753543854
1.17986249923706
1.13290774822235
1.22781872749329
1.38229215145111
1.44032275676727
1.45976448059082
1.54784142971039
1.57906603813171
1.36891853809357
0.983913481235504
0.689459681510925
0.668486177921295
0.697825491428375
0.443256676197052
0.0398113615810871
-0.196847498416901
-0.349023193120956
-0.715352475643158
-1.12952017784119
-1.33748781681061
-1.33218550682068
-1.38797736167908
-1.52454078197479
-1.60902392864227
-1.67070722579956
-1.72720611095428
-1.75837171077728
-1.59676969051361
-1.3463249206543
-1.08975303173065
-0.889679968357086
-0.808672785758972
-0.861577868461609
-0.975577056407928
-0.92096346616745
-0.753234386444092
-0.642004132270813
-0.691610038280487
-0.732143104076385
-0.692611575126648
-0.697560369968414
-0.755296409130096
-0.806492984294891
-0.692375898361206
-0.512922883033752
-0.431856751441956
-0.515750765800476
-0.767079293727875
-0.994429647922516
-1.10088789463043
-1.05693781375885
-1.01245748996735
-1.06836712360382
-1.06159198284149
-0.985592484474182
-0.980643689632416
-1.08238875865936
-1.08816230297089
-0.917782127857208
-0.761482417583466
-0.824520766735077
-0.902758955955505
-0.748049914836884
-0.527180135250092
-0.375947058200836
-0.195904865860939
0.01377122849226
0.275940001010895
0.555017173290253
0.774885416030884
0.885349810123444
0.93913859128952
1.05790984630585
1.19889187812805
1.25444805622101
1.28243231773376
1.45888078212738
1.75716400146484
1.93461394309998
1.86291527748108
1.64228105545044
1.39006888866425
1.15323328971863
1.11434984207153
1.16271841526031
1.03646504878998
0.874097168445587
0.751732110977173
0.34958291053772
-0.353736340999603
-0.51975691318512
0.034155584871769
0.46970921754837
0.286308914422989
-0.054922878742218
0.0819351077079773
0.46369993686676
0.397067844867706
0.136666521430016
0.378745496273041
0.926354169845581
1.24313652515411
1.2404853105545
1.21909940242767
1.2765998840332
1.40862679481506
1.54819488525391
1.57399940490723
1.57729852199554
1.60404562950134
1.5534383058548
1.24354887008667
0.818069636821747
0.715028464794159
0.874273896217346
0.755620419979095
0.303806453943253
-0.0694158002734184
-0.194314181804657
-0.492126107215881
-1.00309002399445
-1.34072804450989
-1.38615107536316
-1.36612010002136
-1.42585933208466
-1.49967896938324
-1.59918522834778
-1.65910112857819
-1.60089373588562
-1.50073933601379
-1.41926085948944
-1.28534865379333
-0.999731957912445
-0.776682317256927
-0.81533008813858
-0.94193696975708
-0.886734247207642
-0.666512489318848
-0.585269629955292
-0.685070514678955
-0.750111937522888
-0.677588403224945
-0.609895825386047
-0.669752776622772
-0.725132286548615
-0.692022442817688
-0.591868042945862
-0.558993875980377
-0.659796297550201
-0.834771811962128
-0.987183213233948
-0.996138155460358
-0.960023701190948
-0.951245486736298
-1.03466820716858
-1.14790153503418
-1.14407205581665
-1.11785519123077
-1.12474811077118
-1.14124417304993
-1.01487290859222
-0.837953209877014
-0.860281765460968
-0.985769271850586
-0.940051734447479
-0.672698497772217
-0.431797832250595
-0.267485767602921
-0.0645848289132118
0.210662916302681
0.454391479492188
0.595785856246948
0.718563318252563
0.865554571151733
1.04642152786255
1.20731663703918
1.33015298843384
1.34175908565521
1.37810921669006
1.55326151847839
1.81867063045502
1.89944207668304
1.74815011024475
1.56092035770416
1.32131576538086
1.1807461977005
1.1784485578537
1.08972358703613
0.89895898103714
0.845464766025543
0.641032099723816
0.0105898547917604
-0.520699560642242
-0.242329359054565
0.340510100126266
0.39335623383522
-0.000132552871946245
-0.149892777204514
0.237174361944199
0.44873571395874
0.196876958012581
0.194107979536057
0.697707653045654
1.189936876297
1.2933315038681
1.20660960674286
1.25456583499908
1.38783013820648
1.49658596515656
1.51962149143219
1.5703467130661
1.6697940826416
1.66537547111511
1.45994126796722
1.05260753631592
0.715912163257599
0.626951575279236
0.571159660816193
0.389467895030975
0.0862358510494232
-0.082494780421257
-0.306545972824097
-0.706927716732025
-1.17176175117493
-1.45814430713654
-1.44665598869324
-1.37737274169922
-1.38738822937012
-1.51947414875031
-1.70652711391449
-1.81769847869873
-1.78064131736755
-1.5736163854599
-1.29995942115784
-1.01098453998566
-0.73597252368927
-0.582795262336731
-0.655907928943634
-0.861754596233368
-0.895689249038696
-0.703687429428101
-0.553102433681488
-0.568184494972229
-0.597170352935791
-0.561173677444458
-0.586742520332336
-0.743984878063202
-0.861636757850647
-0.770142793655396
-0.571778297424316
-0.453242659568787
-0.45630618929863
-0.568066656589508
-0.774502456188202
-1.00509309768677
-1.09970951080322
-1.1574455499649
-1.25300467014313
-1.23002803325653
-0.986181676387787
-0.825463354587555
-0.939226925373077
-1.111492395401
-1.04427123069763
-0.933335483074188
-0.937695145606995
-0.91259765625
-0.616906642913818
-0.262831538915634
-0.116900749504566
-0.0367183499038219
0.0870017409324646
0.312997102737427
0.525501072406769
0.719859421253204
0.871858417987823
1.01967442035675
1.19023144245148
1.32579326629639
1.35000705718994
1.30370044708252
1.39065802097321
1.62702226638794
1.79539942741394
1.74408507347107
1.6054595708847
1.43454921245575
1.25662791728973
1.23076450824738
1.1753261089325
0.876866102218628
0.683980643749237
0.658470690250397
0.330435752868652
-0.331231087446213
-0.499372571706772
0.0468810796737671
0.428115695714951
0.165946930646896
-0.167684897780418
0.120229415595531
0.641797959804535
0.532335162162781
0.264039278030396
0.525736749172211
1.11193430423737
1.39071691036224
1.35036063194275
1.32667696475983
1.43590414524078
1.59785962104797
1.62095403671265
1.5573855638504
1.54018259048462
1.62607967853546
1.54648637771606
1.18098187446594
0.804048001766205
0.713673412799835
0.785195410251617
0.614461719989777
0.21761479973793
-0.0781940370798111
-0.258825361728668
-0.56258761882782
-1.01728844642639
-1.38403010368347
-1.43923282623291
-1.36252641677856
-1.37631237506866
-1.5157036781311
-1.58316051959991
-1.58563494682312
-1.53084456920624
-1.43988084793091
-1.32346618175507
-1.12074196338654
-0.912951171398163
-0.767138183116913
-0.774679243564606
-0.823813796043396
-0.798480629920959
-0.649721920490265
-0.549803256988525
-0.585799872875214
-0.669045805931091
-0.67906129360199
-0.643359184265137
-0.669517159461975
-0.729727566242218
-0.740273237228394
-0.647424280643463
-0.603120684623718
-0.636878609657288
-0.720006704330444
-0.773913323879242
-0.81385725736618
-0.864641427993774
-0.960141539573669
-1.13994801044464
-1.30720579624176
-1.23061716556549
-1.00350248813629
-0.929034769535065
-1.01393032073975
-1.01263415813446
-0.867292523384094
-0.887087762355804
-0.969332158565521
-0.827466428279877
-0.468737125396729
-0.172044560313225
-0.0457322411239147
0.0942481979727745
0.294674754142761
0.466233253479004
0.643329739570618
0.792500793933868
0.8705033659935
0.9941645860672
1.22887921333313
1.43755376338959
1.43366539478302
1.39059901237488
1.53317177295685
1.82014346122742
1.92548227310181
1.73418748378754
1.54619181156158
1.3904812335968
1.30287563800812
1.2605162858963
1.06103229522705
0.784017145633698
0.714085817337036
0.617407441139221
0.0342145003378391
-0.519992589950562
-0.254230052232742
0.34327906370163
0.440252035856247
0.0305028967559338
-0.0609910525381565
0.44808766245842
0.725279569625854
0.394004285335541
0.272581875324249
0.713909089565277
1.23235523700714
1.37204110622406
1.31501197814941
1.43484377861023
1.68251955509186
1.74632382392883
1.58283650875092
1.48651158809662
1.55956530570984
1.56139171123505
1.32420265674591
0.942791283130646
0.732702791690826
0.842224478721619
0.859191834926605
0.522496461868286
0.0558949746191502
-0.184121996164322
-0.333410918712616
-0.751408040523529
-1.23356294631958
-1.41342830657959
-1.30461359024048
-1.23656749725342
-1.41260361671448
-1.60572469234467
-1.61002552509308
-1.51593923568726
-1.43811345100403
-1.37318992614746
-1.24634730815887
-1.00915825366974
-0.80154412984848
-0.743925929069519
-0.803841829299927
-0.814210712909698
-0.669222593307495
-0.555459022521973
-0.550745844841003
-0.608128428459167
-0.615080296993256
-0.576903820037842
-0.613195061683655
-0.68241935968399
-0.720183491706848
-0.674171388149261
-0.590571939945221
-0.51286393404007
-0.513924419879913
-0.639235198497772
-0.783516347408295
-0.831708312034607
-0.931214570999146
-1.12127220630646
-1.28263854980469
-1.17235088348389
-0.917369723320007
-0.890504777431488
-1.02176594734192
-1.07249116897583
-0.918430209159851
-0.831354796886444
-0.867174685001373
-0.776328802108765
-0.496132284402847
-0.235023975372314
-0.128624707460403
-0.101229541003704
0.0195448324084282
0.280299633741379
0.548183083534241
0.715912163257599
0.875157594680786
1.08177018165588
1.25409460067749
1.31371581554413
1.28172540664673
1.29574704170227
1.43831968307495
1.65695071220398
1.79192352294922
1.7301812171936
1.59296977519989
1.42394459247589
1.29645395278931
1.28732228279114
1.18463456630707
0.872152984142303
0.678207039833069
0.685158908367157
0.403725177049637
-0.26018038392067
-0.52134758234024
-0.0426686964929104
0.359833985567093
0.208600908517838
-0.0380733795464039
0.197701767086983
0.702892124652863
0.667248964309692
0.375387370586395
0.520964682102203
0.99534285068512
1.35407221317291
1.35542726516724
1.41116011142731
1.59408915042877
1.7431423664093
1.67185604572296
1.4982944726944
1.4822108745575
1.50766181945801
1.41628575325012
1.13632488250732
0.848469436168671
0.708783566951752
0.728166341781616
0.551010966300964
0.194756045937538
-0.0774870663881302
-0.199145153164864
-0.51256936788559
-1.02317988872528
-1.3450288772583
-1.37861001491547
-1.33265686035156
-1.45425593852997
-1.57008159160614
-1.57532489299774
-1.53090357780457
-1.49555492401123
-1.43946850299835
-1.32069718837738
-1.17782998085022
-0.970687210559845
-0.7569460272789
-0.688134074211121
-0.791941106319427
-0.832297444343567
-0.718357145786285
-0.64441967010498
-0.668928027153015
-0.682772874832153
-0.616376399993896
-0.635877072811127
-0.767491698265076
-0.875187039375305
-0.857689499855042
-0.766784727573395
-0.70928430557251
-0.608422994613647
-0.566947281360626
-0.65249091386795
-0.764074623584747
-0.864877045154572
-1.02954256534576
-1.28947257995605
-1.33919632434845
-1.0932879447937
-0.902641117572784
-0.918253421783447
-1.04238593578339
-0.998435854911804
-0.898929536342621
-0.886027276515961
-0.795358121395111
-0.54791796207428
-0.242977410554886
-0.106060512363911
-0.0496205873787403
0.0422857627272606
0.176551520824432
0.415449112653732
0.623181045055389
0.769465327262878
0.880283176898956
1.0516060590744
1.24160468578339
1.30882596969604
1.32750177383423
1.36974334716797
1.53853297233582
1.70726358890533
1.74219977855682
1.63821601867676
1.52309739589691
1.40579891204834
1.33527851104736
1.32879793643951
1.09190344810486
0.719505965709686
0.560142695903778
0.542056024074554
0.120229415595531
-0.502377212047577
-0.455363571643829
0.130421593785286
0.373914510011673
0.0787537321448326
-0.0921567305922508
0.333204716444016
0.757034361362457
0.552307069301605
0.289902687072754
0.508828341960907
1.06792533397675
1.38140845298767
1.39154171943665
1.42229497432709
1.58943498134613
1.68251955509186
1.49770534038544
1.26841080188751
1.30146169662476
1.45116305351257
1.35283493995667
0.991925835609436
0.649515748023987
0.645332813262939
0.743778645992279
0.474775850772858
0.00116356229409575
-0.205802470445633
-0.213755905628204
-0.569951951503754
-1.17900824546814
-1.47782170772552
-1.37342548370361
-1.33754670619965
-1.58168768882751
-1.72549760341644
-1.59447205066681
-1.39616644382477
-1.38456034660339
-1.4444762468338
-1.34314358234406
-1.08545231819153
-0.813327014446259
-0.671991527080536
-0.698444068431854
-0.768316447734833
-0.768552124500275
-0.715116858482361
-0.690785229206085
-0.676351189613342
-0.639765381813049
-0.599880397319794
-0.680180609226227
-0.835361003875732
-0.871828973293304
-0.826111435890198
-0.708813011646271
-0.556872963905334
-0.501139998435974
-0.613253951072693
-0.806905329227448
-0.904703140258789
-1.05181217193604
-1.23644971847534
-1.31510031223297
-1.10536539554596
-0.845376431941986
-0.862461566925049
-1.06436097621918
-1.12156677246094
-0.954780340194702
-0.854684889316559
-0.848086476325989
-0.671461343765259
-0.359215378761292
-0.189306452870369
-0.23914797604084
-0.251107603311539
-0.106708571314812
0.142911434173584
0.449855089187622
0.645509541034698
0.763868451118469
0.824668049812317
0.972071707248688
1.10610175132751
1.11753118038177
1.16802072525024
1.35631096363068
1.58654808998108
1.63108730316162
1.53894531726837
1.50901687145233
1.50065100193024
1.35849070549011
1.26793944835663
1.13520550727844
0.863374769687653
0.58253014087677
0.486264139413834
0.329021781682968
-0.165033757686615
-0.503319799900055
-0.188245996832848
0.322187721729279
0.317003279924393
0.0669708698987961
0.0979598015546799
0.534397125244141
0.716972649097443
0.500167906284332
0.448794633150101
0.802339494228363
1.26045727729797
1.40833222866058
1.29798579216003
1.23824656009674
1.31442284584045
1.45611178874969
1.40173387527466
1.28013467788696
1.29898726940155
1.30134391784668
1.0386449098587
0.60173624753952
0.488502889871597
0.740008175373077
0.725868701934814
0.256498247385025
-0.169216677546501
-0.244921579957008
-0.476926207542419
-1.06583380699158
-1.42786240577698
-1.34591257572174
-1.23220789432526
-1.3778440952301
-1.51210987567902
-1.50951766967773
-1.51646947860718
-1.53814995288849
-1.47628998756409
-1.2951283454895
-1.11467385292053
-0.928563416004181
-0.754530549049377
-0.741805016994476
-0.860046088695526
-0.956547737121582
-0.915307700634003
-0.845965564250946
-0.843255519866943
-0.845612049102783
-0.819041728973389
-0.803075909614563
-0.861165463924408
-0.977580189704895
-1.00120484828949
-0.863227427005768
-0.517871677875519
-0.299770832061768
-0.355857253074646
-0.615610539913177
-0.838719069957733
-0.965031385421753
-1.17453074455261
-1.27733623981476
-1.11879777908325
-0.795947313308716
-0.683774411678314
-0.862991809844971
-1.07696866989136
-1.06129741668701
-0.895100116729736
-0.788170576095581
-0.690137147903442
-0.41418245434761
-0.143706768751144
-0.0294718872755766
-0.114720918238163
-0.236555755138397
-0.0968109667301178
0.305161505937576
0.638086378574371
0.745899558067322
0.802280604839325
0.996992468833923
1.18121755123138
1.15523636341095
1.13891708850861
1.33940255641937
1.62719905376434
1.75292217731476
1.6827552318573
1.61111545562744
1.60781621932983
1.50129914283752
1.32402586936951
1.17827188968658
0.987801790237427
0.759273111820221
0.625596523284912
0.608216822147369
0.293732106685638
-0.335708558559418
-0.534073114395142
-0.0263494290411472
0.475777387619019
0.332320988178253
0.0487663373351097
0.193518847227097
0.67319929599762
0.70766419172287
0.428940504789352
0.480078130960464
1.04860138893127
1.53923988342285
1.4754946231842
1.2375396490097
1.23836445808411
1.47737991809845
1.51172697544098
1.2956291437149
1.21880483627319
1.40992295742035
1.44350409507751
1.00264823436737
0.507001996040344
0.534632802009583
0.807170450687408
0.647335886955261
0.0763382464647293
-0.283922880887985
-0.353147208690643
-0.678354322910309
-1.22066068649292
-1.45779085159302
-1.30420124530792
-1.21789169311523
-1.39151227474213
-1.54828321933746
-1.54557323455811
-1.48388993740082
-1.43611037731171
-1.36447060108185
-1.20822978019714
-1.01116132736206
-0.80696427822113
-0.717944741249084
-0.7997767329216
-0.910358905792236
-0.914659678936005
-0.819866538047791
-0.73597252368927
-0.703982055187225
-0.685482919216156
-0.671343505382538
-0.743042230606079
-0.872182428836823
-0.909946501255035
-0.845022916793823
-0.624860107898712
-0.412827432155609
-0.362396746873856
-0.553161323070526
-0.800130188465118
-0.991189360618591
-1.16410291194916
-1.25483095645905
-1.16280686855316
-0.909062802791595
-0.800306975841522
-0.867822766304016
-1.03572857379913
-1.10377466678619
-0.985710322856903
-0.825109899044037
-0.685777485370636
-0.493540048599243
-0.312673062086105
-0.199321895837784
-0.166683360934258
-0.212754368782043
-0.177877083420753
0.0727444738149643
0.497045457363129
0.716088950634003
0.7163245677948
0.78613805770874
0.979259252548218
1.10580718517303
1.09779489040375
1.23594892024994
1.53323066234589
1.75663375854492
1.75056564807892
1.64510893821716
1.66472744941711
1.69306528568268
1.50347888469696
1.30705857276917
1.16177582740784
0.8980752825737
0.628070950508118
0.57622629404068
0.592486679553986
0.156815215945244
-0.445171386003494
-0.303128927946091
0.377802848815918
0.555193901062012
0.220442697405815
0.115987583994865
0.604328453540802
0.98874443769455
0.626657009124756
0.329434186220169
0.717149376869202
1.36880075931549
1.49069452285767
1.25303411483765
1.19865620136261
1.40102684497833
1.58053886890411
1.40532767772675
1.1938841342926
1.25898444652557
1.40432608127594
1.22004210948944
0.772528827190399
0.557962894439697
0.692051887512207
0.663360595703125
0.21737913787365
-0.21039779484272
-0.264598965644836
-0.402222841978073
-0.907825589179993
-1.32287704944611
-1.26272547245026
-1.1192102432251
-1.22348856925964
-1.41171979904175
-1.45107460021973
-1.38114333152771
-1.38567972183228
-1.39952456951141
-1.33654510974884
-1.20363438129425
-1.00438618659973
-0.835184216499329
-0.797655820846558
-0.865348398685455
-0.954132258892059
-0.978817343711853
-0.928799092769623
-0.893332660198212
-0.847261667251587
-0.812384366989136
-0.787934958934784
-0.816331624984741
-0.850148499011993
-0.825934708118439
-0.638528227806091
-0.377184242010117
-0.281978696584702
-0.469561904668808
-0.715352475643158
-0.837658643722534
-0.938696682453156
-1.01711165904999
-1.03248834609985
-0.86375766992569
-0.737268626689911
-0.758949100971222
-0.925028562545776
-1.0479828119278
-1.02388679981232
-0.856982529163361
-0.641768515110016
-0.494541585445404
-0.3653424680233
-0.281919777393341
-0.252344787120819
-0.324573755264282
-0.360570400953293
-0.0687088295817375
0.420928150415421
0.695999145507813
0.722451686859131
0.775356769561768
0.942084312438965
1.07499504089355
1.10398089885712
1.21208870410919
1.4721953868866
1.72658753395081
1.82644724845886
1.73471760749817
1.62254476547241
1.62861299514771
1.56321799755096
1.37369060516357
1.10716223716736
0.983618915081024
0.888177692890167
0.657586991786957
0.516369342803955
0.321362942457199
-0.0607553943991661
-0.361277371644974
-0.0738932937383652
0.37173467874527
0.374680399894714
0.107975237071514
0.163060128688812
0.830147087574005
0.996992468833923
0.558375298976898
0.349700719118118
0.913864314556122
1.47496438026428
1.35790157318115
1.18192446231842
1.26293170452118
1.48215198516846
1.42753839492798
1.19435548782349
1.13785660266876
1.27070844173431
1.28584945201874
0.999820351600647
0.63826310634613
0.535280883312225
0.642858445644379
0.454862803220749
-0.054274819791317
-0.346254229545593
-0.291640639305115
-0.533778548240662
-1.11862111091614
-1.41389966011047
-1.23085284233093
-1.1062490940094
-1.37896347045898
-1.5836318731308
-1.50179982185364
-1.42120504379272
-1.46079552173615
-1.47357988357544
-1.31710338592529
-1.13022720813751
-1.01233959197998
-0.937871932983398
-0.919726312160492
-0.96025937795639
-1.01711165904999
-1.00491642951965
-0.921729385852814
-0.86947238445282
-0.859456956386566
-0.802015483379364
-0.784400105476379
-0.831708312034607
-0.919372797012329
-0.82793778181076
-0.593399822711945
-0.438572973012924
-0.443875283002853
-0.652962207794189
-0.784989237785339
-0.915484488010406
-1.01882016658783
-1.07832372188568
-1.04827737808228
-0.961908936500549
-0.942702889442444
-0.995961427688599
-1.07767558097839
-1.1522022485733
-1.08633601665497
-0.837246239185333
-0.63899952173233
-0.517577111721039
-0.467735558748245
-0.349730163812637
-0.315383106470108
-0.405227482318878
-0.306074649095535
0.153280362486839
0.637143731117249
0.73069965839386
0.677676796913147
0.782426476478577
0.998170733451843
1.11770784854889
1.21073365211487
1.42783296108246
1.67391812801361
1.86456477642059
1.83363485336304
1.71568834781647
1.64793682098389
1.63356173038483
1.51461374759674
1.25550854206085
1.06115019321442
0.879163801670074
0.746253073215485
0.5897176861763
0.508180260658264
0.148508295416832
-0.36593160033226
-0.337358176708221
0.23169532418251
0.557020246982574
0.275822162628174
0.0273215230554342
0.435479998588562
0.989687085151672
0.838454008102417
0.408909618854523
0.589246392250061
1.26069295406342
1.45481562614441
1.18728578090668
1.05955946445465
1.33981490135193
1.58961164951324
1.43007171154022
1.17208588123322
1.18758034706116
1.34759163856506
1.26487588882446
0.844345450401306
0.520139873027802
0.555724143981934
0.595962643623352
0.266867190599442
-0.164621353149414
-0.285513550043106
-0.39974844455719
-0.881608724594116
-1.35192179679871
-1.3663557767868
-1.20392906665802
-1.2754510641098
-1.47717368602753
-1.53290665149689
-1.48171007633209
-1.46780633926392
-1.45372581481934
-1.34573578834534
-1.22902655601501
-1.14984560012817
-1.02329766750336
-0.958609759807587
-0.987831234931946
-1.04986798763275
-1.00309002399445
-0.857336044311523
-0.818982779979706
-0.821516096591949
-0.751997232437134
-0.662035048007965
-0.710874974727631
-0.844964027404785
-0.715234637260437
-0.479989767074585
-0.386846214532852
-0.48323005437851
-0.646010339260101
-0.764663755893707
-0.885909497737885
-0.957784950733185
-1.00073349475861
-1.01228070259094
-0.979347586631775
-0.952011346817017
-0.931921541690826
-1.02253174781799
-1.10224282741547
-1.02147138118744
-0.842077195644379
-0.72849041223526
-0.70722234249115
-0.611604332923889
-0.529065370559692
-0.495484232902527
-0.471388250589371
-0.329817116260529
-0.0171587932854891
0.359598338603973
0.601323843002319
0.626657009124756
0.684039533138275
0.872211873531342
1.11323046684265
1.22605133056641
1.29056251049042
1.46129631996155
1.68363893032074
1.73966646194458
1.59780073165894
1.53417325019836
1.59797751903534
1.58696055412292
1.31489419937134
1.06368350982666
0.926000654697418
0.736885666847229
0.558139622211456
0.54028856754303
0.351585984230042
-0.164208948612213
-0.317562937736511
0.127358049154282
0.49115401506424
0.257735460996628
-0.0550407059490681
0.182973176240921
0.801809251308441
0.875275433063507
0.489916831254959
0.473067313432693
0.958698153495789
1.27224016189575
1.13767981529236
1.10079944133759
1.24449157714844
1.44326841831207
1.45310711860657
1.30900275707245
1.19871509075165
1.23406374454498
1.25421237945557
1.00588846206665
0.586477398872375
0.475600630044937
0.599909901618958
0.462344914674759
0.0164812877774239
-0.234081342816353
-0.255290508270264
-0.591573476791382
-1.15043485164642
-1.33306920528412
-1.18996632099152
-1.22148549556732
-1.45366680622101
-1.53055000305176
-1.47864651679993
-1.47322642803192
-1.48076748847961
-1.42014455795288
-1.32929873466492
-1.24516904354095
-1.08892822265625
-0.940640866756439
-0.896690785884857
-0.932569622993469
-0.885261416435242
-0.786521017551422
-0.756062269210815
-0.798127114772797
-0.766018807888031
-0.690254986286163
-0.713997483253479
-0.796006202697754
-0.799835622310638
-0.675349652767181
-0.541849792003632
-0.491772621870041
-0.568773627281189
-0.721950888633728
-0.853035271167755
-0.919431746006012
-0.999201714992523
-1.08509886264801
-1.13370311260223
-1.06565713882446
-0.977226674556732
-0.987654507160187
-1.02977824211121
-1.00096917152405
-0.86228483915329
-0.790762841701508
-0.75812429189682
-0.746400356292725
-0.642534375190735
-0.500609755516052
-0.377184242010117
-0.261299759149551
-0.117666639387608
0.208954393863678
0.473833203315735
0.582294464111328
0.644979357719421
0.843520641326904
1.14292323589325
1.32502746582031
1.34635436534882
1.41964387893677
1.60286736488342
1.73324477672577
1.71922314167023
1.62278044223785
1.64239895343781
1.6376268863678
1.47248995304108
1.21721422672272
1.02915966510773
0.871328175067902
0.710668802261353
0.678737223148346
0.542056024074554
0.0601957179605961
-0.312025010585785
-0.00667204335331917
0.476366519927979
0.403842985630035
0.0556004010140896
0.0507105104625225
0.536105632781982
0.843697369098663
0.569510102272034
0.403077095746994
0.718622267246246
1.19400191307068
1.23889470100403
1.15217280387878
1.25980925559998
1.45192885398865
1.50512850284576
1.32962274551392
1.21503436565399
1.25833642482758
1.31560111045837
1.12312805652618
0.742659270763397
0.532158374786377
0.61098575592041
0.589305281639099
0.242712303996086
-0.0718312934041023
-0.183297201991081
-0.401928275823593
-0.916014671325684
-1.31610190868378
-1.30107879638672
-1.19143915176392
-1.31168329715729
-1.48100304603577
-1.49237358570099
-1.46774733066559
-1.48571622371674
-1.50132858753204
-1.41990888118744
-1.30861973762512
-1.14860844612122
-0.979053020477295
-0.929800629615784
-0.967564702033997
-0.98930412530899
-0.871652185916901
-0.754412710666656
-0.764074623584747
-0.816861867904663
-0.796065092086792
-0.733615934848785
-0.769200205802917
-0.821103692054749
-0.754471600055695
-0.596875786781311
-0.479930847883224
-0.437041193246841
-0.552572190761566
-0.70298045873642
-0.818629324436188
-0.901050448417664
-0.992780089378357
-1.06872057914734
-0.988184750080109
-0.878250598907471
-0.834182679653168
-1.0251829624176
-1.13240706920624
-1.0550525188446
-0.899636507034302
-0.785048127174377
-0.699681282043457
-0.560113251209259
-0.514572441577911
-0.42914667725563
-0.349376678466797
-0.23867666721344
-0.0118565037846565
0.30115532875061
0.603385806083679
0.664067566394806
0.729462504386902
0.886292397975922
1.09926772117615
1.190584897995
1.23683261871338
1.41758179664612
1.61954009532928
1.66272437572479
1.58837449550629
1.59296977519989
1.67715835571289
1.66054451465607
1.42848098278046
1.19895076751709
0.967240691184998
0.741834461688995
0.685512363910675
0.720743179321289
0.376094341278076
-0.16909883916378
-0.132689788937569
0.354060381650925
0.493333846330643
0.127063482999802
-0.0604608245193958
0.353176683187485
0.871622741222382
0.793796956539154
0.467529386281967
0.598849415779114
1.07741045951843
1.25539064407349
1.14150929450989
1.17073082923889
1.36444115638733
1.51101994514465
1.4308375120163
1.27612853050232
1.21527004241943
1.31241977214813
1.3146585226059
1.00594747066498
0.649574637413025
0.646570026874542
0.769759893417358
0.518902659416199
0.0700933262705803
-0.0990497097373009
-0.144767224788666
-0.599703669548035
-1.23680317401886
-1.38114333152771
-1.17511987686157
-1.25100159645081
-1.54899024963379
-1.65692126750946
-1.5293128490448
-1.42079269886017
-1.417729139328
-1.40912759304047
-1.2782199382782
-1.13281941413879
-1.01557993888855
-0.985121190547943
-1.01563882827759
-0.94824081659317
-0.818688213825226
-0.735265552997589
-0.761718094348907
-0.770790874958038
-0.728195786476135
-0.699445605278015
-0.760186314582825
-0.843255519866943
-0.770319581031799
-0.567536473274231
-0.418718844652176
-0.430737376213074
-0.577669680118561
-0.748285591602325
-0.833475708961487
-0.863522052764893
-0.918371260166168
-0.966209709644318
-0.976578593254089
-0.96055394411087
-0.989363014698029
-1.03036737442017
-1.09711730480194
-1.06748342514038
-0.914306163787842
-0.774738132953644
-0.742453098297119
-0.710403680801392
-0.609012126922607
-0.523645281791687
-0.446231842041016
-0.347079038619995
-0.0906249582767487
0.283716678619385
0.55289626121521
0.58942312002182
0.618350088596344
0.755443692207336
0.977491796016693
1.1233047246933
1.21261882781982
1.38971531391144
1.62195563316345
1.80535590648651
1.79292500019073
1.66843903064728
1.62931990623474
1.65211975574493
1.53069734573364
1.22057235240936
0.986741364002228
0.892183840274811
0.850649237632751
0.800100743770599
0.53251188993454
-0.0298842880874872
-0.304425060749054
0.0651445239782333
0.503997325897217
0.347756564617157
-0.0216951966285706
0.0894761383533478
0.602560997009277
0.795564353466034
0.395123660564423
0.266160219907761
0.720566391944885
1.24054431915283
1.22340023517609
1.11599934101105
1.34446918964386
1.63256025314331
1.55927073955536
1.23117685317993
1.19099736213684
1.44008708000183
1.46648073196411
1.10975444316864
0.720978796482086
0.647512674331665
0.769406378269196
0.624300420284271
0.219971373677254
-0.0354222357273102
-0.0436702407896519
-0.321628034114838
-0.950361728668213
-1.40900981426239
-1.3730720281601
-1.24033808708191
-1.37083327770233
-1.58186447620392
-1.53597021102905
-1.41825938224792
-1.43033683300018
-1.5261904001236
-1.4933750629425
-1.24564039707184
-1.00521099567413
-0.862520456314087
-0.878014922142029
-0.931155681610107
-0.897692322731018
-0.800306975841522
-0.753705739974976
-0.798775196075439
-0.789938032627106
-0.69520378112793
-0.640766978263855
-0.732791125774384
-0.858573198318481
-0.786521017551422
-0.566888391971588
-0.439044296741486
-0.471093684434891
-0.578612327575684
-0.597464919090271
-0.663448989391327
-0.823283553123474
-0.980172395706177
-1.02883565425873
-1.05369746685028
-1.03932237625122
-0.971511960029602
-0.969449996948242
-1.00043892860413
-0.978994131088257
-0.884554445743561
-0.824638545513153
-0.796359717845917
-0.664568364620209
-0.475335508584976
-0.312437415122986
-0.251755654811859
-0.148184254765511
0.0898296236991882
0.357889831066132
0.514719784259796
0.571689903736115
0.656055212020874
0.830618381500244
1.03946971893311
1.17485475540161
1.27471458911896
1.42064535617828
1.66078019142151
1.77595770359039
1.69842648506165
1.62714004516602
1.62619745731354
1.58866906166077
1.31890034675598
1.1372674703598
1.05366802215576
0.966592669487
0.82077968120575
0.642976224422455
0.264746278524399
-0.206273779273033
-0.177759245038033
0.265983462333679
0.508828341960907
0.221326410770416
0.00994179677218199
0.318770706653595
0.750730574131012
0.674259781837463
0.375210642814636
0.514660835266113
1.00930559635162
1.24696588516235
1.14769530296326
1.16218817234039
1.38517892360687
1.53488028049469
1.41811203956604
1.29433310031891
1.35554504394531
1.49093019962311
1.37846267223358
0.95981752872467
0.622945368289948
0.655348241329193
0.72804856300354
0.48314169049263
0.121643364429474
-0.00873404461890459
-0.154016777873039
-0.625390291213989
-1.20416462421417
-1.40347182750702
-1.26225423812866
-1.21459245681763
-1.3327157497406
-1.42462205886841
-1.4077136516571
-1.40046715736389
-1.41248571872711
-1.3908052444458
-1.27892696857452
-1.11155140399933
-0.910653471946716
-0.803075909614563
-0.819571912288666
-0.859044551849365
-0.811500668525696
-0.733380258083344
-0.734970986843109
-0.769023418426514
-0.761187851428986
-0.692140221595764
-0.677765130996704
-0.739212810993195
-0.768787801265717
-0.617377936840057
-0.4500612616539
-0.423726558685303
-0.585446417331696
-0.726546227931976
-0.647718846797943
-0.609836935997009
-0.683126330375671
-0.858985602855682
-0.921670496463776
-0.985533595085144
-1.03661227226257
-1.00232422351837
-0.912420928478241
-0.844610512256622
-0.844787299633026
-0.765488564968109
-0.728431463241577
-0.703451812267303
-0.599998235702515
-0.431974589824677
-0.261064112186432
-0.142646312713623
0.0545988567173481
0.339096158742905
0.522791028022766
0.500815987586975
0.481668829917908
0.628424406051636
0.887235045433044
1.11216998100281
1.28131294250488
1.48686504364014
1.66537547111511
1.79816842079163
1.77690029144287
1.69842648506165
1.66343128681183
1.6436949968338
1.53800272941589
1.29963529109955
1.17373538017273
1.08230042457581
0.960347712039948
0.848705053329468
0.601206004619598
0.057308916002512
-0.281271725893021
0.0829366520047188
0.5759317278862
0.404373228549957
-0.0432578399777412
-0.0147433057427406
0.569981396198273
0.804754972457886
0.388171792030334
0.243124708533287
0.733468651771545
1.29109275341034
1.25904333591461
1.0952615737915
1.27117967605591
1.55667853355408
1.60492944717407
1.41222059726715
1.35613417625427
1.45446217060089
1.49917817115784
1.17479586601257
0.730169475078583
0.502819061279297
0.70884245634079
0.721567988395691
0.262978821992874
-0.110832571983337
-0.101995423436165
-0.109182976186275
-0.696558833122253
-1.33513116836548
-1.48070847988129
-1.26773321628571
-1.29813301563263
-1.55164134502411
-1.61892151832581
-1.55452811717987
-1.46297526359558
-1.46032416820526
-1.41007030010223
-1.24222338199615
-0.999614119529724
-0.742453098297119
-0.683833301067352
-0.816802978515625
-0.911890685558319
-0.824874222278595
-0.696912288665771
-0.754294872283936
-0.875717282295227
-0.80036586523056
-0.619322121143341
-0.619734525680542
-0.801249563694
-0.834005951881409
-0.614844620227814
-0.419661492109299
-0.412650674581528
-0.466910779476166
-0.465320080518723
-0.506442308425903
-0.685718595981598
-0.915484488010406
-1.05593621730804
-1.10200726985931
-0.971511960029602
-0.814505279064178
-0.82281219959259
-0.966857731342316
-0.98199874162674
-0.846908211708069
-0.805609226226807
-0.802958071231842
-0.583443284034729
-0.312142819166183
-0.188717320561409
-0.212754368782043
-0.156667917966843
0.0836436226963997
0.320007890462875
0.441724896430969
0.478723108768463
0.610926866531372
0.847585737705231
1.07417023181915
1.25568521022797
1.39366257190704
1.56586921215057
1.73907732963562
1.77525067329407
1.65117716789246
1.5732923746109
1.65382826328278
1.64345932006836
1.4692497253418
1.32296538352966
1.19135081768036
0.999466836452484
0.758683979511261
0.647159159183502
0.357830911874771
-0.102525651454926
-0.151601284742355
0.327136546373367
0.598260283470154
0.220030292868614
-0.103114798665047
0.268163293600082
0.870326638221741
0.782308638095856
0.398835271596909
0.52561891078949
1.11405515670776
1.35130321979523
1.1562967300415
1.14722394943237
1.39295566082001
1.5421267747879
1.42317867279053
1.37133407592773
1.45870399475098
1.45575833320618
1.2908570766449
0.950567960739136
0.654759109020233
0.529507279396057
0.654169976711273
0.508887231349945
0.0969582572579384
-0.116841837763786
-0.189659938216209
-0.525648355484009
-1.14913868904114
-1.45731949806213
-1.29000282287598
-1.09446620941162
-1.28670358657837
-1.46721708774567
-1.42638945579529
-1.33848929405212
-1.32806146144867
-1.44795215129852
-1.36824107170105
-1.08050346374512
-0.773500919342041
-0.68683797121048
-0.832415282726288
-0.914247274398804
-0.844198107719421
-0.769435822963715
-0.855038344860077
-0.915837943553925
-0.824579656124115
-0.681241095066071
-0.693318545818329
-0.837246239185333
-0.843255519866943
-0.675703167915344
-0.556107044219971
-0.522997200489044
-0.515043795108795
-0.444228768348694
-0.408467769622803
-0.548448204994202
-0.760009527206421
-0.987949073314667
-1.11096215248108
-1.08256554603577
-0.891565263271332
-0.828998208045959
-0.893214821815491
-0.932864189147949
-0.879723489284515
-0.809674322605133
-0.789407789707184
-0.619675636291504
-0.382545441389084
-0.248692095279694
-0.242388263344765
-0.216112479567528
-0.0886807888746262
0.0891815647482872
0.274231463670731
0.380571842193604
0.487795919179916
0.664362132549286
0.917340278625488
1.14286434650421
1.25103104114532
1.38912618160248
1.61459136009216
1.74520444869995
1.7247611284256
1.61152780056
1.63627183437347
1.70349311828613
1.5388275384903
1.36897754669189
1.29804468154907
1.15670919418335
0.83544933795929
0.677617847919464
0.597906768321991
0.145739316940308
-0.244037866592407
0.0131231704726815
0.52561891078949
0.392236858606339
-0.0885040462017059
-0.0622282549738884
0.578818559646606
0.888707935810089
0.498282670974731
0.324426472187042
0.707310676574707
1.1617169380188
1.15912473201752
1.07876551151276
1.25350546836853
1.41009974479675
1.39543008804321
1.31554222106934
1.35937452316284
1.44780492782593
1.39996647834778
1.10026931762695
0.686926364898682
0.545178472995758
0.689459681510925
0.674966752529144
0.277766317129135
-0.139523848891258
-0.319212555885315
-0.483112215995789
-0.874421179294586
-1.25053024291992
-1.25913178920746
-1.14495575428009
-1.21111655235291
-1.43805456161499
-1.57332181930542
-1.5468692779541
-1.44624364376068
-1.3648829460144
-1.34414505958557
-1.29294860363007
-1.09717619419098
-0.89940083026886
-0.880725026130676
-0.95307183265686
-0.972867012023926
-0.853977918624878
-0.731200456619263
-0.751349151134491
-0.846201241016388
-0.843019843101501
-0.790232598781586
-0.760716497898102
-0.77279394865036
-0.777801692485809
-0.710698246955872
-0.562234163284302
-0.477515339851379
-0.520699560642242
-0.581558048725128
-0.601176500320435
-0.714468777179718
-0.993192434310913
-1.17276334762573
-1.06318271160126
-0.833240032196045
-0.772086977958679
-0.883493959903717
-0.917723178863525
-0.803075909614563
-0.729845404624939
-0.696146428585052
-0.598113000392914
-0.411413460969925
-0.310787796974182
-0.337652742862701
-0.338241875171661
-0.2530517578125
-0.0387803502380848
0.200706392526627
0.340922504663467
0.404314309358597
0.572750389575958
0.874038219451904
1.10751569271088
1.17255711555481
1.26228368282318
1.48062014579773
1.67839550971985
1.65913057327271
1.55161190032959
1.56121492385864
1.65153062343597
1.58595895767212
1.43401896953583
1.36367523670197
1.22746527194977
0.953336954116821
0.709372699260712
0.650045990943909
0.386345446109772
-0.0717723742127419
-0.0870900973677635
0.363427758216858
0.51754766702652
0.113807760179043
-0.114367432892323
0.260033130645752
0.758801817893982
0.703009963035583
0.432180792093277
0.560908615589142
1.01831948757172
1.21591806411743
1.14427828788757
1.19447326660156
1.42282521724701
1.55838704109192
1.44880640506744
1.3023453950882
1.20384061336517
1.19983446598053
1.15529525279999
0.941907525062561
0.563382983207703
0.450915545225143
0.645568490028381
0.535752177238464
0.0535384006798267
-0.276912063360214
-0.331702381372452
-0.576314687728882
-1.09723520278931
-1.35581016540527
-1.20192587375641
-1.11744272708893
-1.39239597320557
-1.61756646633148
-1.55676686763763
-1.41242682933807
-1.35451400279999
-1.39428114891052
-1.35504424571991
-1.20940804481506
-1.00450396537781
-0.882080018520355
-0.93445485830307
-1.00780320167542
-0.948358654975891
-0.811736345291138
-0.795652747154236
-0.866997957229614
-0.867410361766815
-0.80873167514801
-0.797891438007355
-0.871711134910583
-0.92520534992218
-0.859103441238403
-0.804018557071686
-0.744986414909363
-0.580379784107208
-0.447704702615738
-0.350790619850159
-0.46985650062561
-0.746812760829926
-1.15084719657898
-1.3028461933136
-1.14307045936584
-0.916132509708405
-0.842666327953339
-0.834359407424927
-0.838954746723175
-0.872889399528503
-0.894157469272614
-0.845022916793823
-0.639235198497772
-0.434625715017319
-0.305662244558334
-0.246099874377251
-0.178525134921074
-0.11925732344389
0.0108255119994283
0.188039809465408
0.282656222581863
0.388643085956573
0.643388628959656
0.967063963413239
1.14186275005341
1.17332303524017
1.26464021205902
1.4448002576828
1.59444260597229
1.612175822258
1.61335408687592
1.71875190734863
1.72470223903656
1.53912210464478
1.39012777805328
1.33362889289856
1.16914010047913
0.878869235515594
0.685158908367157
0.568096160888672
0.190042898058891
-0.180528223514557
-0.054274819791317
0.359775066375732
0.357536345720291
0.0364532433450222
0.015833230689168
0.466586738824844
0.798804640769958
0.591367304325104
0.414977788925171
0.649810314178467
1.04047119617462
1.16902232170105
1.19989335536957
1.33963823318481
1.42176473140717
1.39054012298584
1.27306497097015
1.19753682613373
1.19394302368164
1.25014734268188
1.15676808357239
0.797390699386597
0.482140123844147
0.628365516662598
0.765812635421753
0.383929938077927
-0.0985783934593201
-0.244509190320969
-0.338006228208542
-0.837481915950775
-1.29766166210175
-1.26655495166779
-1.12580859661102
-1.3747216463089
-1.65061748027802
-1.59812474250793
-1.3730720281601
-1.33153748512268
-1.39816951751709
-1.37525188922882
-1.25400614738464
-1.05469906330109
-0.875128149986267
-0.820868074893951
-0.882492423057556
-0.950067162513733
-0.917251884937286
-0.869001030921936
-0.895512521266937
-0.911596119403839
-0.882845938205719
-0.846672534942627
-0.854625940322876
-0.860222816467285
-0.857984066009521
-0.805491387844086
-0.670577585697174
-0.484349399805069
-0.358272761106491
-0.33741706609726
-0.417422741651535
-0.701625466346741
-1.12127220630646
-1.33831262588501
-1.15008127689362
-0.828350186347961
-0.75900799036026
-0.870591759681702
-0.89969539642334
-0.878898680210114
-0.863227427005768
-0.825816869735718
-0.654376149177551
-0.453772872686386
-0.377243161201477
-0.344840288162231
-0.324573755264282
-0.264363318681717
-0.0867366120219231
0.124589078128338
0.22450777888298
0.261034667491913
0.459104627370834
0.772469937801361
0.976136744022369
1.02621400356293
1.1226567029953
1.33798861503601
1.50442159175873
1.5319344997406
1.54501354694366
1.64021909236908
1.74161064624786
1.64770114421844
1.45245909690857
1.33527851104736
1.16207039356232
0.925470471382141
0.682684481143951
0.602384269237518
0.339979857206345
-0.0606964826583862
-0.138581216335297
0.134074285626411
0.325428009033203
0.182325124740601
0.111215524375439
0.354001462459564
0.685158908367157
0.669959008693695
0.509594202041626
0.567978322505951
0.873154520988464
1.12784111499786
1.23989617824554
1.30140280723572
1.33910799026489
1.36597287654877
1.3591388463974
1.26287281513214
1.1700826883316
1.17933225631714
1.18640196323395
0.886528074741364
0.46935573220253
0.497045457363129
0.771880805492401
0.588657259941101
0.0392222180962563
-0.300006479024887
-0.393326789140701
-0.718533873558044
-1.18690276145935
-1.31539487838745
-1.1329962015152
-1.12739932537079
-1.38674020767212
-1.51057803630829
-1.41554927825928
-1.30384767055511
-1.30196249485016
-1.32275927066803
-1.2675564289093
-1.11490941047668
-0.932333946228027
-0.842960953712463
-0.892331123352051
-0.970863938331604
