% Type: Timesignal
% Date: 11-DEC-24 12:32:29
% NoOfItems: = 4096
% Unit_Y: = mm/s
% Unit_X: = Sec
% Min_X: = 0
% Max_X: = 1.60000002384186
% MinDisplay_X: = 0
% MaxDisplay_X: = 1.60000002384186
-0.341903537511826
-0.217713847756386
-0.119648635387421
-0.193296000361443
-0.484340965747833
-0.870825588703156
-1.08238124847412
-1.07765519618988
-0.96022641658783
-0.970072269439697
-1.14421355724335
-1.30286395549774
-1.38812947273254
-1.44057524204254
-1.51520729064941
-1.47214782238007
-1.40709924697876
-1.33693075180054
-1.25987005233765
-1.14893960952759
-1.00479555130005
-0.794552624225616
-0.412531495094299
-0.0458043441176414
0.205660074949265
0.45239844918251
0.845775187015533
1.21243667602539
1.27846992015839
1.23816740512848
1.34922921657562
1.58710622787476
1.72691810131073
1.85714662075043
2.06233525276184
2.1300094127655
1.93552005290985
1.66193509101868
1.53879570960999
1.37975144386292
1.24998247623444
1.26442313194275
1.33190035820007
1.1277619600296
0.467626810073853
-0.362251728773117
-0.647454798221588
-0.343544512987137
-0.0466576591134071
-0.132185757160187
-0.318864107131958
-0.143344447016716
0.0809452757239342
-0.0937210842967033
-0.382206112146378
-0.126475125551224
0.504909932613373
0.875115990638733
0.949616670608521
1.09658324718475
1.31463718414307
1.35520231723785
1.28687179088593
1.37436902523041
1.62425816059113
1.75061392784119
1.69101333618164
1.52691495418549
1.25759661197662
1.00383484363556
0.894348323345184
0.798383593559265
0.651417016983032
0.515477895736694
0.315277814865112
-0.00333567429333925
-0.44883006811142
-0.859469950199127
-1.07982134819031
-1.20348584651947
-1.30988729000092
-1.37027549743652
-1.42462491989136
-1.59653449058533
-1.89578425884247
-2.05811047554016
-1.92558455467224
-1.4587574005127
-0.993308663368225
-0.897015690803528
-1.00138223171234
-1.08691036701202
-1.03768086433411
-0.99304610490799
-0.944341659545898
-0.817198216915131
-0.580305755138397
-0.435505270957947
-0.531338751316071
-0.708433747291565
-0.718673527240753
-0.54656708240509
-0.39080485701561
-0.291164308786392
-0.180890172719955
-0.0839408189058304
-0.173866748809814
-0.509874701499939
-0.852709114551544
-0.974273204803467
-0.939878165721893
-0.989173352718353
-1.13069188594818
-1.25383126735687
-1.30050086975098
-1.39167392253876
-1.50070095062256
-1.51848924160004
-1.46689665317535
-1.41097187995911
-1.3156635761261
-1.17263543605804
-0.986219584941864
-0.784706711769104
-0.478433430194855
-0.0746856704354286
0.186230823397636
0.356564998626709
0.616956353187561
1.03862369060516
1.31686890125275
1.38677489757538
1.41283369064331
1.53938639163971
1.72127306461334
1.8412618637085
2.01100516319275
2.16794896125793
2.06542038917542
1.73958647251129
1.4808361530304
1.38053917884827
1.32047915458679
1.29284489154816
1.33183467388153
1.22832143306732
0.79615181684494
-0.0160040725022554
-0.634720742702484
-0.60859626531601
-0.251452475786209
-0.132120117545128
-0.333107858896255
-0.307311594486237
-0.00983397196978331
0.0412334576249123
-0.278167724609375
-0.310331016778946
0.18544314801693
0.736288726329803
0.939048767089844
1.05207967758179
1.26173186302185
1.35848426818848
1.31870687007904
1.33157217502594
1.55284249782562
1.74359047412872
1.73006880283356
1.60266280174255
1.38388669490814
1.1112208366394
0.907213628292084
0.818863034248352
0.693688809871674
0.531559526920319
0.396670639514923
0.163257047533989
-0.256966203451157
-0.761929869651794
-1.07220721244812
-1.24641406536102
-1.32550942897797
-1.35629439353943
-1.37933373451233
-1.45199656486511
-1.48527574539185
-1.51330375671387
-1.73536169528961
-1.74835824966431
-1.41175961494446
-1.15405941009521
-1.12261819839478
-1.18379414081573
-1.24871146678925
-1.24286949634552
-1.1835972070694
-0.980180740356445
-0.654543876647949
-0.405901908874512
-0.385356813669205
-0.553196668624878
-0.638068377971649
-0.579452395439148
-0.458216488361359
-0.390082836151123
-0.368356198072433
-0.330416649580002
-0.288604378700256
-0.270881742238998
-0.411087423563004
-0.68414717912674
-0.88172173500061
-0.976636230945587
-1.16653096675873
-1.3780210018158
-1.43026995658875
-1.34638285636902
-1.39226472377777
-1.50608336925507
-1.52269017696381
-1.48245322704315
-1.36167681217194
-1.23742139339447
-1.05330300331116
-0.893799364566803
-0.663405179977417
-0.254012435674667
0.0937449485063553
0.237232610583305
0.392010241746902
0.840786635875702
1.22917473316193
1.30544769763947
1.33032500743866
1.52363300323486
1.74109613895416
1.77496612071991
1.88038289546967
2.08537459373474
2.15232682228088
1.90539157390594
1.60482883453369
1.52474880218506
1.38710308074951
1.31056761741638
1.35815608501434
1.40272521972656
1.09756779670715
0.335297822952271
-0.491430014371872
-0.731932640075684
-0.344266563653946
-0.111771911382675
-0.287751048803329
-0.470162868499756
-0.222965002059937
0.0417585708200932
-0.154174938797951
-0.399928748607635
-0.0513836927711964
0.586302757263184
0.919094383716583
0.952045321464539
1.14141488075256
1.41257119178772
1.46396672725677
1.37226855754852
1.46790516376495
1.75146722793579
1.84119617938995
1.70794832706451
1.48556208610535
1.23862683773041
0.969899237155914
0.811445832252502
0.71948504447937
0.643737196922302
0.532412827014923
0.313308626413345
-0.0234213210642338
-0.502260506153107
-0.952087104320526
-1.25199341773987
-1.40880584716797
-1.37473905086517
-1.2780522108078
-1.30247008800507
-1.38235318660736
-1.57296991348267
-1.76693427562714
-1.74638915061951
-1.39029550552368
-1.07109129428864
-1.02934467792511
-1.09373688697815
-1.18412232398987
-1.12465298175812
-1.00728976726532
-0.8727947473526
-0.65382182598114
-0.390279740095139
-0.269634604454041
-0.399994373321533
-0.577220678329468
-0.59809398651123
-0.469506472349167
-0.392248928546906
-0.366518288850784
-0.289326399564743
-0.117023058235645
-0.0746200308203697
-0.280465096235275
-0.661698520183563
-0.899575591087341
-0.958519756793976
-1.0680718421936
-1.24726736545563
-1.32052087783813
-1.24208188056946
-1.28021836280823
-1.42915403842926
-1.49774718284607
-1.40046966075897
-1.31316924095154
-1.20112287998199
-1.01227843761444
-0.839449942111969
-0.653427958488464
-0.412268936634064
-0.0809214115142822
0.144155994057655
0.307007253170013
0.676622569561005
1.13307869434357
1.37075889110565
1.4064667224884
1.49672079086304
1.63515424728394
1.62438941001892
1.65714347362518
1.90014040470123
2.10828280448914
1.98711252212524
1.61881005764008
1.4111270904541
1.35835301876068
1.3385956287384
1.33925199508667
1.33610129356384
1.18709993362427
0.628180682659149
-0.165661826729774
-0.693008542060852
-0.542497456073761
-0.178658425807953
-0.159426093101501
-0.426512688398361
-0.394218116998672
-0.073766715824604
-0.0347112938761711
-0.334289371967316
-0.278102070093155
0.26617956161499
0.799762010574341
1.01085817813873
1.12671172618866
1.36071610450745
1.4405335187912
1.37115275859833
1.3819831609726
1.63272559642792
1.80319106578827
1.73768293857574
1.54148685932159
1.27702581882477
0.993595063686371
0.785190045833588
0.718303561210632
0.702484428882599
0.65916246175766
0.43257537484169
0.0269240755587816
-0.442659974098206
-0.8342644572258
-1.13758397102356
-1.34100031852722
-1.39318370819092
-1.19469022750854
-0.953268647193909
-1.14112854003906
-1.57362627983093
-1.84353542327881
-1.75236225128174
-1.4539657831192
-1.19554352760315
-1.1587198972702
-1.16633403301239
-1.17401385307312
-1.10213875770569
-1.01418197154999
-0.8892702460289
-0.703248262405396
-0.493661761283875
-0.371769458055496
-0.415025800466537
-0.52549684047699
-0.597371935844421
-0.53777140378952
-0.479418009519577
-0.4698346555233
-0.414435029029846
-0.169534549117088
0.00263750832527876
-0.19644670188427
-0.595927894115448
-0.867740511894226
-0.896490573883057
-0.97880232334137
-1.17828035354614
-1.27319490909576
-1.21891117095947
-1.25409388542175
-1.41431951522827
-1.49755024909973
-1.43689954280853
-1.33292675018311
-1.21516966819763
-1.01654493808746
-0.798950493335724
-0.608465015888214
-0.371506899595261
-0.135008245706558
0.0867215394973755
0.276550590991974
0.632381618022919
1.16340410709381
1.46600162982941
1.46967744827271
1.42418932914734
1.55901253223419
1.72455501556396
1.82511460781097
1.97720098495483
2.1389365196228
2.10421323776245
1.81500613689423
1.56971180438995
1.44736003875732
1.36124122142792
1.32454872131348
1.33820176124573
1.23357260227203
0.861856818199158
0.27615675330162
-0.435045808553696
-0.766655921936035
-0.589954733848572
-0.276920557022095
-0.272391438484192
-0.420802056789398
-0.240425080060959
0.0999806895852089
0.0456969328224659
-0.237865135073662
-0.0885355770587921
0.483117699623108
0.950863838195801
1.05798733234406
1.25871241092682
1.55756855010986
1.63233172893524
1.53643262386322
1.5386643409729
1.70466637611389
1.71694087982178
1.49960899353027
1.31706583499908
1.13970828056335
0.91456526517868
0.769108414649963
0.671108841896057
0.560178279876709
0.370546162128448
0.131487593054771
-0.149186357855797
-0.536392986774445
-0.924387276172638
-1.21306920051575
-1.37966191768646
-1.39659690856934
-1.36338341236115
-1.39594054222107
-1.50483620166779
-1.46007013320923
-1.36778128147125
-1.388063788414
-1.38235318660736
-1.21530103683472
-1.00295758247375
-1.00354838371277
-1.09675633907318
-1.14034080505371
-1.09235846996307
-1.05264663696289
-0.921236634254456
-0.633079767227173
-0.412072032690048
-0.440690785646439
-0.637740194797516
-0.713159799575806
-0.664192855358124
-0.613978743553162
-0.648833215236664
-0.545516848564148
-0.334880113601685
-0.221849128603935
-0.307771056890488
-0.515519678592682
-0.664586663246155
-0.890845596790314
-1.10141670703888
-1.23335182666779
-1.20276391506195
-1.16666221618652
-1.23899674415588
-1.32104599475861
-1.34940218925476
-1.32432794570923
-1.2275755405426
-1.02527499198914
-0.814507007598877
-0.665308713912964
-0.522346138954163
-0.353718638420105
-0.191983222961426
0.0231169909238815
0.346062690019608
0.754077017307281
1.1086608171463
1.21998524665833
1.29652070999146
1.40325033664703
1.53656387329102
1.62734317779541
1.73033130168915
1.87066829204559
1.89364206790924
1.77463793754578
1.56130993366241
1.50768256187439
1.50636982917786
1.41749405860901
1.35336446762085
1.35638380050659
1.15355825424194
0.632578551769257
-0.0302478149533272
-0.52326512336731
-0.674235641956329
-0.508496284484863
-0.341444075107574
-0.26379269361496
-0.182990625500679
-0.00819298718124628
0.157940253615379
0.0509480834007263
-0.043441329151392
0.157743334770203
0.627655565738678
0.993923246860504
1.2452564239502
1.47394394874573
1.50866723060608
1.44427502155304
1.39996838569641
1.50965178012848
1.65648698806763
1.64053666591644
1.39878690242767
1.04925727844238
0.757227718830109
0.627393007278442
0.610983192920685
0.609670400619507
0.565823316574097
0.392994821071625
0.0242328606545925
-0.442134857177734
-0.872072696685791
-1.15642249584198
-1.33719325065613
-1.45639443397522
-1.45560669898987
-1.3743451833725
-1.38143420219421
-1.56502759456635
-1.77572989463806
-1.77756786346436
-1.47109758853912
-1.0873042345047
-0.87404191493988
-0.874370098114014
-0.925831377506256
-0.932526588439941
-0.974404513835907
-1.04266941547394
-0.985234975814819
-0.727666079998016
-0.529238283634186
-0.559038579463959
-0.736461758613586
-0.828159987926483
-0.737315118312836
-0.678830444812775
-0.752806007862091
-0.631570100784302
-0.217123091220856
0.0224605984985828
-0.184565976262093
-0.616341710090637
-0.859273016452789
-0.939484357833862
-0.975782930850983
-1.04181611537933
-0.971647620201111
-0.93187016248703
-1.06236124038696
-1.26814067363739
-1.40532696247101
-1.37736463546753
-1.2248842716217
-0.976701855659485
-0.745979487895966
-0.55956369638443
-0.390542298555374
-0.239440485835075
-0.141440913081169
-0.0304447337985039
0.226270839571953
0.610851883888245
1.00147175788879
1.25569307804108
1.41408085823059
1.5167407989502
1.56800520420074
1.61782550811768
1.71667838096619
1.95554006099701
2.09778046607971
2.08360242843628
1.92422997951508
1.72947800159454
1.63095331192017
1.52094173431396
1.48470878601074
1.45595872402191
1.31266808509827
0.998189806938171
0.504778683185577
-0.189291998744011
-0.73468953371048
-0.645091772079468
-0.192836537957191
0.000930884620174766
-0.198022037744522
-0.166449502110481
0.18308013677597
0.212486565113068
-0.127197161316872
-0.0856474414467812
0.526636600494385
1.060875415802
1.19753658771515
1.35106706619263
1.57555365562439
1.56176948547363
1.36485135555267
1.35992836952209
1.58907544612885
1.6458535194397
1.45530235767365
1.26639223098755
1.08142054080963
0.819782018661499
0.652926743030548
0.708260715007782
0.704388022422791
0.460472106933594
0.134769558906555
-0.133629828691483
-0.515388369560242
-0.99527782201767
-1.35124015808105
-1.52367472648621
-1.51717638969421
-1.47122883796692
-1.47529852390289
-1.54684543609619
-1.71494781970978
-1.83237671852112
-1.73949694633484
-1.4173389673233
-1.02665340900421
-0.822449386119843
-0.866887211799622
-0.990945637226105
-1.03919053077698
-1.00440168380737
-0.965871393680573
-0.831835806369781
-0.591858267784119
-0.447385996580124
-0.529041349887848
-0.713816225528717
-0.7545126080513
-0.683622121810913
-0.616998136043549
-0.493136644363403
-0.245938777923584
0.0220667608082294
-0.122799322009087
-0.565274298191071
-0.974470138549805
-1.07535779476166
-0.982937633991241
-0.94959282875061
-0.97893363237381
-1.07266664505005
-1.17217588424683
-1.38064658641815
-1.52872896194458
-1.44530129432678
-1.25035238265991
-1.0506774187088
-0.87922739982605
-0.70534873008728
-0.539937496185303
-0.50790548324585
-0.460054397583008
-0.20406086742878
0.210779950022697
0.597395837306976
0.90229070186615
1.17528486251831
1.27348136901855
1.30236268043518
1.3680020570755
1.44243705272675
1.61651265621185
1.85281443595886
2.02065420150757
2.04809141159058
1.93453538417816
1.82714939117432
1.76105058193207
1.61218047142029
1.42839026451111
1.31988835334778
1.32789635658264
1.16274774074554
0.679576337337494
0.0140587585046887
-0.536852478981018
-0.612469017505646
-0.360807687044144
-0.132776513695717
-0.0965435802936554
-0.100678861141205
0.0445810630917549
0.159056127071381
-0.00287619885057211
-0.0712724179029465
0.236444935202599
0.709310948848724
1.04236507415771
1.32277643680573
1.5670862197876
1.5587500333786
1.35828733444214
1.26343846321106
1.43311631679535
1.60975182056427
1.54555654525757
1.28667485713959
1.05260479450226
0.894151389598846
0.760247111320496
0.673668801784515
0.665792047977448
0.650169909000397
0.438679844141006
-0.000710099586285651
-0.476004779338837
-0.811815798282623
-1.05763518810272
-1.34513568878174
-1.53896868228912
-1.46591210365295
-1.26453053951263
-1.3084431886673
-1.62134611606598
-1.8804247379303
-1.82745373249054
-1.5209835767746
-1.22422790527344
-1.05455017089844
-0.967249810695648
-0.980115115642548
-1.04962718486786
-1.135089635849
-1.17204463481903
-1.03958439826965
-0.788119971752167
-0.627303540706635
-0.655200242996216
-0.763964653015137
-0.798950493335724
-0.753068566322327
-0.695240259170532
-0.576236069202423
-0.323787063360214
0.00125908153131604
0.0233795493841171
-0.300353825092316
-0.782606244087219
-1.08691036701202
-1.05199027061462
-0.938105940818787
-0.897475183010101
-0.962589383125305
-1.08244693279266
-1.26446485519409
-1.46459925174713
-1.49951946735382
-1.31408822536469
-1.0966249704361
-0.921499192714691
-0.783328294754028
-0.623365163803101
-0.508233726024628
-0.47285407781601
-0.367568522691727
-0.00642072455957532
0.504187941551208
0.903734743595123
1.08805012702942
1.20285332202911
1.36458873748779
1.40777945518494
1.43114709854126
1.56098175048828
1.84336233139038
2.11031770706177
2.19315457344055
2.13447284698486
1.95711541175842
1.75041699409485
1.59583628177643
1.40003407001495
1.26048469543457
1.21729397773743
1.19812738895416
1.060875415802
0.526636600494385
-0.319257944822311
-0.823433935642242
-0.564683556556702
-0.0964123010635376
0.0294840093702078
-0.0991035103797913
0.0361135862767696
0.344027876853943
0.208613842725754
-0.160541966557503
-0.0720600932836533
0.589912950992584
1.11660325527191
1.27039623260498
1.4432247877121
1.67519426345825
1.63594186306
1.31791913509369
1.17607247829437
1.42248272895813
1.6293123960495
1.4872031211853
1.21913194656372
1.04000210762024
0.90452241897583
0.750598132610321
0.626736640930176
0.636976361274719
0.575406610965729
0.232900410890579
-0.254471898078918
-0.66248619556427
-0.934561371803284
-1.21530103683472
-1.40933096408844
-1.40663969516754
-1.30036962032318
-1.28632283210754
-1.49223351478577
-1.78288459777832
-1.88305032253265
-1.70956540107727
-1.36640286445618
-1.05382812023163
-0.934692680835724
-0.994490146636963
-1.09491837024689
-1.15471589565277
-1.1817592382431
-1.09163641929626
-0.82881635427475
-0.570919275283813
-0.534161269664764
-0.649620890617371
-0.749720931053162
-0.708368122577667
-0.612075209617615
-0.499109834432602
-0.356409847736359
-0.0989065989851952
0.00847941171377897
-0.243575766682625
-0.686050772666931
-1.03472709655762
-1.05770087242126
-0.919333040714264
-0.915591597557068
-1.08001828193665
-1.21195340156555
-1.30640840530396
-1.55091512203217
-1.66401171684265
-1.5485520362854
-1.26367723941803
-1.08179044723511
-0.975060880184174
-0.803610861301422
-0.670100390911102
-0.608661949634552
-0.540593922138214
-0.208918184041977
0.367461115121841
0.8289715051651
1.05332684516907
1.19103825092316
1.28562462329865
1.34023654460907
1.38447749614716
1.52107298374176
1.7943297624588
2.09883069992065
2.24356555938721
2.15357398986816
1.97450983524323
1.81946957111359
1.63883006572723
1.42819333076477
1.26980555057526
1.23934888839722
1.22228264808655
1.06665170192719
0.633563101291656
-0.0805275738239288
-0.639643728733063
-0.596781194210052
-0.162839338183403
0.0766787156462669
-0.0419316217303276
-0.0186296477913857
0.305760115385056
0.39332303404808
-0.0358927994966507
-0.139931201934814
0.428965210914612
1.04210257530212
1.22595846652985
1.29678332805634
1.58487451076508
1.69783985614777
1.42071044445038
1.20324718952179
1.42701184749603
1.74240899085999
1.63541686534882
1.32986557483673
1.13983952999115
1.00212812423706
0.845250070095062
0.722832679748535
0.69546103477478
0.62004142999649
0.374025046825409
0.0241672210395336
-0.354571938514709
-0.707843005657196
-1.05015230178833
-1.29032683372498
-1.36843764781952
-1.30614590644836
-1.26282393932343
-1.36830639839172
-1.6117627620697
-1.83900630474091
-1.79903185367584
-1.47976195812225
-1.16403663158417
-1.06433045864105
-1.12334024906158
-1.13003540039063
-1.10187613964081
-1.16620278358459
-1.17099440097809
-0.982806324958801
-0.641350328922272
-0.453818649053574
-0.460776448249817
-0.545845031738281
-0.56947523355484
-0.505214273929596
-0.455065816640854
-0.391723811626434
-0.21042788028717
-0.0323482751846313
-0.0852536037564278
-0.447123438119888
-0.890254855155945
-1.09885668754578
-1.01247537136078
-0.951627612113953
-1.05225276947021
-1.18746984004974
-1.28487873077393
-1.47326374053955
-1.65482223033905
-1.60027587413788
-1.34296953678131
-1.15451896190643
-1.08776366710663
-0.98759800195694
-0.812800347805023
-0.665768206119537
-0.591333150863647
-0.352602750062943
0.10575695335865
0.589584767818451
0.891460180282593
1.08693420886993
1.27072441577911
1.44939482212067
1.56990873813629
1.57496297359467
1.65313947200775
1.86567974090576
2.09482669830322
2.14681315422058
1.96610796451569
1.74149000644684
1.55625569820404
1.41782224178314
1.2452564239502
1.09061002731323
1.07413458824158
0.994513988494873
0.775869250297546
0.197258234024048
-0.547748625278473
-0.818970441818237
-0.404523491859436
0.0254143700003624
-0.0455417893826962
-0.171700656414032
0.140677094459534
0.403628408908844
0.128665089607239
-0.230250969529152
0.125973880290985
0.817287743091583
1.17968261241913
1.24020218849182
1.42123556137085
1.63390707969666
1.52803075313568
1.27308750152588
1.24729120731354
1.52632415294647
1.66718626022339
1.46291649341583
1.12730240821838
0.861397385597229
0.766154646873474
0.740095794200897
0.634088218212128
0.539567530155182
0.470383644104004
0.257252633571625
-0.160213768482208
-0.635245859622955
-0.981953024864197
-1.18687915802002
-1.30489873886108
-1.28763556480408
-1.24582326412201
-1.27030682563782
-1.44562947750092
-1.74606096744537
-1.85876369476318
-1.61885178089142
-1.18136537075043
-0.967381060123444
-1.0406346321106
-1.13929057121277
-1.10561764240265
-1.12032079696655
-1.17650806903839
-1.03820598125458
-0.702460587024689
-0.412268936634064
-0.396187305450439
-0.505017399787903
-0.576695561408997
-0.579714953899384
-0.534029960632324
-0.476529896259308
-0.32943207025528
-0.0790178701281548
-0.0258499775081873
-0.294380635023117
-0.733639299869537
-0.987269818782806
-0.952480971813202
-0.917692065238953
-0.990879952907562
-1.11073744297028
-1.21641683578491
-1.4238373041153
-1.68291580677032
-1.70956540107727
-1.56108915805817
-1.29098320007324
-1.11218154430389
-0.938368499279022
-0.738430976867676
-0.638987302780151
-0.574332535266876
-0.4336017370224
-0.0220428947359324
0.541339814662933
0.977053940296173
1.16156625747681
1.28674042224884
1.39780223369598
1.44079613685608
1.4642950296402
1.57286250591278
1.87014317512512
2.11419034004211
2.20943307876587
2.14740395545959
1.95704972743988
1.71792554855347
1.4350198507309
1.22228264808655
1.06658601760864
1.01098954677582
1.05457401275635
0.972590446472168
0.49407947063446
-0.29129558801651
-0.758910477161407
-0.480665177106857
-0.0448197536170483
0.0521952323615551
-0.0792804211378098
0.0777289494872093
0.42903083562851
0.372384071350098
-0.015741515904665
0.0411678180098534
0.606585323810577
1.13235664367676
1.29999959468842
1.40810763835907
1.64394986629486
1.71674394607544
1.47328758239746
1.26061606407166
1.39438903331757
1.69810235500336
1.62287974357605
1.26967430114746
0.950010538101196
0.848138213157654
0.829496622085571
0.732547283172607
0.639470636844635
0.553023636341095
0.375534772872925
0.0209508929401636
-0.444366604089737
-0.853824973106384
-1.15281224250793
-1.28514122962952
-1.3084431886673
-1.29754710197449
-1.29629993438721
-1.37710201740265
-1.57165706157684
-1.75137770175934
-1.68560707569122
-1.40762436389923
-1.17887115478516
-1.12373411655426
-1.17178213596344
-1.19114565849304
-1.18694472312927
-1.16049206256866
-1.06203305721283
-0.850083529949188
-0.592711567878723
-0.446401417255402
-0.473444819450378
-0.603673338890076
-0.661042153835297
-0.588838815689087
-0.509874701499939
-0.433667361736298
-0.243903964757919
-0.102976232767105
-0.22565621137619
-0.589823424816132
-0.947689294815063
-0.998428523540497
-0.9186110496521
-0.952743530273438
-1.10187613964081
-1.24654531478882
-1.38156545162201
-1.557741522789
-1.63001048564911
-1.47017860412598
-1.32826638221741
-1.24818634986877
-1.17381691932678
-1.00978410243988
-0.812800347805023
-0.712175190448761
-0.549323916435242
-0.206030040979385
0.259353071451187
0.628574550151825
0.872424781322479
1.10426306724548
1.2947484254837
1.4064667224884
1.45753407478333
1.4965238571167
1.64158689975739
1.81382465362549
1.92948114871979
1.91904449462891
1.7999746799469
1.68182384967804
1.52035105228424
1.33721721172333
1.09730529785156
0.984799385070801
0.933666288852692
0.929202854633331
0.700712203979492
0.0287619773298502
-0.677123785018921
-0.694518208503723
-0.220930188894272
0.00651023117825389
-0.0958215445280075
-0.096149742603302
0.237495169043541
0.350066691637039
-0.019482959061861
-0.188635617494583
0.292829155921936
0.891000747680664
1.13117516040802
1.21138644218445
1.40666365623474
1.58710622787476
1.43935203552246
1.24295902252197
1.26711428165436
1.53984594345093
1.58789396286011
1.33209729194641
1.07662880420685
0.944103002548218
0.832909882068634
0.712199091911316
0.677672803401947
0.684827446937561
0.552367210388184
0.269855380058289
-0.122142933309078
-0.563633322715759
-1.01897358894348
-1.31225037574768
-1.32275259494781
-1.24917089939117
-1.2571132183075
-1.32249009609222
-1.46269571781158
-1.64445114135742
-1.7254501581192
-1.52741622924805
-1.19022679328918
-1.01280355453491
-1.03295481204987
-1.07135379314423
-1.03912496566772
-1.05284357070923
-1.02868831157684
-0.876601815223694
-0.599078595638275
-0.369931548833847
-0.3363898396492
-0.451849490404129
-0.580437004566193
-0.585885047912598
-0.566324532032013
-0.517291903495789
-0.299631774425507
-0.0062238066457212
0.00145599956158549
-0.358379006385803
-0.755300283432007
-0.945391893386841
-0.891436338424683
-0.909946620464325
-1.02284634113312
-1.09997260570526
-1.18385970592499
-1.37290108203888
-1.57651448249817
-1.50483620166779
-1.27969324588776
-1.17558920383453
-1.11940181255341
-0.94959282875061
-0.721758544445038
-0.606889665126801
-0.516635537147522
-0.265302389860153
0.114355713129044
0.519941389560699
0.899008750915527
1.18421173095703
1.29803049564362
1.33262240886688
1.43534803390503
1.54240584373474
1.62839341163635
1.75113904476166
1.95954406261444
2.095942735672
1.98534023761749
1.79537999629974
1.63627016544342
1.53439784049988
1.29717719554901
1.07676017284393
1.03678572177887
1.13307869434357
1.0434809923172
0.514755845069885
-0.294511914253235
-0.71834534406662
-0.415485262870789
0.00408157426863909
0.0755628496408463
-0.0364179164171219
0.120066337287426
0.378422886133194
0.191875815391541
-0.232285797595978
-0.13369545340538
0.504187941551208
1.04282462596893
1.20259082317352
1.34502828121185
1.56124436855316
1.59898698329926
1.38690614700317
1.23009371757507
1.40587592124939
1.66541397571564
1.58257710933685
1.22569584846497
0.928086996078491
0.838686168193817
0.821685552597046
0.752961158752441
0.705438256263733
0.578163504600525
0.365491926670074
0.0290901735424995
-0.379580527544022
-0.909158945083618
-1.36220192909241
-1.46079218387604
-1.38642287254333
-1.32058656215668
-1.34185373783112
-1.42311525344849
-1.58636033535004
-1.75977957248688
-1.73555862903595
-1.46624028682709
-1.1889796257019
-1.07831156253815
-1.04115974903107
-0.966068267822266
-0.890451729297638
-0.898984849452972
-0.891108155250549
-0.73455822467804
-0.505805015563965
-0.364024013280869
-0.382796853780746
-0.513616144657135
-0.600391387939453
-0.60465794801712
-0.616210460662842
-0.550374150276184
-0.320439457893372
-0.103829547762871
-0.205701842904091
-0.526481449604034
-0.770791172981262
-0.820677101612091
-0.829735338687897
-0.965871393680573
-1.09157073497772
-1.19495272636414
-1.29859733581543
-1.41727328300476
-1.42429673671722
-1.31697630882263
-1.26131415367126
-1.20322334766388
-1.0460170507431
-0.824418544769287
-0.654281318187714
-0.535474061965942
-0.379317969083786
-0.0768517702817917
0.309829741716385
0.65581488609314
0.945940852165222
1.18933165073395
1.32041347026825
1.31207728385925
1.31260240077972
1.40141248703003
1.52520835399628
1.6889785528183
1.86055982112885
1.96735513210297
1.921013712883
1.75113904476166
1.55934083461761
1.35572743415833
1.07439708709717
0.941083550453186
1.04006767272949
1.21296179294586
0.938851833343506
0.12571132183075
-0.661304712295532
-0.698522210121155
-0.234977006912231
0.0248236153274775
-0.0270971264690161
-0.0473140515387058
0.246028289198875
0.352495342493057
-0.0475766099989414
-0.292805284261703
0.136147990822792
0.787093579769135
1.05102956295013
1.14049601554871
1.36360418796539
1.59846186637878
1.50361299514771
1.23659205436707
1.2140120267868
1.49626135826111
1.65057945251465
1.44230580329895
1.12769627571106
0.904194235801697
0.829627931118011
0.807507455348969
0.785321354866028
0.674653351306915
0.509701609611511
0.321316629648209
-0.023815156891942
-0.582406163215637
-1.10830879211426
-1.35307800769806
-1.35517847537994
-1.34822070598602
-1.33016991615295
-1.25868856906891
-1.37565791606903
-1.59679698944092
-1.70785880088806
-1.4466141462326
-1.10154795646667
-1.01752960681915
-1.03203582763672
-0.978408515453339
-0.841484785079956
-0.867084145545959
-0.900363266468048
-0.772694706916809
-0.554509460926056
-0.423887103796005
-0.489723384380341
-0.607086598873138
-0.681718528270721
-0.637740194797516
-0.597568869590759
-0.567571699619293
-0.371966361999512
-0.144066482782364
-0.143607005476952
-0.467734217643738
-0.809780955314636
-0.860914051532745
-0.7663933634758
-0.780505776405334
-0.895046472549438
-0.968234419822693
-1.12498116493225
-1.38025271892548
-1.54008460044861
-1.35951066017151
-1.17854297161102
-1.14513254165649
-1.12786936759949
-0.991798937320709
-0.708827614784241
-0.570919275283813
-0.465765029191971
-0.251649409532547
0.136410549283028
0.539961397647858
0.86303836107254
1.06422305107117
1.11555302143097
1.15322995185852
1.2598283290863
1.36124122142792
1.42228579521179
1.54253709316254
1.81500613689423
2.04251217842102
2.00588536262512
1.81907570362091
1.64204633235931
1.55179226398468
1.34246826171875
1.10045599937439
1.08371794223785
1.20055603981018
1.08877217769623
0.554139494895935
-0.175442099571228
-0.623168230056763
-0.419686198234558
-0.0305103734135628
0.0287619773298502
-0.133301630616188
-0.0823654755949974
0.117375127971172
0.0971582010388374
-0.135599002242088
-0.054271824657917
0.424829930067062
0.8747878074646
1.06960546970367
1.23724842071533
1.44086170196533
1.47204041481018
1.33203160762787
1.26908349990845
1.39366698265076
1.57154965400696
1.53794229030609
1.32704305648804
1.03376638889313
0.842755794525146
0.801009178161621
0.782695770263672
0.639667570590973
0.432837933301926
0.231784537434578
-0.0141661697998643
-0.377808272838593
-0.887432336807251
-1.29840040206909
-1.49643445014954
-1.50437676906586
-1.45074939727783
-1.38274705410004
-1.38655412197113
-1.5970596075058
-1.79863810539246
-1.73227667808533
-1.3532749414444
-1.07982134819031
-1.07470142841339
-1.09025800228119
-0.918020308017731
-0.751755774021149
-0.888679504394531
-1.04713296890259
-0.879686892032623
-0.548470616340637
-0.502982556819916
-0.706858456134796
-0.811093747615814
-0.699769377708435
-0.612600266933441
-0.703773379325867
-0.660713970661163
-0.369406431913376
-0.157588183879852
-0.309543341398239
-0.597240686416626
-0.775517225265503
-0.799869418144226
-0.848442554473877
-0.976898789405823
-1.05074310302734
-1.12681913375854
-1.21779525279999
-1.37749588489532
-1.39718770980835
-1.27608299255371
-1.24037516117096
-1.23847162723541
-1.10804629325867
-0.835052132606506
-0.572297751903534
-0.456772446632385
-0.334617555141449
-0.0834157019853592
0.23815156519413
0.519416272640228
0.689159691333771
0.875641107559204
1.03763902187347
1.19136643409729
1.2773540019989
1.36563897132874
1.49862432479858
1.68753445148468
1.95613074302673
2.05288314819336
1.95455539226532
1.72343921661377
1.54522836208344
1.41086447238922
1.22057604789734
1.21184599399567
1.33367264270782
1.28234267234802
0.890606880187988
0.220625847578049
-0.473116636276245
-0.623955905437469
-0.17885534465313
0.170608654618263
0.101752951741219
-0.109343253076077
0.0250861719250679
0.235525995492935
0.0437933914363384
-0.222965002059937
0.0815360322594643
0.73235034942627
1.0784010887146
1.21263360977173
1.4423713684082
1.65963768959045
1.58329916000366
1.36235702037811
1.37023377418518
1.61789107322693
1.67749166488647
1.47538805007935
1.23403203487396
1.02825260162354
0.920407176017761
0.898680508136749
0.885355710983276
0.685286939144135
0.38216432929039
0.0745126157999039
-0.33816209435463
-0.89261782169342
-1.2909175157547
-1.41707634925842
-1.37454211711884
-1.33312368392944
-1.396399974823
-1.36266136169434
-1.44648277759552
-1.65862929821014
-1.78642916679382
-1.50634598731995
-1.10410785675049
-0.986613392829895
-1.08421921730042
-1.13554918766022
-1.02317452430725
-0.977161347866058
-0.987991869449615
-0.899903833866119
-0.641350328922272
-0.461498469114304
-0.533636152744293
-0.74040013551712
-0.843257009983063
-0.759763777256012
-0.69294285774231
-0.664586663246155
-0.515782237052917
-0.375707805156708
-0.44010004401207
-0.623758971691132
-0.775254666805267
-0.794946491718292
-0.738365352153778
-0.805186212062836
-0.956091105937958
-1.14099717140198
-1.29406821727753
-1.42396855354309
-1.42035841941833
-1.27641117572784
-1.16633403301239
-1.17716455459595
-1.14546072483063
-0.955959856510162
-0.717426359653473
-0.561335921287537
-0.456575512886047
-0.215875953435898
0.0953202992677689
0.319019258022308
0.502218723297119
0.770093023777008
1.00081539154053
1.07144331932068
1.14489376544952
1.28660917282104
1.41362142562866
1.56354165077209
1.77805113792419
1.98363363742828
1.98645615577698
1.80384743213654
1.60870158672333
1.48287093639374
1.37069320678711
1.26993680000305
1.32376110553741
1.31719720363617
1.09533607959747
0.572124660015106
-0.106914594769478
-0.577614486217499
-0.439903110265732
-0.0744887515902519
0.0208196137100458
-0.147676646709442
-0.190079674124718
0.0162904970347881
0.0812734737992287
-0.129560187458992
-0.132185757160187
0.313965022563934
0.822998344898224
1.03875494003296
1.16793322563171
1.35920631885529
1.47624135017395
1.40797638893127
1.31161785125732
1.37988269329071
1.58480882644653
1.59078204631805
1.3506076335907
1.10596966743469
0.92211377620697
0.79168838262558
0.681939363479614
0.684171080589294
0.649972975254059
0.436907559633255
-0.0249966662377119
-0.528188049793243
-1.01162207126617
-1.35163390636444
-1.46407413482666
-1.36659967899323
-1.22842884063721
-1.24995851516724
-1.44832074642181
-1.72853517532349
-1.68580400943756
-1.34625148773193
-1.07489836215973
-1.07463586330414
-1.14854574203491
-1.11953318119049
-1.09163641929626
-1.19475591182709
-1.28080904483795
-1.18661653995514
-0.944932401180267
-0.683425188064575
-0.518407821655273
-0.46760293841362
-0.60564249753952
-0.760485768318176
-0.801641702651978
-0.716376125812531
-0.504229724407196
-0.315910339355469
-0.230054050683975
-0.315844714641571
-0.459135442972183
-0.5858194231987
-0.575317144393921
-0.628353714942932
-0.847917437553406
-1.09741270542145
-1.22015833854675
-1.28067779541016
-1.35353744029999
-1.31244719028473
-1.2431321144104
-1.20952475070953
-1.16685914993286
-0.985957026481628
-0.68539434671402
-0.441150277853012
-0.358313381671906
-0.295233935117722
-0.127984836697578
0.107726134359837
0.353939414024353
0.666514098644257
0.949025928974152
1.12815570831299
1.24085855484009
1.34968864917755
1.42891538143158
1.50380992889404
1.66475760936737
1.86613917350769
1.91359651088715
1.77929830551147
1.63607323169708
1.56236016750336
1.50512266159058
1.34725999832153
1.30242824554443
1.31673765182495
1.18381798267365
0.860281527042389
0.345734477043152
-0.286372631788254
-0.58050262928009
-0.314925760030746
0.0262676812708378
0.0270553529262543
-0.108293026685715
0.0296152886003256
0.303594022989273
0.2586310505867
0.0318470261991024
0.196930035948753
0.690275549888611
1.03166592121124
1.13032186031342
1.33196604251862
1.57909822463989
1.6127712726593
1.44847583770752
1.35618698596954
1.45412087440491
1.53597319126129
1.41611564159393
1.11174595355988
0.8619225025177
0.757030785083771
0.689422249794006
0.638617336750031
0.564444839954376
0.439139306545258
0.137788966298103
-0.258738458156586
-0.763111352920532
-1.13371121883392
-1.31763279438019
-1.38235318660736
-1.31979882717133
-1.29288673400879
-1.30942785739899
-1.46374595165253
-1.641037940979
-1.65068686008453
-1.45462214946747
-1.18221879005432
-1.03262662887573
-0.992652237415314
-0.992389678955078
-1.01615118980408
-1.07883667945862
-1.1203864812851
-1.00866830348969
-0.750902473926544
-0.55411559343338
-0.57715505361557
-0.740334510803223
-0.843979060649872
-0.797572016716003
-0.804201602935791
-0.807549238204956
-0.654675126075745
-0.431763827800751
-0.316894948482513
-0.367568522691727
-0.493727385997772
-0.585425615310669
-0.685591280460358
-0.885069310665131
-1.09728133678436
-1.20217311382294
-1.22133982181549
-1.24483871459961
-1.23558354377747
-1.16994416713715
-1.21983015537262
-1.27851164340973
-1.14139103889465
-0.893405497074127
-0.622643113136292
-0.485325545072556
-0.341575354337692
-0.146232575178146
0.0611221864819527
0.237298250198364
0.423320233821869
0.713708817958832
0.965895235538483
1.14305591583252
1.22379231452942
1.26140367984772
1.35283935070038
1.54050230979919
1.73702657222748
1.83903014659882
1.82314538955688
1.7724062204361
1.61986029148102
1.5093891620636
1.41204607486725
1.32638669013977
1.38034224510193
1.31660640239716
1.01932573318481
0.561228513717651
0.00900452677160501
-0.498978555202484
-0.57367616891861
-0.248695641756058
0.00828249379992485
-0.0477078892290592
-0.14721716940403
0.0479943118989468
0.300312042236328
0.239923819899559
0.111533224582672
0.333394289016724
0.787093579769135
1.06008768081665
1.19589555263519
1.38867843151093
1.57397830486298
1.59117591381073
1.45884692668915
1.39708030223846
1.47039937973022
1.47263121604919
1.30787634849548
1.07866370677948
0.908066987991333
0.811445832252502
0.786174654960632
0.760575294494629
0.59660816192627
0.29788339138031
-0.0586696639657021
-0.389557719230652
-0.765802562236786
-1.13357996940613
-1.32209622859955
-1.34992730617523
-1.30982172489166
-1.34421670436859
-1.44891154766083
-1.53319239616394
-1.58097791671753
-1.53266727924347
-1.36384284496307
-1.16941905021667
-1.03846848011017
-0.961145341396332
-0.931738913059235
-0.959307432174683
-1.0075523853302
-0.999741315841675
-0.86275190114975
-0.657103776931763
-0.560942113399506
-0.65145879983902
-0.78089964389801
-0.796653091907501
-0.755037724971771
-0.756547451019287
-0.640759587287903
-0.390214115381241
-0.172094494104385
-0.195068269968033
-0.399863094091415
-0.598947286605835
-0.759501218795776
-0.867149770259857
-0.925240635871887
-0.936333656311035
-1.04824876785278
-1.1984316110611
-1.2559974193573
-1.22941339015961
-1.23715889453888
-1.18563199043274
-0.991011261940002
-0.764621078968048
-0.616998136043549
-0.541578471660614
-0.446860879659653
-0.344200909137726
-0.168090492486954
0.10752922296524
0.417084485292435
0.683974146842957
0.901371717453003
1.10235953330994
1.18736243247986
1.14935731887817
1.15697145462036
1.38224577903748
1.67749166488647
1.81671273708344
1.79925262928009
1.7284277677536
1.64526271820068
1.5734531879425
1.57666957378387
1.53367578983307
1.41434335708618
1.29113829135895
1.15322995185852
0.879776418209076
0.361947417259216
-0.192180141806602
-0.396384209394455
-0.185091093182564
-0.012722103856504
-0.00871810223907232
-0.0337923429906368
0.053836215287447
0.26270067691803
0.256727516651154
0.133391126990318
0.222529396414757
0.564773082733154
0.918372333049774
1.06980240345001
1.18493378162384
1.31430900096893
1.45044505596161
1.48589026927948
1.34561896324158
1.28529644012451
1.30551338195801
1.24906349182129
1.06382918357849
0.891985297203064
0.822670161724091
0.758015394210815
0.702746987342834
0.630937516689301
0.404087901115417
0.0279743038117886
-0.328447461128235
-0.597043752670288
-0.881984293460846
-1.21720457077026
-1.37309801578522
-1.27293229103088
-1.24234437942505
-1.40171682834625
-1.59174275398254
-1.60762751102448
-1.54008460044861
-1.47339498996735
-1.40414547920227
-1.27122569084167
-1.15209031105042
-1.10207307338715
-1.07699882984161
-1.11887669563293
-1.1000382900238
-0.957535207271576
-0.779192984104156
-0.733245432376862
-0.80912458896637
-0.889007687568665
-0.911981463432312
-0.898131549358368
-0.91093122959137
-0.813522398471832
-0.553656160831451
-0.287225931882858
-0.233664214611053
-0.322736829519272
-0.52438098192215
-0.76974093914032
-0.964099109172821
-1.05028355121613
-1.00722420215607
-1.06137669086456
-1.17447328567505
-1.24293518066406
-1.22928214073181
-1.21293795108795
-1.2322359085083
-1.10791492462158
-0.862620651721954
-0.642269313335419
-0.493464827537537
-0.406689584255219
-0.350764840841293
-0.257228761911392
-0.129757091403008
0.193254232406616
0.519284963607788
0.814990341663361
1.02418303489685
1.09586119651794
1.14889776706696
1.15158903598785
1.3525767326355
1.59465479850769
1.75744044780731
1.82412993907928
1.74818527698517
1.69823372364044
1.67178106307983
1.67014002799988
1.58599030971527
1.39412653446198
1.29507672786713
1.21716272830963
1.02149176597595
0.639995753765106
0.0915788561105728
-0.376889318227768
-0.408527493476868
-0.13487696647644
0.0830457359552383
0.0680143162608147
-0.0018916082335636
0.111139386892319
0.301953017711639
0.232112735509872
0.178747937083244
0.386890381574631
0.766220271587372
1.04229950904846
1.21578431129456
1.49048507213593
1.60049664974213
1.49041938781738
1.26921474933624
1.24131798744202
1.38802206516266
1.40430057048798
1.25582432746887
1.08161747455597
0.944103002548218
0.79155707359314
0.704650580883026
0.755849242210388
0.702090620994568
0.422795116901398
0.0547551661729813
-0.297400057315826
-0.716901242733002
-1.08389091491699
-1.26013267040253
-1.27614867687225
-1.27726459503174
-1.35544097423553
-1.42259013652802
-1.47195088863373
-1.56194245815277
-1.64635467529297
-1.5274817943573
-1.2422788143158
-1.02199304103851
-0.973222970962524
-1.00551760196686
-1.04627954959869
-1.08986413478851
-1.0635427236557
-0.910668671131134
-0.691105008125305
-0.617195069789886
-0.71289724111557
-0.813456773757935
-0.849427163600922
-0.823893427848816
-0.736264884471893
-0.512237727642059
-0.295759052038193
-0.187388464808464
-0.212068870663643
-0.320702016353607
-0.54433536529541
-0.836299240589142
-0.940140724182129
-0.907255411148071
-0.940928399562836
-1.11296916007996
-1.26748430728912
-1.25455331802368
-1.26354587078094
-1.2955778837204
-1.18635404109955
-0.959569990634918
-0.729503989219666
-0.635180234909058
-0.564355373382568
-0.507249116897583
-0.427956759929657
-0.307442873716354
-0.036352276802063
0.382820725440979
0.69854611158371
0.877413392066956
0.938261091709137
0.995958089828491
1.03803288936615
1.1187037229538
1.34745693206787
1.59662389755249
1.75166416168213
1.75048267841339
1.73453223705292
1.70131874084473
1.67637574672699
1.58979749679565
1.41224300861359
1.29862117767334
1.18979108333588
1.16379797458649
0.883058369159698
0.40093719959259
-0.230841726064682
-0.474166870117188
-0.252962201833725
0.0384109653532505
0.103065744042397
-0.0219772551208735
0.0100547568872571
0.202640667557716
0.284230411052704
0.181373506784439
0.285740107297897
0.583283364772797
0.909707963466644
1.05332684516907
1.12526762485504
1.32533645629883
1.48346161842346
1.39392960071564
1.11804735660553
1.09920883178711
1.27971708774567
1.26560461521149
1.02437996864319
0.840064585208893
0.833500623703003
0.827527463436127
0.779216885566711
0.699596345424652
0.547247350215912
0.166145175695419
-0.261560946702957
-0.587000966072083
-0.835117757320404
-1.08966720104218
-1.25507843494415
-1.24011266231537
-1.21674501895905
-1.2762143611908
-1.39226472377777
-1.50923407077789
-1.60204815864563
-1.56903159618378
-1.39252722263336
-1.19416511058807
-1.12891960144043
-1.12622833251953
-1.11598861217499
-1.13883113861084
-1.15753829479218
-1.05048048496246
-0.871810138225555
-0.782606244087219
-0.820742726325989
-0.90325140953064
-0.907452344894409
-0.896031081676483
-0.839318692684174
-0.665308713912964
-0.353718638420105
-0.103960826992989
-0.0223710909485817
-0.0956246256828308
-0.332188904285431
-0.687560439109802
-0.922286808490753
-0.961079716682434
-0.924190402030945
-1.00131666660309
-1.1468391418457
-1.17670500278473
-1.19304919242859
-1.27956187725067
-1.28711044788361
-1.07351994514465
-0.825928270816803
-0.681127786636353
-0.525759398937225
-0.399009793996811
-0.384240925312042
-0.406230121850967
-0.19992558658123
0.216687485575676
0.612492859363556
0.848400771617889
0.990509986877441
1.13019061088562
1.13983952999115
1.12172305583954
1.31004250049591
1.61651265621185
1.84552848339081
1.89127910137177
1.84979498386383
1.82898736000061
1.76748323440552
1.71418404579163
1.56452631950378
1.36924922466278
1.25634944438934
1.21755659580231
1.12119793891907
0.746856689453125
0.141530409455299
-0.354440659284592
-0.439509272575378
-0.201238363981247
0.0670297294855118
0.15380497276783
0.0892158374190331
0.114421352744102
0.279766917228699
0.289678454399109
0.242680683732033
0.411242574453354
0.824048578739166
1.18920040130615
1.28975987434387
1.30354416370392
1.40764820575714
1.48221457004547
1.25201725959778
1.05450844764709
1.27866685390472
1.46403241157532
1.29231977462769
1.0389518737793
0.998649299144745
0.991822779178619
0.858903050422668
0.760772228240967
0.682530105113983
0.398311614990234
-0.0562410056591034
-0.437671363353729
-0.670953691005707
-0.985431909561157
-1.23302364349365
-1.24470746517181
-1.21411943435669
-1.318354845047
-1.45061814785004
-1.51678264141083
-1.60014462471008
-1.67300426959991
-1.49650001525879
-1.21648252010345
-1.11887669563293
-1.18097162246704
-1.18970167636871
-1.12471866607666
-1.12898516654968
-1.08021521568298
-0.889729738235474
-0.69878476858139
-0.699703752994537
-0.812012672424316
-0.869053304195404
-0.836824357509613
-0.787004113197327
-0.623036980628967
-0.357394427061081
-0.196184143424034
-0.14603565633297
-0.148333042860031
-0.245348021388054
-0.572625935077667
-0.847720503807068
-0.914803922176361
-0.848376929759979
-0.988451302051544
-1.25973880290985
-1.34657967090607
-1.29774403572083
-1.28336906433105
-1.32695353031158
-1.21615433692932
-0.925371885299683
-0.740334510803223
-0.658810436725616
-0.596059203147888
-0.438065201044083
-0.360873311758041
-0.321292787790298
0.0297465678304434
0.52105724811554
0.844462394714355
0.875181615352631
0.929334104061127
1.05437707901001
1.09008491039276
1.16530764102936
1.42464876174927
1.7082108259201
1.84106492996216
1.77883887290955
1.79190111160278
1.86567974090576
1.78586220741272
1.61762857437134
1.37134957313538
1.23698580265045
1.103147149086
1.04243075847626
0.879185616970062
0.387415498495102
-0.218173325061798
-0.438459038734436
-0.125884369015694
0.0667671710252762
0.0484537892043591
-0.0639864504337311
0.0677517652511597
0.357090085744858
0.398968011140823
0.289809733629227
0.300443321466446
0.635532319545746
0.95604932308197
1.08128929138184
1.16714560985565
1.40633535385132
1.56196630001068
1.37200605869293
1.10675728321075
1.19917750358582
1.35795915126801
1.29113829135895
1.10728240013123
1.07603812217712
1.04590964317322
0.895201623439789
0.804750621318817
0.722438812255859
0.469333410263062
0.0448436215519905
-0.212593987584114
-0.397171884775162
-0.759501218795776
-1.12891960144043
-1.24976170063019
-1.15826034545898
-1.1644960641861
-1.29846608638763
-1.32879149913788
-1.38734173774719
-1.53706514835358
-1.5850476026535
-1.40099477767944
-1.19462454319
-1.19600296020508
-1.22409665584564
-1.16692471504211
-1.15307486057281
-1.18714165687561
-1.0918333530426
-0.839056134223938
-0.712503433227539
-0.781949877738953
-0.860585808753967
-0.752346515655518
-0.590939283370972
-0.4698346555233
-0.326806485652924
-0.156866163015366
-0.0548625774681568
-0.0846628546714783
-0.196971818804741
-0.420867711305618
-0.608990132808685
-0.715916633605957
-0.768362522125244
-0.8892702460289
-1.06597137451172
-1.17965877056122
-1.20020389556885
-1.22606587409973
-1.24477303028107
-1.06859695911407
-0.815622866153717
-0.751887023448944
-0.810831189155579
-0.76455545425415
-0.612731575965881
-0.473247915506363
-0.325428068637848
0.00152163894381374
0.42725858092308
0.72073221206665
0.856343150138855
0.937670290470123
1.05194842815399
1.18513071537018
1.3735157251358
1.62603032588959
1.80542278289795
1.91805994510651
1.96190702915192
1.91523742675781
1.83213794231415
1.79537999629974
1.751335978508
1.61211478710175
1.3112895488739
1.18112671375275
1.12730240821838
0.961759984493256
0.605600774288177
0.0672266483306885
-0.231104284524918
-0.18233422935009
0.0210165306925774
0.0910537391901016
-0.0130503010004759
-0.0223710909485817
0.243665263056755
0.381245374679565
0.249966651201248
0.213799357414246
0.520991623401642
0.877938508987427
0.988015711307526
1.03632628917694
1.27413773536682
1.46639537811279
1.34417498111725
1.09435153007507
1.16688299179077
1.4478851556778
1.46015965938568
1.28037345409393
1.14102113246918
1.11305868625641
1.00678861141205
0.844724953174591
0.674850285053253
0.477997809648514
0.244059100747108
0.0160935781896114
-0.303373217582703
-0.720051944255829
-0.990157961845398
-1.09839725494385
-1.14802062511444
-1.29938507080078
-1.41523849964142
-1.39042687416077
-1.46558392047882
-1.66840958595276
-1.75354385375977
-1.57067251205444
-1.33955633640289
-1.30076348781586
-1.2890796661377
-1.21707320213318
-1.2156947851181
-1.22107720375061
-1.13115131855011
-0.88382214307785
-0.701475977897644
-0.672857224941254
-0.682571887969971
-0.648045539855957
-0.575776636600494
-0.521624147891998
-0.388441860675812
-0.261692225933075
-0.149974018335342
-0.129954010248184
-0.144460320472717
-0.329563349485397
-0.610368549823761
-0.768756330013275
-0.824943661689758
-0.88913893699646
-1.12032079696655
-1.28225314617157
-1.32524693012238
-1.27457332611084
-1.25803220272064
-1.19593739509583
-0.98339706659317
-0.897015690803528
-0.882312476634979
-0.875223398208618
-0.771184980869293
-0.600916504859924
-0.397762656211853
-0.0988409593701363
0.269002079963684
0.510883152484894
0.685221314430237
0.883452177047729
1.04098665714264
1.19602692127228
1.347785115242
1.5953768491745
1.844806432724
1.95383334159851
1.96111941337585
1.85373330116272
1.79012882709503
1.79314815998077
1.77030575275421
1.60633862018585
1.36524522304535
1.24433743953705
1.15992522239685
1.08345532417297
0.87715083360672
0.393388658761978
-0.185681834816933
-0.334814488887787
-0.0376650653779507
0.214849591255188
0.0370325371623039
-0.181874752044678
0.120263256132603
0.458568572998047
0.274384498596191
0.000405769678764045
0.311536371707916
0.826083362102509
0.962875843048096
0.920669734477997
1.15618371963501
1.47394394874573
1.51437783241272
1.29927754402161
1.25017940998077
1.41906940937042
1.49711465835571
1.45530235767365
1.3112895488739
1.13051879405975
1.02090108394623
0.988672077655792
0.842099368572235
0.574356436729431
0.386890381574631
0.218984872102737
-0.140521958470345
-0.636821210384369
-0.906336486339569
-0.968103110790253
-1.13239848613739
-1.37775838375092
-1.38189375400543
-1.28153109550476
-1.37572360038757
-1.66539013385773
-1.8016574382782
-1.62029588222504
-1.38346898555756
-1.32846319675446
-1.34546387195587
-1.27391695976257
-1.1570131778717
-1.11467587947845
-1.06702160835266
-0.870169162750244
-0.622774422168732
-0.506461441516876
-0.563108205795288
-0.62855064868927
-0.578008353710175
-0.456116050481796
-0.330285370349884
-0.275148302316666
-0.24206605553627
-0.180299416184425
-0.175245180726051
-0.279611766338348
-0.529763400554657
-0.732392132282257
-0.776895642280579
-0.825993895530701
-0.970466136932373
-1.12504684925079
-1.18070900440216
-1.20374846458435
-1.23919367790222
-1.20342028141022
-1.08041203022003
-0.967249810695648
-0.968300044536591
-0.984250426292419
-0.856516182422638
-0.66373336315155
-0.454934537410736
-0.246332615613937
0.0401832275092602
0.354201972484589
0.614724636077881
0.79392009973526
0.957952857017517
1.16320717334747
1.37161219120026
1.52133560180664
1.65084207057953
1.75776863098145
1.78520584106445
1.72002589702606
1.68760013580322
1.74529707431793
1.7540271282196
1.64519703388214
1.40436625480652
1.21854114532471
1.09612369537354
1.03790163993835
0.915746748447418
0.55735582113266
-0.0187609251588583
-0.350108474493027
-0.219683036208153
-0.0253905020654202
-0.0343830958008766
-0.240950182080269
-0.119320437312126
0.205463156104088
0.230406120419502
-0.0154789574444294
0.0642072334885597
0.497820913791656
0.760247111320496
0.820766627788544
0.962219417095184
1.30039346218109
1.44243705272675
1.25149214267731
1.07570993900299
1.19983398914337
1.41637825965881
1.381720662117
1.21178030967712
1.08706557750702
0.987228035926819
0.838489234447479
0.684564888477325
0.552957952022552
0.427783697843552
0.247472360730171
-0.0719288140535355
-0.499766230583191
-0.879752516746521
-1.1598356962204
-1.32905399799347
-1.42902278900146
-1.44287264347076
-1.41326928138733
-1.50240755081177
-1.73490226268768
-1.8905987739563
-1.79128646850586
-1.56325531005859
-1.41904556751251
-1.32104599475861
-1.20991849899292
-1.1223555803299
-1.13975012302399
-1.20479869842529
-1.08586013317108
-0.842075526714325
-0.666162014007568
-0.654018759727478
-0.7205770611763
-0.72825688123703
-0.688807606697083
-0.609318315982819
-0.543810248374939
-0.442134857177734
-0.283090651035309
-0.200975820422173
-0.273244768381119
-0.532257735729218
-0.768559455871582
-0.882903218269348
-0.954121947288513
-1.01976132392883
-1.158851146698
-1.25402820110321
-1.22777247428894
-1.25028681755066
-1.2442479133606
-1.20558631420135
-1.12734425067902
-1.08231556415558
-1.08448171615601
-0.922943234443665
-0.78089964389801
-0.598750412464142
-0.422311753034592
-0.188438698649406
0.117637678980827
0.374944001436234
0.610326766967773
0.841114819049835
1.05831551551819
1.24223697185516
1.35434901714325
1.4789981842041
1.60994875431061
1.69639575481415
1.74969494342804
1.7449688911438
1.76544845104218
1.78756880760193
1.70263147354126
1.51201474666595
1.27978265285492
1.18926596641541
1.12428307533264
1.01578116416931
0.803109586238861
0.36582013964653
-0.178658425807953
-0.410102844238281
-0.177739471197128
0.076613076031208
0.0013247209135443
-0.17301344871521
0.00460668932646513
0.257252633571625
0.119147390127182
-0.0875509828329086
0.133916243910789
0.633234918117523
0.899140000343323
0.983355343341827
1.14377796649933
1.32960295677185
1.41454029083252
1.35690891742706
1.3351823091507
1.39734280109406
1.45641827583313
1.44952607154846
1.29041624069214
1.02602088451385
0.894807815551758
0.93314117193222
0.857655942440033
0.566610991954803
0.295717298984528
0.107004106044769
-0.223227560520172
-0.668525040149689
-1.02429044246674
-1.22442483901978
-1.39311802387238
-1.47995889186859
-1.47720205783844
-1.52623462677002
-1.72256207466125
-1.85961699485779
-1.81209409236908
-1.71094381809235
-1.57264173030853
-1.35846042633057
-1.14907085895538
-1.13095438480377
-1.22225880622864
-1.20250129699707
-1.07141947746277
-0.892683506011963
-0.767181038856506
-0.676073551177979
-0.676270484924316
-0.696093559265137
-0.685000538825989
-0.589626491069794
-0.493071019649506
-0.46228614449501
-0.389426440000534
-0.271013021469116
-0.21456316113472
-0.385684996843338
-0.74807995557785
-0.907386720180511
-0.923337042331696
-0.946770310401917
-1.06249248981476
-1.20972168445587
-1.23623991012573
-1.3027982711792
-1.37743020057678
-1.38202500343323
-1.18287515640259
-1.01647937297821
-1.02783489227295
-1.03137946128845
-0.862555027008057
-0.644172847270966
-0.506527066230774
-0.379514902830124
-0.0597198903560638
0.316721886396408
0.535497903823853
0.659490644931793
0.829562246799469
1.06192564964294
1.22891223430634
1.35828733444214
1.48569345474243
1.56281971931458
1.55756855010986
1.58060789108276
1.68976616859436
1.78172695636749
1.75960648059845
1.57292807102203
1.35027933120728
1.11804735660553
1.00186562538147
0.958084166049957
0.912989914417267
0.626736640930176
0.0107767898589373
-0.462483048439026
-0.406820863485336
-0.104617223143578
-0.0545343831181526
-0.271209925413132
-0.19644670188427
0.142055526375771
0.24044893682003
0.0210821703076363
-0.0204019099473953
0.331228196620941
0.679970145225525
0.825886487960815
0.955721139907837
1.15493667125702
1.27321875095367
1.25424897670746
1.23948013782501
1.31207728385925
1.43285369873047
1.45589315891266
1.40738558769226
1.20121240615845
0.944824993610382
0.83428829908371
0.831662714481354
0.720404028892517
0.491913378238678
0.284755527973175
-0.0169230233877897
-0.471213102340698
-0.900691509246826
-1.1725697517395
-1.34395408630371
-1.46545267105103
-1.44425106048584
-1.40650844573975
-1.5788117647171
-1.82246518135071
-1.85830426216125
-1.63979077339172
-1.43768715858459
-1.40453922748566
-1.2917708158493
-1.10253250598907
-1.05264663696289
-1.19383692741394
-1.24155676364899
-0.983594000339508
-0.674235641956329
-0.578402161598206
-0.656250476837158
-0.679814994335175
-0.62966650724411
-0.588773190975189
-0.534226894378662
-0.440625160932541
-0.285584956407547
-0.187257185578346
-0.188766896724701
-0.312825292348862
-0.581815421581268
-0.818707942962646
-0.828619480133057
-0.784575462341309
-0.875420331954956
-1.09163641929626
-1.17040359973907
-1.1698784828186
-1.2468079328537
-1.32866013050079
-1.2579665184021
-1.02757239341736
-0.938565373420715
-0.996853172779083
-0.964492976665497
-0.761339128017426
-0.573216676712036
-0.44128155708313
-0.17760819196701
0.208351284265518
0.533266186714172
0.678919911384583
0.827461838722229
0.999568223953247
1.16681730747223
1.33459162712097
1.5283590555191
1.68753445148468
1.74280285835266
1.78271150588989
1.82137310504913
1.87729787826538
1.82747757434845
1.73787987232208
1.5808048248291
1.32960295677185
1.18821573257446
1.12461125850677
1.05700266361237
0.858377933502197
0.403694063425064
-0.194608792662621
-0.428481876850128
-0.18824177980423
0.0651261880993843
-0.0861069187521935
-0.279480487108231
-0.0852536037564278
0.195617258548737
0.0842272415757179
-0.100481942296028
0.154330089688301
0.647544324398041
0.884896278381348
0.97784161567688
1.15040755271912
1.32382667064667
1.3634729385376
1.34220576286316
1.41263675689697
1.50722312927246
1.49330759048462
1.43843305110931
1.35106706619263
1.09047877788544
0.866779804229736
0.85299551486969
0.768517673015594
0.488828301429749
0.216884404420853
0.0971582010388374
-0.163101896643639
-0.629929065704346
-1.00735545158386
-1.26269257068634
-1.44536697864532
-1.5614173412323
-1.54901158809662
-1.56870329380035
-1.72794449329376
-1.89125525951385
-1.87176024913788
-1.6466828584671
-1.34907400608063
-1.17572045326233
-1.08750116825104
-1.05507528781891
-1.07863986492157
-1.13784646987915
-1.09839725494385
-0.937843382358551
-0.816607475280762
-0.780177593231201
-0.795077741146088
-0.754184424877167
-0.641875445842743
-0.540922105312347
-0.515191495418549
-0.468324959278107
-0.312759667634964
-0.167959213256836
-0.136452317237854
-0.315582156181335
-0.591464400291443
-0.719986319541931
-0.734820783138275
-0.785560011863708
-1.01063740253448
-1.17985570430756
-1.13272666931152
-1.12478423118591
-1.21444761753082
-1.2697160243988
-1.17184770107269
-1.13226723670959
-1.22501564025879
-1.13200461864471
-0.836430549621582
-0.572757184505463
-0.436358600854874
-0.208458706736565
0.12216679751873
0.300049483776093
0.402709454298019
0.609867334365845
0.903275310993195
1.13222539424896
1.27709150314331
1.47788226604462
1.68661546707153
1.7357794046402
1.67079639434814
1.67414402961731
1.78034853935242
1.89922142028809
1.78815960884094
1.59104454517365
1.33098137378693
1.18198001384735
1.22543334960938
1.16602969169617
0.929727971553802
0.549872934818268
0.0794355720281601
-0.362448662519455
-0.494055598974228
-0.269240766763687
-0.0702221915125847
-0.182596787810326
-0.195133909583092
0.028368141502142
0.186493381857872
0.111927054822445
0.145468771457672
0.459553152322769
0.796611309051514
0.969899237155914
1.13202846050262
1.28148937225342
1.3699711561203
1.33833301067352
1.37555050849915
1.55815923213959
1.66803956031799
1.54778826236725
1.46843028068542
1.33465719223022
1.10006213188171
0.893101155757904
0.843280911445618
0.763922929763794
0.449575960636139
0.103590860962868
-0.131857559084892
-0.366715222597122
-0.743419528007507
-1.1140193939209
-1.31047809123993
-1.27378571033478
-1.29945063591003
-1.42390286922455
-1.56666851043701
-1.7127161026001
-1.64307272434235
-1.2955778837204
-1.0259313583374
-1.17243850231171
-1.25429081916809
-1.09813475608826
-1.02829444408417
-1.15077745914459
-1.18681347370148
-1.05146515369415
-0.88034325838089
-0.797703325748444
-0.713225424289703
-0.590151607990265
-0.504886090755463
-0.493464827537537
-0.467340379953384
-0.373804271221161
-0.32634699344635
-0.287619769573212
-0.274098068475723
-0.351289957761765
-0.455131441354752
-0.469703376293182
-0.382403016090393
-0.447189092636108
-0.742894470691681
-1.05881667137146
-1.21864855289459
-1.23046362400055
-1.22055208683014
-1.14939904212952
-1.03236401081085
-0.980574607849121
-1.06117975711823
-1.14283514022827
-0.989042103290558
-0.733836233615875
-0.518079578876495
-0.290442287921906
0.0322408638894558
0.27917617559433
0.383936613798141
0.518694221973419
0.788012564182281
1.07991087436676
1.24604403972626
1.41243982315063
1.60745441913605
1.72488331794739
1.69652700424194
1.70020282268524
1.80410993099213
1.91812551021576
1.87368774414063
1.7319723367691
1.56728315353394
1.34850716590881
1.28870964050293
1.27761662006378
1.17863249778748
0.952111005783081
0.478719860315323
-0.151615008711815
-0.491298735141754
-0.355359613895416
-0.0735041573643684
-0.0943118408322334
-0.213578566908836
-0.0664151087403297
0.182029902935028
0.154789566993713
0.0256112869828939
0.226795956492424
0.608948349952698
0.864285528659821
0.9765944480896
1.1663578748703
1.332359790802
1.35113275051117
1.36281645298004
1.47394394874573
1.58789396286011
1.50656676292419
1.37561619281769
1.34095859527588
1.17699146270752
0.878201067447662
0.684827446937561
0.726639747619629
0.67898553609848
0.399099290370941
0.0199006628245115
-0.313284784555435
-0.597634494304657
-0.961998641490936
-1.27916812896729
-1.43689954280853
-1.38996732234955
-1.39305233955383
-1.5970596075058
-1.89827859401703
-1.95715713500977
-1.67969954013824
-1.15806341171265
-0.97013795375824
-1.14539504051208
-1.13036358356476
-1.07030355930328
-1.21687626838684
-1.39009857177734
-1.28179371356964
-1.04654216766357
-0.846145153045654
-0.759041726589203
-0.641941070556641
-0.556609928607941
-0.54072517156601
-0.545582473278046
-0.531732618808746
-0.423493266105652
-0.293461680412292
-0.183318823575974
-0.156341046094894
-0.272391438484192
-0.471738219261169
-0.570394158363342
-0.63846218585968
-0.790154814720154
-1.09006106853485
-1.25868856906891
-1.20263254642487
-1.12609708309174
-1.17217588424683
-1.25054931640625
-1.22173368930817
-1.15786647796631
-1.135089635849
-0.984972417354584
-0.713487982749939
-0.461039006710052
-0.305014222860336
-0.173341646790504
-0.0106872832402587
0.0868528187274933
0.247669264674187
0.587024807929993
1.0132212638855
1.34003961086273
1.50847029685974
1.65189230442047
1.71779417991638
1.66593909263611
1.59373581409454
1.70059669017792
1.93177855014801
1.99374210834503
1.82307970523834
1.5697774887085
1.38775944709778
1.35973143577576
1.37765097618103
1.22156059741974
1.00632905960083
0.758015394210815
0.242811962962151
-0.388244926929474
-0.522411823272705
-0.136058479547501
0.0893471166491508
-0.0914237052202225
-0.127787917852402
0.173365503549576
0.367395490407944
0.208023086190224
0.206710308790207
0.588731408119202
0.990444362163544
1.12191998958588
1.18572151660919
1.34844148159027
1.38572466373444
1.40101861953735
1.57581627368927
1.83692967891693
1.83095645904541
1.59117591381073
1.42674922943115
1.31654071807861
1.11811292171478
0.891000747680664
0.845118820667267
0.779413819313049
0.520466506481171
0.204675480723381
-0.0688437670469284
-0.368815690279007
-0.76094526052475
-1.05592858791351
-1.17046928405762
-1.21260976791382
-1.27568924427032
-1.45009303092957
-1.34736740589142
-1.19055497646332
-1.43368315696716
-1.66440558433533
-1.58839511871338
-1.33601176738739
-1.22921657562256
-1.15924501419067
-1.31540095806122
-1.47313237190247
-1.41051244735718
-1.06945025920868
-0.696224868297577
-0.529960334300995
-0.493202269077301
-0.520245730876923
-0.50383585691452
-0.534948945045471
-0.51151567697525
-0.484537899494171
-0.474823266267776
-0.413187891244888
-0.262545555830002
-0.0433756895363331
0.00591947650536895
-0.221652209758759
-0.616473019123077
-0.998822331428528
-1.23381125926971
-1.30489873886108
-1.17033803462982
-1.00781488418579
-1.00952160358429
-1.13443326950073
-1.19495272636414
-1.13568043708801
-1.09839725494385
-1.02560317516327
-0.820808351039886
-0.604723572731018
-0.49510583281517
-0.376692414283752
-0.145707458257675
0.0543613322079182
0.185114949941635
0.433494329452515
0.842690169811249
1.29113829135895
1.52192628383636
1.57634139060974
1.59025692939758
1.55947208404541
1.53229737281799
1.66180384159088
1.92711818218231
2.08596539497375
1.97024321556091
1.72619605064392
1.46823334693909
1.28614974021912
1.32362985610962
1.32402360439301
1.16346979141235
0.871243298053741
0.415443509817123
-0.215219557285309
-0.594418168067932
-0.410037189722061
-0.0549938566982746
-0.109999649226665
-0.266812086105347
-0.0761297345161438
0.294470131397247
0.268083125352859
0.0378858484327793
0.100965283811092
0.498739868402481
0.819978952407837
0.988278269767761
1.23718273639679
1.51089894771576
1.58559656143188
1.54476881027222
1.56209766864777
1.62248587608337
1.53334760665894
1.41736280918121
1.30774509906769
1.12185442447662
0.909511029720306
0.745346963405609
0.682530105113983
0.550857543945313
0.315146535634995
-0.0170543026179075
-0.290770471096039
-0.581093370914459
-0.888482570648193
-1.1772301197052
-1.36292397975922
-1.39390575885773
-1.4502899646759
-1.58649158477783
-1.71028745174408
-1.50161993503571
-1.13252973556519
-1.17467021942139
-1.5054270029068
-1.54185688495636
-1.22494995594025
-1.05967009067535
-1.17834603786469
-1.30135416984558
-1.1891108751297
-0.995802938938141
-0.871022462844849
-0.777814567089081
-0.573019742965698
-0.39434939622879
-0.433076620101929
-0.542169272899628
-0.594286918640137
-0.557594478130341
-0.454540699720383
-0.360020011663437
-0.283025026321411
-0.235895961523056
-0.262414276599884
-0.401175886392593
-0.661895453929901
-0.974273204803467
-1.20092594623566
-1.20072901248932
-1.04949593544006
-1.00637090206146
-1.12662220001221
-1.20033514499664
-1.12747550010681
-1.07929623126984
-1.033282995224
-0.899772524833679
-0.65021163225174
-0.481584101915359
-0.441872298717499
-0.319783061742783
-0.135073885321617
0.0831113755702972
0.293682456016541
0.641439855098724
1.13150334358215
1.42064476013184
1.50636982917786
1.51936638355255
1.5331506729126
1.53347885608673
1.59124147891998
1.73958647251129
1.89475798606873
1.91057705879211
1.77962648868561
1.63377583026886
1.44906663894653
1.34811329841614
1.34752249717712
1.26868963241577
1.09133207798004
0.808754622936249
0.261059701442719
-0.409052610397339
-0.668656289577484
-0.251321196556091
0.119475588202477
0.0231826305389404
-0.0672684162855148
0.217146962881088
0.52440482378006
0.380785912275314
0.203428342938423
0.439401865005493
0.898417949676514
1.10025906562805
1.186443567276
1.41138958930969
1.55087327957153
1.49521112442017
1.49704897403717
1.68766570091248
1.71392154693604
1.50256276130676
1.30255961418152
1.19609248638153
0.906951069831848
0.611836493015289
0.628508865833282
0.719288110733032
0.536482512950897
0.166604653000832
-0.0942462012171745
-0.354440659284592
-0.734952092170715
-1.07831156253815
-1.24070346355438
-1.30417668819427
-1.38215625286102
-1.4328955411911
-1.50457370281219
-1.59456527233124
-1.61025309562683
-1.50870895385742
-1.34513568878174
-1.17368566989899
-0.969941020011902
-0.8563192486763
-0.936464965343475
-1.12242126464844
-1.17644250392914
-0.997312664985657
-0.800460159778595
-0.754315674304962
-0.794027507305145
-0.741647303104401
-0.690186023712158
-0.71066552400589
-0.748933255672455
-0.756284892559052
-0.58457225561142
-0.271866321563721
-0.062476746737957
-0.0539436265826225
-0.295365214347839
-0.573019742965698
-0.895440340042114
-1.09603428840637
-1.14874267578125
-1.06393659114838
-0.936793148517609
-0.960160732269287
-1.08369410037994
-1.24661099910736
-1.2854038476944
-1.2055207490921
-1.04890513420105
-0.894849598407745
-0.733114182949066
-0.571641325950623
-0.467734217643738
-0.387522906064987
-0.256966203451157
-0.0718631744384766
0.180454552173615
0.549150884151459
0.94850081205368
1.22641789913177
1.33255672454834
1.35329878330231
1.4231390953064
1.47873568534851
1.58585906028748
1.7670236825943
1.9420839548111
2.01507496833801
1.85649025440216
1.71142721176147
1.53098452091217
1.37994837760925
1.32034778594971
1.27026498317719
1.08030462265015
0.839079976081848
0.493816912174225
-0.140521958470345
-0.689923465251923
-0.591398775577545
-0.0300508979707956
0.125251844525337
-0.0696970745921135
-0.0362209975719452
0.345340639352798
0.466970413923264
0.217146962881088
0.239989459514618
0.674259543418884
1.06599533557892
1.21007370948792
1.38966298103333
1.53873002529144
1.47709465026855
1.36012530326843
1.53242862224579
1.71162414550781
1.58651542663574
1.33472287654877
1.25339567661285
1.1590062379837
0.854439616203308
0.693688809871674
0.788734614849091
0.733006775379181
0.363850951194763
-0.0181045327335596
-0.227231562137604
-0.4546719789505
-0.808008670806885
-1.14651095867157
-1.33062934875488
-1.3696848154068
-1.3787430524826
-1.42810380458832
-1.55006170272827
-1.6458295583725
-1.6155698299408
-1.47050678730011
-1.27838039398193
-1.07023799419403
-0.864983677864075
-0.8517245054245
-0.989435911178589
-1.11907362937927
-1.0396500825882
-0.843650877475739
-0.697340726852417
-0.675089001655579
-0.679749369621277
-0.656906843185425
-0.652771592140198
-0.648439407348633
-0.599209845066071
-0.466487050056458
-0.208786904811859
0.0550833642482758
0.0721495971083641
-0.0956246256828308
-0.403341978788376
-0.713684916496277
-0.905154943466187
-0.98871386051178
-0.927603602409363
-0.864458560943604
-0.884281635284424
-1.03761518001556
-1.18129980564117
-1.20545506477356
-1.11119699478149
-1.05166208744049
-0.942963242530823
-0.762783169746399
-0.62087082862854
-0.550702393054962
-0.443119436502457
-0.223424479365349
-0.0384527370333672
0.105822592973709
0.40743550658226
0.856277525424957
1.21676886081696
1.31345570087433
1.27164340019226
1.29894936084747
1.36760818958282
1.49311065673828
1.70860469341278
1.91333389282227
2.04835414886475
2.02078557014465
1.91956961154938
1.74332797527313
1.4845118522644
1.31424331665039
1.29967141151428
1.22359538078308
0.983092784881592
0.665660798549652
0.171265050768852
-0.366387009620667
-0.598028361797333
-0.255719035863876
0.122691914439201
0.122035518288612
0.0724121555685997
0.265982657670975
0.505500733852386
0.418069064617157
0.283574014902115
0.432378441095352
0.814596474170685
1.08831262588501
1.2893660068512
1.46002840995789
1.46009409427643
1.31220853328705
1.32481133937836
1.55008566379547
1.58927237987518
1.37194037437439
1.20738244056702
1.16727685928345
1.00311279296875
0.734910309314728
0.639273762702942
0.657718420028687
0.495983004570007
0.119409948587418
-0.233467295765877
-0.460251331329346
-0.701082170009613
-1.00072586536407
-1.29413390159607
-1.41661691665649
-1.39305233955383
-1.34762990474701
-1.43906557559967
-1.56483066082001
-1.65620064735413
-1.70674288272858
-1.59292423725128
-1.3494678735733
-1.06977844238281
-0.966790318489075
-1.04647648334503
-1.15209031105042
-1.1551753282547
-1.08382534980774
-0.985825717449188
-0.88172173500061
-0.786675930023193
-0.765605688095093
-0.795537233352661
-0.732195198535919
-0.654412567615509
-0.55201518535614
-0.33166378736496
-0.0594573356211185
0.0537049360573292
-0.113150335848331
-0.387063413858414
-0.715851008892059
-0.933182954788208
-0.983987867832184
-0.916510581970215
-0.919004857540131
-1.0167418718338
-1.12360274791718
-1.23171079158783
-1.28999853134155
-1.26833760738373
-1.07719576358795
-0.905680060386658
-0.794158816337585
-0.754972100257874
-0.70941835641861
-0.624612271785736
-0.494515061378479
-0.265171110630035
0.023445188999176
0.35938748717308
0.76878023147583
1.16944289207458
1.34561896324158
1.29330444335938
1.24131798744202
1.35749971866608
1.55218613147736
1.75816237926483
1.94628489017487
2.0967960357666
2.07933592796326
1.85530865192413
1.65307378768921
1.47794795036316
1.34010529518127
1.23724842071533
1.22523641586304
1.15145778656006
0.991625905036926
0.493816912174225
-0.324377834796906
-0.798622250556946
-0.42067077755928
0.186821579933167
0.0846867188811302
-0.157128721475601
0.0630257278680801
0.436316817998886
0.347572386264801
0.0492414608597755
0.284886807203293
0.791360139846802
1.10308158397675
1.17265927791595
1.40252828598022
1.6055508852005
1.50052785873413
1.26652359962463
1.31181466579437
1.54174947738647
1.52238583564758
1.36806762218475
1.26783633232117
1.12553024291992
0.910298705101013
0.775015950202942
0.800287127494812
0.729068398475647
0.436513721942902
0.0191129893064499
-0.320898950099945
-0.570197284221649
-0.865771353244781
-1.17099440097809
-1.36732172966003
-1.42981040477753
-1.41727328300476
-1.45521283149719
-1.62213373184204
-1.78196561336517
-1.80264210700989
-1.69453406333923
-1.48035275936127
-1.23098874092102
-1.05671632289886
-1.08218431472778
-1.19160521030426
-1.20217311382294
-1.04936468601227
-0.844241619110107
-0.719592452049255
-0.692680299282074
-0.660188853740692
-0.628944516181946
-0.634589493274689
-0.612337708473206
-0.480665177106857
-0.294380635023117
-0.115053877234459
0.0124177746474743
-0.0554533340036869
-0.273835510015488
-0.604920506477356
-0.806761562824249
-0.892158389091492
-0.903513967990875
-0.959504365921021
-1.09327733516693
-1.21457898616791
-1.36213624477386
-1.44280707836151
-1.38826072216034
-1.22298073768616
-1.09793782234192
-1.00873386859894
-0.862095534801483
-0.74348521232605
-0.689726531505585
-0.579321146011353
-0.375117063522339
-0.104682862758636
0.248325660824776
0.671174466609955
1.09632062911987
1.31404650211334
1.30150938034058
1.25510227680206
1.33347570896149
1.47210609912872
1.65556812286377
1.90414440631866
2.08209276199341
2.10506653785706
1.94438135623932
1.73558247089386
1.59032261371613
1.4102737903595
1.26672041416168
1.19924318790436
1.15756225585938
1.07262480258942
0.69657689332962
-0.0595886148512363
-0.720642685890198
-0.600260078907013
-0.0704847499728203
0.0246923360973597
-0.198612794280052
-0.0688437670469284
0.356827557086945
0.368577003479004
0.0625006109476089
0.0693927481770515
0.515674829483032
0.916074991226196
1.07616937160492
1.24013650417328
1.47748851776123
1.46298217773438
1.21703147888184
1.16937732696533
1.42884969711304
1.51634705066681
1.32973432540894
1.21913194656372
1.19635510444641
1.00718235969543
0.679182469844818
0.603303372859955
0.69854611158371
0.555649161338806
0.0835708528757095
-0.331269949674606
-0.547223508358002
-0.825468778610229
-1.26203620433807
-1.56246757507324
-1.54737055301666
-1.4679468870163
-1.53713083267212
-1.71179711818695
-1.88114678859711
-1.93011367321014
-1.85265922546387
-1.63519597053528
-1.38635718822479
-1.21576046943665
-1.15839159488678
-1.20230436325073
-1.27326059341431
-1.24070346355438
-1.02488112449646
-0.782212436199188
-0.683950304985046
-0.684869229793549
-0.620280086994171
