% Type: Spectrum
% Date: 11-DEC-24 12:53:18
% NoOfItems: = 1601
% Unit_Y: = dB
% Unit_X: = Hz
% Min_X: = 0
% Max_X: = 1000
% MinDisplay_X: = 0
% MaxDisplay_X: = 1000
0
0
0
0
0.294122576713562
0.234749421477318
0.0960754230618477
0.110190868377686
0.0736988112330437
0.0552951283752918
0.0409589670598507
0.0160493571311235
0.0208105593919754
0.0178886726498604
0.0277369040995836
0.0241003111004829
0.0219351705163717
0.0382893271744251
0.038383923470974
0.0315416604280472
0.0141469771042466
0.0125073567032814
0.00972210522741079
0.00918607600033283
0.00414109136909246
0.00598040828481317
0.00414109136909246
0.00266963755711913
0.00424619531258941
0.0038362902123481
0.00385731086134911
0.0062116370536387
0.00566509691998363
0.00262759602628648
0.0011876734206453
0.00265912711620331
0.00235432595945895
0.0017867652932182
0.00279576214961708
0.12505254149437
0.237965598702431
0.112271919846535
0.00830320362001657
0.00972210522741079
0.00355250970460474
0.00369965517893434
0.00241738837212324
0.00251198164187372
0.00210207677446306
0.00167115102522075
0.00210207677446306
0.00255402340553701
0.00135583954397589
0.00167115102522075
0.00224922224879265
0.00315311527810991
0.00284831412136555
0.00169217179063708
0.00176574452780187
0.00155553687363863
0.00526570249348879
0.0137160513550043
0.0108046745881438
0.00564407603815198
0.00372067582793534
0.00211258721537888
0.000861851498484612
0.000893382646609098
0.00107205915264785
0.000693685316946357
0.00175523408688605
0.00149247446097434
0.00356302014552057
0.00393088348209858
0.00221769092604518
0.00177625485230237
0.00279576214961708
0.00767258042469621
0.00610653311014175
0.0430610440671444
0.110684856772423
0.0779344961047173
0.00889178458601236
0.00964853260666132
0.00320566701702774
0.00385731086134911
0.00540233729407191
0.00307954242452979
0.00303750089369714
0.0035104681737721
0.00341587467119098
0.00470865191891789
0.00607500178739429
0.00328975007869303
0.00348944752477109
0.00376271735876799
0.00262759602628648
0.00324770854786038
0.00913352333009243
0.0113407038152218
0.0114563181996346
0.0377532988786697
0.0298810210078955
0.0132956355810165
0.0158917009830475
0.00866055674850941
0.00818758923560381
0.00781972520053387
0.0104368114843965
0.0120449000969529
0.0113301938399673
0.00888127461075783
0.00520263984799385
0.00702093634754419
0.00847136974334717
0.0099743539467454
0.0148721933364868
0.0199487078934908
0.0165643654763699
0.230335056781769
0.411534070968628
0.190311521291733
0.0469498857855797
0.0617695264518261
0.0153346499428153
0.00808248482644558
0.00806146487593651
0.00364710320718586
0.00405700830742717
0.0067266458645463
0.00768309086561203
0.00686328066512942
0.00668460410088301
0.00637980317696929
0.0051395776681602
0.00740982079878449
0.0102896662428975
0.012139493599534
0.0182144958525896
0.0164802819490433
0.0128857307136059
0.0278104767203331
0.020285040140152
0.0128121580928564
0.0137475822120905
0.00912301335483789
0.00959598086774349
0.0100479265674949
0.0119923483580351
0.0107626328244805
0.0131379803642631
0.0127175645902753
0.0127385854721069
0.0161019079387188
0.0349575355648994
0.0332968980073929
0.0269906651228666
0.0693580210208893
0.0536660216748714
0.391427725553513
0.688798010349274
0.310003787279129
0.135541915893555
0.135636508464813
0.0366497077047825
0.0255402326583862
0.0198646262288094
0.0125809293240309
0.012591440230608
0.0114563181996346
0.00669511454179883
0.0145779028534889
0.0239426549524069
0.00993231311440468
0.00949087645858526
0.0102896662428975
0.00873412936925888
0.00734675815328956
0.014367694966495
0.016270074993372
0.0131064485758543
0.0211889334022999
0.0139998309314251
0.00527621293440461
0.00812452659010887
0.00684225978329778
0.0077566634863615
0.00833473447710276
0.00537080597132444
0.0033423020504415
0.00346842664293945
0.0068527702242136
0.00986925046890974
0.0147565789520741
0.012223576195538
0.00710501940920949
0.021819556131959
0.0419889837503433
0.0292609091848135
0.0636719092726707
0.104756996035576
0.0504288226366043
0.0791747197508812
0.0832212194800377
0.0207369867712259
0.0132430838420987
0.0132115529850125
0.0117190778255463
0.015818128362298
0.0156709831207991
0.00921760685741901
0.00776717392727733
0.0058227526023984
0.00423568487167358
0.00742033123970032
0.0073257377371192
0.00563356559723616
0.00784074608236551
0.013064406812191
0.0130013450980186
0.0071575716137886
0.0197385009378195
0.0143466740846634
0.00962751172482967
0.0126545019447803
0.00905995070934296
0.00734675815328956
0.00879719108343124
0.00666358321905136
0.00773564260452986
0.00783023610711098
0.00787227787077427
0.0107100810855627
0.0145884128287435
0.0112671311944723
0.00958546996116638
0.0106575293466449
0.0115509117022157
0.0117926504462957
0.115172788500786
0.180494830012321
0.0679706558585167
0.0386466830968857
0.0475699976086617
0.01382115483284
0.0159337427467108
0.0114668291062117
0.00712604029104114
0.0120238792151213
0.0145253501832485
0.00945934560149908
0.00951189734041691
0.0121710244566202
0.00619061617180705
0.00491885980591178
0.0044984444975853
0.00711552985012531
0.00688430154696107
0.00888127461075783
0.0114773390814662
0.00798789132386446
0.0072416546754539
0.00725216511636972
0.0180988814681768
0.0237429570406675
0.00875515025109053
0.00673715630546212
0.00764104910194874
0.00663205236196518
0.00610653311014175
0.00464558973908424
0.0078827878460288
0.00709450896829367
0.00767258042469621
0.00795636046677828
0.00698940549045801
0.00762002822011709
0.0173106025904417
0.0111935585737228
0.108940131962299
0.168922886252403
0.0663100108504295
0.0514798611402512
0.0479168407618999
0.0137160513550043
0.00901790894567966
0.00948036648333073
0.00580173172056675
0.00680021848529577
0.00699991546571255
0.00669511454179883
0.00779870478436351
0.00385731086134911
0.00430925749242306
0.00734675815328956
0.00642184447497129
0.00497141154482961
0.00260657514445484
0.00750441430136561
0.00880770199000835
0.00738879991695285
0.0110253924503922
0.00831371359527111
0.0109202889725566
0.0176994856446981
0.00747288297861814
0.00182880682405084
0.00384680042043328
0.00532876467332244
0.00717859202995896
0.0046245688572526
0.00497141154482961
0.00599091872572899
0.00613806443288922
0.0103947697207332
0.0123076597228646
0.0177730601280928
0.0280417036265135
0.0205162689089775
0.0553056411445141
0.0741822868585587
0.0387833155691624
0.0153556708246469
0.0164802819490433
0.0223555862903595
0.0309635903686285
0.0184141919016838
0.00530774379149079
0.010752122849226
0.00742033123970032
0.00787227787077427
0.00826116185635328
0.00457201711833477
0.0043302783742547
0.0113722356036305
0.0101109892129898
0.00579122174531221
0.0045404857955873
0.00536029599606991
0.00660052103921771
0.00807197485119104
0.0137265613302588
0.00935424212366343
0.0148511724546552
0.0192129816859961
0.0117611195892096
0.0074518620967865
0.00668460410088301
0.00717859202995896
0.00914403423666954
0.00868157669901848
0.0086500458419323
0.00994282308965921
0.0107941646128893
0.0102581344544888
0.012675522826612
0.0148827033117414
0.0217144526541233
0.0176889766007662
0.102770537137985
0.143950223922729
0.0616118721663952
0.0693370029330254
0.0687168911099434
0.0239952057600021
0.0573551654815674
0.0358298979699612
0.00943832471966743
0.0105419149622321
0.0107941646128893
0.00755696604028344
0.00712604029104114
0.00541284773498774
0.00442487141117454
0.00789329875260592
0.0094278147444129
0.00564407603815198
0.00450895447283983
0.00994282308965921
0.0105839567258954
0.00531825423240662
0.00705246767029166
0.0075359451584518
0.011529890820384
0.0151664838194847
0.00771462172269821
0.00794585049152374
0.00697889504954219
0.00487681804224849
0.00490834936499596
0.00409904960542917
0.00589632522314787
0.00341587467119098
0.00558101385831833
0.00539182685315609
0.00744135165587068
0.0112986629828811
0.0218300670385361
0.0248045064508915
0.118662238121033
0.15421886742115
0.0487471595406532
0.0389304608106613
0.0336437374353409
0.00922811683267355
0.00343689555302262
0.00744135165587068
0.00442487141117454
0.00705246767029166
0.00661103148013353
0.00562305562198162
0.00599091872572899
0.00654796930029988
0.00327923987060785
0.00314260483719409
0.0027432101778686
0.00275372061878443
0.00347893708385527
0.00397292524576187
0.00315311527810991
0.0028062725905329
0.00290086586028337
0.00349995773285627
0.00689481198787689
0.00873412936925888
0.00588581478223205
0.0102371135726571
0.00806146487593651
0.00367863429710269
0.00598040828481317
0.00540233729407191
0.00304801133461297
0.00413058092817664
0.0046245688572526
0.00331077096052468
0.004109560046345
0.00652694841846824
0.0133376773446798
0.0168691668659449
0.0182670466601849
0.013516353443265
0.0139367692172527
0.0248045064508915
0.0257189087569714
0.0104788523167372
0.0130854276940227
0.00686328066512942
0.00714706117287278
0.0104052796959877
0.00727318553254008
0.00496090110391378
0.00541284773498774
0.00431976793333888
0.00275372061878443
0.00496090110391378
0.00524468161165714
0.00598040828481317
0.00851341057568789
0.0105734458193183
0.0089548472315073
0.00469814147800207
0.0056125451810658
0.00412007048726082
0.00507651548832655
0.00800891220569611
0.00690532242879272
0.00767258042469621
0.00500294286757708
0.00758849736303091
0.0111304968595505
0.00862902496010065
0.00943832471966743
0.00808248482644558
0.011529890820384
0.0105944667011499
0.00725216511636972
0.00842932797968388
0.0128436889499426
0.018740015104413
0.0709556043148041
0.0776507183909416
0.0448372960090637
0.0530774369835854
0.0389409735798836
0.023658873513341
0.0490414500236511
0.0278420075774193
0.017667954787612
0.0233645830303431
0.0127596063539386
0.00760951777920127
0.0116349952295423
0.0109518198296428
0.0112145794555545
0.0138842174783349
0.01406289357692
0.00995333399623632
0.00963802170008421
0.0114983599632978
0.0115088699385524
0.0110884550958872
0.00738879991695285
0.00945934560149908
0.0154923060908914
0.0167009998112917
0.0125073567032814
0.0162595640867949
0.0116980569437146
0.00593836698681116
0.0141679979860783
0.0158391483128071
0.0115404017269611
0.0163121167570353
0.0197700317949057
0.0174262169748545
0.0208736229687929
0.0251513496041298
0.0220928266644478
0.0289350878447294
0.176669046282768
0.212246686220169
0.103674426674843
0.0797422826290131
0.0374590083956718
0.0172790717333555
0.0283780358731747
0.0196333974599838
0.0116665260866284
0.0120449000969529
0.0139052383601665
0.0187925659120083
0.0199802406132221
0.0179832670837641
0.0146935163065791
0.00935424212366343
0.00928066857159138
0.0143151432275772
0.0174682587385178
0.0106154875829816
0.0108256954699755
0.0098061878234148
0.0109413098543882
0.0120764309540391
0.0250882860273123
0.0325611680746078
0.0210207682102919
0.0198541153222322
0.0144622884690762
0.0109202889725566
0.0127280745655298
0.01083620544523
0.0130013450980186
0.0176154039800167
0.014598922803998
0.0109307989478111
0.0121289826929569
0.0126334810629487
0.015818128362298
0.021504245698452
0.069137305021286
0.083074077963829
0.0336752682924271
0.0543912351131439
0.0481165386736393
0.0213360786437988
0.0280837453901768
0.0193916577845812
0.0263705532997847
0.0317518711090088
0.014210038818419
0.00890229549258947
0.0131379803642631
0.0136424787342548
0.0124127632007003
0.0109938615933061
0.00931220036000013
0.0057386695407331
0.00489783892408013
0.0055284621194005
0.0050554946064949
0.00913352333009243
0.013758092187345
0.0104578323662281
0.00943832471966743
0.014514840207994
0.00943832471966743
0.00722063379362226
0.0050554946064949
0.00471916235983372
0.0080509539693594
0.00786176696419716
0.00422517443075776
0.00482426630333066
0.00490834936499596
0.00447742361575365
0.0040254769846797
0.0075359451584518
0.0156709831207991
0.0152610773220658
0.0503657609224319
0.0563566796481609
0.0345160998404026
0.0343269146978855
0.0207685194909573
0.0130328759551048
0.00670562498271465
0.00463507929816842
0.00849239062517881
0.0093752620741725
0.00534978555515409
0.00577020086348057
0.00472967280074954
0.00534978555515409
0.00584377348423004
0.00551795167848468
0.00457201711833477
0.0049293702468276
0.0056545864790678
0.00488732848316431
0.00549693079665303
0.00770411128178239
0.0098587404936552
0.00626418879255652
0.00605398137122393
0.00636929273605347
0.00605398137122393
0.00600142916664481
0.00586479436606169
0.00821912009268999
0.00978516787290573
0.00850290060043335
0.00644286535680294
0.00661103148013353
0.00606449134647846
0.00739931035786867
0.00873412936925888
0.0105524258688092
0.0155448578298092
0.0288404934108257
0.126219198107719
0.13267257809639
0.0649016201496124
0.0513432249426842
0.0248045064508915
0.025203900411725
0.0394454710185528
0.0167535524815321
0.0136424787342548
0.016595896333456
0.00916505511850119
0.00808248482644558
0.0107941646128893
0.0132325729355216
0.0147460689768195
0.0135794160887599
0.019044816493988
0.0151034221053123
0.00887076370418072
0.0121920453384519
0.0119292857125401
0.011288152076304
0.0136950304731727
0.00661103148013353
0.00905995070934296
0.0134427808225155
0.0150298485532403
0.013369208201766
0.00682123936712742
0.0131379803642631
0.0153136290609837
0.00902841985225677
0.0105839567258954
0.0103317070752382
0.00781972520053387
0.0216619018465281
0.017216008156538
0.0256243161857128
0.0335806757211685
0.0324981063604355
0.123318336904049
0.131421834230423
0.0610968619585037
0.0530669279396534
0.0322143249213696
0.00850290060043335
0.0160598661750555
0.0103527279570699
0.00678970804437995
0.00770411128178239
0.00545488903298974
0.0067686871625483
0.00729420641437173
0.00592785654589534
0.00826116185635328
0.0107731437310576
0.00763053866103292
0.00684225978329778
0.00786176696419716
0.00606449134647846
0.00521315028890967
0.00827167183160782
0.011981837451458
0.0073257377371192
0.00654796930029988
0.00529723335057497
0.00648490665480494
0.0100689474493265
0.00859749410301447
0.00469814147800207
0.00508702592924237
0.0052236607298255
0.00436180923134089
0.00737828947603703
0.00596989784389734
0.00688430154696107
0.00635878229513764
0.0143571840599179
0.0177520383149385
0.0209892373532057
0.0690952613949776
0.0698099732398987
0.0284726303070784
0.0229651890695095
0.0235747918486595
0.0156079204753041
0.0146304545924067
0.00465610018000007
0.0130538968369365
0.0133376773446798
0.00644286535680294
0.0103737488389015
0.00929117947816849
0.00493988022208214
0.00382577977143228
0.00602245004847646
0.00751492427662015
0.00487681804224849
0.00362608255818486
0.00409904960542917
0.00409904960542917
0.00382577977143228
0.00446691317483783
0.0029113763011992
0.00395190436393023
0.00424619531258941
0.00611704355105758
0.00876566022634506
0.00826116185635328
0.00614857440814376
0.00648490665480494
0.00671613542363048
0.00568611780181527
0.00697889504954219
0.00733624817803502
0.00830320362001657
0.00772513216361403
0.00943832471966743
0.0149772968143225
0.0103947697207332
0.040570080280304
0.0367653220891953
0.0171844772994518
0.0170058012008667
0.00923862773925066
0.00545488903298974
0.00619061617180705
0.00569662824273109
0.00667409365996718
0.00683174934238195
0.0055284621194005
0.00484528718516231
0.00364710320718586
0.00286933477036655
0.00369965517893434
0.00529723335057497
0.00719961291179061
0.00659001059830189
0.00628520967438817
0.00534978555515409
0.0034053644631058
0.0017867652932182
0.00390986260026693
0.00444589229300618
0.00598040828481317
0.00682123936712742
0.00499243242666125
0.0067266458645463
0.00574917998164892
0.0043302783742547
0.00547590991482139
0.00528672290965915
0.00595938786864281
0.00515008810907602
0.00265912711620331
0.00577020086348057
0.00584377348423004
0.00790380872786045
0.0145673919469118
0.0203060619533062
0.0696628242731094
0.0636088401079178
0.0203796345740557
0.0275161843746901
0.016900697723031
0.00278525170870125
0.00499243242666125
0.00436180923134089
0.00228075333870947
0.00359455123543739
0.00201799371279776
0.00374169670976698
0.00447742361575365
0.00366812408901751
0.00278525170870125
0.00427772616967559
0.00447742361575365
0.00426721572875977
0.00376271735876799
0.0040254769846797
0.00312158395536244
0.00319515680894256
0.00344740599393845
0.00194442097563297
0.00481375586241484
0.00452997535467148
0.00405700830742717
0.00408853916451335
0.00589632522314787
0.00420415354892612
0.0056545864790678
0.00665307324379683
0.00646388623863459
0.00426721572875977
0.00619061617180705
0.00769360084086657
0.00847136974334717
0.00698940549045801
0.00959598086774349
0.0162070114165545
0.0373013541102409
0.037490539252758
0.0184141919016838
0.0173000916838646
0.011592953465879
0.00808248482644558
0.0104052796959877
0.00559152429923415
0.00455099623650312
0.00636929273605347
0.00593836698681116
0.00727318553254008
0.00526570249348879
0.00407802918925881
0.00502396328374743
0.00731522729620337
0.00833473447710276
0.00627469923347235
0.0056545864790678
0.00578071130439639
0.00358404102735221
0.00397292524576187
0.00387833174318075
0.00255402340553701
0.00356302014552057
0.00415160181000829
0.00440385099500418
0.00324770854786038
0.00344740599393845
0.00515008810907602
0.00515008810907602
0.00266963755711913
0.00271167908795178
0.00319515680894256
0.0038362902123481
0.00746237253770232
0.00683174934238195
0.0039413939230144
0.00993231311440468
0.0131800211966038
0.0581959970295429
0.0794585049152374
0.0304275620728731
0.0288404934108257
0.015292608179152
0.0139893209561706
0.0185403171926737
0.00657950015738606
0.00447742361575365
0.00408853916451335
0.00385731086134911
0.00183931714855134
0.00305852177552879
0.0038362902123481
0.00365761364810169
0.00427772616967559
0.00358404102735221
0.004456402733922
0.00363659276627004
0.0028903556521982
0.0023963674902916
0.00232279486954212
0.0029113763011992
0.00256453361362219
0.0022912637796253
0.00148196413647383
0.00217564939521253
0.00261708558537066
0.00271167908795178
0.00311107374727726
0.0049293702468276
0.00466661062091589
0.00437231967225671
0.00271167908795178
0.00237534684129059
0.00348944752477109
0.00263810646720231
0.00500294286757708
0.00673715630546212
0.00690532242879272
0.0160913970321417
0.0176994856446981
0.00691583240404725
0.00896535720676184
0.00665307324379683
0.00312158395536244
0.00314260483719409
0.00311107374727726
0.00474018324166536
0.00472967280074954
0.00309005286544561
0.00321617745794356
0.00356302014552057
0.00286933477036655
0.00105103838723153
0.00156604719813913
0.00184982758946717
0.000767258054111153
0.00192340021021664
0.00169217179063708
0.00253300252370536
0.00362608255818486
0.00300596980378032
0.00243840902112424
0.00306903221644461
0.00265912711620331
0.00268014799803495
0.00375220715068281
0.00192340021021664
0.00273269973695278
0.00392037304118276
0.00359455123543739
0.00320566701702774
0.0027432101778686
0.00245942990295589
0.00210207677446306
0.00233330531045794
0.00472967280074954
0.00547590991482139
0.00595938786864281
0.0179096944630146
0.0190237946808338
0.00585428392514586
0.0124022532254457
0.0103317070752382
0.0062536783516407
0.0057386695407331
0.00271167908795178
0.00271167908795178
0.00236483640037477
0.002228201366961
0.00265912711620331
0.00307954242452979
0.00261708558537066
0.00262759602628648
0.00255402340553701
0.0028272932395339
0.00250147143378854
0.00236483640037477
0.00341587467119098
0.00420415354892612
0.0043302783742547
0.00348944752477109
0.00243840902112424
0.00395190436393023
0.00224922224879265
0.00210207677446306
0.00199697283096612
0.00190237944480032
0.00242789858020842
0.00348944752477109
0.00278525170870125
0.00311107374727726
0.00207054568454623
0.00304801133461297
0.00397292524576187
0.00314260483719409
0.00378373824059963
0.00392037304118276
0.00511855678632855
0.00651643797755241
0.00598040828481317
0.00467712106183171
0.0044984444975853
0.00637980317696929
0.00957495998591185
0.0103211970999837
0.00488732848316431
0.00644286535680294
0.00493988022208214
0.00266963755711913
0.00307954242452979
0.00331077096052468
0.00192340021021664
0.00220718071796
0.00303750089369714
0.00241738837212324
0.00244891946204007
0.00190237944480032
0.00217564939521253
0.00214411830529571
0.00131379801314324
0.00132430833764374
0.00145043293014169
0.00167115102522075
0.00254351296462119
0.00279576214961708
0.00312158395536244
0.00214411830529571
0.00276423105970025
0.0028272932395339
0.0016291094943881
0.00268014799803495
0.00242789858020842
0.00174472376238555
0.00343689555302262
0.00278525170870125
0.00213360786437988
0.00233330531045794
0.00466661062091589
0.00777768390253186
0.00592785654589534
0.00451946491375566
0.00571764865890145
0.00366812408901751
0.00674766628071666
0.00634827185422182
0.00301648024469614
0.00201799371279776
0.0016185991698876
0.00156604719813913
0.00147145369555801
0.00128226680681109
0.00157655763905495
0.00191288988571614
0.00133481877855957
0.00156604719813913
0.00234381551854312
0.00221769092604518
0.00303750089369714
0.00248045055195689
0.00163961993530393
0.00227024289779365
0.00204952480271459
0.00129277724772692
0.000620112637989223
0.00150298490189016
0.00260657514445484
0.00220718071796
0.00195493130013347
0.00166064070072025
0.00163961993530393
0.00278525170870125
0.00172370299696922
0.00294290739111602
0.00273269973695278
0.00194442097563297
0.00208105612546206
0.00412007048726082
0.00529723335057497
0.0147145371884108
0.0141890179365873
0.00641133403405547
0.00422517443075776
0.00211258721537888
0.00316362548619509
0.002228201366961
0.00266963755711913
0.00284831412136555
0.00244891946204007
0.00230177398771048
0.00210207677446306
0.00158706796355546
0.00177625485230237
0.0017131925560534
0.00187084835488349
0.00132430833764374
0.00152400566730648
0.0011981837451458
0.00105103838723153
0.00151349534280598
0.00150298490189016
0.00125073571689427
0.0016185991698876
0.00196544174104929
0.00184982758946717
0.00135583954397589
0.00155553687363863
0.00210207677446306
0.00154502643272281
0.00108256959356368
0.00209156633354723
0.00217564939521253
0.00194442097563297
0.00163961993530393
0.00159757840447128
0.00168166146613657
0.00275372061878443
0.00325821898877621
0.00619061617180705
0.0128647098317742
0.0133061464875937
0.00778819434344769
0.00419364310801029
0.00233330531045794
0.00284831412136555
0.00242789858020842
0.0016185991698876
0.00189186912029982
0.0017131925560534
0.00155553687363863
0.00095644494285807
0.00128226680681109
0.00142941216472536
0.00145043293014169
0.00112461112439632
0.000788278819527477
0.00090389302931726
0.000840830733068287
0.00130328757222742
0.00157655763905495
0.00136634986847639
0.00113512144889683
0.000914403412025422
0.00132430833764374
0.00184982758946717
0.0011981837451458
0.000693685316946357
0.00141890184022486
0.00198646262288094
0.00176574452780187
0.00153451610822231
0.00160808872897178
0.00174472376238555
0.00140839139930904
0.00187084835488349
0.0017131925560534
0.00210207677446306
0.00211258721537888
0.00257504405453801
0.00406751874834299
0.0050134533084929
0.0033212814014405
0.00253300252370536
0.00180778605863452
0.00259606493636966
0.00266963755711913
0.00180778605863452
0.00378373824059963
0.00275372061878443
0.00132430833764374
0.00138737063389271
0.00131379801314324
0.00136634986847639
0.00149247446097434
0.00117716297972947
0.000945934560149908
0.00133481877855957
0.00168166146613657
0.00133481877855957
0.00110359035898
0.000693685316946357
0.000798789202235639
0.000725216465070844
0.00114563188981265
0.000987976090982556
0.00106154882814735
0.00106154882814735
0.000599091872572899
0.000872361881192774
0.00146094337105751
0.000977465650066733
0.000987976090982556
0.00142941216472536
0.00136634986847639
0.00138737063389271
0.00140839139930904
0.00153451610822231
0.00215462874621153
0.00278525170870125
0.0040254769846797
0.00311107374727726
0.00232279486954212
0.00154502643272281
0.00140839139930904
0.00172370299696922
0.0016291094943881
0.0017026822315529
0.00113512144889683
0.000830320350360125
0.00112461112439632
0.000966955325566232
0.0010195072973147
0.00129277724772692
0.00106154882814735
0.0010195072973147
0.000987976090982556
0.000977465650066733
0.000809299584943801
0.000966955325566232
0.000788278819527477
0.000861851498484612
0.000788278819527477
0.000315311510348693
0.00095644494285807
0.000840830733068287
0.000987976090982556
0.000914403412025422
0.000788278819527477
0.000536029576323926
0.000882872263900936
0.000935424177441746
0.000872361881192774
0.000599091872572899
0.000725216465070844
0.000735726847779006
0.000746237230487168
0.00134532910306007
0.00117716297972947
0.00256453361362219
0.00423568487167358
0.0028272932395339
0.0011141006834805
0.000599091872572899
0.00152400566730648
0.00258555449545383
0.0016291094943881
0.00133481877855957
0.00172370299696922
0.00143992260564119
0.00152400566730648
0.00132430833764374
0.000651643786113709
0.000357353041181341
0.000693685316946357
0.000893382646609098
0.000830320350360125
0.000662154168821871
0.000609602255281061
0.00050449842819944
0.000620112637989223
0.00107205915264785
0.00105103838723153
0.00070419569965452
0.00070419569965452
0.000788278819527477
0.000609602255281061
0.000588581489864737
0.000483477662783116
0.000630623020697385
0.00104052806273103
0.000861851498484612
0.0010300176218152
0.0010195072973147
0.000798789202235639
0.000546539959032089
0.000557050341740251
0.000851341115776449
0.0010195072973147
0.00136634986847639
0.00163961993530393
0.000620112637989223
0.00117716297972947
0.00121920451056212
0.00090389302931726
0.000998486415483057
0.00110359035898
0.000557050341740251
0.000893382646609098
0.000641133403405547
0.000609602255281061
0.00039939460111782
0.000441436131950468
0.00025224921409972
0.000546539959032089
0.000788278819527477
0.000462456897366792
0.000430925749242306
0.000567560724448413
0.000525519193615764
0.000578071107156575
0.000378373835701495
0.000630623020697385
0.000546539959032089
0.000420415366534144
0.000662154168821871
0.000578071107156575
0.00090389302931726
0.000746237230487168
0.000588581489864737
0.000609602255281061
0.000651643786113709
0.000788278819527477
0.000630623020697385
0.000409904983825982
0.000325821893056855
0.000662154168821871
0.000966955325566232
0.000809299584943801
0.00090389302931726
0.0017131925560534
0.00151349534280598
0.00125073571689427
0.000945934560149908
0.000630623020697385
0.000767258054111153
0.000430925749242306
0.000651643786113709
0.000693685316946357
0.000430925749242306
0.000483477662783116
0.000315311510348693
0.000557050341740251
0.000462456897366792
0.000315311510348693
0.000441436131950468
0.000357353041181341
0.000325821893056855
0.000409904983825982
0.000493988045491278
0.000325821893056855
0.000357353041181341
0.000409904983825982
0.000441436131950468
0.000472967280074954
0.000546539959032089
0.00050449842819944
0.000515008810907602
0.000315311510348693
0.000336332275765017
0.000472967280074954
0.00039939460111782
0.000430925749242306
0.000420415366534144
0.000409904983825982
0.000378373835701495
0.000262759596807882
0.000210207683267072
0.000483477662783116
0.000746237230487168
0.00104052806273103
0.00100899685639888
0.000630623020697385
0.000714706082362682
0.000536029576323926
0.00050449842819944
0.000430925749242306
0.000367863423889503
0.000557050341740251
0.000357353041181341
0.000346842658473179
0.000515008810907602
0.00050449842819944
0.000493988045491278
0.000462456897366792
0.000472967280074954
0.000420415366534144
0.000441436131950468
0.000483477662783116
0.000367863423889503
0.000378373835701495
0.000241738831391558
0.00045194651465863
0.00025224921409972
0.00017867652059067
0.000294290744932368
0.000336332275765017
0.000378373835701495
0.000388884218409657
0.000294290744932368
0.000273269979516044
0.000336332275765017
0.000483477662783116
0.000599091872572899
0.000472967280074954
0.000378373835701495
0.000441436131950468
0.000472967280074954
0.00039939460111782
0.000767258054111153
0.00146094337105751
0.00104052806273103
0.000462456897366792
0.000620112637989223
0.000599091872572899
0.00039939460111782
0.000483477662783116
0.000388884218409657
0.000472967280074954
0.000567560724448413
0.000546539959032089
0.00045194651465863
0.000536029576323926
0.000609602255281061
0.000609602255281061
0.000367863423889503
0.000241738831391558
0.000241738831391558
0.000367863423889503
0.000441436131950468
0.000536029576323926
0.000641133403405547
0.000483477662783116
0.000420415366534144
0.00045194651465863
0.000472967280074954
0.000357353041181341
0.000346842658473179
0.000441436131950468
0.000599091872572899
0.000430925749242306
0.000357353041181341
0.000378373835701495
0.000357353041181341
0.000557050341740251
0.000746237230487168
0.000893382646609098
0.000693685316946357
0.000788278819527477
0.0010195072973147
0.00154502643272281
0.00134532910306007
0.000767258054111153
0.00130328757222742
0.00140839139930904
0.00105103838723153
0.000777768436819315
0.000651643786113709
0.000557050341740251
0.000651643786113709
0.000662154168821871
0.000714706082362682
0.000536029576323926
0.000273269979516044
0.000472967280074954
0.000819809967651963
0.000525519193615764
0.000483477662783116
0.000630623020697385
0.000515008810907602
0.000336332275765017
0.000462456897366792
0.000525519193615764
0.000378373835701495
0.000620112637989223
0.00070419569965452
0.000557050341740251
0.000493988045491278
0.000472967280074954
0.000714706082362682
0.000651643786113709
0.000599091872572899
0.00070419569965452
0.000599091872572899
0.000924913794733584
0.000977465650066733
0.000819809967651963
0.00105103838723153
0.00128226680681109
0.0010300176218152
0.00129277724772692
0.000767258054111153
0.000893382646609098
0.000746237230487168
0.000493988045491278
0.000819809967651963
0.000914403412025422
0.00100899685639888
0.000893382646609098
0.000599091872572899
0.000557050341740251
0.000672664551530033
0.000840830733068287
0.000735726847779006
0.000935424177441746
0.000735726847779006
0.000851341115776449
0.000966955325566232
0.000861851498484612
0.000809299584943801
0.000872361881192774
0.000872361881192774
0.000767258054111153
0.000746237230487168
0.0010300176218152
0.00121920451056212
0.000756747671402991
0.000840830733068287
0.000966955325566232
0.00100899685639888
0.000861851498484612
0.000746237230487168
0.000735726847779006
0.000409904983825982
0.000735726847779006
0.00104052806273103
0.000935424177441746
0.000767258054111153
0.000872361881192774
0.00142941216472536
0.00174472376238555
0.00117716297972947
0.00109307991806418
0.00151349534280598
0.00138737063389271
0.00113512144889683
0.000840830733068287
0.000735726847779006
0.000746237230487168
0.000725216465070844
0.00100899685639888
0.000851341115776449
0.000294290744932368
0.000819809967651963
0.000914403412025422
0.000683174934238195
0.000683174934238195
0.000641133403405547
0.000367863423889503
0.000546539959032089
0.000493988045491278
0.000525519193615764
0.000493988045491278
0.00045194651465863
0.000557050341740251
0.000735726847779006
0.000725216465070844
0.000609602255281061
0.000515008810907602
0.000641133403405547
0.000651643786113709
0.000578071107156575
0.000536029576323926
0.000567560724448413
0.000578071107156575
0.000430925749242306
0.000388884218409657
0.000693685316946357
0.00090389302931726
0.00174472376238555
0.00224922224879265
0.000966955325566232
0.00113512144889683
0.00116665265522897
0.000809299584943801
0.00107205915264785
0.000872361881192774
0.000578071107156575
0.000788278819527477
0.000735726847779006
0.000735726847779006
0.000536029576323926
0.000430925749242306
0.000409904983825982
0.000683174934238195
0.000767258054111153
0.000641133403405547
0.000714706082362682
0.000472967280074954
0.000357353041181341
0.000493988045491278
0.000662154168821871
0.000536029576323926
0.000462456897366792
0.000378373835701495
0.000430925749242306
0.000651643786113709
0.000672664551530033
0.000515008810907602
0.000430925749242306
0.000557050341740251
0.000525519193615764
0.000493988045491278
0.000662154168821871
0.000462456897366792
0.000420415366534144
0.000346842658473179
0.000462456897366792
0.000735726847779006
0.000945934560149908
0.000777768436819315
0.000777768436819315
