% Type: Spectrum
% Date: 11-DEC-24 13:43:03
% NoOfItems: = 1601
% Unit_Y: = dB
% Unit_X: = Hz
% Min_X: = 0
% Max_X: = 1000
% MinDisplay_X: = 0
% MaxDisplay_X: = 1000
0
0
0
0
0.983490407466888
0.614180624485016
0.433285027742386
0.234636038541794
0.0561565756797791
0.168094545602798
0.23229493200779
0.212410509586334
0.121077299118042
0.14400814473629
0.0927889123558998
0.0816386342048645
0.0700681582093239
0.0717639625072479
0.0488481149077415
0.0265625696629286
0.035221666097641
0.03007423132658
0.0139716118574142
0.0370825491845608
0.0477075763046741
0.0328205302357674
0.0160425920039415
0.0181285794824362
0.0299991965293884
0.0318300612270832
0.019689317792654
0.0184287205338478
0.022105460986495
0.0205147080123425
0.0215051770210266
0.0205297153443098
0.0466270633041859
0.243385180830956
0.298866420984268
0.0879266113042831
0.0167479254305363
0.0138065330684185
0.01550233643502
0.0185187626630068
0.0141667043790221
0.00759359356015921
0.0138065330684185
0.00973960943520069
0.0110452268272638
0.00976962316781282
0.00769864302128553
0.010294871404767
0.0060928831808269
0.00837396271526814
0.00889921095222235
0.0109551837667823
0.00600284058600664
0.00612289737910032
0.00682823127135634
0.00600284058600664
0.0057927411980927
0.00918434653431177
0.00610789051279426
0.00438207387924194
0.00483228685334325
0.00606286898255348
0.00454715173691511
0.00538754928857088
0.00358669739216566
0.00606286898255348
0.00669316714629531
0.00411194562911987
0.00768363615497947
0.00552261341363192
0.0276430808007717
0.097456119954586
0.0875214189291
0.0185037571936846
0.00889921095222235
0.00298641319386661
0.00390184647403657
0.00246116472408175
0.00679821707308292
0.00885418988764286
0.00648306775838137
0.00445710914209485
0.006242954172194
0.00675319554284215
0.00366173288784921
0.00205597281455994
0.00286635640077293
0.00165078113786876
0.00625796150416136
0.00913932453840971
0.00870411936193705
0.0219103675335646
0.0199744515120983
0.00771365035325289
0.0141667043790221
0.00657311035320163
0.00640803249552846
0.00759359356015921
0.0128610860556364
0.0180535428225994
0.0110452268272638
0.00798377767205238
0.00931940972805023
0.0101448008790612
0.0136114414781332
0.0135814268141985
0.034906517714262
0.0458466969430447
0.403751075267792
0.829292416572571
0.424385815858841
0.0761910527944565
0.0633299723267555
0.0134313562884927
0.0126659935340285
0.0106550417840481
0.00480227265506983
0.0054925992153585
0.0082388985902071
0.00691827386617661
0.00888420455157757
0.00805881340056658
0.00706834485754371
0.00492232944816351
0.0036467257887125
0.00435205968096852
0.0064680608920753
0.00762360775843263
0.00706834485754371
0.0128610860556364
0.00987467262893915
0.00697830226272345
0.00763861462473869
0.00687325233593583
0.0107901059091091
0.0102198366075754
0.0122908158227801
0.0124108726158738
0.0130711859092116
0.0183086637407541
0.0188939403742552
0.0161476414650679
0.022780779749155
0.0251669101417065
0.0452013909816742
0.099016860127449
0.605836689472198
0.767958402633667
0.224161073565483
0.185847952961922
0.103233851492405
0.0325053818523884
0.0445860996842384
0.0254520438611507
0.0112403193488717
0.0155173428356647
0.040189016610384
0.0252119302749634
0.0164477825164795
0.0153522649779916
0.0142417391762137
0.00639302516356111
0.0118255959823728
0.0128760933876038
0.0203046090900898
0.0188339129090309
0.0183837004005909
0.0174382515251637
0.00975461583584547
0.00711336638778448
0.00568769173696637
0.00733847264200449
0.00670817447826266
0.00715838745236397
0.00961955171078444
0.00867410469800234
0.0163127202540636
0.0146619379520416
0.0147519810125232
0.0160275846719742
0.0136414552107453
0.0189989898353815
0.0237412340939045
0.0273129250854254
0.0776917636394501
0.0572520941495895
0.0492533072829247
0.0835445374250412
0.0325954258441925
0.0145268747583032
0.0136864762753248
0.00637801829725504
0.00715838745236397
0.00948448851704597
0.006242954172194
0.00505739310756326
0.00598783371970057
0.00781869981437922
0.00664814608171582
0.0052674924954772
0.007293451577425
0.00990468729287386
0.0156974289566278
0.011345368809998
0.0235161278396845
0.0232910215854645
0.0071433805860579
0.011900631710887
0.00573271280154586
0.00697830226272345
0.00910931080579758
0.0069933095946908
0.00736848684027791
0.00573271280154586
0.00951450224965811
0.0128760933876038
0.0163127202540636
0.0155623648315668
0.0161926634609699
0.0271328389644623
0.0258722435683012
0.10210832208395
0.197928667068481
0.113003477454185
0.0474674627184868
0.0426801964640617
0.0147970020771027
0.019779359921813
0.0120957242324948
0.00628797570243478
0.0106250280514359
0.0110152121633291
0.00886919721961021
0.0143918106332421
0.0113903898745775
0.00580774853006005
0.00724843004718423
0.00685824546962976
0.00516244303435087
0.00304644159041345
0.0061679189093411
0.00535753509029746
0.00663313874974847
0.00883918255567551
0.0132512710988522
0.0146169168874621
0.00901926774531603
0.0125909587368369
0.00864409096539021
0.00480227265506983
0.0039468677714467
0.00640803249552846
0.00628797570243478
0.00772865721955895
0.0145568884909153
0.0160575993359089
0.0111652836203575
0.0121407452970743
0.026712641119957
0.122142799198627
0.155908778309822
0.0334358215332031
0.0871612429618835
0.0578673854470253
0.0159975700080395
0.0163727477192879
0.0111502762883902
0.0101748146116734
0.00967958010733128
0.00705333799123764
0.00603285478428006
0.00463719433173537
0.00429203128442168
0.00514743570238352
0.00580774853006005
0.00670817447826266
0.00634800409898162
0.00772865721955895
0.00660312455147505
0.00649807509034872
0.0105199785903096
0.00741350837051868
0.013536405749619
0.010069765150547
0.00352666899561882
0.00475725112482905
0.00454715173691511
0.0032715480774641
0.00292638479731977
0.00328655517660081
0.00384181807748973
0.00654309615492821
0.0078637208789587
0.00471223006024957
0.0105199785903096
0.0182336289435625
0.0151121513918042
0.0558564327657223
0.0469572208821774
0.0231409501284361
0.0182186216115952
0.0106550417840481
0.0135213984176517
0.0109401773661375
0.00672318134456873
0.0109551837667823
0.00730845844373107
0.00489231524989009
0.0089892540127039
0.00868911202996969
0.00435205968096852
0.00939444545656443
0.00523747829720378
0.00681322393938899
0.00577773433178663
0.00819387752562761
0.0134163489565253
0.0119606601074338
0.00847901217639446
0.0079687712714076
0.0151721797883511
0.00880916882306337
0.00757858622819185
0.00808882806450129
0.00595781952142715
0.00441208807751536
0.00522247143089771
0.00697830226272345
0.00607787631452084
0.0063179899007082
0.00630298256874084
0.00904928240925074
0.0133863342925906
0.0131612280383706
0.0497485436499119
0.105289824306965
0.0730845853686333
0.105079725384712
0.106580436229706
0.0215652044862509
0.0539355240762234
0.0296390261501074
0.00651308195665479
0.00993470102548599
0.0117055391892791
0.0119606601074338
0.00736848684027791
0.00754857202991843
0.00879416149109602
0.00951450224965811
0.00757858622819185
0.00735347997397184
0.00469722272828221
0.00516244303435087
0.00907929614186287
0.0140916686505079
0.00918434653431177
0.010850134305656
0.0118105886504054
0.00750355096533895
0.00573271280154586
0.00304644159041345
0.00534252822399139
0.0056426702067256
0.00724843004718423
0.00600284058600664
0.00694828806445003
0.0127710439264774
0.00619793310761452
0.0136414552107453
0.0140166329219937
0.0408193171024323
0.155548602342606
0.199804544448853
0.130021527409554
0.0617992430925369
0.0246866829693317
0.0244915895164013
0.00991969462484121
0.00720340898260474
0.00577773433178663
0.00705333799123764
0.00603285478428006
0.00708335218951106
0.0107450848445296
0.00909430347383022
0.0063179899007082
0.0059428121894598
0.0052674924954772
0.00585276959463954
0.00607787631452084
0.00459217326715589
0.00436706654727459
0.00862908363342285
0.00657311035320163
0.013176235370338
0.010760092176497
0.00441208807751536
0.00465220166370273
0.00504238624125719
0.00648306775838137
0.006242954172194
0.00486230105161667
0.00402190303429961
0.00459217326715589
0.00622794730588794
0.0060928831808269
0.0120507022365928
0.0128911007195711
0.0225106533616781
0.0444360263645649
0.0837846472859383
0.0786672234535217
0.0483979023993015
0.0200795028358698
0.0101297935470939
0.00451713753864169
0.00519245723262429
0.00670817447826266
0.00648306775838137
0.00730845844373107
0.00582275539636612
0.00402190303429961
0.0044721164740622
0.00418698135763407
0.0036467257887125
0.00415696715936065
0.00517744990065694
0.00618292577564716
0.0039468677714467
0.00544757768511772
0.00598783371970057
0.00504238624125719
0.00946948118507862
0.00762360775843263
0.00516244303435087
0.00655810348689556
0.0059428121894598
0.00426201708614826
0.00493733631446958
0.00558264181017876
0.0079687712714076
0.0101898219436407
0.0092143602669239
0.00831393431872129
0.00465220166370273
0.00904928240925074
0.0302693247795105
0.0578523762524128
0.0658661723136902
0.048863124102354
0.038973443210125
0.0212500561028719
0.0337209589779377
0.0187288634479046
0.0099647156894207
0.0121707590296865
0.00846400577574968
0.00760860042646527
0.00600284058600664
0.00523747829720378
0.00570269860327244
0.00783370714634657
0.00691827386617661
0.00589779112488031
0.0051174215041101
0.00436706654727459
0.00574772013351321
0.0128460787236691
0.00897424668073654
0.0128010576590896
0.0178584512323141
0.00880916882306337
0.00817887019366026
0.00633299676701427
0.00643804669380188
0.00666315294802189
0.0114354118704796
0.0103548998013139
0.0103248860687017
0.0117805749177933
0.00945447385311127
0.0109701910987496
0.0192240979522467
0.0312447864562273
0.0922186374664307
0.12260802090168
0.11444415897131
0.119936756789684
0.0631648898124695
0.0286485571414232
0.0428002551198006
0.0302543174475431
0.0230959299951792
0.022195503115654
0.0105199785903096
0.00559764914214611
0.00940945278853178
0.00709835905581713
0.0105049712583423
0.0151571724563837
0.0140766613185406
0.0127410292625427
0.00907929614186287
0.00687325233593583
0.0155773712322116
0.0148720378056169
0.00835895538330078
0.0113753834739327
0.0106100207194686
0.0060928831808269
0.00897424668073654
0.0103248860687017
0.0137014836072922
0.0125459367409348
0.00954451691359282
0.0117655675858259
0.0132212564349175
0.0125009156763554
0.00915433187037706
0.0167479254305363
0.0170330610126257
0.0232459995895624
0.0649357289075851
0.0884218439459801
0.090312734246254
0.100202418863773
0.0380129888653755
0.0352516807615757
0.0167479254305363
0.0138065330684185
0.0200795028358698
0.0123808588832617
0.0129211144521832
0.0110752414911985
0.0108051132410765
0.0132662774994969
0.0115404613316059
0.0125009156763554
0.0101147862151265
0.0136864762753248
0.0137314982712269
0.00859906896948814
0.0149620799347758
0.0146469315513968
0.0186988487839699
0.0315599329769611
0.01686798222363
0.0129661355167627
0.0145418811589479
0.00783370714634657
0.0109401773661375
0.00952950958162546
0.0123358378186822
0.0137314982712269
0.0121407452970743
0.0095895379781723
0.00915433187037706
0.0240263696759939
0.0257671941071749
0.0398888774216175
0.0801679342985153
0.0393636263906956
0.0705483853816986
0.0684924125671387
0.0386883094906807
0.0263374634087086
0.0219253748655319
0.0212800707668066
0.0193591602146626
0.0127410292625427
0.00868911202996969
0.00580774853006005
0.00840397737920284
0.0146919526159763
0.0183536857366562
0.0121407452970743
0.00627296837046742
0.00900426134467125
0.00817887019366026
0.00445710914209485
0.00444210227578878
0.00498235784471035
0.00696329539641738
0.00546258501708508
0.00469722272828221
0.00360170449130237
0.00366173288784921
0.00397688196972013
0.0066181318834424
0.00721841584891081
0.00612289737910032
0.00520746409893036
0.00871912576258183
0.00867410469800234
0.00982965156435966
0.0103398934006691
0.0126359798014164
0.0398588627576828
0.0535153262317181
0.0252269376069307
0.0300592239946127
0.0360920801758766
0.0310196783393621
0.0277331247925758
0.0118406033143401
0.00916933920234442
0.00825390592217445
0.00504238624125719
0.0022360582370311
0.00430703815072775
0.00534252822399139
0.00694828806445003
0.006017847917974
0.00460718013346195
0.00348164769820869
0.00630298256874084
0.00619793310761452
0.00306144868955016
0.00331656937487423
0.00378178968094289
0.00567268440499902
0.0078637208789587
0.0063179899007082
0.00316649838350713
0.00474224425852299
0.0052674924954772
0.00415696715936065
0.00348164769820869
0.00487730791792274
0.00510241463780403
0.00924437493085861
0.00963455904275179
0.00876414775848389
0.00757858622819185
0.0200795028358698
0.0335708856582642
0.0396337546408176
0.0362721644341946
0.02962401881814
0.0377278551459312
0.0312898084521294
0.0222555324435234
0.0114954402670264
0.00964956637471914
0.0112853404134512
0.0108801489695907
0.0112403193488717
0.0134463626891375
0.0123208304867148
0.0148870451375842
0.012951129116118
0.0122908158227801
0.00997972302138805
0.00663313874974847
0.0153822796419263
0.0162977129220963
0.0131912427023053
0.0110152121633291
0.0205747354775667
0.0131162069737911
0.0208148509263992
0.0199894588440657
0.0137164909392595
0.0117355538532138
0.0116305034607649
0.00874914042651653
0.00874914042651653
0.00804380606859922
0.0158474985510111
0.0165378265082836
0.0128460787236691
0.0125609440729022
0.0247617177665234
0.0353117100894451
0.0414646230638027
0.0692277625203133
0.0714338049292564
0.0120957242324948
0.0278982017189264
0.0156974289566278
0.013761512003839
0.0158024784177542
0.00694828806445003
0.00705333799123764
0.00802879966795444
0.0103849144652486
0.00945447385311127
0.0079387566074729
0.00543257081881166
0.00532752089202404
0.00700831646099687
0.00451713753864169
0.00886919721961021
0.0115404613316059
0.0063179899007082
0.00825390592217445
0.0107000637799501
0.00838897004723549
0.00733847264200449
0.0054175634868443
0.00733847264200449
0.00522247143089771
0.00441208807751536
0.00763861462473869
0.00897424668073654
0.00553762074559927
0.00570269860327244
0.00607787631452084
0.00712837325409055
0.0103699071332812
0.0233210362493992
0.0440608486533165
0.0419748649001122
0.026937747374177
0.0152922365814447
0.0129661355167627
0.0137014836072922
0.00843399111181498
0.0118556106463075
0.00708335218951106
0.00457716593518853
0.00381180387921631
0.00303143449127674
0.00390184647403657
0.00612289737910032
0.00621293997392058
0.00460718013346195
0.00381180387921631
0.00202595861628652
0.00402190303429961
0.00483228685334325
0.00426201708614826
0.00405191723257303
0.00607787631452084
0.00636301096528769
0.00508740730583668
0.00456215906888247
0.00468221586197615
0.00666315294802189
0.00645305356010795
0.003121477086097
0.0039468677714467
0.00493733631446958
0.00739850103855133
0.00651308195665479
0.00264124991372228
0.00879416149109602
0.00814885646104813
0.0107300775125623
0.0295639894902706
0.0321752242743969
0.0280632805079222
0.0146319242194295
0.0154723217710853
0.0113303614780307
0.00660312455147505
0.00807382073253393
0.00502737890928984
0.00486230105161667
0.00415696715936065
0.00345163326710463
0.00309146288782358
0.00381180387921631
0.00360170449130237
0.00381180387921631
0.0036467257887125
0.00229608663357794
0.00480227265506983
0.00474224425852299
0.00366173288784921
0.00247617182321846
0.00607787631452084
0.00450213067233562
0.00367673998698592
0.00412695296108723
0.0036467257887125
0.00315149128437042
0.00330156227573752
0.00412695296108723
0.00351166189648211
0.00280632800422609
0.0037967967800796
0.00316649838350713
0.00462218746542931
0.00759359356015921
0.00759359356015921
0.020229572430253
0.0443609915673733
0.0354017540812492
0.0241014044731855
0.0167179107666016
0.0123658515512943
0.0089142182841897
0.00366173288784921
0.00330156227573752
0.00420198868960142
0.00514743570238352
0.0034066119696945
0.00360170449130237
0.00402190303429961
0.0025211931206286
0.00253620021976531
0.00400689616799355
0.00381180387921631
0.00163577403873205
0.00210099434480071
0.00322652678005397
0.00415696715936065
0.00412695296108723
0.00457716593518853
0.00316649838350713
0.00462218746542931
0.00444210227578878
0.00345163326710463
0.0029714060947299
0.00412695296108723
0.00453214487060905
0.00235611503012478
0.00345163326710463
0.00283634220249951
0.0067682028748095
0.0079687712714076
0.00741350837051868
0.0116905318573117
0.0233210362493992
0.0308996215462685
0.0242214612662792
0.0258722435683012
0.0233810637146235
0.0163577403873205
0.0119306454434991
0.0105349849909544
0.00612289737910032
0.00325654097832739
0.00381180387921631
0.00552261341363192
0.00618292577564716
0.00504238624125719
0.00351166189648211
0.00531251402571797
0.00430703815072775
0.00385682517662644
0.00307645578868687
0.00186088064219803
0.00262624281458557
0.00222105113789439
0.00333157647401094
0.00370675418525934
0.0034966547973454
0.00400689616799355
0.00384181807748973
0.00483228685334325
0.00553762074559927
0.00477225845679641
0.00415696715936065
0.00418698135763407
0.00391685357317328
0.00471223006024957
0.00555262761190534
0.00534252822399139
0.00652808928862214
0.0145568884909153
0.0238312780857086
0.026487534865737
0.0138515550643206
0.0168529748916626
0.0192240979522467
0.0156524069607258
0.0104149281978607
0.0118105886504054
0.00477225845679641
0.00373676838353276
0.00381180387921631
0.0037967967800796
0.00288136349990964
0.00360170449130237
0.00444210227578878
0.00351166189648211
0.00346664059907198
0.0039468677714467
0.00492232944816351
0.00454715173691511
0.00393186043947935
0.00502737890928984
0.00660312455147505
0.00475725112482905
0.00376678258180618
0.00454715173691511
0.00406692456454039
0.00517744990065694
0.00489231524989009
0.00316649838350713
0.00237112212926149
0.00183086644392461
0.00301642739214003
0.00421699555590749
0.00363171868957579
0.0064680608920753
0.00723342318087816
0.0105950133875012
0.0206497721374035
0.0169580243527889
0.0118556106463075
0.00871912576258183
0.007293451577425
0.00453214487060905
0.00448712334036827
0.00388683937489986
0.00283634220249951
0.00375177548266947
0.00309146288782358
0.0019959444180131
0.0029714060947299
0.00378178968094289
0.00294139189645648
0.00144068174995482
0.00292638479731977
0.00384181807748973
0.00396187463775277
0.00316649838350713
0.00231109373271465
0.0022360582370311
0.0023861292283982
0.00241614342667162
0.0029714060947299
0.00253620021976531
0.00216102274134755
0.00237112212926149
0.00201095151714981
0.0014106675516814
0.00159075274132192
0.00198093731887639
0.00237112212926149
0.00259622861631215
0.00429203128442168
0.00397688196972013
0.00522247143089771
0.011120262555778
0.0142117254436016
0.00967958010733128
0.00585276959463954
0.00660312455147505
0.0113603761419654
0.00547759188339114
0.00466720853000879
0.00420198868960142
0.00244615762494504
0.0026712641119957
0.00241614342667162
0.00148570304736495
0.00168079533614218
0.00178584514651448
0.00186088064219803
0.00229608663357794
0.00313648418523371
0.00184587354306132
0.00219103693962097
0.00229608663357794
0.0019959444180131
0.00234110793098807
0.00183086644392461
0.00204096571542323
0.00325654097832739
0.0022360582370311
0.00205597281455994
0.00235611503012478
0.00189089484047145
0.00147069594822824
0.00175583094824106
0.00159075274132192
0.00337659777142107
0.00418698135763407
0.00430703815072775
0.00528249982744455
0.00934942439198494
0.0134163489565253
0.0129211144521832
0.0082388985902071
0.00463719433173537
0.00700831646099687
0.00598783371970057
0.00426201708614826
0.00367673998698592
0.00304644159041345
0.00316649838350713
0.00243115052580833
0.00324153387919068
0.00337659777142107
0.00180085224565119
0.00112553266808391
0.00163577403873205
0.00202595861628652
0.00229608663357794
0.00211600144393742
0.00174082384910434
0.00231109373271465
0.00292638479731977
0.00196593021973968
0.00241614342667162
0.00268627121113241
0.00324153387919068
0.00249117892235518
0.00295639899559319
0.00321151968091726
0.00210099434480071
0.00142567465081811
0.00175583094824106
0.00162076693959534
0.00339160487055779
0.00366173288784921
0.00213100854307413
0.00274629960767925
0.00514743570238352
0.0105049712583423
0.0110002057626843
0.00817887019366026
0.0054925992153585
0.00799878500401974
0.00556763494387269
0.00535753509029746
0.00559764914214611
0.00336159067228436
0.00318150548264384
0.00219103693962097
0.00178584514651448
0.00117055396549404
0.0018158593447879
0.00348164769820869
0.00325654097832739
0.00229608663357794
0.00153072434477508
0.00121557526290417
0.00129061075858772
0.00172581663355231
0.00204096571542323
0.00264124991372228
0.00174082384910434
0.00295639899559319
0.00229608663357794
0.00139566045254469
0.00231109373271465
0.00195092323701829
0.00177083804737777
0.00114053976722062
0.00132062495686114
0.00105049717240036
0.00168079533614218
0.00205597281455994
0.00187588774133474
0.00400689616799355
0.00657311035320163
0.00352666899561882
0.00481727952137589
0.00355668319389224
0.00331656937487423
0.00258122151717544
0.00184587354306132
0.00229608663357794
0.00124558946117759
0.00213100854307413
0.00219103693962097
0.00136564625427127
0.00193591613788158
0.00168079533614218
0.00133563205599785
0.00219103693962097
0.00244615762494504
0.00211600144393742
0.0017108095344156
0.00207097991369665
0.00295639899559319
0.00231109373271465
0.0010054757585749
0.00132062495686114
0.000990468659438193
0.0012605965603143
0.00201095151714981
0.00210099434480071
0.00115554686635733
0.000945447420235723
0.00148570304736495
0.00169580243527889
0.00202595861628652
0.00220604403875768
0.00183086644392461
0.00217602984048426
0.00219103693962097
0.00523747829720378
0.00978463049978018
0.0092143602669239
0.00757858622819185
0.00771365035325289
0.00471223006024957
0.00324153387919068
0.00205597281455994
0.00285134930163622
0.00186088064219803
0.0015607385430485
0.00114053976722062
0.00144068174995482
0.00178584514651448
0.00154573144391179
0.00133563205599785
0.000945447420235723
0.000975461618509144
0.00117055396549404
0.00139566045254469
0.00165078113786876
0.00198093731887639
0.00192090903874487
0.00186088064219803
0.00175583094824106
0.00132062495686114
0.00174082384910434
0.00147069594822824
0.000915433221962303
0.00103548995684832
0.00103548995684832
0.00075035507325083
0.00103548995684832
0.00174082384910434
0.00258122151717544
0.00229608663357794
0.00160575984045863
0.00291137769818306
0.00738349417224526
0.00774366455152631
0.00540255662053823
0.00424700975418091
0.00334658357314765
0.00235611503012478
0.00204096571542323
0.0017108095344156
0.00148570304736495
0.00112553266808391
0.00102048285771161
0.000960454519372433
0.00154573144391179
0.00142567465081811
0.00135063915513456
0.0011105255689472
0.000900426122825593
0.00103548995684832
0.00118556106463075
0.0015607385430485
0.00157574564218521
0.00129061075858772
0.000780369271524251
0.00120056816376746
0.00118556106463075
0.00129061075858772
0.000930440321099013
0.00129061075858772
0.00151571724563837
0.00105049717240036
0.00169580243527889
0.00157574564218521
0.0011105255689472
0.000960454519372433
0.000945447420235723
0.00168079533614218
0.00207097991369665
0.00247617182321846
0.00484729371964931
0.0056426702067256
0.00258122151717544
0.00306144868955016
0.00256621441803873
0.00276130670681596
0.00213100854307413
0.00186088064219803
0.00148570304736495
0.00129061075858772
0.00145568884909153
0.00124558946117759
0.00106550427153707
0.000945447420235723
0.0011105255689472
0.00118556106463075
0.000960454519372433
0.000795376370660961
0.00106550427153707
0.000975461618509144
0.00105049717240036
0.000795376370660961
0.00103548995684832
0.00108051137067378
0.000930440321099013
0.000960454519372433
0.000990468659438193
0.00106550427153707
0.000840397668071091
0.000525248586200178
0.000555262784473598
0.000630298280157149
0.000885419023688883
0.00129061075858772
0.00145568884909153
0.00106550427153707
0.00109551846981049
0.00201095151714981
0.00369174708612263
0.00405191723257303
0.00279132090508938
0.00157574564218521
0.00180085224565119
0.002085987245664
0.00160575984045863
0.00211600144393742
0.00130561785772443
0.0010054757585749
0.00109551846981049
0.00072034087497741
0.000990468659438193
0.000960454519372433
0.000840397668071091
0.00072034087497741
0.000540255685336888
0.000795376370660961
0.000795376370660961
0.000660312478430569
0.00075035507325083
0.00069032667670399
0.000900426122825593
0.000495234329719096
0.000825390568934381
0.000930440321099013
0.00076536217238754
0.000555262784473598
0.000495234329719096
0.000585276982747018
0.000390184635762125
0.000390184635762125
0.000660312478430569
0.00072034087497741
0.00135063915513456
0.00112553266808391
0.000945447420235723
0.00142567465081811
0.00159075274132192
0.00183086644392461
0.0014106675516814
0.000375177536625415
0.00189089484047145
0.00147069594822824
0.00108051137067378
0.000945447420235723
0.00124558946117759
0.00135063915513456
0.000930440321099013
0.000555262784473598
0.000495234329719096
0.000555262784473598
0.000390184635762125
0.000540255685336888
0.00073534797411412
0.000435205962276086
0.000375177536625415
0.000495234329719096
0.000600284081883729
0.0007053337758407
0.000555262784473598
0.00069032667670399
0.000540255685336888
0.000420198834035546
0.000525248586200178
0.00072034087497741
0.000570269883610308
0.000465220160549507
0.000555262784473598
0.000450213061412796
0.000825390568934381
0.00076536217238754
0.000630298280157149
0.000405191734898835
0.000900426122825593
0.00114053976722062
0.00102048285771161
0.00127560365945101
0.000945447420235723
0.000870411924552172
0.0010054757585749
0.000675319577567279
0.00105049717240036
0.00105049717240036
0.000675319577567279
0.00075035507325083
0.000420198834035546
0.000420198834035546
0.000480227259686217
0.000495234329719096
0.000570269883610308
0.000420198834035546
0.000360170437488705
0.000390184635762125
0.000300142040941864
0.000360170437488705
0.000465220160549507
0.000420198834035546
0.000450213061412796
0.000780369271524251
0.000915433221962303
0.000600284081883729
0.000300142040941864
0.000465220160549507
0.000525248586200178
0.000480227259686217
0.000480227259686217
0.000540255685336888
0.000390184635762125
0.000450213061412796
0.00073534797411412
0.00072034087497741
0.000915433221962303
0.000885419023688883
0.000615291181020439
0.000510241428855807
0.000585276982747018
0.000630298280157149
0.000645305379293859
0.000420198834035546
0.000600284081883729
0.00069032667670399
0.00069032667670399
0.000585276982747018
0.000300142040941864
0.000405191734898835
0.000480227259686217
0.000330156239215285
0.000450213061412796
0.000435205962276086
0.000465220160549507
0.000330156239215285
0.000525248586200178
0.000465220160549507
0.000360170437488705
0.000495234329719096
0.000315149140078574
0.000525248586200178
0.000435205962276086
0.000330156239215285
0.000330156239215285
0.000435205962276086
0.000480227259686217
0.000405191734898835
0.000465220160549507
0.000420198834035546
0.000510241428855807
0.00069032667670399
0.00075035507325083
0.0007053337758407
0.000870411924552172
0.000915433221962303
0.00106550427153707
0.000675319577567279
0.000780369271524251
0.000855404767207801
0.000465220160549507
0.000570269883610308
0.000555262784473598
0.000465220160549507
0.000480227259686217
0.000345163338351995
0.000375177536625415
0.000435205962276086
0.000405191734898835
0.000360170437488705
0.000360170437488705
0.000285134941805154
0.000210099417017773
0.000195092317881063
0.000210099417017773
0.000315149140078574
0.000330156239215285
0.000405191734898835
0.000345163338351995
0.000330156239215285
0.000345163338351995
0.000345163338351995
0.000300142040941864
0.000240113629843108
0.000270127842668444
0.000270127842668444
0.000240113629843108
0.000420198834035546
0.000495234329719096
0.0007053337758407
0.000615291181020439
0.000510241428855807
0.000900426122825593
0.0012605965603143
0.00130561785772443
0.000990468659438193
0.00117055396549404
0.0010054757585749
0.000585276982747018
0.0007053337758407
0.000630298280157149
0.000270127842668444
0.000285134941805154
0.000435205962276086
0.000345163338351995
0.000285134941805154
0.000420198834035546
0.000375177536625415
0.000510241428855807
0.000435205962276086
0.000510241428855807
0.000390184635762125
0.000435205962276086
0.000375177536625415
0.000225106530706398
0.000270127842668444
0.000330156239215285
0.000435205962276086
0.000510241428855807
0.000315149140078574
0.000240113629843108
0.000435205962276086
0.000510241428855807
0.000420198834035546
0.000570269883610308
0.000600284081883729
0.000510241428855807
0.000645305379293859
0.000645305379293859
0.000450213061412796
0.000870411924552172
0.00138065335340798
0.00150071014650166
0.00114053976722062
0.00123058236204088
0.00112553266808391
0.000450213061412796
0.000930440321099013
0.000675319577567279
0.000420198834035546
0.000420198834035546
0.000465220160549507
0.000600284081883729
0.00075035507325083
0.000450213061412796
0.000465220160549507
0.000510241428855807
0.000615291181020439
0.000825390568934381
0.000570269883610308
0.000615291181020439
0.000525248586200178
0.000675319577567279
0.0007053337758407
0.000570269883610308
0.000675319577567279
0.000540255685336888
0.000375177536625415
0.000435205962276086
0.000675319577567279
0.000660312478430569
0.000510241428855807
0.000465220160549507
0.000420198834035546
0.000600284081883729
0.000405191734898835
0.00076536217238754
0.0007053337758407
0.00120056816376746
0.00117055396549404
0.000870411924552172
0.000570269883610308
0.00121557526290417
0.00106550427153707
0.000600284081883729
0.00075035507325083
0.00073534797411412
0.00073534797411412
0.000630298280157149
0.000660312478430569
0.0007053337758407
0.00072034087497741
0.000540255685336888
0.00073534797411412
0.000660312478430569
0.000660312478430569
0.000570269883610308
0.000570269883610308
0.000540255685336888
0.000615291181020439
0.000630298280157149
0.000615291181020439
0.00073534797411412
0.000495234329719096
0.000600284081883729
0.000945447420235723
0.000570269883610308
0.000570269883610308
0.000465220160549507
0.000465220160549507
0.00076536217238754
0.00105049717240036
0.0011105255689472
0.000795376370660961
0.000870411924552172
0.00157574564218521
0.00213100854307413
0.00183086644392461
0.0012605965603143
0.00127560365945101
0.00118556106463075
0.000510241428855807
0.000930440321099013
0.00072034087497741
0.0007053337758407
0.00121557526290417
0.00105049717240036
0.000945447420235723
0.000555262784473598
0.000555262784473598
0.000675319577567279
0.000825390568934381
0.000855404767207801
0.000645305379293859
0.0007053337758407
0.00075035507325083
0.000825390568934381
0.000825390568934381
0.00075035507325083
0.000645305379293859
0.000600284081883729
0.000315149140078574
0.000360170437488705
0.000570269883610308
0.000240113629843108
0.000540255685336888
0.000405191734898835
0.000525248586200178
0.000465220160549507
0.000405191734898835
0.000645305379293859
0.000570269883610308
0.00130561785772443
0.00183086644392461
0.00160575984045863
0.0012605965603143
0.000870411924552172
0.00073534797411412
0.000540255685336888
0.000270127842668444
0.000495234329719096
0.00073534797411412
0.00076536217238754
0.000450213061412796
0.000510241428855807
0.000465220160549507
0.00069032667670399
0.000630298280157149
0.000540255685336888
0.000420198834035546
0.000585276982747018
0.000630298280157149
0.000585276982747018
0.000360170437488705
0.000600284081883729
0.000570269883610308
0.000300142040941864
0.000615291181020439
0.000435205962276086
0.000405191734898835
0.000480227259686217
0.000405191734898835
0.000630298280157149
0.000645305379293859
0.000450213061412796
0.000450213061412796
0.000570269883610308
0.00073534797411412
0.000615291181020439
0.000840397668071091
0.00160575984045863
0.002085987245664
0.00177083804737777
0.000885419023688883
0.00148570304736495
0.00117055396549404
0.00076536217238754
0.000870411924552172
0.0007053337758407
0.00069032667670399
0.0010054757585749
0.000780369271524251
0.000555262784473598
0.000315149140078574
0.000285134941805154
0.000615291181020439
0.000855404767207801
0.000555262784473598
0.000465220160549507
