% Type: Spectrum
% Date: 11-DEC-24 13:02:08
% NoOfItems: = 1601
% Unit_Y: = dB
% Unit_X: = Hz
% Min_X: = 0
% Max_X: = 1000
% MinDisplay_X: = 0
% MaxDisplay_X: = 1000
0
0
0
0
0.0541147030889988
0.0487150102853775
0.0266360677778721
0.013952225446701
0.0168423298746347
0.0201310683041811
0.0122852064669132
0.00931356381624937
0.00828073639422655
0.00488327909260988
0.010228612460196
0.0103826299309731
0.0150122325867414
0.0177573785185814
0.0119318710640073
0.011533236131072
0.00776432314887643
0.00303506222553551
0.00202941475436091
0.00775526324287057
0.00853441376239061
0.00212001358158886
0.00104188697878271
0.00186633667908609
0.00234651076607406
0.00238275015726686
0.00403164979070425
0.00433968566358089
0.00189351639710367
0.00169419881422073
0.00242804968729615
0.00174855813384056
0.00161265989299864
0.00165795930661261
0.00279950513504446
0.122254110872746
0.232703194022179
0.111400365829468
0.00665901694446802
0.00804517976939678
0.00378703279420733
0.00280856504105031
0.00289010396227241
0.00282668462023139
0.00384139199741185
0.00252770842052996
0.0017394982278347
0.00148582144174725
0.00177573785185814
0.00156736047938466
0.00109624629840255
0.00154924066737294
0.00188445649109781
0.00207471405155957
0.00142240221612155
0.00192975590471178
0.00296258297748864
0.0108718639239669
0.0069126938469708
0.00594328576698899
0.0039319908246398
0.00108718639239669
0.000833509606309235
0.000905988679733127
0.000924108491744846
0.00175761803984642
0.00226497161202133
0.00255488813854754
0.00353335589170456
0.00183915707748383
0.0011687254300341
0.00101470737718046
0.00335215823724866
0.00796364061534405
0.00706671178340912
0.0454534515738487
0.115866892039776
0.0779693871736526
0.0148219745606184
0.010101773776114
0.00424002716317773
0.00356053560972214
0.0052637942135334
0.0032977988012135
0.00316190044395626
0.00472926115617156
0.00385951180942357
0.00395011063665152
0.00587080651894212
0.00435780547559261
0.00227403151802719
0.00356053560972214
0.00424002716317773
0.00472926115617156
0.00835321564227343
0.010038354434073
0.0109171634539962
0.0422462522983551
0.0331591852009296
0.0118684517219663
0.0193609781563282
0.0128559796139598
0.0100655341520905
0.00872467085719109
0.0104913488030434
0.00866125151515007
0.00821731705218554
0.00657747779041529
0.00592516595497727
0.00558089045807719
0.0117959724739194
0.0109987026080489
0.0119862305000424
0.0217527877539396
0.0343460328876972
0.347220152616501
0.593739688396454
0.268969923257828
0.0635188668966293
0.0598949119448662
0.0160722397267818
0.00859783310443163
0.00807235948741436
0.00372361345216632
0.00425814697518945
0.00662277732044458
0.00587986642494798
0.00529097393155098
0.00760124530643225
0.0060791838914156
0.00825355667620897
0.0115875955671072
0.0138344475999475
0.0098480973392725
0.0146226575598121
0.0215987712144852
0.0218252670019865
0.0313925072550774
0.0223960410803556
0.00646875938400626
0.00977561809122562
0.0090327076613903
0.00796364061534405
0.013191195204854
0.0111074214801192
0.0157823227345943
0.0128831593319774
0.0169419888406992
0.0169691685587168
0.0164527539163828
0.0282396674156189
0.0236825440078974
0.033585000783205
0.0648687928915024
0.0514601580798626
0.359396666288376
0.591664969921112
0.253287255764008
0.108800180256367
0.109026677906513
0.0218886863440275
0.0246519520878792
0.0212635546922684
0.0145773580297828
0.0191073007881641
0.0104460492730141
0.00539969280362129
0.0164346341043711
0.0245522931218147
0.0129918782040477
0.00791834108531475
0.00614260323345661
0.00539969280362129
0.00520037487149239
0.013798207975924
0.01415154337883
0.00959441997110844
0.0230302326381207
0.0173678025603294
0.00845287460833788
0.00894210860133171
0.00505541684105992
0.00739286793395877
0.00821731705218554
0.00764654437080026
0.00865219160914421
0.00578020792454481
0.00717543065547943
0.00843475479632616
0.0139159858226776
0.0186452474445105
0.0117144333198667
0.0164436940103769
0.0335668809711933
0.0218252670019865
0.0806601718068123
0.13729353249073
0.0593422576785088
0.0896566435694695
0.0964877977967262
0.0237187836319208
0.00730226887390018
0.00505541684105992
0.00192069599870592
0.00798176042735577
0.0134176928550005
0.0123848654329777
0.00790022127330303
0.00684927450492978
0.00667713675647974
0.00549935130402446
0.0070938915014267
0.0074562868103385
0.00681303488090634
0.0111980205401778
0.0118140922859311
0.0103373313322663
0.0229215137660503
0.0140518844127655
0.00441216491162777
0.00893304869532585
0.00523661449551582
0.00954912044107914
0.011469816789031
0.00808141939342022
0.0070032924413681
0.00479268003255129
0.0033430983312428
0.00925920438021421
0.0179838761687279
0.0168695095926523
0.00859783310443163
0.0104913488030434
0.0155739458277822
0.013127775862813
0.12720987200737
0.188019827008247
0.0761483460664749
0.0444206260144711
0.034726545214653
0.0108356242999434
0.0183734502643347
0.0128469197079539
0.00702141225337982
0.0174674615263939
0.0152477892115712
0.00752876605838537
0.0128197399899364
0.0149578731507063
0.00719355000182986
0.00316190044395626
0.00651405891403556
0.00628756172955036
0.00493763852864504
0.00597952539101243
0.0070485919713974
0.00817201845347881
0.0100745940580964
0.00738380802795291
0.0165161732584238
0.0252046044915915
0.0131730753928423
0.00587080651894212
0.00666807685047388
0.00556277064606547
0.00395917054265738
0.0057167885825038
0.00976655818521976
0.0101742530241609
0.0108446842059493
0.0126747814938426
0.00679491506889462
0.00605200463905931
0.00992057658731937
0.0135988900437951
0.0993507206439972
0.142919719219208
0.0551384724676609
0.0464862808585167
0.0497025400400162
0.00875185057520866
0.00661371741443872
0.00583456736057997
0.0054449918679893
0.00710295140743256
0.0070032924413681
0.0066861966624856
0.0072297896258533
0.00477456022053957
0.00432156585156918
0.00834415573626757
0.00746534671634436
0.0048560993745923
0.00304412189871073
0.00711201131343842
0.00539969280362129
0.00448464415967464
0.00974843837320805
0.00772808352485299
0.0107631459832191
0.0154380472376943
0.0050372970290482
0.00395011063665152
0.00232839095406234
0.00332497851923108
0.00611542351543903
0.00625132210552692
0.00558995036408305
0.00596140557900071
0.00568960886448622
0.00848005432635546
0.0078186821192503
0.0112161403521895
0.0272340197116137
0.0212997943162918
0.0614713318645954
0.0907166451215744
0.0399450398981571
0.0144414594396949
0.0215534716844559
0.0142693221569061
0.0368827991187572
0.024661011993885
0.00574396830052137
0.0131730753928423
0.00925920438021421
0.00667713675647974
0.00825355667620897
0.00646875938400626
0.0056714890524745
0.0104098096489906
0.0108990436419845
0.00693987356498837
0.00223779212683439
0.00542687205597758
0.00410412857308984
0.00404070969671011
0.00621508248150349
0.00367831415496767
0.00933168362826109
0.0109081035479903
0.00776432314887643
0.00742910709232092
0.00855253357440233
0.00857971329241991
0.00685833441093564
0.00514601590111852
0.00752876605838537
0.00909612607210875
0.00828073639422655
0.0127200810238719
0.0120496498420835
0.0174312219023705
0.027469577267766
0.0277866739779711
0.137130454182625
0.187829568982124
0.0753057822585106
0.0736749991774559
0.0573309659957886
0.0277957338839769
0.0528553798794746
0.0325068756937981
0.0102195525541902
0.0168060902506113
0.011469816789031
0.00736568821594119
0.0068673943169415
0.00443934462964535
0.00351523607969284
0.00510977627709508
0.00885150954127312
0.00894210860133171
0.00656841788440943
0.0102195525541902
0.00835321564227343
0.00408600922673941
0.00705765187740326
0.00500105740502477
0.0105457082390785
0.0160450600087643
0.00848005432635546
0.00752876605838537
0.00817201845347881
0.00421284744516015
0.00398635026067495
0.00409506866708398
0.00362395471893251
0.00532721355557442
0.00858877319842577
0.0098027978092432
0.00932262372225523
0.0132999140769243
0.0213632136583328
0.0241717789322138
0.109452493488789
0.1412073969841
0.0517138354480267
0.0451997742056847
0.0354966372251511
0.00632380088791251
0.00659559760242701
0.00530003383755684
0.00505541684105992
0.0047202012501657
0.00419472763314843
0.00433968566358089
0.0049466984346509
0.00728414906188846
0.00600670510903001
0.00330685870721936
0.00299882260151207
0.00420378753915429
0.00285386433824897
0.00445746444165707
0.00424908706918359
0.0054449918679893
0.00532721355557442
0.00410412857308984
0.0080632995814085
0.00954006053507328
0.00472926115617156
0.0078186821192503
0.0084256948903203
0.0050825965590775
0.00640534004196525
0.00702141225337982
0.00422190735116601
0.00436686538159847
0.00469302153214812
0.00599764520302415
0.00568054895848036
0.00654123816639185
0.0105910077691078
0.0116963144391775
0.0158638618886471
0.0190438814461231
0.0247425511479378
0.0312747284770012
0.0235919449478388
0.00674961553886533
0.0135717103257775
0.0088333897292614
0.0080632995814085
0.0105457082390785
0.00868843123316765
0.00850723404437304
0.0076374844647944
0.00444840453565121
0.00383233209140599
0.00649593910202384
0.00720260990783572
0.00510071637108922
0.00580738764256239
0.00913236569613218
0.00636004051193595
0.00665901694446802
0.00894210860133171
0.0054449918679893
0.00531815364956856
0.00725696934387088
0.00380515260621905
0.00580738764256239
0.00470208143815398
0.00620602257549763
0.00723884953185916
0.0062785018235445
0.00488327909260988
0.00822637695819139
0.0107540860772133
0.00857971329241991
0.00693081365898252
0.0127472607418895
0.0176033601164818
0.0190438814461231
0.0678041949868202
0.0800169184803963
0.0254673417657614
0.0450910553336143
0.0452813133597374
0.0353788584470749
0.0516957156360149
0.028683602809906
0.00844381470233202
0.0121855475008488
0.00753782596439123
0.0068673943169415
0.0138072678819299
0.0130371768027544
0.0112976785749197
0.00940416287630796
0.00663183722645044
0.00997493509203196
0.0107903257012367
0.0111346011981368
0.0105910077691078
0.0107540860772133
0.0118503319099545
0.00797270052134991
0.0103373313322663
0.00956724025309086
0.00938604306429625
0.0166883114725351
0.0150303523987532
0.00832603592425585
0.00891492888331413
0.00893304869532585
0.00846193451434374
0.0103916898369789
0.011533236131072
0.00998399499803782
0.0108084455132484
0.0120496498420835
0.0229486934840679
0.0389846935868263
0.14606349170208
0.161963596940041
0.0637906640768051
0.0624498017132282
0.0531090572476387
0.0107812657952309
0.0173587426543236
0.0153746278956532
0.0104732289910316
0.0134992310777307
0.0104098096489906
0.020457224920392
0.0232295505702496
0.00965783931314945
0.0134992310777307
0.0133542735129595
0.00748346652835608
0.0137891480699182
0.022115183994174
0.0152477892115712
0.00755594577640295
0.0103463912382722
0.0129465786740184
0.0124211050570011
0.0157642029225826
0.0193972177803516
0.00857971329241991
0.0160722397267818
0.0152387302368879
0.00552653102204204
0.0118050323799253
0.016126599162817
0.0141424834728241
0.0113882776349783
0.00957630015909672
0.0108809238299727
0.00817201845347881
0.0109443431720138
0.0150303523987532
0.0176214799284935
0.0417841970920563
0.0506447665393353
0.0564521551132202
0.0752423629164696
0.0458339676260948
0.0194243974983692
0.0287832599133253
0.0139069268479943
0.0212544947862625
0.0308942142874002
0.0130190579220653
0.00674055563285947
0.00906894635409117
0.0107450261712074
0.010772205889225
0.0106181874871254
0.0114245172590017
0.00715731084346771
0.00862501189112663
0.00698517262935638
0.00656841788440943
0.00947664212435484
0.0123214460909367
0.0114607568830252
0.0137800881639123
0.0156464241445065
0.0084256948903203
0.00534533336758614
0.00825355667620897
0.00479268003255129
0.00854347366839647
0.0102557921782136
0.00672243628650904
0.00642345985397696
0.00461148237809539
0.0072750891558826
0.0050372970290482
0.011279558762908
0.01911636069417
0.023446986451745
0.0727418288588524
0.0742276534438133
0.0254039224237204
0.0236553642898798
0.0138706872239709
0.0104007497429848
0.010038354434073
0.00489233899861574
0.00501011731103063
0.0109715228900313
0.00896022841334343
0.00698517262935638
0.00641439994797111
0.00516413571313024
0.00585268717259169
0.00433062575757504
0.00497387768700719
0.00560807017609477
0.00674055563285947
0.00695799291133881
0.00457524275407195
0.0050825965590775
0.00481985975056887
0.0047202012501657
0.00679491506889462
0.00613354332745075
0.00355147570371628
0.00420378753915429
0.00557183055207133
0.00608824379742146
0.00900552794337273
0.00755594577640295
0.00696705281734467
0.00780056277289987
0.00872467085719109
0.00987527705729008
0.00740192737430334
0.0127744404599071
0.0210008174180984
0.0269984621554613
0.102829717099667
0.110766179859638
0.0465859398245811
0.0363392047584057
0.0297345481812954
0.0230664722621441
0.0294083934277296
0.0135264107957482
0.0096034798771143
0.0146770169958472
0.0130734164267778
0.0139612853527069
0.0116328950971365
0.00790928117930889
0.0136623093858361
0.0173496827483177
0.0122670866549015
0.0120496498420835
0.0117053743451834
0.010101773776114
0.0122217871248722
0.015737023204565
0.0188083257526159
0.0108899837359786
0.0131821352988482
0.0156826637685299
0.0147676160559058
0.0181197728961706
0.0138072678819299
0.0104913488030434
0.0185274686664343
0.0143327414989471
0.00674055563285947
0.00695799291133881
0.0113973375409842
0.0163893345743418
0.013952225446701
0.0250143483281136
0.0410956479609013
0.0298795066773891
0.0984175503253937
0.105728879570961
0.0522574260830879
0.0232839100062847
0.0227403156459332
0.015039412304759
0.0164074543863535
0.00827167648822069
0.0111527210101485
0.0108809238299727
0.00754688587039709
0.0104369893670082
0.0104188695549965
0.00747440662235022
0.00675867544487119
0.010645367205143
0.0114516969770193
0.00977561809122562
0.00703047215938568
0.00591610604897141
0.00615166313946247
0.00862501189112663
0.00814483873546124
0.00430344650521874
0.00764654437080026
0.00740192737430334
0.00677679525688291
0.0098027978092432
0.00635098060593009
0.00499199749901891
0.00680397497490048
0.00833509583026171
0.00917766522616148
0.00963971950113773
0.00635098060593009
0.00560807017609477
0.00362395471893251
0.014214962720871
0.0258840974420309
0.028801379725337
0.0794461518526077
0.0766375809907913
0.0467308983206749
0.0378340892493725
0.0157098434865475
0.0128016201779246
0.0189714040607214
0.00828979630023241
0.00395011063665152
0.00612448342144489
0.00440310500562191
0.00761030521243811
0.0105275884270668
0.00690363394096494
0.00611542351543903
0.00576208811253309
0.00605200463905931
0.0070485919713974
0.00857971329241991
0.00784586183726788
0.00545405177399516
0.0054902913980186
0.0047202012501657
0.00376891298219562
0.00246428931131959
0.00312566105276346
0.00361489481292665
0.00518225552514195
0.00518225552514195
0.00424908706918359
0.00415848800912499
0.00397729035466909
0.00541781214997172
0.00761030521243811
0.00794552080333233
0.00838945526629686
0.00608824379742146
0.00798176042735577
0.00886056944727898
0.0110349422320724
0.0451544746756554
0.0476459451019764
0.0224594604223967
0.0136623093858361
0.008380395360291
0.00642345985397696
0.00587986642494798
0.00603388482704759
0.0080180000513792
0.00692175375297666
0.00400447007268667
0.0048560993745923
0.00578020792454481
0.00501011731103063
0.00541781214997172
0.00447558425366879
0.00379609270021319
0.0034789964556694
0.00453900313004851
0.00377797288820148
0.00362395471893251
0.00359677500091493
0.00362395471893251
0.00402258988469839
0.00616978295147419
0.0052637942135334
0.00257300795055926
0.00326155917719007
0.00472926115617156
0.00529097393155098
0.00452994322404265
0.00302600231952965
0.00249146879650652
0.00328873889520764
0.00578926783055067
0.00684021459892392
0.00364207453094423
0.00823543686419725
0.013734788633883
0.0252770837396383
0.0843475461006165
0.0796001628041267
0.0318998619914055
0.0330957658588886
0.0176124200224876
0.00655935797840357
0.00702141225337982
0.00541781214997172
0.00409506866708398
0.0037507931701839
0.00480173993855715
0.00506447674706578
0.00396823044866323
0.00346087687648833
0.00440310500562191
0.00396823044866323
0.00283574452623725
0.00179385766386986
0.0031528405379504
0.00409506866708398
0.00426720688119531
0.00555371074005961
0.00424908706918359
0.00346993678249419
0.00625132210552692
0.0055355909280479
0.00440310500562191
0.00482891965657473
0.00317096034996212
0.00221967231482267
0.00299882260151207
0.00282668462023139
0.00265454687178135
0.00270890607498586
0.00500105740502477
0.00537251308560371
0.00446652434766293
0.00665901694446802
0.0076374844647944
0.0147404363378882
0.0308398548513651
0.0329598672688007
0.0198411531746387
0.0166792515665293
0.00859783310443163
0.0132636744529009
0.0141243636608124
0.00397729035466909
0.00438498519361019
0.00252770842052996
0.00339745753444731
0.00506447674706578
0.00427626678720117
0.00332497851923108
0.00616072304546833
0.00621508248150349
0.00351523607969284
0.00489233899861574
0.00385045190341771
0.00287198415026069
0.00452994322404265
0.00495575834065676
0.00465678190812469
0.00557183055207133
0.00538157299160957
0.00478362012654543
0.00378703279420733
0.00338839762844145
0.00244616949930787
0.00462960219010711
0.00595234567299485
0.00404070969671011
0.00302600231952965
0.00249146879650652
0.00185727677308023
0.00442122481763363
0.00364207453094423
0.00587986642494798
0.0068673943169415
0.00909612607210875
0.0515869967639446
0.0653489679098129
0.0283302664756775
0.0263461507856846
0.0175308808684349
0.00965783931314945
0.0146498372778296
0.00539063289761543
0.00588892633095384
0.00420378753915429
0.00225591193884611
0.00301694241352379
0.00319814006797969
0.00325249950401485
0.00245522940531373
0.00268172658979893
0.00341557734645903
0.00238275015726686
0.00258206785656512
0.00272702588699758
0.00246428931131959
0.00184821698348969
0.00154018076136708
0.00200223503634334
0.00240992987528443
0.0037054936401546
0.00325249950401485
0.00423096725717187
0.0052637942135334
0.00387763162143528
0.00226497161202133
0.00204753433354199
0.0025186485145241
0.00240992987528443
0.00333403842523694
0.00355147570371628
0.00246428931131959
0.00582550745457411
0.00736568821594119
0.00713919103145599
0.0143236815929413
0.0169238690286875
0.0136351296678185
0.0134992310777307
0.00734756840392947
0.00452088378369808
0.00608824379742146
0.00304412189871073
0.0031528405379504
0.00418566772714257
0.00292634358629584
0.00218343269079924
0.00206565414555371
0.00257300795055926
0.00205659423954785
0.00269078649580479
0.00269984640181065
0.00230121123604476
0.00240992987528443
0.00268172658979893
0.00190257630310953
0.00223779212683439
0.00253676832653582
0.00220155250281096
0.00523661449551582
0.00439404509961605
0.00230121123604476
0.00248240912333131
0.00176667794585228
0.00238275015726686
0.0027451456990093
0.00288104405626655
0.00306224171072245
0.00248240912333131
0.00218343269079924
0.00250958860851824
0.00261830724775791
0.00477456022053957
0.00602482492104173
0.00554465083405375
0.0131187159568071
0.0131458956748247
0.0103735709562898
0.0111255412921309
0.00791834108531475
0.00419472763314843
0.00344275706447661
0.00173043843824416
0.00316190044395626
0.0035242959856987
0.00241898978129029
0.00183009717147797
0.0011687254300341
0.00183009717147797
0.00272702588699758
0.00366019434295595
0.00241898978129029
0.00186633667908609
0.00271796598099172
0.00210189376957715
0.00175761803984642
0.00278138532303274
0.00278138532303274
0.00261830724775791
0.00388669152744114
0.00324343959800899
0.00244616949930787
0.00202941475436091
0.00214719329960644
0.00290822377428412
0.00273608579300344
0.00217437278479338
0.00183009717147797
0.00169419881422073
0.00187539658509195
0.00328873889520764
0.00318908016197383
0.00355147570371628
0.00386857171542943
0.00373267335817218
0.0092410845682025
0.00935886334627867
0.00578926783055067
0.00925014447420835
0.00797270052134991
0.010355451144278
0.0116600748151541
0.00495575834065676
0.00607012445107102
0.00568960886448622
0.00265454687178135
0.0023374508600682
0.00220155250281096
0.00268172658979893
0.003895751433447
0.00328873889520764
0.00250052870251238
0.00198411522433162
0.00242804968729615
0.00236463057808578
0.00220155250281096
0.0025639480445534
0.00299882260151207
0.00144958193413913
0.00189351639710367
0.0017394982278347
0.00279950513504446
0.00279950513504446
0.00167607911862433
0.00260018743574619
0.00240992987528443
0.0031528405379504
0.00317096034996212
0.00221061240881681
0.00258206785656512
0.00296258297748864
0.00298070278950036
0.00333403842523694
0.00277232541702688
0.00491045881062746
0.00843475479632616
0.00728414906188846
0.0046749017201364
0.00461148237809539
0.00341557734645903
0.00409506866708398
0.00432156585156918
0.00327061908319592
0.00207471405155957
0.00151300115976483
0.00151300115976483
0.00137710280250758
0.00129556388128549
0.000896928831934929
0.00145864184014499
0.00183915707748383
0.00187539658509195
0.00200223503634334
0.00163983949460089
0.00164889940060675
0.00170325872022659
0.00136804289650172
0.00179385766386986
0.0019659954123199
0.00241898978129029
0.00286292424425483
0.00192975590471178
0.00271796598099172
0.00145864184014499
0.00148582144174725
0.00243710959330201
0.00261830724775791
0.0020112949423492
0.00134086329489946
0.00166701921261847
0.00216531287878752
0.00221061240881681
0.00278138532303274
0.0020112949423492
0.00604294473305345
0.0109171634539962
0.00958536006510258
0.00545405177399516
0.00447558425366879
0.00332497851923108
0.00265454687178135
0.0031528405379504
0.0019478757167235
0.00273608579300344
0.00222873222082853
0.0014133423101157
0.00183915707748383
0.00188445649109781
0.00173043843824416
0.00188445649109781
0.00167607911862433
0.00176667794585228
0.00192975590471178
0.00177573785185814
0.00124120456166565
0.00145864184014499
0.00148582144174725
0.0019659954123199
0.00170325872022659
0.00167607911862433
0.00192069599870592
0.00158548017498106
0.00278138532303274
0.00171231862623245
0.00134086329489946
0.0017213785322383
0.00163983949460089
0.00114154571201652
0.00147676153574139
0.00183009717147797
0.00137710280250758
0.00150394125375897
0.00210189376957715
0.00215625297278166
0.00608824379742146
0.00830791611224413
0.00770996371284127
0.00384139199741185
0.00368737406097353
0.0037054936401546
0.00298976269550622
0.00238275015726686
0.00229215133003891
0.00174855813384056
0.0017213785322383
0.00112342601642013
0.000806329946499318
0.000824449700303376
0.000652311835438013
0.000824449700303376
0.00182103726547211
0.00205659423954785
0.00205659423954785
0.00166701921261847
0.00108718639239669
0.00108718639239669
0.00132274348288774
0.00137710280250758
0.00121402484364808
0.00160359998699278
0.00148582144174725
0.000525473442394286
0.000833509606309235
0.00113248580601066
0.00124120456166565
0.00148582144174725
0.000969407905358821
0.00115966552402824
0.000915048585738987
0.00136804289650172
0.00123214465565979
0.00143146212212741
0.00192069599870592
0.00183915707748383
0.00300788250751793
0.00358771532773972
0.00281762471422553
0.00269984640181065
0.00290822377428412
0.00136804289650172
0.00269078649580479
0.00268172658979893
0.00125026435125619
0.00271796598099172
0.00236463057808578
0.00151300115976483
0.00165795930661261
0.000996587565168738
0.00058889266801998
0.000806329946499318
0.00110530620440841
0.000996587565168738
0.000697611307259649
0.000761030474677682
0.00088786892592907
0.000860689266119152
0.000860689266119152
0.000860689266119152
0.00121402484364808
0.00124120456166565
0.00134086329489946
0.00102376716677099
0.000996587565168738
0.000652311835438013
0.000661371741443872
0.000706671155057848
0.000733850814867765
0.00110530620440841
0.00104188697878271
0.0011687254300341
0.00097846775315702
0.000742910720873624
0.0011687254300341
0.00160359998699278
0.00227403151802719
0.00308036152273417
0.00242804968729615
0.00156736047938466
0.00234651076607406
0.00168513890821487
0.00195693550631404
0.00160359998699278
0.000724790967069566
0.00115966552402824
0.000869749113917351
0.000806329946499318
0.00112342601642013
0.000751970626879483
0.000788210134487599
0.000951288151554763
0.0010056474711746
0.000987527659162879
0.000724790967069566
0.000670431647449732
0.000742910720873624
0.000770090380683541
0.00101470737718046
0.00106000679079443
0.000869749113917351
0.000751970626879483
0.00103282707277685
0.000733850814867765
0.000770090380683541
0.000869749113917351
0.000715731061063707
0.000643251987639815
0.000652311835438013
0.000570772856008261
0.000779150286689401
0.000697611307259649
0.000824449700303376
0.000933168339543045
0.00115966552402824
0.0010056474711746
0.00270890607498586
0.00438498519361019
0.00289916386827827
0.00107812648639083
0.00137710280250758
0.00109624629840255
0.00126838416326791
0.00115966552402824
0.000670431647449732
0.000751970626879483
0.000797270040493459
0.000552653102204204
0.000860689266119152
0.000751970626879483
0.000561713008210063
0.000616072327829897
0.000380515237338841
0.000416754803154618
0.000652311835438013
0.000724790967069566
0.000525473442394286
0.00058889266801998
0.000498293782584369
0.000597952515818179
0.000652311835438013
0.00087880901992321
0.000751970626879483
0.000643251987639815
0.000742910720873624
0.000443934462964535
0.000579832762014121
0.000543593196198344
0.000416754803154618
0.000561713008210063
0.000643251987639815
0.00067949149524793
0.00068855140125379
0.000634192081633955
0.000543593196198344
0.000561713008210063
0.00161265989299864
0.00252770842052996
0.00183009717147797
0.000915048585738987
0.000797270040493459
0.000733850814867765
0.000933168339543045
0.000851629360113293
0.000924108491744846
0.000905988679733127
0.000761030474677682
0.000543593196198344
0.000751970626879483
0.000661371741443872
0.000516413536388427
0.00067949149524793
0.000724790967069566
0.000317096040816978
0.000371455360436812
0.000543593196198344
0.000462054245872423
0.000561713008210063
0.000579832762014121
0.000616072327829897
0.000471114122774452
0.000534533348400146
0.000434874556958675
0.000380515237338841
0.000534533348400146
0.000452994339866564
0.000516413536388427
0.000616072327829897
0.000516413536388427
0.000480173999676481
0.000326155917719007
0.000344275700626895
0.000398635020246729
0.000516413536388427
0.000779150286689401
0.000896928831934929
0.00154018076136708
0.00236463057808578
0.00213813339360058
0.00154018076136708
0.00137710280250758
0.000815389794297516
0.000507353688590229
0.000471114122774452
0.000471114122774452
0.000597952515818179
0.000607012421824038
0.000561713008210063
0.000471114122774452
0.000362395483534783
0.000407694897148758
0.0003895751433447
0.0003895751433447
0.0003895751433447
0.000434874556958675
0.000298976257909089
0.000326155917719007
0.000371455360436812
0.000298976257909089
0.000280856504105031
0.000298976257909089
0.000398635020246729
0.000344275700626895
0.000362395483534783
0.000371455360436812
0.00028991638100706
0.00028991638100706
0.000407694897148758
0.000335215823724866
0.000271796598099172
0.000244616938289255
0.000407694897148758
0.000380515237338841
0.000362395483534783
0.000362395483534783
0.000425814680056646
0.000652311835438013
0.00125026435125619
0.00118684524204582
0.000579832762014121
0.000616072327829897
0.000507353688590229
0.00048923387657851
0.000625132175628096
0.000561713008210063
0.000507353688590229
0.000398635020246729
0.000371455360436812
0.000398635020246729
0.000253676844295114
0.00028991638100706
0.000570772856008261
0.000570772856008261
0.000425814680056646
0.000344275700626895
0.000280856504105031
0.000308036163914949
0.000335215823724866
0.00028991638100706
0.00019025761866942
0.000353335577528924
0.000471114122774452
0.000371455360436812
0.000253676844295114
0.000317096040816978
0.00028991638100706
0.000253676844295114
0.000262736721197143
0.000344275700626895
0.000443934462964535
0.000271796598099172
0.000244616938289255
0.000262736721197143
0.000480173999676481
0.000706671155057848
0.000525473442394286
0.00106906669680029
0.00161265989299864
0.00165795930661261
0.000706671155057848
0.000253676844295114
0.000416754803154618
0.000498293782584369
0.000443934462964535
0.000398635020246729
0.000625132175628096
0.000534533348400146
0.000344275700626895
0.000434874556958675
0.000443934462964535
0.00028991638100706
0.000398635020246729
0.000561713008210063
0.000625132175628096
0.000407694897148758
0.000371455360436812
0.000416754803154618
0.000398635020246729
0.00048923387657851
0.000353335577528924
0.000253676844295114
0.000498293782584369
0.000570772856008261
0.000607012421824038
0.000534533348400146
0.000416754803154618
0.000570772856008261
0.000507353688590229
0.000462054245872423
0.000525473442394286
0.000471114122774452
0.000416754803154618
0.000534533348400146
0.000534533348400146
0.000516413536388427
0.000661371741443872
0.00119590503163636
0.00161265989299864
0.0011687254300341
0.00117778533603996
0.0011687254300341
0.000353335577528924
0.000597952515818179
0.000933168339543045
0.000733850814867765
0.000498293782584369
0.000471114122774452
0.000425814680056646
0.000425814680056646
0.000298976257909089
0.000425814680056646
0.000661371741443872
0.000869749113917351
0.000851629360113293
0.000607012421824038
0.000616072327829897
0.000742910720873624
0.00087880901992321
0.000851629360113293
0.0003895751433447
0.000643251987639815
0.000860689266119152
0.00068855140125379
0.000896928831934929
0.000770090380683541
0.000616072327829897
0.000561713008210063
0.00058889266801998
0.000661371741443872
0.000670431647449732
0.000443934462964535
0.0003895751433447
0.000561713008210063
0.000697611307259649
0.000697611307259649
0.000634192081633955
0.0010056474711746
0.00135898299049586
0.00124120456166565
0.000706671155057848
0.000597952515818179
0.000788210134487599
0.00101470737718046
0.00105094688478857
0.000933168339543045
0.000770090380683541
0.000661371741443872
0.000634192081633955
0.000706671155057848
0.000706671155057848
0.000770090380683541
0.000661371741443872
0.000607012421824038
0.000942228245548904
0.000652311835438013
0.000579832762014121
0.000779150286689401
0.000425814680056646
0.000452994339866564
0.00107812648639083
0.00143146212212741
0.00125932425726205
0.000905988679733127
0.00101470737718046
0.000960347999352962
0.000896928831934929
0.00058889266801998
0.000543593196198344
0.000824449700303376
0.000960347999352962
0.000443934462964535
0.000607012421824038
0.000534533348400146
0.000607012421824038
0.00118684524204582
0.00102376716677099
0.00181197735946625
0.00267266668379307
0.00170325872022659
0.000951288151554763
0.000634192081633955
0.000969407905358821
0.00134086329489946
0.0011687254300341
0.000661371741443872
0.0010056474711746
0.000815389794297516
0.00103282707277685
0.00124120456166565
0.000742910720873624
0.000697611307259649
0.000724790967069566
0.000634192081633955
0.000398635020246729
0.000579832762014121
0.00097846775315702
0.00106906669680029
0.000815389794297516
0.000616072327829897
0.000452994339866564
0.00068855140125379
0.000697611307259649
0.0003895751433447
0.000597952515818179
0.000715731061063707
0.000715731061063707
0.000434874556958675
0.000298976257909089
0.000280856504105031
0.000262736721197143
0.000253676844295114
0.000543593196198344
0.00058889266801998
0.000733850814867765
0.000905988679733127
0.000833509606309235
0.00165795930661261
0.00224685203284025
0.00150394125375897
0.00132274348288774
0.00097846775315702
0.000824449700303376
0.00115060561802238
0.00118684524204582
0.000905988679733127
0.000706671155057848
0.000697611307259649
0.000733850814867765
0.000724790967069566
0.000652311835438013
0.000616072327829897
0.00048923387657851
0.000625132175628096
0.000616072327829897
0.000706671155057848
0.000670431647449732
0.00068855140125379
0.000643251987639815
0.000570772856008261
0.000724790967069566
0.000443934462964535
0.000434874556958675
0.000543593196198344
0.000534533348400146
0.000652311835438013
0.000534533348400146
0.000507353688590229
0.000634192081633955
0.000597952515818179
0.00028991638100706
0.000326155917719007
0.000670431647449732
0.000733850814867765
0.000616072327829897
0.000706671155057848
0.000616072327829897
0.00124120456166565
0.00173043843824416
0.00128650397527963
