% Type: Timesignal
% Date: 11-DEC-24 11:57:28
% NoOfItems: = 4096
% Unit_Y: = mm/s
% Unit_X: = Sec
% Min_X: = 0
% Max_X: = 1.60000002384186
% MinDisplay_X: = 0
% MaxDisplay_X: = 1.60000002384186
-0.882445931434631
-0.955723822116852
-0.92975240945816
-0.765869319438934
-0.642966866493225
-0.656915187835693
-0.598685801029205
-0.339757651090622
-0.248759508132935
-0.442818135023117
-0.649371325969696
-0.787125825881958
-0.82586681842804
-0.791290640830994
-0.74642026424408
-0.785514891147614
-0.829088687896729
-0.681629300117493
-0.526154518127441
-0.488710105419159
-0.580415487289429
-0.657936751842499
-0.66850608587265
-0.772470235824585
-0.885235607624054
-0.851877510547638
-0.703042924404144
-0.569846153259277
-0.490085303783417
-0.37857723236084
-0.30192032456398
-0.318933367729187
-0.316183000802994
-0.278188526630402
-0.247580781579018
-0.259485960006714
-0.235046923160553
-0.0909665524959564
0.124977186322212
0.34830766916275
0.553996443748474
0.670180141925812
0.724401831626892
0.701377272605896
0.665425896644592
0.540244579315186
0.347875446081161
0.312317043542862
0.402922242879868
0.503703832626343
0.512387156486511
0.579732060432434
0.521227657794952
0.206702619791031
0.19130052626133
0.513840973377228
0.625859797000885
0.354004859924316
0.17358024418354
0.44618171453476
0.548102796077728
0.416674137115479
0.627195715904236
0.940856337547302
0.741689920425415
0.357266008853912
0.450935930013657
0.677213251590729
0.632303535938263
0.611557841300964
0.729981124401093
0.857441425323486
0.86227422952652
0.859405934810638
0.978182852268219
1.12120234966278
1.2004132270813
1.17393100261688
0.955904841423035
0.777601957321167
0.83622419834137
0.94922536611557
0.820664942264557
0.566176652908325
0.414041638374329
0.364181250333786
0.36111655831337
0.349682837724686
0.222144022583961
-0.0202819127589464
-0.132929429411888
-0.147074207663536
-0.295358717441559
-0.59220278263092
-0.754907131195068
-0.68897670507431
-0.629057824611664
-0.654989957809448
-0.667327344417572
-0.673338890075684
-0.690587639808655
-0.724102914333344
-0.742491126060486
-0.790544152259827
-0.811643421649933
-0.711097598075867
-0.576486349105835
-0.517078280448914
-0.520575165748596
-0.341565042734146
-0.203299731016159
-0.334256887435913
-0.592870712280273
-0.768580436706543
-0.852663338184357
-0.859264254570007
-0.820641100406647
-0.873133957386017
-0.939653754234314
-0.811486303806305
-0.577036440372467
-0.475665479898453
-0.584619641304016
-0.703003644943237
-0.71176552772522
-0.768030345439911
-0.942129075527191
-1.00365889072418
-0.870226442813873
-0.73396497964859
-0.654361248016357
-0.522854030132294
-0.390364557504654
-0.357870817184448
-0.370090335607529
-0.361367732286453
-0.32435554265976
-0.318068951368332
-0.322390973567963
-0.236343532800674
-0.0856229662895203
0.132796108722687
0.342689037322998
0.477457404136658
0.531050443649292
0.53729772567749
0.520048916339874
0.410662591457367
0.244225606322289
0.149730563163757
0.194758132100105
0.318957209587097
0.391449242830276
0.512347877025604
0.667194008827209
0.325400948524475
-0.0327764749526978
0.194993883371353
0.580203592777252
0.35109731554985
-0.149431675672531
-0.0381593517959118
0.380919247865677
0.28937104344368
0.205995380878448
0.612618684768677
0.800783693790436
0.406929939985275
0.234756454825401
0.537258446216583
0.591401517391205
0.425278872251511
0.478439688682556
0.693833351135254
0.726916432380676
0.6246417760849
0.701220095157623
0.870328843593597
0.945453405380249
1.01547014713287
1.01947784423828
0.825144112110138
0.693126142024994
0.852176368236542
0.953900992870331
0.732299327850342
0.490934252738953
0.411880612373352
0.381390750408173
0.320253819227219
0.200808957219124
0.0486739240586758
-0.134108155965805
-0.200235038995743
-0.249545335769653
-0.49770775437355
-0.724456548690796
-0.743276953697205
-0.643163323402405
-0.655107796192169
-0.695184707641602
-0.677503705024719
-0.714476644992828
-0.715458869934082
-0.676049947738647
-0.645756542682648
-0.700253248214722
-0.714358747005463
-0.558883965015411
-0.460145503282547
-0.462110042572021
-0.380266726016998
-0.216305077075958
-0.210568591952324
-0.398576378822327
-0.553501069545746
-0.647053122520447
-0.690116167068481
-0.683593809604645
-0.661001443862915
-0.696442008018494
-0.658565402030945
-0.488277912139893
-0.362782210111618
-0.434920608997345
-0.593695878982544
-0.648349761962891
-0.653536140918732
-0.784650504589081
-0.927002012729645
-0.888103902339935
-0.671570777893066
-0.505566000938416
-0.432916790246964
-0.342822343111038
-0.271862655878067
-0.281331807374954
-0.298423439264297
-0.311468064785004
-0.333628237247467
-0.35842090845108
-0.314650654792786
-0.164165824651718
0.044469777494669
0.270118415355682
0.449010670185089
0.542130529880524
0.569044888019562
0.561108112335205
0.526374816894531
0.34339627623558
0.175741255283356
0.164307549595833
0.278762459754944
0.381508618593216
0.403118699789047
0.601460039615631
0.565194368362427
0.189611002802849
0.149180486798286
0.445749521255493
0.518320143222809
0.128277644515038
-0.0910451412200928
0.25471630692482
0.415966898202896
0.281394958496094
0.463862717151642
0.855830490589142
0.675484418869019
0.309016585350037
0.379976272583008
0.565469443798065
0.471524477005005
0.401311308145523
0.520481169223785
0.648845076560974
0.6496701836586
0.681967437267303
0.834888339042664
0.982819199562073
1.07684278488159
1.1526745557785
0.997396230697632
0.735678374767303
0.753712952136993
0.915906488895416
0.788328409194946
0.492112994194031
0.349840015172958
0.336873948574066
0.286777824163437
0.261160045862198
0.185760483145714
0.00541444960981607
-0.134304612874985
-0.140551894903183
-0.234771892428398
-0.536959528923035
-0.714280188083649
-0.6279576420784
-0.523639857769012
-0.58752715587616
-0.680332660675049
-0.715655326843262
-0.739308595657349
-0.74865984916687
-0.77824604511261
-0.858124792575836
-0.867554664611816
-0.718327164649963
-0.542460262775421
-0.509573638439178
-0.460577696561813
-0.316379457712173
-0.287146896123886
-0.441285789012909
-0.623242735862732
-0.743866324424744
-0.829599440097809
-0.834275126457214
-0.795337617397308
-0.810346841812134
-0.838754296302795
-0.685833394527435
-0.499318689107895
-0.507491230964661
-0.678210973739624
-0.775574207305908
-0.735143721103668
-0.816319108009338
-0.968375563621521
-0.97949492931366
-0.77581000328064
-0.549179077148438
-0.406356006860733
-0.319208413362503
-0.331270754337311
-0.318461865186691
-0.314964979887009
-0.37574827671051
-0.412013918161392
-0.431934505701065
-0.370051056146622
-0.239172488451004
-0.0677455291152
0.193029329180717
0.426300436258316
0.54185551404953
0.560597360134125
0.593287527561188
0.565705180168152
0.43321567773819
0.283438086509705
0.236445963382721
0.301197648048401
0.412666440010071
0.508065164089203
0.646723389625549
0.860938310623169
0.582521736621857
0.148433953523636
0.29388952255249
0.669826507568359
0.484922707080841
-0.0226393770426512
0.0774349868297577
0.526492655277252
0.448892802000046
0.358798384666443
0.708410382270813
0.927065193653107
0.574074149131775
0.367167383432388
0.5798499584198
0.64196914434433
0.557375490665436
0.626016974449158
0.749783873558044
0.701809465885162
0.641654789447784
0.771668970584869
0.931033551692963
1.00521516799927
1.11990582942963
1.15947186946869
0.935866355895996
0.771354675292969
0.915552914142609
0.978418588638306
0.702752411365509
0.389091789722443
0.305951863527298
0.279548287391663
0.222261890769005
0.188864469528198
0.0750775262713432
-0.101221524178982
-0.17410646378994
-0.192141070961952
-0.410638749599457
-0.73903352022171
-0.796202063560486
-0.672592341899872
-0.681786417961121
-0.757382452487946
-0.768305361270905
-0.699035227298737
-0.668152451515198
-0.698878049850464
-0.70740419626236
-0.732432663440704
-0.706343352794647
-0.611062526702881
-0.52591872215271
-0.47326871752739
-0.426708787679672
-0.34675145149231
-0.365218251943588
-0.46100988984108
-0.550279200077057
-0.64854621887207
-0.711411893367767
-0.709447383880615
-0.703239381313324
-0.699663877487183
-0.587448596954346
-0.444507628679276
-0.460420519113541
-0.573696672916412
-0.619077861309052
-0.602261304855347
-0.657229542732239
-0.801192045211792
-0.840286612510681
-0.699270963668823
-0.525172233581543
-0.409735053777695
-0.372015625238419
-0.346830040216446
-0.255674749612808
-0.22718870639801
-0.290172308683395
-0.393900752067566
-0.394804447889328
-0.298737764358521
-0.227110132575035
-0.11953116953373
0.108003444969654
0.382962375879288
0.574977874755859
0.611754298210144
0.611518561840057
0.610575556755066
0.571166634559631
0.470856517553329
0.332355469465256
0.34642168879509
0.430072367191315
0.564919352531433
0.68848979473114
0.829701900482178
0.823965430259705
0.528417944908142
0.400289744138718
0.597138047218323
0.63253927230835
0.283045172691345
0.0408549979329109
0.382412314414978
0.640986859798431
0.524999618530273
0.651045382022858
0.942781627178192
0.843532383441925
0.536472618579865
0.511326313018799
0.670376598834991
0.60751086473465
0.49022701382637
0.555764555931091
0.710257053375244
0.761689066886902
0.795361518859863
0.908244729042053
1.07978963851929
1.17715287208557
1.24312257766724
1.12387418746948
0.861488401889801
0.737092852592468
0.779527187347412
0.754538059234619
0.521934926509857
0.31404584646225
0.270314872264862
0.273576021194458
0.244854256510735
0.204227283596992
0.0600290447473526
-0.0954064503312111
-0.201256603002548
-0.346201390028
-0.570828437805176
-0.760211408138275
-0.782960951328278
-0.717934250831604
-0.72099894285202
-0.774670541286469
-0.843665659427643
-0.846691071987152
-0.8055140376091
-0.841858267784119
-0.91961532831192
-0.936706960201263
-0.78402179479599
-0.601514756679535
-0.502147674560547
-0.477079957723618
-0.470714777708054
-0.480301827192307
-0.58560186624527
-0.702374994754791
-0.801899254322052
-0.894547581672668
-0.893211722373962
-0.818755149841309
-0.738247692584991
-0.662730276584625
-0.538609743118286
-0.50544810295105
-0.578568816184998
-0.626189589500427
-0.603597223758698
-0.637780427932739
-0.792037189006805
-0.83792918920517
-0.749838590621948
-0.602614939212799
-0.504112184047699
-0.41826120018959
-0.333588927984238
-0.276066809892654
-0.259132355451584
-0.320229977369308
-0.389342963695526
-0.405688047409058
-0.358145862817764
-0.246166303753853
-0.128135919570923
0.0606184080243111
0.329369366168976
0.559143543243408
0.69112229347229
0.704952716827393
0.68868625164032
0.620673358440399
0.533918678760529
0.386066377162933
0.285324066877365
0.360605776309967
0.536590456962585
0.722319364547729
0.895553767681122
1.11990582942963
0.913549065589905
0.502367973327637
0.555607378482819
0.782198965549469
0.575331509113312
0.0761383846402168
0.0754311457276344
0.505904138088226
0.535136699676514
0.448578476905823
0.768722176551819
1.02906477451324
0.829898357391357
0.627313554286957
0.714814782142639
0.732024312019348
0.593091070652008
0.547709882259369
0.589240550994873
0.685503661632538
0.77107959985733
0.830919921398163
0.935709238052368
1.11982715129852
1.34940493106842
1.3252409696579
0.990559577941895
0.775951683521271
0.806087970733643
0.777012586593628
0.514115989208221
0.340174406766891
0.300726175308228
0.278566002845764
0.270943522453308
0.294125258922577
0.226662486791611
0.0547640398144722
-0.0585121288895607
-0.23567558825016
-0.522028923034668
-0.776438653469086
-0.800681233406067
-0.706382632255554
-0.756793081760406
-0.800563335418701
-0.767991065979004
-0.679939746856689
-0.633419156074524
-0.686894297599792
-0.740840911865234
-0.830424547195435
-0.830974638462067
-0.709722399711609
-0.597310602664948
-0.55703729391098
-0.528590559959412
-0.452326565980911
-0.457434415817261
-0.524740040302277
-0.575229048728943
-0.681786417961121
-0.767126679420471
-0.75828617811203
-0.664576947689056
-0.605679631233215
-0.575307607650757
-0.491106867790222
-0.482187777757645
-0.510595202445984
-0.52065372467041
-0.538570463657379
-0.65491133928299
-0.793687403202057
-0.764612019062042
-0.631572425365448
-0.508944988250732
-0.509730815887451
-0.52976930141449
-0.450794219970703
-0.380581051111221
-0.388085663318634
-0.429105550050735
-0.461245656013489
-0.428909093141556
-0.348244518041611
-0.245694801211357
-0.11029776185751
0.0821892097592354
0.296561300754547
0.442016869783401
0.472388863563538
0.454000651836395
0.475492864847183
0.474274843931198
0.409758895635605
0.349172055721283
0.381351441144943
0.530461072921753
0.653717160224915
0.757759928703308
0.94639641046524
0.959283888339996
0.681810319423676
0.447831958532333
0.526414096355438
0.580439329147339
0.280451983213425
0.00164250645320863
0.243911266326904
0.527396380901337
0.483154624700546
0.567866206169128
0.84494686126709
0.881526827812195
0.728527367115021
0.735206842422485
0.83795303106308
0.714146852493286
0.497535169124603
0.412116348743439
0.563662052154541
0.710964262485504
0.715011239051819
0.749823153018951
0.932369470596313
1.19495177268982
1.34543657302856
1.24477279186249
0.990205943584442
0.860388219356537
0.827894508838654
0.686918139457703
0.430033087730408
0.257977485656738
0.226701781153679
0.242025300860405
0.310077428817749
0.341078102588654
0.236170932650566
0.0413657836616039
-0.122438706457615
-0.365611165761948
-0.651021540164948
-0.836121797561646
-0.891561508178711
-0.856356680393219
-0.851877510547638
-0.840286612510681
-0.819776713848114
-0.758718371391296
-0.68237578868866
-0.685872733592987
-0.802213609218597
-0.920558273792267
-0.848891377449036
-0.677032232284546
-0.618331372737885
-0.674046099185944
-0.665912866592407
-0.592006325721741
-0.558962523937225
-0.567999482154846
-0.651925206184387
-0.75636088848114
-0.763118982315063
-0.690744817256927
-0.637976884841919
-0.629647195339203
-0.579668939113617
-0.549179077148438
-0.571574985980988
-0.559905529022217
-0.537038147449493
-0.621631801128387
-0.784296870231628
-0.822566390037537
-0.697620749473572
-0.532362461090088
-0.486391931772232
-0.488827973604202
-0.421561658382416
-0.364825338125229
-0.39417576789856
-0.442150175571442
-0.503090620040894
-0.511145293712616
-0.449222564697266
-0.347773015499115
-0.212061643600464
-0.0610660500824451
0.175348341464996
0.425436049699783
0.536865532398224
0.524253070354462
0.492348730564117
0.482447385787964
0.465827256441116
0.423825114965439
0.387991636991501
0.479421973228455
0.61764794588089
0.710217714309692
0.797561824321747
0.972878575325012
0.880858898162842
0.517102122306824
0.448539197444916
0.645387470722198
0.580439329147339
0.166704311966896
0.0968447774648666
0.463823407888412
0.611282825469971
0.541148245334625
0.733949542045593
0.922193109989166
0.779802262783051
0.636743426322937
0.731788516044617
0.745501101016998
0.566098093986511
0.459422826766968
0.508183062076569
0.613679587841034
0.700277090072632
0.815399944782257
0.955983400344849
1.08474028110504
1.28076338768005
1.40936315059662
1.20504951477051
0.858698725700378
0.780627369880676
0.847304284572601
0.639651000499725
0.293103694915771
0.214207217097282
0.319782346487045
0.372353792190552
0.386695027351379
0.307287782430649
0.138689771294594
-0.0144668342545629
-0.224713370203972
-0.540260016918182
-0.842447638511658
-0.940871775150299
-0.846180319786072
-0.784650504589081
-0.797970175743103
-0.779660522937775
-0.722727715969086
-0.642220318317413
-0.632672607898712
-0.738562047481537
-0.913092970848083
-0.983816921710968
-0.833096385002136
-0.705636143684387
-0.720920324325562
-0.730428814888
-0.615384519100189
-0.52540796995163
-0.516213834285736
-0.513581335544586
-0.583323001861572
-0.670706331729889
-0.677700161933899
-0.645481467247009
-0.64528501033783
-0.681039929389954
-0.653889775276184
-0.615541696548462
-0.600807547569275
-0.624067842960358
-0.661826550960541
-0.732157588005066
-0.826416909694672
-0.835178792476654
-0.765397846698761
-0.69636344909668
-0.684143900871277
-0.651335835456848
-0.556330025196075
-0.509337902069092
-0.559276878833771
-0.629057824611664
-0.651925206184387
-0.592831432819366
-0.508552074432373
-0.429341286420822
-0.310839414596558
-0.0752501264214516
0.184738919138908
0.339899361133575
0.372785985469818
0.367835313081741
0.380408465862274
0.394985467195511
0.373650401830673
0.328583538532257
0.355222880840302
0.509911835193634
0.657135486602783
0.729863286018372
0.847107827663422
0.870603919029236
0.618983864784241
0.414198786020279
0.501032054424286
0.568455517292023
0.242771834135056
-0.0259398277848959
0.216603979468346
0.478125363588333
0.512230038642883
0.610575556755066
0.836342096328735
0.828641057014465
0.673126995563507
0.681928157806396
0.773358523845673
0.65422797203064
0.456436693668365
0.367049485445023
0.472153127193451
0.586725890636444
0.708921134471893
0.873393595218658
1.03931975364685
1.20363509654999
1.34846198558807
1.34127163887024
1.09880650043488
0.893353462219238
0.853590846061707
0.72314453125
0.45557227730751
0.261238634586334
0.265914261341095
0.389641880989075
0.442291915416718
0.423550069332123
0.291021257638931
0.132717534899712
-0.0539936535060406
-0.372644275426865
-0.723199248313904
-0.929673850536346
-0.917572200298309
-0.837654113769531
-0.81777286529541
-0.8252774477005
-0.801074147224426
-0.678525269031525
-0.591220498085022
-0.649567782878876
-0.821191191673279
-0.923230111598969
-0.832703471183777
-0.695106089115143
-0.689448177814484
-0.723356425762177
-0.627328991889954
-0.516999661922455
-0.491539061069489
-0.478965908288956
-0.520221531391144
-0.611219644546509
-0.640609383583069
-0.560534179210663
-0.496253997087479
-0.52014297246933
-0.531812429428101
-0.501794040203094
-0.458770304918289
-0.496921926736832
-0.594167351722717
-0.683279514312744
-0.774081170558929
-0.810150384902954
-0.734672248363495
-0.630354404449463
-0.581004858016968
-0.55966979265213
-0.500733196735382
-0.451383590698242
-0.472482889890671
-0.541360139846802
-0.637466132640839
-0.68654066324234
-0.620688796043396
-0.507491230964661
-0.368479400873184
-0.182671919465065
0.0735844671726227
0.321511149406433
0.435101628303528
0.433137089014053
0.424414455890656
0.455375820398331
0.451643168926239
0.393374532461166
0.348700553178787
0.427439868450165
0.569830715656281
0.681535243988037
0.737525045871735
0.899993658065796
0.781020283699036
0.385477006435394
0.300647586584091
0.58138233423233
0.491327166557312
0.02553148008883
-0.00554776005446911
0.388463139533997
0.531325459480286
0.493134558200836
0.685778677463531
0.798269033432007
0.63477885723114
0.509558200836182
0.625231146812439
0.631674885749817
0.44618171453476
0.335223734378815
0.397892981767654
0.529321610927582
0.665858089923859
0.863531529903412
0.977043449878693
1.03947699069977
1.20807492733002
1.36740028858185
1.15118145942688
0.807541728019714
0.75151264667511
0.839053153991699
0.667076170444489
0.309959560632706
0.239432081580162
0.403904527425766
0.511051297187805
0.462173193693161
0.29428243637085
0.1214409917593
-0.0175315383821726
-0.268797963857651
-0.645638644695282
-0.956470370292664
-1.0054270029068
-0.883467555046082
-0.815454661846161
-0.830424547195435
-0.832507014274597
-0.78068208694458
-0.692512929439545
-0.672945976257324
-0.763472557067871
-0.948258519172668
-0.977530360221863
-0.795219779014587
-0.67377108335495
-0.699624598026276
-0.677150070667267
-0.535073578357697
-0.439989179372787
-0.412171095609665
-0.438771158456802
-0.557469487190247
-0.668859660625458
-0.667759537696838
-0.623596370220184
-0.651414453983307
-0.684654712677002
-0.629529297351837
-0.557390928268433
-0.536134421825409
-0.581122696399689
-0.627879083156586
-0.688033699989319
-0.772588133811951
-0.793569564819336
-0.736990392208099
-0.694202423095703
-0.705675423145294
-0.694084525108337
-0.629607915878296
-0.618174195289612
-0.677660882472992
-0.760800778865814
-0.768305361270905
-0.664301931858063
-0.51468151807785
-0.378145009279251
-0.244830399751663
0.00246761902235448
0.251612335443497
0.384848356246948
0.401272028684616
0.376911550760269
0.386655747890472
0.377579510211945
0.331451773643494
0.248193994164467
0.265324920415878
0.449049979448318
0.638040065765381
0.748958766460419
0.88274484872818
0.873472154140472
0.539065837860107
0.379819095134735
0.600909948348999
0.685542941093445
0.232281118631363
-0.0418920032680035
0.259784877300262
0.494981229305267
0.430111676454544
0.531286180019379
0.821215033531189
0.779252171516418
0.551953315734863
0.569791436195374
0.728330910205841
0.651674032211304
0.502996623516083
0.442291915416718
0.506454229354858
0.595684289932251
0.748919427394867
0.945492684841156
1.02965414524078
1.12379562854767
1.25864255428314
1.29820871353149
1.07165634632111
0.844711065292358
0.827187299728394
0.743340134620667
0.502250075340271
0.33868134021759
0.389406114816666
0.509793996810913
0.526021182537079
0.431251108646393
0.243204027414322
0.0680444240570068
-0.122595869004726
-0.446040004491806
-0.797105729579926
-0.983424007892609
-0.934153020381927
-0.831603288650513
-0.822919964790344
-0.844962298870087
-0.793608844280243
-0.683358073234558
-0.626700341701508
-0.686933577060699
-0.830188810825348
-0.9198117852211
-0.82567036151886
-0.652003824710846
-0.598332226276398
-0.607526302337646
-0.545446395874023
-0.419793546199799
-0.371308386325836
-0.398026317358017
-0.50108677148819
-0.645402908325195
-0.668152451515198
-0.557705223560333
-0.484073758125305
-0.489770948886871
-0.491067558526993
-0.408556312322617
-0.376455515623093
-0.442032307386398
-0.584187388420105
-0.717855632305145
-0.759857833385468
-0.754278481006622
-0.72433865070343
-0.669999122619629
-0.628389894962311
-0.582497894763947
-0.5370774269104
-0.482266366481781
-0.524425685405731
-0.650707185268402
-0.730114459991455
-0.719623744487762
-0.598646521568298
-0.503365695476532
-0.383213579654694
-0.152496382594109
0.131971001625061
0.342296123504639
0.413688004016876
0.41867795586586
0.395142614841461
0.380526334047318
0.364220529794693
0.265207022428513
0.194011613726616
0.312827825546265
0.508811712265015
0.644837379455566
0.746090471744537
0.940266966819763
0.734578192234039
0.314556628465652
0.366302967071533
0.660789549350739
0.387402266263962
-0.157250598073006
-0.067863404750824
0.357148140668869
0.402686506509781
0.371960878372192
0.664757966995239
0.820468485355377
0.61481899023056
0.522642135620117
0.664207875728607
0.635879039764404
0.431722611188889
0.347954034805298
0.378208160400391
0.42567178606987
0.566294550895691
0.808524012565613
0.968360126018524
1.04497766494751
1.22324132919312
1.35997426509857
1.18210351467133
0.901133060455322
0.84514331817627
0.878344237804413
0.630221128463745
0.342453271150589
0.29860445857048
0.456358104944229
0.505196928977966
0.434158653020859
0.267839521169662
0.0825428292155266
-0.111280038952827
-0.383292138576508
-0.7211953997612
-0.942246973514557
-0.975644409656525
-0.900912761688232
-0.840640246868134
-0.829442322254181
-0.798873841762543
-0.712197721004486
-0.610473155975342
-0.608351409435272
-0.760565042495728
-0.926334083080292
-0.915411174297333
-0.74410206079483
-0.63962709903717
-0.642927587032318
-0.569571137428284
-0.415589421987534
-0.309424936771393
-0.26502600312233
-0.343647450208664
-0.512402594089508
-0.586309134960175
-0.555701375007629
-0.499318689107895
-0.57982611656189
-0.623282015323639
-0.555897831916809
-0.503129899501801
-0.490988969802856
-0.525093615055084
-0.515624463558197
-0.588430821895599
-0.736754655838013
-0.812075674533844
-0.761783063411713
-0.646267294883728
-0.584658920764923
-0.549100458621979
-0.514092147350311
-0.507216215133667
-0.543128252029419
-0.598842978477478
-0.605758190155029
-0.560809195041656
-0.455155521631241
-0.32168373465538
-0.167584151029587
0.0426230989396572
0.250040680170059
0.43565171957016
0.540873229503632
0.565901637077332
0.574624240398407
0.528457224369049
0.437616258859634
0.35809114575386
0.397225052118301
0.55796480178833
0.654385149478912
0.718154549598694
0.836302816867828
0.734774649143219
0.45258617401123
0.415377527475357
0.656074643135071
0.568769872188568
0.115311585366726
-0.0246432218700647
0.209217250347137
0.432626307010651
0.474628448486328
0.682321071624756
0.827933788299561
0.706406533718109
0.61238294839859
0.617726564407349
0.612972319126129
0.432626307010651
0.297307848930359
0.329683691263199
0.478518277406693
0.590812146663666
0.743654429912567
0.952447235584259
1.18068909645081
1.31207847595215
1.38991403579712
1.32602679729462
1.04482054710388
0.809584856033325
0.747112035751343
0.707270920276642
0.498085230588913
0.304537385702133
0.363631188869476
0.532543480396271
0.560283005237579
0.383394598960876
0.158610343933105
0.00152463326230645
-0.251195549964905
-0.567331552505493
-0.808775186538696
-0.879499137401581
-0.849637925624847
-0.820130288600922
-0.758521914482117
-0.715616047382355
-0.686658561229706
-0.636562407016754
-0.627446889877319
-0.72889643907547
-0.874784171581268
-0.898162364959717
-0.771920144557953
-0.642534673213959
-0.612791299819946
-0.563481032848358
-0.419282764196396
-0.291861832141876
-0.24545906484127
-0.265497505664825
-0.410245835781097
-0.533816277980804
-0.519003510475159
-0.459831148386002
-0.472443610429764
-0.52674388885498
-0.49283567070961
-0.468514502048492
-0.486313343048096
-0.541399419307709
-0.532362461090088
-0.563166677951813
-0.67974328994751
-0.771605849266052
-0.723395705223083
-0.622810542583466
-0.565209805965424
-0.558766067028046
-0.523404121398926
-0.529847860336304
-0.59715348482132
-0.625521600246429
-0.627093255519867
-0.569060325622559
-0.476687043905258
-0.358106583356857
-0.170609563589096
0.0448233969509602
0.260767132043839
0.418402940034866
0.490737795829773
0.5152947306633
0.51226931810379
0.498006641864777
0.461269497871399
0.3864985704422
0.39345309138298
0.5245281457901
0.69882333278656
0.754930973052979
0.863727986812592
0.947025060653687
0.583189725875854
0.356244444847107
0.56739467382431
0.738271594047546
0.27958756685257
-0.0925774872303009
0.215778857469559
0.489598363637924
0.441466808319092
0.538240730762482
0.864120900630951
0.850997686386108
0.602874517440796
0.614858329296112
0.712614476680756
0.58998703956604
0.463234037160873
0.411527007818222
0.477653861045837
0.533604383468628
0.700355708599091
0.945099771022797
1.10509300231934
1.24677670001984
1.37105429172516
1.4421318769455
1.24736607074738
0.979243755340576
0.907655417919159
0.877008378505707
0.697526752948761
0.460915863513947
0.426575481891632
0.554742932319641
0.617097914218903
0.496827930212021
0.255423545837402
0.0848217085003853
-0.0669990032911301
-0.389500141143799
-0.727796316146851
-0.871837377548218
-0.826652646064758
-0.818755149841309
-0.841190338134766
-0.775574207305908
-0.675774931907654
-0.585994780063629
-0.535466492176056
-0.506666123867035
-0.604422330856323
-0.759032666683197
-0.740880191326141
-0.583715915679932
-0.510595202445984
-0.517078280448914
-0.436020761728287
-0.320229977369308
-0.251549184322357
-0.206953808665276
-0.269701659679413
-0.388046383857727
-0.448476046323776
-0.407534748315811
-0.380148857831955
-0.458809584379196
-0.484938144683838
-0.451697915792465
-0.437631696462631
-0.488238602876663
-0.490713953971863
-0.486509799957275
-0.620845973491669
-0.809639573097229
-0.826063275337219
-0.670627772808075
-0.552793860435486
-0.545839309692383
-0.523914933204651
-0.47267934679985
-0.431698739528656
-0.480105370283127
-0.505330204963684
-0.4830521941185
-0.441953718662262
-0.351898580789566
-0.202749669551849
0.00930426642298698
0.184267416596413
0.350075751543045
0.500089049339294
0.5851149559021
0.651320397853851
0.648177146911621
0.62637060880661
0.554546535015106
0.480600714683533
0.549792289733887
0.681770980358124
0.75394868850708
0.781177401542664
0.881212472915649
0.744597434997559
0.514312446117401
0.559025704860687
0.694540619850159
0.570537984371185
0.222261890769005
0.128474101424217
0.341078102588654
0.455493718385696
0.543662905693054
0.768997192382813
0.859484553337097
0.72648423910141
0.603110253810883
0.660514533519745
0.61501544713974
0.514508903026581
0.387009352445602
0.293339431285858
0.45278263092041
0.722672998905182
0.982779920101166
1.11008298397064
1.25098085403442
1.38268446922302
1.37317609786987
1.21903717517853
0.95936244726181
0.773319184780121
0.691083014011383
0.572699010372162
0.448814213275909
0.387991636991501
0.49325242638588
0.633207261562347
0.603385329246521
0.421546220779419
0.210003077983856
0.0321323797106743
-0.294612199068069
-0.681157767772675
-0.884410500526428
-0.922680020332336
-0.906099200248718
-0.855413675308228
-0.770898580551147
-0.723042070865631
-0.710076034069061
-0.613223493099213
-0.541006505489349
-0.67133504152298
-0.911992847919464
-0.922601461410522
-0.726381838321686
-0.629332840442657
-0.658093929290771
-0.589020192623138
-0.421875983476639
-0.308010458946228
-0.23850454390049
-0.266833394765854
-0.411542445421219
-0.513659954071045
-0.513699233531952
-0.469143152236938
-0.555622816085815
-0.618331372737885
-0.557626664638519
-0.502658426761627
-0.532480359077454
-0.546585857868195
-0.490124583244324
-0.564423978328705
-0.750742256641388
-0.848930656909943
-0.755103588104248
-0.666384339332581
-0.682965159416199
-0.695420444011688
-0.640177190303802
-0.592124223709106
-0.643713414669037
-0.672199428081512
-0.629922211170197
-0.547018051147461
-0.434056222438812
-0.29139032959938
-0.111162170767784
0.0607755742967129
0.233341977000237
0.382687360048294
0.462526798248291
0.48759451508522
0.508772432804108
0.512858688831329
0.487083733081818
0.401311308145523
0.417381376028061
0.575017154216766
0.715482771396637
0.750451803207397
0.849190294742584
0.854494571685791
0.515844821929932
0.351922422647476
0.587472438812256
0.660789549350739
0.247722506523132
0.000699520693160594
0.267289459705353
0.454157799482346
0.372157335281372
0.559104263782501
0.873904347419739
0.833552420139313
0.583582580089569
0.584564864635468
0.654149353504181
0.554310739040375
0.453568458557129
0.393217355012894
0.469481319189072
0.624563217163086
0.808013200759888
0.997985601425171
1.14088726043701
1.26587212085724
1.3920750617981
1.31482875347137
1.00753331184387
0.759174406528473
0.755638241767883
0.698784053325653
0.496906489133835
0.366460144519806
0.438402086496353
0.586057960987091
0.601263582706451
0.465080738067627
0.247879669070244
0.0782208070158958
-0.137840807437897
-0.486077606678009
-0.802920818328857
-0.936353325843811
-0.927748560905457
-0.892072260379791
-0.801388502120972
-0.708190023899078
-0.656482994556427
-0.600611090660095
-0.509848713874817
-0.51051664352417
-0.709800958633423
-0.871876657009125
-0.796594977378845
-0.641277372837067
-0.616602540016174
-0.641277372837067
-0.534562766551971
-0.38344931602478
-0.29948428273201
-0.26954448223114
-0.357713669538498
-0.492167711257935
-0.564974069595337
-0.526822447776794
-0.533580482006073
-0.616406083106995
-0.621396064758301
-0.546664416790009
-0.527333199977875
-0.552361667156219
-0.540967226028442
-0.57019978761673
-0.721077501773834
-0.876002252101898
-0.858949899673462
-0.708347201347351
-0.664223313331604
-0.73101818561554
-0.708975851535797
-0.601357638835907
-0.541202962398529
-0.567449390888214
-0.575504064559937
-0.536959528923035
-0.481244802474976
-0.363960951566696
-0.210490003228188
-0.0269613955169916
0.137039542198181
0.290942698717117
0.416359782218933
0.483036756515503
0.528850138187408
0.544370114803314
0.533997297286987
0.449639350175858
0.40889447927475
0.528810858726501
0.636743426322937
0.631164073944092
0.685503661632538
0.829976916313171
0.65819638967514
0.373493224382401
0.40889447927475
0.608257412910461
0.437812715768814
0.0620328895747662
0.0879649966955185
0.360134273767471
0.352001011371613
0.408265829086304
0.751276910305023
0.90443354845047
0.674620032310486
0.508811712265015
0.593405365943909
0.555882394313812
0.458479821681976
0.344417840242386
0.362020254135132
0.531954109668732
0.719883322715759
0.913391888141632
1.02513575553894
1.15208518505096
1.29875874519348
1.30272710323334
1.0096549987793
0.709471225738525
0.706249356269836
0.712496638298035
0.527514219284058
0.370467811822891
0.402568638324738
0.552306890487671
0.569398522377014
0.458754867315292
0.271650761365891
0.0528387762606144
-0.200038582086563
-0.506430387496948
-0.774277627468109
-0.966568171977997
-1.00593781471252
-0.910224735736847
-0.775849282741547
-0.675185561180115
-0.660058498382568
-0.630943775177002
-0.559787631034851
-0.577900826931
-0.757893264293671
-0.937728524208069
-0.910892724990845
-0.791329979896545
-0.722138404846191
-0.691059112548828
-0.573264479637146
-0.402819812297821
-0.288600653409958
-0.225577771663666
-0.322901755571365
-0.494368016719818
-0.588077247142792
-0.567842304706573
-0.566820740699768
-0.660254955291748
-0.67660003900528
-0.610630333423615
-0.57719361782074
-0.598842978477478
-0.579943954944611
-0.563913226127625
-0.709093749523163
-0.904488265514374
-0.949476540088654
-0.836671829223633
-0.741037368774414
-0.727599859237671
-0.726303219795227
-0.678761005401611
-0.581594228744507
-0.540063560009003
-0.539945662021637
-0.530044317245483
-0.482187777757645
-0.369972467422485
-0.237718716263771
-0.107979588210583
0.0413657836616039
0.223204880952835
0.380487054586411
0.480168491601944
0.553289175033569
0.577492475509644
0.574152767658234
0.518005788326263
0.402332872152328
0.434001475572586
0.563072681427002
0.652617037296295
0.702045202255249
0.830134093761444
0.781884670257568
0.467084586620331
0.319428712129593
0.494549036026001
0.518320143222809
0.169926181435585
0.0102865425869823
0.322021931409836
0.45840123295784
0.367206662893295
0.605310559272766
0.938106000423431
0.864238739013672
0.566805303096771
0.612343668937683
0.660710990428925
0.515412569046021
0.380015552043915
0.366224378347397
0.475099951028824
0.61957323551178
0.827501595020294
1.03971266746521
1.15656435489655
1.24760174751282
1.3531768321991
1.2290563583374
0.883569955825806
0.694069087505341
0.725659132003784
0.676191687583923
0.434630155563354
0.287602931261063
0.386223554611206
0.50232869386673
0.459147781133652
0.309055864810944
0.150084182620049
-0.020517660304904
-0.287893414497375
-0.599353790283203
-0.843154907226563
-0.948690712451935
-0.918908059597015
-0.804335296154022
-0.709015130996704
-0.670470595359802
-0.641041576862335
-0.538256168365479
-0.452051520347595
-0.539238452911377
-0.750427961349487
-0.855728030204773
-0.764376282691956
-0.662887454032898
-0.655815064907074
-0.62442147731781
-0.496843367815018
-0.319719195365906
-0.195795148611069
-0.200510069727898
-0.30663526058197
-0.415746569633484
-0.448868960142136
-0.478808760643005
-0.617074012756348
-0.752471089363098
-0.750074326992035
-0.677896618843079
-0.704221665859222
-0.715537488460541
-0.647956848144531
-0.691334187984467
-0.869794249534607
-0.962442576885223
-0.870383620262146
-0.756400167942047
-0.758954107761383
-0.80834299325943
-0.783589601516724
-0.710979700088501
-0.656600892543793
-0.640137910842896
-0.592320680618286
-0.51770693063736
-0.429144829511642
-0.287107586860657
-0.166523292660713
-0.0542294010519981
0.0744488686323166
0.202891394495964
0.323122084140778
0.416320502758026
0.46032652258873
0.473803341388702
0.473606884479523
0.405436873435974
0.367167383432388
0.465159296989441
0.592148065567017
0.634661018848419
0.682242512702942
0.818818271160126
0.581303715705872
0.174130320549011
0.245915114879608
0.617294371128082
0.455336540937424
-0.0426778271794319
0.013351246714592
0.427204132080078
0.403668791055679
0.380172729492188
0.798269033432007
1.00545084476471
0.653481423854828
0.430701047182083
0.547395527362823
0.534036576747894
0.351372361183167
0.282259374856949
0.395889133214951
0.559104263782501
0.759370863437653
0.990991771221161
1.07479965686798
1.13220393657684
1.30154836177826
1.32799124717712
0.933076739311218
0.566962480545044
0.668687105178833
0.782159686088562
0.546098947525024
0.303280085325241
0.422449916601181
0.581500172615051
0.516237735748291
0.38351246714592
0.181556329131126
-0.0730891153216362
-0.329738408327103
-0.551811575889587
-0.767008781433105
-0.965271532535553
-0.985860049724579
-0.854981482028961
-0.706107616424561
-0.632908344268799
-0.630157947540283
-0.574678957462311
-0.503640711307526
-0.537706077098846
-0.711294054985046
-0.877377390861511
-0.868183314800262
-0.74775618314743
-0.648310422897339
-0.644499182701111
-0.577586531639099
-0.408399134874344
-0.264083027839661
-0.220823556184769
-0.285260915756226
-0.404391467571259
-0.490124583244324
-0.51821768283844
-0.571221351623535
-0.656600892543793
-0.693102300167084
-0.650471448898315
-0.625050127506256
-0.630472302436829
-0.603400766849518
-0.642416775226593
-0.781860828399658
-0.940007388591766
-0.965428709983826
-0.847398340702057
-0.76952338218689
-0.757853984832764
-0.767480254173279
-0.685126185417175
-0.520221531391144
-0.437081634998322
-0.436413675546646
-0.449851214885712
-0.394372224807739
-0.28915074467659
-0.218937590718269
-0.135483339428902
-0.0010685776360333
0.163914650678635
0.320568144321442
0.426103979349136
0.496277838945389
0.544055759906769
0.579024851322174
0.520323991775513
0.442409783601761
0.505786299705505
0.608335971832275
0.669669330120087
0.675287961959839
0.808602571487427
0.740511178970337
0.415063202381134
0.314831674098969
0.483665406703949
0.497377991676331
0.1542097479105
-8.63007880980149E-5
0.335498780012131
0.482761710882187
0.421781957149506
0.722830176353455
1.05409324169159
0.865496039390564
0.53839784860611
0.524606704711914
0.557493329048157
0.386537879705429
0.234009921550751
0.24457922577858
0.456397414207458
0.670887351036072
0.866714119911194
1.05091059207916
1.17770290374756
1.28465330600739
1.30453455448151
1.02820038795471
0.621852099895477
0.545863151550293
0.633482277393341
0.504214644432068
0.294361025094986
0.311531215906143
0.478046774864197
0.539458751678467
0.488262474536896
0.311806261539459
0.0584966912865639
-0.195677265524864
-0.462620824575424
-0.743512749671936
-0.993561089038849
-1.06169188022614
-0.931284785270691
-0.767126679420471
-0.66151225566864
-0.59958952665329
-0.563991785049438
-0.501401126384735
-0.472640067338943
-0.574403941631317
-0.810621857643127
-0.966057360172272
-0.859696447849274
-0.713926553726196
-0.683633148670197
-0.642966866493225
-0.45083349943161
-0.226677924394608
-0.159372314810753
-0.211668729782104
-0.34710505604744
-0.505094468593597
-0.636719584465027
-0.713415741920471
-0.78594708442688
-0.835689604282379
-0.800052583217621
-0.764926373958588
-0.79011195898056
-0.780996382236481
-0.695302546024323
-0.710076034069061
-0.893447458744049
-1.01878595352173
-0.936981976032257
-0.835060894489288
-0.836200356483459
-0.861818134784698
-0.790937066078186
-0.645324349403381
-0.592242062091827
-0.580297589302063
-0.528708398342133
-0.452680200338364
-0.34879457950592
-0.267069160938263
-0.18145389854908
-0.0798471793532372
0.0704411789774895
0.254244834184647
0.376675814390182
0.449835807085037
0.47309610247612
0.498871058225632
0.457969039678574
0.353415489196777
0.385555595159531
0.503900289535522
0.583268284797668
0.594702005386353
0.693204700946808
0.906830251216888
0.627706468105316
0.193461537361145
0.339977949857712
0.788682043552399
0.616037011146545
0.00631814450025558
0.0375545471906662
0.534115135669708
0.540637493133545
0.461780279874802
0.843964576721191
1.01173746585846
0.623895227909088
0.413334369659424
0.554546535015106
0.535293877124786
0.347128927707672
0.381744354963303
0.620319783687592
0.787621140480042
0.865574657917023
1.02324974536896
1.17428457736969
1.25471341609955
1.33372783660889
1.21392929553986
0.759920954704285
0.486808687448502
0.655996084213257
0.770097315311432
0.570066452026367
0.40119343996048
0.507122159004211
0.673048377037048
0.656821191310883
0.484019041061401
0.168826028704643
-0.153164327144623
-0.366947054862976
-0.566113531589508
-0.845590949058533
-1.0677033662796
-0.965192973613739
-0.708661556243896
-0.570514142513275
-0.551222205162048
-0.530162215232849
-0.443878978490829
-0.376023292541504
-0.477001368999481
-0.685440540313721
-0.809482455253601
-0.775534927845001
-0.663869738578796
-0.589413106441498
-0.549886286258698
-0.447965264320374
-0.257403552532196
-0.110101312398911
-0.0570976510643959
-0.186483159661293
-0.395668834447861
-0.557705223560333
-0.59522819519043
-0.619038581848145
-0.717384159564972
-0.730310916900635
-0.669959843158722
-0.651060819625854
-0.661276519298553
-0.648428320884705
-0.659901320934296
-0.82020890712738
-0.993639707565308
-0.969200670719147
-0.869283437728882
-0.802370727062225
-0.783000230789185
-0.683554530143738
-0.516842484474182
-0.40356633067131
-0.357202887535095
-0.343529582023621
-0.323726892471313
-0.315122127532959
-0.296930372714996
-0.261096894741058
-0.182161137461662
-0.0435422286391258
0.168550997972488
0.316088974475861
0.372196614742279
0.465237885713577
0.580596506595612
0.608021676540375
0.48535493016243
0.355065733194351
0.468066841363907
0.61238294839859
0.646880507469177
0.634936034679413
0.73630702495575
0.77300488948822
0.284813284873962
0.0601862072944641
0.389602571725845
0.59768807888031
0.226387456059456
-0.0633842200040817
0.357344597578049
0.622834384441376
0.494863361120224
0.74271148443222
1.13023936748505
0.960934102535248
0.519891798496246
0.454707890748978
0.53069680929184
0.347443252801895
0.204423740506172
0.334437906742096
0.610221982002258
0.741061210632324
0.865535378456116
1.06364095211029
1.21333992481232
1.28893601894379
1.28842520713806
0.972996473312378
0.540716052055359
0.464609235525131
0.654660165309906
0.624406039714813
0.36638155579567
0.3417067527771
0.519066691398621
0.620712697505951
0.558632791042328
0.285992026329041
-0.074071392416954
-0.345769166946411
-0.539120554924011
-0.808107256889343
-1.10833036899567
-1.13280868530273
-0.869086980819702
-0.627839803695679
-0.558373153209686
-0.533226907253265
-0.414646416902542
-0.325298517942429
-0.400148034095764
-0.581633508205414
-0.793490946292877
-0.894665479660034
-0.81360799074173
-0.669331192970276
-0.587841510772705
-0.484820276498795
-0.26730489730835
-0.10463985055685
-0.0934418961405754
-0.169823735952377
-0.345494121313095
-0.539474189281464
-0.692120015621185
-0.764494180679321
-0.816987037658691
-0.827988505363464
-0.747913300991058
-0.684654712677002
-0.675932049751282
-0.686894297599792
-0.695695459842682
-0.762058079242706
-0.921579897403717
-1.03827440738678
-1.02188992500305
-0.921422719955444
-0.840483069419861
-0.773648977279663
-0.625757396221161
-0.425097852945328
-0.284475088119507
-0.253867357969284
-0.285575240850449
-0.257049918174744
-0.251116961240768
-0.252924352884293
-0.240704834461212
-0.141809210181236
0.055235531181097
0.255148530006409
0.422096282243729
0.540244579315186
0.655603170394897
0.726562857627869
0.650298833847046
0.502092897891998
0.456790298223495
0.558632791042328
0.591283679008484
0.608611047267914
0.695797920227051
0.888324201107025
0.600949287414551
0.152088031172752
0.327326208353043
0.816421508789063
0.613090217113495
0.0186948329210281
0.141086533665657
0.707663834095001
0.653009951114655
0.536551177501678
0.93543416261673
1.08419013023376
0.670062243938446
0.382215857505798
0.538987219333649
0.530146777629852
0.374318361282349
0.415809720754623
0.701534390449524
0.905101478099823
0.978929400444031
1.09582030773163
1.19939160346985
1.24713027477264
1.31989729404449
1.20721054077148
0.756345450878143
0.48590499162674
0.655013799667358
0.856969892978668
0.685346484184265
0.46857762336731
0.516748487949371
0.624406039714813
0.551167488098145
0.306973457336426
0.0183019228279591
-0.244280323386192
-0.431541591882706
-0.58540540933609
-0.817065596580505
-0.948101341724396
-0.804374575614929
-0.551025748252869
-0.425137132406235
-0.442818135023117
-0.451894372701645
-0.378262877464294
-0.3687544465065
-0.489220887422562
-0.691844940185547
-0.878752589225769
-0.820680379867554
-0.617349088191986
-0.483327239751816
-0.444154024124146
-0.312018126249313
-0.0549759306013584
0.0665120705962181
0.0261994283646345
-0.143577307462692
-0.379913121461868
-0.565877795219421
-0.686187028884888
-0.745084345340729
-0.790779888629913
-0.750624418258667
-0.68500828742981
-0.688858807086945
-0.687837243080139
-0.672867357730865
-0.675932049751282
-0.766930222511292
-0.904606103897095
-0.95478081703186
-0.899498283863068
-0.790269076824188
-0.719309389591217
-0.603675782680511
-0.45102995634079
-0.393900752067566
-0.347615867853165
-0.30435636639595
-0.346122801303864
-0.403841376304626
-0.386199682950974
-0.289543658494949
-0.188133388757706
-0.0596122778952122
0.150005608797073
0.375064879655838
0.507043600082397
0.565862357616425
0.64613401889801
0.642519235610962
0.46519860625267
0.340449452400208
0.442684829235077
0.529400229454041
0.574859976768494
0.586804449558258
0.803141117095947
0.75324147939682
0.330508798360825
0.316364020109177
0.653560042381287
0.660200178623199
0.114761509001255
-0.0470784269273281
0.440327346324921
0.554153621196747
0.386459290981293
0.702438116073608
1.06199073791504
0.826519310474396
0.451682478189468
0.450464457273483
0.506414949893951
0.353690534830093
0.293732345104218
0.506297051906586
0.79072517156601
0.886045277118683
0.943881750106812
1.09228420257568
1.21550095081329
1.28925025463104
1.22893846035004
0.867774963378906
0.520245373249054
0.582875370979309
0.774969458580017
0.733320891857147
0.554939389228821
0.513998091220856
0.596077144145966
0.595723569393158
0.446574628353119
0.130792275071144
-0.199881419539452
-0.408988505601883
-0.558412492275238
-0.745084345340729
-0.91737574338913
-0.856120944023132
-0.631297409534454
-0.48022323846817
-0.41150313615799
-0.388478577136993
-0.405137985944748
-0.436728000640869
-0.498061388731003
-0.667563080787659
-0.889046847820282
-0.936431884765625
-0.747913300991058
-0.547096610069275
-0.455194801092148
-0.344786882400513
-0.189822897315025
-0.101732313632965
-0.136347740888596
-0.199920699000359
-0.412917613983154
-0.686815679073334
-0.814393818378448
-0.778638958930969
-0.780996382236481
-0.801584899425507
-0.711529791355133
-0.657779574394226
-0.693180859088898
-0.710783243179321
-0.69200211763382
-0.739112138748169
-0.9000483751297
-1.01092779636383
-0.954152166843414
-0.822212755680084
-0.704221665859222
-0.633144080638885
-0.518767774105072
-0.327852457761765
-0.224163293838501
-0.290604501962662
-0.383056402206421
-0.364314556121826
-0.29457288980484
-0.273473590612411
-0.241765692830086
-0.112655229866505
0.0853717848658562
0.254991352558136
0.368031769990921
0.510697662830353
0.662832677364349
0.708410382270813
0.584368407726288
0.450818061828613
0.492230862379074
0.601499319076538
0.670573055744171
0.69882333278656
0.817521691322327
1.04859244823456
0.694304883480072
0.230945214629173
0.423078566789627
0.839681804180145
0.584839940071106
0.0494597442448139
0.226662486791611
0.689786374568939
0.576274454593658
0.527042746543884
0.923528969287872
1.03625512123108
0.633953750133514
0.425514608621597
0.566451728343964
0.534115135669708
0.404926091432571
0.514508903026581
0.750491082668304
0.894492864608765
0.971739113330841
1.08053612709045
1.10631108283997
1.13731169700623
1.29750144481659
1.19369447231293
0.691868782043457
0.443863540887833
0.731238484382629
0.927811741828918
0.657214105129242
0.419581651687622
0.505079030990601
0.577453196048737
0.459069192409515
0.259981334209442
-0.00641216384246945
-0.274023681879044
-0.446000695228577
-0.580808401107788
-0.763511896133423
-0.889754116535187
-0.807635724544525
-0.605876088142395
-0.479358822107315
-0.461402803659439
-0.467885822057724
-0.431030809879303
-0.395315229892731
-0.476333409547806
-0.645952999591827
-0.824373722076416
-0.808696627616882
-0.601436197757721
-0.478612303733826
-0.438103199005127
-0.322666019201279
-0.12892173230648
-0.0603195168077946
-0.0726569145917892
-0.219644829630852
-0.506116032600403
-0.709054470062256
-0.773727536201477
-0.755810797214508
-0.739347875118256
-0.697227835655212
-0.678289532661438
-0.71573394536972
-0.699349522590637
-0.628271996974945
-0.624578654766083
-0.799934685230255
-0.978512644767761
-0.927002012729645
-0.778088867664337
-0.735065162181854
-0.735654532909393
-0.59412807226181
-0.387378424406052
-0.297008961439133
-0.339168280363083
-0.40132674574852
-0.424901396036148
-0.412839025259018
-0.384667336940765
-0.349344670772552
-0.253513723611832
-0.0701422840356827
0.151223629713058
0.328740686178207
0.41321650147438
0.494745492935181
0.568101942539215
0.535018861293793
0.389052510261536
0.314163714647293
0.425750374794006
0.542641282081604
0.628020823001862
0.705895721912384
0.927261650562286
0.904826462268829
0.419463783502579
0.261002898216248
0.614936888217926
0.660357356071472
0.161596477031708
-0.0135238477960229
0.493527472019196
0.656428277492523
0.490659207105637
0.711750090122223
1.0067081451416
0.80502712726593
0.44787123799324
0.430858194828033
0.488498210906982
0.364849209785461
0.328387081623077
0.551796138286591
0.832334399223328
0.961562752723694
0.98651260137558
1.0446240901947
1.15727162361145
1.29761934280396
1.26657938957214
0.81818962097168
0.433962196111679
0.547002613544464
0.800940811634064
0.770333111286163
0.540716052055359
0.476868063211441
0.486887276172638
0.444963693618774
0.330390930175781
0.0823070853948593
-0.249427452683449
-0.451305001974106
-0.512874126434326
-0.653693318367004
-0.873566150665283
-0.873723328113556
-0.659194052219391
-0.485802561044693
-0.456491410732269
-0.492049843072891
-0.507609128952026
-0.533501923084259
-0.573107302188873
-0.686422765254974
-0.859578549861908
-0.908967435359955
-0.737226128578186
-0.54273533821106
-0.485056042671204
-0.444350481033325
-0.317558169364929
-0.246559217572212
-0.229113966226578
-0.271273285150528
-0.497432708740234
-0.758954107761383
-0.8805992603302
-0.800995588302612
-0.731096744537354
-0.749484956264496
-0.768737614154816
-0.807046413421631
-0.803235173225403
-0.727756977081299
-0.6674844622612
-0.743198394775391
-0.919222414493561
-0.956666827201843
-0.834432244300842
-0.704496681690216
-0.647642493247986
-0.593813717365265
-0.493425041437149
-0.323255389928818
-0.25394594669342
-0.375158905982971
-0.525368690490723
-0.533187627792358
-0.403055548667908
-0.337007254362106
-0.327538102865219
-0.171945467591286
0.102306239306927
0.343828469514847
0.465434342622757
0.528653681278229
0.63253927230835
0.659453690052032
0.530028879642487
0.350075751543045
0.348150491714478
0.49006986618042
0.573366940021515
0.60173511505127
0.75170910358429
0.974528789520264
0.701927304267883
0.302926450967789
0.417499244213104
0.695522904396057
0.449128538370132
-0.0167064256966114
0.1325603723526
0.555843114852905
0.480325669050217
0.406144112348557
0.767386257648468
0.936023533344269
0.602678060531616
0.391685009002686
0.445160150527954
0.466102302074432
0.345557272434235
0.351450949907303
0.606646478176117
0.820900678634644
0.888677775859833
0.887892007827759
0.995981752872467
1.15051352977753
1.2345963716507
1.10564315319061
0.674580752849579
0.422882109880447
0.572306096553802
0.716700792312622
0.583032548427582
0.336088120937347
0.307327061891556
0.385634183883667
0.344614297151566
0.169926181435585
-0.0711638554930687
-0.26958379149437
-0.431659460067749
-0.620688796043396
-0.799895405769348
-0.878438293933868
-0.804374575614929
-0.649921357631683
-0.57212507724762
-0.556526482105255
-0.576918542385101
-0.597428500652313
-0.587762892246246
-0.652868211269379
-0.838832855224609
-1.00570201873779
-0.93450665473938
-0.702807188034058
-0.53778463602066
-0.502461969852448
-0.419479221105576
-0.272216290235519
-0.179489344358444
-0.147231370210648
-0.317440301179886
-0.625757396221161
-0.847359001636505
-0.858714163303375
-0.773413240909576
-0.760172128677368
-0.791290640830994
-0.821977019309998
-0.813686549663544
-0.70194274187088
-0.607329845428467
-0.60202556848526
-0.762490332126617
-0.90582412481308
-0.868811964988708
-0.775770664215088
-0.760368585586548
-0.769209086894989
-0.683200895786285
-0.529926419258118
-0.457395106554031
-0.516017377376556
-0.540731489658356
-0.536291599273682
-0.496411144733429
-0.457198649644852
-0.406631052494049
-0.291272461414337
-0.0787863209843636
0.19864796102047
0.34905418753624
0.412352114915848
0.490659207105637
0.573327660560608
0.564604997634888
0.385123401880264
0.31384938955307
0.427597045898438
0.568062663078308
0.650495290756226
0.725344777107239
0.927615284919739
0.945296227931976
0.620437622070313
0.431879758834839
0.569477140903473
0.548377811908722
0.19825504720211
0.0315037220716476
0.385319858789444
0.568023324012756
0.507868707180023
0.676309525966644
0.9181067943573
0.819839835166931
0.55898642539978
0.526767730712891
0.537219166755676
0.414591699838638
0.316442608833313
0.460247933864594
0.731984972953796
0.868167877197266
0.902547538280487
0.952879428863525
1.05755078792572
1.19723057746887
1.22732758522034
0.91567075252533
0.522131383419037
0.537258446216583
0.746404826641083
0.715561330318451
0.441466808319092
0.340252995491028
0.421821266412735
0.411487698554993
0.312041997909546
0.140379294753075
-0.0968602150678635
-0.284357219934464
-0.455116242170334
-0.618095636367798
-0.765672862529755
-0.775967121124268
-0.625285863876343
-0.489338755607605
-0.474133104085922
-0.520968079566956
-0.519632160663605
-0.513188421726227
-0.561830818653107
-0.719780921936035
-0.944290101528168
-0.974819302558899
-0.779621243476868
-0.587094962596893
-0.542971074581146
-0.532087445259094
-0.39586529135704
-0.285732418298721
-0.174185052514076
-0.24695211648941
-0.532244622707367
-0.793490946292877
-0.88323175907135
-0.797105729579926
-0.767205238342285
-0.777656674385071
-0.786418557167053
-0.807753622531891
-0.720409572124481
-0.604107975959778
-0.517235398292542
-0.661472976207733
-0.88932192325592
-0.875569999217987
-0.715773224830627
-0.642063140869141
-0.706029057502747
-0.661905169487
-0.450165569782257
-0.349658995866776
-0.414685726165771
-0.500104486942291
-0.486627668142319
-0.419714987277985
-0.405727356672287
-0.404273569583893
-0.380463182926178
-0.252963662147522
-0.0203212033957243
0.197704970836639
0.359741359949112
0.464491367340088
0.551717519760132
0.617687284946442
0.562915503978729
0.432429850101471
0.42303928732872
0.537729918956757
0.609907627105713
0.614543974399567
0.702280938625336
0.895671606063843
0.739725351333618
0.377265185117722
0.396792829036713
0.643226444721222
0.486533641815186
0.0286747664213181
0.0443519055843353
0.470777928829193
0.563858509063721
0.459304928779602
0.68625020980835
0.883412778377533
0.674266397953033
0.411723464727402
0.402018547058105
0.407322853803635
0.316756933927536
0.3089379966259
0.491248577833176
0.693715512752533
0.766718327999115
0.804123401641846
0.891821086406708
1.04544913768768
1.17353808879852
1.07079195976257
0.614268958568573
0.369092643260956
0.546256065368652
0.735521197319031
0.539340853691101
0.231377422809601
0.280216217041016
0.395731985569
0.367638856172562
0.162067964673042
-0.0874696522951126
-0.257875025272369
-0.445018440485001
-0.651453733444214
-0.858910620212555
-0.909949719905853
-0.779660522937775
-0.615030884742737
-0.509927272796631
-0.494250148534775
-0.499475866556168
-0.510438084602356
-0.503994345664978
-0.608430027961731
-0.836907625198364
-1.00585925579071
-0.920833349227905
-0.687876582145691
-0.547253787517548
-0.537155985832214
-0.448829650878906
-0.278188526630402
-0.168173521757126
-0.146013349294662
-0.359756797552109
-0.659665584564209
-0.85333126783371
-0.829481601715088
-0.720331013202667
-0.72209906578064
-0.806849956512451
-0.819344520568848
-0.748817026615143
-0.61915647983551
-0.572557270526886
-0.6513751745224
-0.79852020740509
-0.883467555046082
-0.80044549703598
-0.722413420677185
-0.747441828250885
-0.746459543704987
-0.583519458770752
-0.369658142328262
-0.331545799970627
-0.415353655815125
-0.518689215183258
-0.509730815887451
-0.42863404750824
-0.421718806028366
-0.40812411904335
-0.312843263149261
-0.0556831695139408
0.217664837837219
0.375339925289154
0.490305602550507
0.617176473140717
0.726327061653137
0.681967437267303
0.536197602748871
0.464177042245865
0.554860830307007
0.692772507667542
0.737721502780914
0.804005563259125
0.948832452297211
0.918185412883759
0.628138661384583
0.539340853691101
0.683185458183289
0.652813494205475
0.306423366069794
0.116843938827515
0.362138122320175
0.548770725727081
0.550617396831512
0.683971285820007
0.874454438686371
0.801530182361603
0.646959125995636
0.603424608707428
0.590458571910858
0.459776431322098
0.364692032337189
0.444413632154465
0.659650146961212
0.804044842720032
0.863649368286133
0.91720312833786
1.02324974536896
1.1888222694397
1.26583278179169
1.03621578216553
0.662911295890808
0.622166454792023
0.777248322963715
0.720040500164032
0.378090292215347
0.221279606223106
0.338288426399231
0.378286749124527
0.242182463407516
0.0397548489272594
-0.0778433382511139
-0.162672773003578
-0.360110402107239
-0.571614265441895
-0.700724720954895
-0.697777926921844
-0.61935293674469
-0.534405648708344
-0.53240180015564
-0.608705043792725
-0.640688002109528
-0.5831658244133
-0.577665090560913
-0.762333154678345
-0.970143616199493
-0.941343307495117
-0.710508227348328
-0.547096610069275
-0.526625990867615
-0.471932798624039
-0.352723687887192
-0.236775726079941
-0.135836958885193
-0.296065956354141
-0.623910665512085
-0.878398954868317
-0.893604636192322
-0.768541157245636
-0.722609877586365
-0.75078159570694
-0.818951606750488
-0.816083312034607
-0.668152451515198
-0.505212366580963
-0.515035092830658
-0.763393998146057
-0.908181607723236
-0.831681907176971
-0.741351723670959
-0.836200356483459
-0.88798600435257
-0.733689963817596
-0.516842484474182
-0.456412851810455
-0.536173701286316
-0.608626484870911
-0.600532472133636
-0.524740040302277
-0.488906562328339
-0.467453628778458
-0.41130667924881
-0.242944434285164
0.0372402183711529
0.254991352558136
0.384651899337769
0.497063666582108
0.605035543441772
0.647980690002441
0.571048736572266
0.442174047231674
0.440602391958237
0.585311412811279
0.701023638248444
0.74381160736084
0.835556268692017
0.947260797023773
0.698155403137207
0.398953855037689
0.475296407938004
0.642794251441956
0.455925911664963
0.126548826694489
0.192282795906067
0.458872735500336
0.50193578004837
0.530853986740112
0.759292304515839
0.793593406677246
0.576470911502838
0.465905845165253
0.551403224468231
0.522642135620117
0.420013874769211
0.436634004116058
0.599967002868652
0.797286748886108
0.890563786029816
0.925336360931396
0.922389566898346
0.989066481590271
1.09782421588898
1.05924034118652
0.736739218235016
0.550656676292419
0.693676173686981
0.879758715629578
0.746640563011169
0.483547538518906
0.459462106227875
0.525510430335999
0.481307953596115
0.261631548404694
0.000188736725249328
-0.166366130113602
-0.306753128767014
-0.506548225879669
-0.727246224880219
-0.80661416053772
-0.695774078369141
-0.515899538993835
-0.447415173053741
-0.512834846973419
-0.570121228694916
-0.570278346538544
-0.543128252029419
-0.637819707393646
-0.847712635993958
-0.968061208724976
-0.871719479560852
-0.665127038955688
-0.558883965015411
-0.566270709037781
-0.509534358978271
-0.387692749500275
-0.208093255758286
-0.200510069727898
-0.441207200288773
-0.71663761138916
-0.841543972492218
-0.737186849117279
-0.658526122570038
-0.693259418010712
-0.776163578033447
-0.805631935596466
-0.682650864124298
-0.513895690441132
-0.471068412065506
-0.620020866394043
-0.829599440097809
-0.873605489730835
-0.822448492050171
-0.822605669498444
-0.856435239315033
-0.820091009140015
-0.650235712528229
-0.493267863988876
-0.490163862705231
-0.593224346637726
-0.647446036338806
-0.578686654567719
-0.503562152385712
-0.476962059736252
-0.435667157173157
-0.319601327180862
-0.0754465833306313
0.157156571745872
0.337934821844101
0.480875730514526
0.610261261463165
0.701220095157623
0.677527546882629
0.586961627006531
0.519773900508881
0.59788453578949
0.73571765422821
0.786442399024963
0.825262010097504
0.936612904071808
0.86471027135849
0.506925702095032
0.398089438676834
0.670180141925812
0.747347831726074
0.460090756416321
0.267014414072037
0.485747843980789
0.659728705883026
0.60051703453064
0.690532922744751
0.811431527137756
0.649984538555145
0.531482636928558
0.594034016132355
0.657882034778595
0.573170483112335
0.514980375766754
0.578396201133728
0.698116064071655
0.862667083740234
0.898186266422272
0.848836660385132
0.854612469673157
0.980815351009369
1.1782922744751
1.0070618391037
0.728763103485107
0.760588884353638
0.906005144119263
0.874493718147278
0.545155942440033
0.325636714696884
0.350193619728088
0.391724288463593
0.286659955978394
0.0451377257704735
-0.0956421941518784
-0.138430178165436
-0.246716380119324
-0.439321219921112
-0.576918542385101
-0.573303759098053
-0.499593734741211
-0.475586891174316
-0.500261664390564
-0.573107302188873
-0.611926913261414
-0.560534179210663
-0.551732957363129
-0.688230156898499
-0.876120090484619
-0.853567004203796
-0.625835955142975
-0.47303295135498
-0.477079957723618
-0.468946695327759
-0.363528728485107
-0.203260451555252
-0.128293082118034
-0.302156090736389
-0.589334547519684
-0.825356006622314
-0.809089541435242
-0.643595516681671
-0.610001623630524
-0.68866240978241
-0.798245191574097
-0.686972856521606
-0.487688541412354
-0.419832855463028
-0.546310842037201
-0.772195219993591
-0.827438473701477
-0.762411713600159
-0.737933397293091
-0.808225095272064
-0.829874515533447
-0.680764853954315
-0.493307143449783
-0.446157872676849
-0.568588852882385
-0.675892770290375
-0.644342064857483
-0.588116526603699
-0.556369304656982
-0.522343277931213
-0.414764314889908
-0.166483998298645
0.111775390803814
0.346814602613449
0.510658383369446
0.616587102413177
0.689747095108032
0.676073789596558
0.584171950817108
0.454118520021439
0.421506941318512
0.531600534915924
0.658942878246307
0.737132132053375
0.853590846061707
0.998299896717072
0.702791750431061
0.368385404348373
0.563504874706268
0.814535558223724
0.515726923942566
0.121323116123676
0.244657799601555
0.557729065418243
0.553996443748474
0.569987893104553
0.799487054347992
0.807738184928894
0.525588989257813
0.446103125810623
0.601185023784637
0.561540305614471
0.492545187473297
0.637882888317108
0.772297620773315
0.745776176452637
0.771865427494049
0.899011373519897
0.953429520130157
0.980501055717468
1.16964828968048
1.27031195163727
0.906515955924988
0.604131817817688
0.804123401641846
1.0383768081665
0.768172085285187
0.34414279460907
0.317739188671112
0.449207127094269
0.348897010087967
0.0709519609808922
-0.073757067322731
-0.0833833813667297
-0.205303579568863
-0.40847772359848
-0.548236072063446
-0.566624283790588
-0.511027455329895
-0.451501458883286
-0.427258849143982
-0.464074611663818
-0.521321713924408
-0.517235398292542
-0.485527515411377
-0.606504738330841
-0.801742076873779
-0.865983009338379
-0.715498208999634
-0.503208518028259
-0.436177939176559
-0.415432244539261
-0.308285474777222
-0.126446396112442
0.00478579243645072
-0.116348586976528
-0.413467705249786
-0.686658561229706
-0.757500350475311
-0.654125511646271
-0.567135095596313
-0.640177190303802
-0.751763820648193
-0.759661376476288
-0.582890808582306
-0.4135462641716
-0.37629833817482
-0.484898865222931
-0.672670900821686
-0.775142014026642
-0.786418557167053
-0.822409212589264
-0.802763640880585
-0.713533639907837
-0.534994959831238
-0.443761110305786
-0.488277912139893
-0.565956354141235
-0.574011027812958
-0.476962059736252
-0.445175588130951
-0.409735053777695
-0.342783063650131
-0.230371281504631
0.0166516974568367
0.282102197408676
0.506336331367493
0.650534629821777
0.750726819038391
0.810331404209137
0.750019609928131
0.621694922447205
0.543780744075775
0.598552525043488
0.684167742729187
0.72365528345108
0.757642090320587
0.894414305686951
0.710021317005157
0.415416806936264
0.584329128265381
0.876654744148254
0.704834878444672
0.275069087743759
0.185446158051491
0.432154804468155
0.509322464466095
0.547159790992737
0.725069761276245
0.776855409145355
0.580635786056519
0.537140548229218
0.698941230773926
0.624602496623993
0.443509936332703
0.511797845363617
0.675248682498932
0.719215393066406
0.697762489318848
0.779605805873871
0.882312655448914
0.971385538578033
1.11994504928589
1.2580531835556
1.04317033290863
0.70428478717804
0.752219915390015
1.00207185745239
0.89551442861557
0.451250284910202
0.280019760131836
0.4154953956604
0.446967542171478
0.230591595172882
-0.00165794382337481
-0.0557617545127869
-0.10295033454895
-0.270958960056305
-0.484348803758621
-0.599235892295837
-0.574993312358856
-0.528472661972046
-0.498886495828629
-0.529022753238678
-0.596210479736328
-0.615895330905914
-0.57943320274353
-0.599432349205017
-0.746813178062439
-0.851563155651093
-0.766419410705566
-0.547096610069275
-0.418771982192993
-0.413978487253189
-0.379441618919373
-0.213004633784294
-0.0637771338224411
-0.143302261829376
-0.373783707618713
-0.634637176990509
-0.725635290145874
-0.653418302536011
-0.495153844356537
-0.464821130037308
-0.57019978761673
-0.622339069843292
-0.550082743167877
-0.409342139959335
-0.380070269107819
-0.493621498346329
-0.677071511745453
-0.802567183971405
-0.824963092803955
-0.824766635894775
-0.77541708946228
-0.714083731174469
-0.587723612785339
-0.441757261753082
-0.439085483551025
-0.573932468891144
-0.641355931758881
-0.581319153308868
-0.517274737358093
-0.482934325933456
-0.44069641828537
-0.290486633777618
-0.0168635901063681
0.241710975766182
0.453922063112259
0.617176473140717
0.736228406429291
0.792453944683075
0.742475688457489
0.638275802135468
0.543702185153961
0.562640488147736
0.671791076660156
0.761453330516815
0.777091145515442
0.896693170070648
0.869660913944244
0.485040605068207
0.394592553377151
0.725501954555511
0.765343129634857
0.368581861257553
0.10996799916029
0.379465490579605
0.558829247951508
0.512426495552063
0.653520703315735
0.786796033382416
0.647784233093262
0.44315630197525
0.595016300678253
0.690807938575745
0.551403224468231
0.544173657894135
0.675248682498932
0.74907660484314
0.712614476680756
0.776501774787903
0.910091459751129
0.942310094833374
1.03727662563324
1.21609032154083
1.15738940238953
0.769350826740265
0.675995230674744
0.935905694961548
0.942742347717285
0.573445498943329
0.252319574356079
0.314085125923157
0.434355109930038
0.301747739315033
0.0977091863751411
0.0164159499108791
0.00902922824025154
-0.115680642426014
-0.308167606592178
-0.492560625076294
-0.530319333076477
-0.470950543880463
-0.481637716293335
-0.535270035266876
-0.60921585559845
-0.658801138401031
-0.607408463954926
-0.543992638587952
-0.617034733295441
-0.770505666732788
-0.78857958316803
-0.583087265491486
-0.409813612699509
-0.387614160776138
-0.412996202707291
-0.287186175584793
-0.0518326461315155
-0.0462926030158997
-0.267579942941666
-0.549925625324249
-0.683633148670197
-0.631651043891907
-0.498493582010269
-0.512402594089508
-0.649135529994965
-0.707797110080719
-0.612830579280853
-0.457434415817261
-0.379598796367645
-0.426119416952133
-0.58560186624527
-0.751449525356293
-0.847123265266418
-0.858989179134369
-0.83863639831543
-0.838479220867157
-0.742726922035217
-0.578490197658539
-0.494800209999084
-0.600414633750916
-0.670195579528809
-0.568549573421478
-0.496214687824249
-0.491146147251129
-0.477276384830475
-0.330877870321274
-0.093481183052063
0.127452522516251
0.328937143087387
0.514980375766754
0.664600789546967
0.747151374816895
0.73174923658371
0.606332123279572
0.469717085361481
0.43580886721611
0.532386362552643
0.641144037246704
0.668647766113281
0.734106719493866
0.845221877098083
0.58491849899292
0.382608771324158
0.559968650341034
0.696269392967224
0.486808687448502
0.200258880853653
0.203677207231522
0.382451593875885
0.401979267597198
0.509715378284454
0.674423575401306
0.669590771198273
0.48798742890358
0.474785625934601
0.633325099945068
0.563347697257996
0.482250928878784
0.495570600032806
0.570459365844727
0.604839086532593
0.647352039813995
0.754105865955353
0.795243620872498
0.853237271308899
1.00643312931061
1.13727247714996
0.883766412734985
0.595094919204712
0.696858763694763
0.892292559146881
0.719018936157227
0.363474011421204
0.272790223360062
0.37616503238678
0.344024926424026
0.161792919039726
0.0488310866057873
0.0318966321647167
-0.0864480808377266
-0.306006610393524
-0.483445107936859
-0.588587999343872
-0.622731983661652
-0.623282015323639
-0.600611090660095
-0.624892950057983
-0.687955141067505
-0.686697840690613
-0.599275171756744
-0.583244442939758
-0.722727715969086
-0.838518559932709
-0.71329790353775
-0.494328737258911
-0.439596265554428
-0.528826296329498
-0.430205702781677
-0.20384980738163
-0.190372973680496
-0.310250043869019
-0.540220677852631
-0.648074686527252
-0.644224166870117
-0.531183779239655
-0.473661631345749
-0.6118483543396
-0.710626065731049
-0.648074686527252
-0.482187777757645
-0.389775186777115
-0.448161721229553
-0.544896364212036
-0.695106089115143
-0.846062421798706
-0.944407999515533
-0.934938848018646
-0.865629374980927
-0.761036515235901
-0.642220318317413
-0.573696672916412
-0.607054829597473
-0.653732597827911
-0.58469820022583
-0.48757067322731
-0.450519174337387
-0.435509979724884
-0.337793081998825
-0.13929457962513
0.0898509696125984
0.292553633451462
0.451250284910202
0.591873049736023
0.701848745346069
0.714146852493286
0.642637073993683
0.536629796028137
0.50983327627182
0.58979058265686
0.656546115875244
0.693361878395081
0.715364873409271
0.855241119861603
0.697173118591309
0.369446247816086
0.47572860121727
0.70844966173172
0.553917825222015
0.243282616138458
0.162932366132736
0.368660420179367
0.397028595209122
0.442841976881027
0.675170123577118
0.736542761325836
0.533407926559448
0.465512931346893
0.639729559421539
0.632735729217529
0.477339535951614
0.480168491601944
0.541148245334625
0.57945704460144
0.571402370929718
0.596430778503418
0.696937382221222
0.793279051780701
0.934766232967377
1.07849299907684
0.964273810386658
0.638079345226288
0.632382094860077
0.824161887168884
0.724480390548706
0.34339627623558
0.14780530333519
0.259195506572723
0.283988177776337
0.11880849301815
0.00105314038228244
0.00631814450025558
-0.00594067107886076
-0.173477813601494
-0.387496292591095
-0.573814570903778
-0.689526796340942
-0.69636344909668
-0.673692464828491
-0.700960457324982
-0.775692105293274
-0.785986363887787
-0.675106942653656
-0.612044811248779
-0.721156120300293
-0.864647090435028
-0.818087160587311
-0.606347560882568
-0.498965084552765
-0.52976930141449
-0.510163009166718
-0.311625242233276
-0.231274977326393
-0.317165285348892
-0.476411998271942
-0.643084704875946
-0.725124478340149
-0.69931024312973
-0.628271996974945
-0.662376642227173
-0.769051909446716
-0.756282329559326
-0.641355931758881
-0.504780173301697
-0.484820276498795
-0.565720617771149
-0.70233565568924
-0.84260481595993
-0.96703964471817
-0.981420159339905
-0.952894866466522
-0.896708607673645
-0.792705118656158
-0.663476824760437
-0.622731983661652
-0.718641459941864
-0.729407250881195
-0.637033879756927
-0.548825442790985
-0.525132954120636
-0.463053017854691
-0.263257920742035
-0.0117950411513448
0.230198681354523
0.418756544589996
0.596077144145966
0.721690714359283
0.744872450828552
0.680002927780151
0.548338532447815
0.451289564371109
0.445513784885406
0.5192631483078
0.613286674022675
0.598316788673401
0.741454124450684
0.77339780330658
0.480168491601944
0.376243621110916
0.616508543491364
0.672773361206055
0.423942983150482
0.186782047152519
0.221161738038063
0.28728860616684
0.296246975660324
0.469245582818985
0.688843369483948
0.608375251293182
0.429286569356918
0.485944300889969
0.604839086532593
0.555175185203552
0.508025884628296
0.513644516468048
0.578828394412994
0.638275802135468
0.659885883331299
0.664757966995239
0.718940377235413
0.883373498916626
1.06544840335846
1.01299476623535
0.7033811211586
0.614151060581207
0.833120226860046
0.846989989280701
0.512230038642883
0.25927409529686
0.301315516233444
0.37333607673645
0.249215573072433
0.0849395841360092
0.0282032731920481
-0.00460477452725172
-0.141966372728348
-0.329934865236282
-0.497000515460968
-0.62878280878067
-0.680057644844055
-0.649174869060516
-0.624264299869537
-0.66658079624176
-0.73589026927948
-0.708307921886444
-0.630079388618469
-0.700999796390533
-0.862486064434052
-0.889479041099548
-0.729682266712189
-0.587723612785339
-0.556408643722534
-0.539041996002197
-0.366004079580307
-0.257089227437973
-0.307106763124466
-0.474015235900879
-0.657268822193146
-0.739819347858429
-0.74885630607605
-0.684576094150543
-0.746891736984253
-0.824373722076416
-0.758050441741943
-0.629922211170197
-0.510830998420715
-0.529415667057037
-0.574325382709503
-0.661472976207733
-0.847594797611237
-1.03717422485352
-1.11316311359406
-1.05112254619598
-0.955370187759399
-0.856160223484039
-0.73101818561554
-0.68461537361145
-0.67691433429718
-0.640766561031342
-0.600571811199188
-0.553226053714752
-0.522028923034668
-0.46627488732338
-0.359717518091202
-0.202946111559868
0.0211701709777117
0.265285611152649
0.47537499666214
0.629474580287933
0.709471225738525
0.706642270088196
0.631164073944092
0.555921673774719
0.529871702194214
0.535804688930511
0.593955457210541
0.622048556804657
0.676545262336731
0.806559443473816
0.650023818016052
0.424925237894058
0.471013695001602
0.621380627155304
0.518634438514709
0.291767805814743
0.184974655508995
0.295146822929382
0.346303820610046
0.411998480558395
0.635996878147125
0.701888024806976
0.562601149082184
0.473803341388702
0.573091864585876
0.568809151649475
0.535922527313232
0.536669075489044
0.488930404186249
0.42339289188385
0.395653396844864
0.507947266101837
0.64633047580719
0.783181250095367
0.951347053050995
1.07723569869995
0.88537734746933
0.679177820682526
0.795872271060944
0.934569776058197
0.663068473339081
0.237585410475731
0.157863825559616
0.248979821801186
0.189611002802849
0.0573179572820663
0.0480059757828712
0.0647832602262497
-0.0319513604044914
-0.208604037761688
-0.411188811063766
-0.637701869010925
-0.779621243476868
-0.782175123691559
-0.72363144159317
-0.736636757850647
-0.777931690216064
-0.728228509426117
-0.619274318218231
-0.583087265491486
-0.6961669921875
-0.808028638362885
-0.757814645767212
-0.638212621212006
-0.598764419555664
-0.623517751693726
-0.522971928119659
-0.403487771749496
-0.390678882598877
-0.428594768047333
-0.519396424293518
-0.611180365085602
-0.670627772808075
-0.657033085823059
-0.697738647460938
-0.814393818378448
-0.787597298622131
-0.691373467445374
-0.622339069843292
-0.678171634674072
-0.72697114944458
-0.708307921886444
-0.787361562252045
-0.969239950180054
-1.10514771938324
-1.07061088085175
-0.989671289920807
-0.884567677974701
-0.778678238391876
-0.722688436508179
-0.714280188083649
-0.707364916801453
-0.6319260597229
-0.587487876415253
-0.57212507724762
-0.532244622707367
-0.419990003108978
-0.256421267986298
-0.0522255562245846
0.191025480628014
0.411684155464172
0.57478141784668
0.658510684967041
0.697251677513123
0.637922167778015
0.542955636978149
0.504686117172241
0.509047448635101
0.558593511581421
0.604839086532593
0.628374457359314
0.811667323112488
0.81606787443161
0.444806545972824
0.332984149456024
0.616037011146545
0.725855588912964
0.456672430038452
0.172873005270958
0.258606135845184
0.372039467096329
0.416202634572983
0.549635112285614
0.739410996437073
0.598473906517029
0.390074074268341
0.476435840129852
0.576274454593658
0.54763126373291
0.504018187522888
0.501228511333466
0.533054292201996
0.586686611175537
0.661771833896637
0.692222416400909
0.769743740558624
0.976296901702881
1.12524938583374
0.959951817989349
0.648373603820801
0.688646972179413
0.90777325630188
0.763732194900513
0.361234426498413
0.182538613677025
0.275697737932205
0.291846394538879
0.178020134568214
0.0733094289898872
0.063840277493
0.0485560484230518
-0.0748179256916046
-0.256146222352982
-0.460970610380173
-0.618095636367798
-0.643202602863312
-0.631297409534454
-0.660019159317017
-0.706421971321106
-0.748031198978424
