% Type: Timesignal
% Date: 11-DEC-24 12:08:52
% NoOfItems: = 4096
% Unit_Y: = mm/s
% Unit_X: = Sec
% Min_X: = 0
% Max_X: = 1.60000002384186
% MinDisplay_X: = 0
% MaxDisplay_X: = 1.60000002384186
-0.274128526449203
-0.270317912101746
-0.285470724105835
-0.271528333425522
-0.300578713417053
-0.349399447441101
-0.242522805929184
-0.104309432208538
0.0356075167655945
0.184445798397064
0.392326265573502
0.682650566101074
0.865111947059631
0.879054307937622
0.833282053470612
0.778140187263489
0.706231594085693
0.67256361246109
0.746848285198212
0.885868608951569
0.98817253112793
1.01937472820282
1.06169497966766
1.01542961597443
0.765094399452209
0.636698961257935
0.791634261608124
0.797462284564972
0.488129675388336
0.330683887004852
0.669559955596924
0.837540984153748
0.719232499599457
0.869774341583252
1.13804185390472
1.03797948360443
0.681126296520233
0.631991744041443
0.816560208797455
0.814811766147614
0.736268222332001
0.72295343875885
0.897434949874878
1.15099799633026
1.18610048294067
1.18067598342896
1.21308863162994
1.2738344669342
1.22205483913422
0.988082826137543
0.782130122184753
0.84628301858902
0.90214216709137
0.761463105678558
0.595992624759674
0.613028347492218
0.592361330986023
0.413351893424988
0.217037796974182
0.0648820325732231
-0.0909946858882904
-0.318152397871017
-0.570191204547882
-0.77838546037674
-0.902477145195007
-0.913953840732574
-0.825368165969849
-0.76915031671524
-0.792641639709473
-0.823126614093781
-0.799366295337677
-0.801428496837616
-0.891359090805054
-1.05221199989319
-1.23400092124939
-1.30402672290802
-1.21831011772156
-1.0282723903656
-0.861591458320618
-0.792910635471344
-0.764891386032104
-0.691817164421082
-0.572343051433563
-0.592785894870758
-0.821557521820068
-1.02499973773956
-1.02262365818024
-0.92852383852005
-0.903508245944977
-0.900504589080811
-0.812815487384796
-0.70459395647049
-0.663439273834229
-0.64685183763504
-0.632057726383209
-0.727905988693237
-0.83576887845993
-0.830254673957825
-0.740010261535645
-0.668774127960205
-0.568532466888428
-0.402748107910156
-0.279956549406052
-0.248530134558678
-0.258751571178436
-0.255478918552399
-0.287443280220032
-0.359082907438278
-0.338595241308212
-0.196705728769302
-0.0531126521527767
0.0998500660061836
0.293519139289856
0.547664999961853
0.768232583999634
0.867263853549957
0.864798128604889
0.808131992816925
0.7100870013237
0.626208603382111
0.656514227390289
0.763615012168884
0.909449636936188
1.02457511425018
1.12728250026703
1.20703649520874
0.972167909145355
0.686237037181854
0.784147500991821
0.951635420322418
0.69488936662674
0.38667756319046
0.55788642168045
0.836375415325165
0.722460329532623
0.727346897125244
1.10495674610138
1.29221510887146
0.955042541027069
0.692782342433929
0.862601399421692
0.995569586753845
0.880757927894592
0.774060606956482
0.845969200134277
1.12674450874329
1.2500741481781
1.16292297840118
1.1715304851532
1.28634226322174
1.28683531284332
1.09616994857788
0.830995678901672
0.843189656734467
0.955983996391296
0.888423979282379
0.690944254398346
0.617914855480194
0.583708941936493
0.423214673995972
0.276842087507248
0.143829092383385
-0.0254072118550539
-0.269062638282776
-0.471025437116623
-0.573777675628662
-0.70544570684433
-0.823126614093781
-0.812860369682312
-0.720598518848419
-0.711991012096405
-0.749245405197144
-0.767222583293915
-0.806584060192108
-0.859618902206421
-0.953539431095123
-1.08381772041321
-1.21844470500946
-1.18074190616608
-0.970350980758667
-0.80201131105423
-0.759063363075256
-0.767895042896271
-0.708808064460754
-0.622105240821838
-0.622643232345581
-0.80667370557785
-1.02930343151093
-1.092156291008
-1.04920840263367
-0.962505578994751
-0.919916331768036
-0.856929004192352
-0.803580343723297
-0.741041421890259
-0.688275516033173
-0.697465837001801
-0.813039660453796
-0.955780982971191
-0.964522957801819
-0.868809223175049
-0.768970966339111
-0.672091603279114
-0.544009983539581
-0.425791144371033
-0.363610833883286
-0.313131332397461
-0.306227385997772
-0.332812070846558
-0.440226674079895
-0.508907496929169
-0.400461733341217
-0.233556658029556
-0.0760660246014595
0.096577413380146
0.331580519676208
0.574025511741638
0.741513431072235
0.779081642627716
0.709100723266602
0.651806950569153
0.570618391036987
0.537264227867126
0.651358664035797
0.782130122184753
0.877664566040039
0.946704030036926
1.08101713657379
1.06214332580566
0.759400904178619
0.620963394641876
0.746624112129211
0.689823508262634
0.389232933521271
0.241784393787384
0.569945931434631
0.731247186660767
0.634457468986511
0.839917063713074
1.17659640312195
1.0923593044281
0.703407227993011
0.652793228626251
0.853904247283936
0.840230822563171
0.724074244499207
0.719053149223328
0.873540163040161
1.05281853675842
1.05313229560852
1.09321105480194
1.23321771621704
1.34386014938354
1.26594424247742
1.01345705986023
0.825481534004211
0.873181521892548
0.895731389522552
0.7280193567276
0.555689692497253
0.501309931278229
0.506824135780334
0.343729645013809
0.17225182056427
0.0859973430633545
-0.0647686645388603
-0.295557647943497
-0.556203961372375
-0.795869469642639
-0.957125902175903
-1.04396319389343
-0.998235762119293
-0.888265788555145
-0.860918998718262
-0.84966641664505
-0.842179715633392
-0.837741434574127
-0.874413073062897
-0.994604468345642
-1.15460562705994
-1.26148223876953
-1.17962121963501
-0.997428774833679
-0.882392942905426
-0.882303237915039
-0.87073689699173
-0.736289322376251
-0.58148854970932
-0.64218944311142
-0.884141325950623
-1.06261277198792
-1.06996500492096
-0.957036197185516
-0.876564919948578
-0.863877832889557
-0.873919904232025
-0.814922571182251
-0.654338598251343
-0.575526058673859
-0.652141928672791
-0.819764316082001
-0.890507280826569
-0.841283082962036
-0.790848433971405
-0.745793461799622
-0.635778665542603
-0.488688766956329
-0.387191832065582
-0.335815727710724
-0.335815727710724
-0.348009705543518
-0.390150666236877
-0.440271496772766
-0.378898143768311
-0.252071768045425
-0.0941328406333923
0.0665856078267097
0.242815509438515
0.484677702188492
0.714570105075836
0.811270177364349
0.77437436580658
0.731650650501251
0.696054995059967
0.604106962680817
0.61204206943512
0.71134227514267
0.842113733291626
0.960287749767303
1.05263924598694
1.11186075210571
0.945672929286957
0.79800021648407
0.816649854183197
0.751690030097961
0.542105972766876
0.371793746948242
0.500906467437744
0.708517909049988
0.699686288833618
0.799793481826782
1.11993026733398
1.22241353988647
0.915187954902649
0.687088787555695
0.750031292438507
0.820774257183075
0.74191689491272
0.748596668243408
0.800376236438751
0.907790899276733
1.008660197258
1.13916265964508
1.26805126667023
1.30682992935181
1.22680687904358
1.08177924156189
0.894969284534454
0.868743240833282
0.902859508991241
0.781502485275269
0.547844350337982
0.438053667545319
0.500234007835388
0.425590723752975
0.265455067157745
0.12213097512722
-0.0192205607891083
-0.186663627624512
-0.43959903717041
-0.68818587064743
-0.890014171600342
-0.943945646286011
-0.889296889305115
-0.847155928611755
-0.850159585475922
-0.847693860530853
-0.80878072977066
-0.847200751304626
-0.914088308811188
-1.01486802101135
-1.18948400020599
-1.34769189357758
-1.32155549526215
-1.11632013320923
-0.973623633384705
-0.947666585445404
-0.930451571941376
-0.824695706367493
-0.711811721324921
-0.739023983478546
-0.935158789157867
-1.16563391685486
-1.27260029315948
-1.20176756381989
-1.06458532810211
-1.02029252052307
-1.0120884180069
-0.979003310203552
-0.805777072906494
-0.65317302942276
-0.646538078784943
-0.819764316082001
-1.02773439884186
-1.04351484775543
-0.919961154460907
-0.778968274593353
-0.711856544017792
-0.639544427394867
-0.515138924121857
-0.416421502828598
-0.32953941822052
-0.338998705148697
-0.4156593978405
-0.521235942840576
-0.547148168087006
-0.445785701274872
-0.309679359197617
-0.166175946593285
-0.0054575027897954
0.231787130236626
0.524352967739105
0.729767739772797
0.773163974285126
0.76173210144043
0.708517909049988
0.638895690441132
0.57411515712738
0.621591031551361
0.743575632572174
0.846641659736633
0.939262092113495
1.04322469234467
1.0473940372467
0.806473255157471
0.626029253005981
0.665256202220917
0.616659641265869
0.418641924858093
0.309389263391495
0.605496764183044
0.778319478034973
0.687357783317566
0.869101881980896
1.24608409404755
1.16561281681061
0.741378903388977
0.621635854244232
0.810104548931122
0.786747694015503
0.693409979343414
0.778812646865845
0.943655550479889
1.03793466091156
1.06967496871948
1.17260646820068
1.2467565536499
1.20905387401581
1.14001441001892
0.975575029850006
0.770070612430573
0.790916979312897
0.901693880558014
0.791992902755737
0.579225897789001
0.539685130119324
0.534933030605316
0.362603425979614
0.17893160879612
0.0633577853441238
-0.100633308291435
-0.367421448230743
-0.644386172294617
-0.810663640499115
-0.892076373100281
-0.927537560462952
-0.877416729927063
-0.81676059961319
-0.800083577632904
-0.786768794059753
-0.837337970733643
-0.93991082906723
-1.03777647018433
-1.15415728092194
-1.28936696052551
-1.36714839935303
-1.28295624256134
-1.1236275434494
-0.997294306755066
-0.939866006374359
-0.861546576023102
-0.701500594615936
-0.660256266593933
-0.797573029994965
-1.03351759910583
-1.15958178043365
-1.11524415016174
-0.989538550376892
-0.926237463951111
-0.976627290248871
-0.928703129291534
-0.722795248031616
-0.527332961559296
-0.538585484027863
-0.683344125747681
-0.817343413829803
-0.865491688251495
-0.858453273773193
-0.865177869796753
-0.847514569759369
-0.743731260299683
-0.604397118091583
-0.472191035747528
-0.387147009372711
-0.389029890298843
-0.397233933210373
-0.428660333156586
-0.488957762718201
-0.432426124811172
-0.288653701543808
-0.161737695336342
-0.066382572054863
0.101867452263832
0.380715072154999
0.630512356758118
0.710266351699829
0.677046716213226
0.697086095809937
0.697086095809937
0.598323822021484
0.550803184509277
0.65189665555954
0.779081642627716
0.868832886219025
0.949259400367737
0.966922700405121
0.872374534606934
0.76047682762146
0.677539825439453
0.576715350151062
0.52498060464859
0.44011589884758
0.462620943784714
0.674446523189545
0.742365181446075
0.797731220722198
1.05178737640381
1.20237410068512
0.976068198680878
0.684085130691528
0.656603872776031
0.685250759124756
0.619708120822906
0.588730037212372
0.688702702522278
0.875243723392487
0.952442348003387
0.911242842674255
1.02354407310486
1.15772259235382
1.13499343395233
0.967639982700348
0.784371674060822
0.795489728450775
0.880713045597076
0.7889444231987
0.577298164367676
0.516014456748962
0.545557975769043
0.441640138626099
0.240573972463608
0.118230693042278
-0.00998541433364153
-0.214996695518494
-0.479498475790024
-0.69257926940918
-0.829627096652985
-0.893466114997864
-0.878268480300903
-0.854956448078156
-0.881989479064941
-0.907363712787628
-0.898666501045227
-0.935338139533997
-1.04804277420044
-1.18594229221344
-1.308913230896
-1.40045773983002
-1.35647869110107
-1.16245102882385
-1.0108779668808
-0.934038043022156
-0.904987633228302
-0.77735435962677
-0.659942448139191
-0.741400063037872
-1.01392650604248
-1.25493693351746
-1.31151342391968
-1.19526708126068
-1.02643430233002
-1.03535568714142
-1.11524415016174
-0.954973995685577
-0.669222414493561
-0.583147287368774
-0.705983698368073
-0.850069940090179
-0.910008728504181
-0.89100044965744
-0.870109260082245
-0.850742399692535
-0.756911516189575
-0.612959802150726
-0.506486594676971
-0.406200081110001
-0.3411505818367
-0.393378466367722
-0.426239460706711
-0.457755506038666
-0.442288905382156
-0.337519288063049
-0.2110515832901
-0.113006606698036
0.0606679394841194
0.339919030666351
0.635488569736481
0.782578408718109
0.78791332244873
0.774867534637451
0.814946293830872
0.759938895702362
0.602448225021362
0.641316533088684
0.819877684116364
0.937468886375427
0.983913600444794
1.04743885993958
0.986468970775604
0.860001266002655
0.780202388763428
0.687357783317566
0.569587290287018
0.497409671545029
0.468000650405884
0.6232048869133
0.82731956243515
0.835702955722809
0.994852304458618
1.23801457881927
1.16287815570831
0.861615121364594
0.771594882011414
0.833864867687225
0.795624196529388
0.726360619068146
0.786927044391632
0.937289535999298
1.01260530948639
0.95298033952713
0.979699492454529
1.16292297840118
1.22774839401245
1.15969514846802
1.02031624317169
0.914336204528809
0.967057228088379
0.995659232139587
0.870805442333221
0.688792407512665
0.56631463766098
0.474635601043701
0.34525391459465
0.174448534846306
0.0109505727887154
-0.168193340301514
-0.381543159484863
-0.585433661937714
-0.717998385429382
-0.757628798484802
-0.780896008014679
-0.773274719715118
-0.759063363075256
-0.776861190795898
-0.791745007038116
-0.842359006404877
-0.907991290092468
-0.989090263843536
-1.12013065814972
-1.23063862323761
-1.28784275054932
-1.14057350158691
-0.96142965555191
-0.859663724899292
-0.805059790611267
-0.689306616783142
-0.565304636955261
-0.634971678256989
-0.836710333824158
-1.05570888519287
-1.14048385620117
-1.13281786441803
-1.06395769119263
-1.03468322753906
-1.04167675971985
-0.932782769203186
-0.70333868265152
-0.544458329677582
-0.568801403045654
-0.66559112071991
-0.766056954860687
-0.84374874830246
-0.904001355171204
-0.95403254032135
-0.870692074298859
-0.735572040081024
-0.650483131408691
-0.578753888607025
-0.475508511066437
-0.410190045833588
-0.437312662601471
-0.470980614423752
-0.468559741973877
-0.408127814531326
-0.31026217341423
-0.211948201060295
-0.0299351233989
0.199195131659508
0.430028975009918
0.657500505447388
0.763121843338013
0.779843747615814
0.795041382312775
0.761104464530945
0.633112490177155
0.552596390247345
0.655034780502319
0.762135565280914
0.82014662027359
0.913574039936066
0.908687472343445
0.84144127368927
0.818846583366394
0.750031292438507
0.55322402715683
0.528477430343628
0.45172706246376
0.420883476734161
0.58716094493866
0.669156491756439
0.715018391609192
0.937020540237427
1.14992201328278
0.958046197891235
0.723939716815948
0.766170382499695
0.806966364383698
0.719860136508942
0.694575548171997
0.789303064346313
0.889858543872833
0.84861421585083
0.838213443756104
1.05021834373474
1.23187279701233
1.24245285987854
1.15736401081085
1.06254684925079
1.0066876411438
0.950200796127319
0.815439403057098
0.676329433917999
0.568376839160919
0.459258645772934
0.333239257335663
0.212196066975594
0.0830385088920593
-0.0913981571793556
-0.240057125687599
-0.425253182649612
-0.597089648246765
-0.704728424549103
-0.784123778343201
-0.829537391662598
-0.856884181499481
-0.839444994926453
-0.852087318897247
-0.916688501834869
-0.97384774684906
-0.98227596282959
-1.07691383361816
-1.2188481092453
-1.28421139717102
-1.19109785556793
-1.02446174621582
-0.890821099281311
-0.815236389636993
-0.749469578266144
-0.689754962921143
-0.722660779953003
-0.801114678382874
-0.972861468791962
-1.15873003005981
-1.16827893257141
-1.0487152338028
-0.933410406112671
-0.958694934844971
-0.896783590316772
-0.685720205307007
-0.52899169921875
-0.580322921276093
-0.709614992141724
-0.740951716899872
-0.788248240947723
-0.884903430938721
-0.924040734767914
-0.846842110157013
-0.692534446716309
-0.572881042957306
-0.477525919675827
-0.404855161905289
-0.450761914253235
-0.507876336574554
-0.458158999681473
-0.388312608003616
-0.383201897144318
-0.356751710176468
-0.214503556489944
0.0237721838057041
0.26554474234581
0.501085817813873
0.716632306575775
0.800241768360138
0.809387266635895
0.805038690567017
0.775495171546936
0.671084225177765
0.552417039871216
0.617601037025452
0.766573846340179
0.883492588996887
0.936079144477844
1.00574624538422
0.950111150741577
0.804680049419403
0.769398152828217
0.776346921920776
0.635085046291351
0.46889728307724
0.409944772720337
0.679333090782166
0.819339692592621
0.756711065769196
0.893489837646484
1.20708131790161
1.12441337108612
0.766125500202179
0.685609400272369
0.819205224514008
0.787151157855988
0.687537133693695
0.691482245922089
0.778050541877747
0.823912441730499
0.780112743377686
0.914874136447906
1.10957431793213
1.22716557979584
1.21748208999634
1.09912872314453
0.960556745529175
0.983599781990051
0.979789137840271
0.726270914077759
0.467014372348785
0.405372023582458
0.327949225902557
0.148581147193909
0.0143577139824629
0.0107264192774892
-0.0363459289073944
-0.243598759174347
-0.416062861680984
-0.515004456043243
-0.66137707233429
-0.807032346725464
-0.852445960044861
-0.865133047103882
-0.938386619091034
-0.985548615455627
-1.01217806339264
-1.02688264846802
-1.03988361358643
-1.10542619228363
-1.19750869274139
-1.17114818096161
-1.02347552776337
-0.879658222198486
-0.82205069065094
-0.814967393875122
-0.75498378276825
-0.759332358837128
-0.868360877037048
-1.04589092731476
-1.17186546325684
-1.19324970245361
-1.16487181186676
-1.06978571414948
-1.05844354629517
-1.02414798736572
-0.881944596767426
-0.736378967761993
-0.672450244426727
-0.697510659694672
-0.759063363075256
-0.874906182289124
-0.959053635597229
-1.00505006313324
-0.9942906498909
-0.868988513946533
-0.718670845031738
-0.569070398807526
-0.50177937746048
-0.516349375247955
-0.548493087291718
-0.530112445354462
-0.528364062309265
-0.590006411075592
-0.526839792728424
-0.377418726682663
-0.202444076538086
-0.00666793435811996
0.243218988180161
0.524890959262848
0.702151954174042
0.743306636810303
0.707217872142792
0.691482245922089
0.640016436576843
0.509065687656403
0.496647536754608
0.639926791191101
0.784864783287048
0.851259231567383
0.904025077819824
0.953876972198486
0.82162606716156
0.581960558891296
0.543047428131104
0.593706250190735
0.540761053562164
0.286525547504425
0.360451549291611
0.721384406089783
0.799883127212524
0.750479578971863
1.01578831672668
1.1591123342514
0.827633380889893
0.593751072883606
0.688119947910309
0.797193288803101
0.711476743221283
0.732009291648865
0.883178770542145
0.979385673999786
0.918146789073944
0.948452413082123
1.15951585769653
1.27356541156769
1.22402739524841
1.10827422142029
0.951590597629547
0.880578577518463
0.90344226360321
0.811135649681091
0.619483947753906
0.500592648983002
0.427518427371979
0.26765176653862
0.0891803354024887
0.000684317958075553
-0.0623926296830177
-0.229163229465485
-0.42493936419487
-0.539437234401703
-0.643803358078003
-0.757897794246674
-0.816626131534576
-0.807301342487335
-0.841552078723907
-0.899338960647583
-0.918974876403809
-0.948697686195374
-0.988597095012665
-1.01446449756622
-1.04611504077911
-1.11578214168549
-1.09628069400787
-0.948608040809631
-0.845317840576172
-0.831958293914795
-0.806494355201721
-0.750052392482758
-0.792955458164215
-0.926147818565369
-1.05436384677887
-1.10300529003143
-1.09735667705536
-1.00895035266876
-0.905884265899658
-0.854821979999542
-0.790758728981018
-0.652769505977631
-0.542665064334869
-0.564990818500519
-0.639230608940125
-0.743103623390198
-0.849262952804565
-0.95551198720932
-0.990749001502991
-0.890193462371826
-0.737365245819092
-0.620132684707642
-0.580950558185577
-0.522401571273804
-0.415749043226242
-0.345454335212708
-0.351416856050491
-0.456993401050568
-0.409965872764587
-0.228625267744064
-0.0560714825987816
0.0903907641768456
0.254202544689178
0.543002605438232
0.798896849155426
0.896134853363037
0.858342468738556
0.781726658344269
0.73980987071991
0.63060200214386
0.524173676967621
0.565597295761108
0.654272675514221
0.794996559619904
0.904518246650696
1.04049003124237
1.05788445472717
0.717753112316132
0.573756515979767
0.746982753276825
0.80772852897644
0.444778293371201
0.232594087719917
0.675567269325256
0.907342553138733
0.721787869930267
0.815573930740356
1.23935949802399
1.14068686962128
0.746489644050598
0.711252629756927
0.86842942237854
0.741782367229462
0.570708036422729
0.662611186504364
0.833551049232483
0.810911476612091
0.731112658977509
0.92724746465683
1.17852413654327
1.27432751655579
1.24904298782349
1.08428978919983
0.906356275081635
0.927202641963959
0.946883320808411
0.766260027885437
0.47459077835083
0.322435021400452
0.288004964590073
0.18332502245903
0.0593678466975689
0.033410806208849
0.00014634829130955
-0.13959127664566
-0.318017899990082
-0.47712242603302
-0.678950726985931
-0.840565800666809
-0.876430451869965
-0.927358210086823
-1.02208566665649
-1.07166862487793
-1.08731460571289
-1.09991204738617
-1.10336399078369
-1.09923958778381
-1.12685537338257
-1.10892295837402
-0.976358294487
-0.839041531085968
-0.79694539308548
-0.815057039260864
-0.815864026546478
-0.801249146461487
-0.872395634651184
-0.99559074640274
-1.03997325897217
-1.0246410369873
-0.98967307806015
-0.93905907869339
-0.91314685344696
-0.865581393241882
-0.746017634868622
-0.630264461040497
-0.658194065093994
-0.748348832130432
-0.795869469642639
-0.894228279590607
-0.951835870742798
-1.02746546268463
-1.04060089588165
-0.894900739192963
-0.723781526088715
-0.54396516084671
-0.527243256568909
-0.487388670444489
-0.455200165510178
-0.45708304643631
-0.449999779462814
-0.496578991413116
-0.387102156877518
-0.174066171050072
0.0169130694121122
0.155978232622147
0.347091972827911
0.612400710582733
0.809297621250153
0.837361693382263
0.729857385158539
0.636923134326935
0.628450095653534
0.530091345310211
0.535022735595703
0.689688980579376
0.856280267238617
1.01188802719116
1.12522029876709
1.12244081497192
0.89564174413681
0.722236156463623
0.7967449426651
0.789885878562927
0.627822458744049
0.380490928888321
0.542868077754974
0.867712140083313
0.850317776203156
0.862108290195465
1.22474467754364
1.30754721164703
0.984899878501892
0.763077020645142
0.92621636390686
0.941951930522919
0.751017570495605
0.680947005748749
0.833147585391998
0.977144122123718
0.954101085662842
1.0035046339035
1.23259007930756
1.37125182151794
1.34040820598602
1.15839505195618
0.979923665523529
0.947555780410767
0.954504549503326
0.795131087303162
0.58612984418869
0.492926597595215
0.390084713697433
0.255816429853439
0.1606854647398
0.125000149011612
0.0738930255174637
-0.0678619891405106
-0.265745162963867
-0.447309941053391
-0.626633167266846
-0.755880415439606
-0.797976493835449
-0.825592279434204
-0.903015077114105
-0.929868757724762
-0.924354553222656
-0.9590984582901
-0.975416839122772
-0.966764509677887
-0.991690456867218
-1.05561912059784
-1.0102504491806
-0.88763815164566
-0.771660804748535
-0.725440263748169
-0.741534531116486
-0.772378146648407
-0.768253684043884
-0.776771545410156
-0.857735991477966
-0.954570531845093
-0.998011589050293
-0.86970579624176
-0.753325045108795
-0.711901366710663
-0.664335906505585
-0.562031984329224
-0.506531417369843
-0.568308293819427
-0.634657859802246
-0.724364340305328
-0.896424949169159
-1.05647099018097
-1.0720272064209
-0.942600727081299
-0.821781694889069
-0.716115474700928
-0.585881948471069
-0.447085797786713
-0.29950276017189
-0.273725062608719
-0.301609814167023
-0.351909995079041
-0.306182563304901
-0.164741367101669
-0.05705776065588
0.0424666292965412
0.226272940635681
0.518973290920258
0.762225270271301
0.811359822750092
0.783788859844208
0.751958966255188
0.73160582780838
0.609396994113922
0.477101296186447
0.538922965526581
0.690092504024506
0.870581328868866
0.954908072948456
0.957553088665009
0.909404814243317
0.803604066371918
0.78199565410614
0.787509799003601
0.772984623908997
0.586622953414917
0.463831394910812
0.673415422439575
0.848031401634216
0.833371758460999
0.999918162822723
1.15512239933014
0.993238389492035
0.717170298099518
0.730709195137024
0.810328722000122
0.668573677539825
0.571156322956085
0.665973484516144
0.847314119338989
0.85175234079361
0.876812815666199
1.09096956253052
1.32489669322968
1.31736516952515
1.2326797246933
1.08765208721161
0.974543929100037
0.920657336711884
0.811359822750092
0.635981678962708
0.509962320327759
0.446526706218719
0.362782746553421
0.277469724416733
0.231607809662819
0.187404632568359
0.0675270482897758
-0.135377183556557
-0.318017899990082
-0.528677880764008
-0.789099991321564
-0.951297879219055
-0.95318078994751
-0.956229269504547
-1.02598595619202
-1.06727516651154
-1.07700347900391
-1.06835114955902
-1.04876005649567
-1.06799244880676
-1.08982503414154
-1.0608195066452
-0.976313471794128
-0.849980235099792
-0.742565631866455
-0.748707473278046
-0.756104528903961
-0.7499178647995
-0.738620519638062
-0.826085448265076
-0.942017912864685
-0.957394897937775
-0.908753454685211
-0.810484290122986
-0.785782516002655
-0.709749460220337
-0.586150944232941
-0.533833384513855
-0.588571786880493
-0.650886654853821
-0.708225250244141
-0.838682889938354
-0.954615354537964
-0.957350015640259
-0.915836691856384
-0.814519107341766
-0.666936039924622
-0.523432672023773
-0.462059289216995
-0.420590788125992
-0.366883486509323
-0.294302403926849
-0.326625406742096
-0.362714201211929
-0.228445932269096
-0.0666067227721214
0.0638060942292213
0.201122865080833
0.469300746917725
0.754469513893127
0.852155864238739
0.818487882614136
0.772715628147125
0.764735758304596
0.736761331558228
0.630064010620117
0.628763914108276
0.782040476799011
0.9268439412117
0.996690392494202
1.07568228244781
1.12997233867645
0.925678372383118
0.784192323684692
0.927112936973572
1.00951194763184
0.812390923500061
0.51422119140625
0.661086916923523
0.986603438854218
1.01126039028168
1.00099408626556
1.24366331100464
1.24155628681183
0.959122180938721
0.825884997844696
0.951590597629547
0.90281468629837
0.747341394424438
0.741513431072235
0.893624365329742
0.999514698982239
0.949080049991608
0.988665640354156
1.17430996894836
1.33130753040314
1.34054267406464
1.19744277000427
0.974319815635681
0.914246499538422
0.907925367355347
0.781188666820526
0.585502207279205
0.424469947814941
0.350050806999207
0.282266616821289
0.219144836068153
0.165930673480034
0.101912282407284
-0.0284108761698008
-0.209123864769936
-0.388805747032166
-0.646134555339813
-0.89100044965744
-0.95403254032135
-0.914940118789673
-0.962371110916138
-1.03764200210571
-1.0571882724762
-1.01262640953064
-1.01849925518036
-1.02656877040863
-1.02504456043243
-1.06409215927124
-1.02594113349915
-0.906601548194885
-0.774305880069733
-0.750007569789886
-0.789637982845306
-0.752069771289825
-0.742117345333099
-0.815370857715607
-0.934620797634125
-0.999490976333618
-1.00778472423553
-0.934306979179382
-0.844824731349945
-0.783989310264587
-0.72570925951004
-0.641830801963806
-0.597672462463379
-0.639096140861511
-0.722615957260132
-0.865133047103882
-0.976403117179871
-1.04136300086975
-1.04468047618866
-0.925430476665497
-0.761215269565582
-0.606235146522522
-0.526660442352295
-0.450492918491364
-0.390643805265427
-0.396651118993759
-0.425253182649612
-0.472549676895142
-0.404093056917191
-0.264669239521027
-0.124617792665958
0.0236376915127039
0.233759686350822
0.488757312297821
0.671801507472992
0.71703577041626
0.690137326717377
0.650462031364441
0.617825210094452
0.504268765449524
0.416534900665283
0.535919308662415
0.712732017040253
0.840679168701172
0.844220817089081
0.854890525341034
0.820729434490204
0.623967051506042
0.59980320930481
0.760297536849976
0.871836543083191
0.678839921951294
0.462038159370422
0.651448309421539
0.859283924102783
0.891562104225159
0.962439656257629
1.11132276058197
1.02367854118347
0.778902292251587
0.770967245101929
0.911242842674255
0.867756962776184
0.692109882831573
0.650148212909698
0.858476996421814
0.967908978462219
0.915322422981262
1.01175355911255
1.2403906583786
1.36389946937561
1.30768167972565
1.18179678916931
1.06214332580566
0.971809267997742
0.822074353694916
0.634278118610382
0.461679518222809
0.331042528152466
0.240260154008865
0.20515763759613
0.210985630750656
0.185342416167259
0.077344998717308
-0.0947604700922966
-0.312638193368912
-0.610269904136658
-0.897007763385773
-1.06915807723999
-1.09493577480316
-1.1030501127243
-1.13878035545349
-1.10098791122437
-1.05297410488129
-1.017826795578
-1.00585699081421
-1.01970970630646
-1.0532431602478
-1.07879674434662
-1.01410579681396
-0.899294137954712
-0.817388236522675
-0.815595030784607
-0.822543799877167
-0.781209766864777
-0.752831876277924
-0.805508077144623
-0.909246563911438
-0.967571437358856
-0.92619264125824
-0.824606001377106
-0.773140251636505
-0.763591289520264
-0.655997335910797
-0.574360430240631
-0.604441940784454
-0.712932467460632
-0.824337005615234
-0.965778231620789
-1.12430000305176
-1.13833200931549
-0.996128678321838
-0.80389416217804
-0.69616574048996
-0.593548059463501
-0.463404208421707
-0.370828568935394
-0.345678508281708
-0.375984132289886
-0.441168129444122
-0.43390554189682
-0.342495501041412
-0.190025940537453
-0.0523953586816788
0.0792278945446014
0.356147795915604
0.67256361246109
0.7967449426651
0.755948960781097
0.705559074878693
0.704976320266724
0.659338533878326
0.552820563316345
0.551610112190247
0.676957070827484
0.834044218063354
0.894207119941711
1.01341223716736
1.04645252227783
0.760297536849976
0.674580991268158
0.970643639564514
1.11508858203888
0.817636132240295
0.458810329437256
0.657634973526001
0.946569502353668
0.88846880197525
0.780247211456299
0.962663769721985
1.00166654586792
0.776884913444519
0.747475922107697
0.872419357299805
0.843682825565338
0.70439350605011
0.684085130691528
0.785447597503662
0.859732270240784
0.837899625301361
0.886944532394409
1.04824578762054
1.20510876178741
1.25123965740204
1.16610598564148
1.01717805862427
0.981358230113983
0.910346210002899
0.736447513103485
0.563804090023041
0.44939586520195
0.29486408829689
0.172027662396431
0.129034921526909
0.112268194556236
0.0317072384059429
-0.113230764865875
-0.215355336666107
-0.477794885635376
-0.859529197216034
-1.08570063114166
-1.08184516429901
-1.09435296058655
-1.28434598445892
-1.3169379234314
-1.21772742271423
-1.19105303287506
-1.20149862766266
-1.16608226299286
-1.10506749153137
-1.13568699359894
-1.10345363616943
-0.951028883457184
-0.816850304603577
-0.795017659664154
-0.85114586353302
-0.826444089412689
-0.798917949199677
-0.863967478275299
-0.979586124420166
-1.0564261674881
-1.05606746673584
-0.954615354537964
-0.892704010009766
-0.859080910682678
-0.78094083070755
-0.685944318771362
-0.693386256694794
-0.792507171630859
-0.873830258846283
-0.997428774833679
-1.11080586910248
-1.14366686344147
-1.06951677799225
-0.884320676326752
-0.727278351783752
-0.633716464042664
-0.572836220264435
-0.478691518306732
-0.445202887058258
-0.505589962005615
-0.593054890632629
-0.674377977848053
-0.62470543384552
-0.46371802687645
-0.286367356777191
-0.0964640453457832
0.159026727080345
0.452803015708923
0.636967957019806
0.675881087779999
0.641899347305298
0.586936771869659
0.532960474491119
0.410617232322693
0.359779089689255
0.500144362449646
0.674491345882416
0.797193288803101
0.882461488246918
1.08935558795929
1.08491742610931
0.77504688501358
0.777288377285004
1.00722563266754
0.925588726997375
0.465400457382202
0.369507372379303
0.782399117946625
0.90572863817215
0.769263684749603
0.906804621219635
1.14364576339722
0.99619722366333
0.8496453166008
0.996466219425201
1.10607755184174
0.885599613189697
0.726674437522888
0.693903088569641
0.754917800426483
0.829740464687347
0.893669188022614
0.99619722366333
1.08810043334961
1.22425150871277
1.3472672700882
1.2476532459259
1.08016538619995
1.0236337184906
0.962080955505371
0.726136445999146
0.461231201887131
0.343281358480453
0.238377258181572
0.127196863293648
0.114958047866821
0.160461321473122
0.0737585350871086
-0.133763268589973
-0.318466186523438
-0.560687065124512
-0.843524634838104
-1.06238865852356
-1.10287082195282
-1.11770987510681
-1.174644947052
-1.16675472259521
-1.16832387447357
-1.11703741550446
-1.03096222877502
-0.981065511703491
-1.04288721084595
-1.05750203132629
-0.895438671112061
-0.7678502202034
-0.77968555688858
-0.850294053554535
-0.832272112369537
-0.809184193611145
-0.854642629623413
-0.926909923553467
-0.977613568305969
-0.998146057128906
-0.931303322315216
-0.801428496837616
-0.783720314502716
-0.762829184532166
-0.68710994720459
-0.597403466701508
-0.654831767082214
-0.778161287307739
-0.904628992080688
-1.05983328819275
-1.12259638309479
-1.06113338470459
-0.870423078536987
-0.691099882125854
-0.595430910587311
-0.523208498954773
-0.411983251571655
-0.322411298751831
-0.347920030355453
-0.438881754875183
-0.585388839244843
-0.62259840965271
-0.497296303510666
-0.341195434331894
-0.197602346539497
0.00453976728022099
0.301768034696579
0.566135287284851
0.69363409280777
0.700403571128845
0.641675174236298
0.574742794036865
0.493957698345184
0.373855948448181
0.394522964954376
0.541030049324036
0.718156576156616
0.83933424949646
0.999335408210754
1.11181592941284
0.904832065105438
0.77715390920639
0.935316979885101
0.970509171485901
0.637057602405548
0.262137591838837
0.455582529306412
0.74214106798172
0.693230628967285
0.688209593296051
0.963919043540955
1.00919818878174
0.82646781206131
0.842068910598755
0.954549431800842
0.811987459659576
0.573353052139282
0.521976947784424
0.566493928432465
0.65992134809494
0.73496812582016
0.856325089931488
1.03233087062836
1.18704199790955
1.33852529525757
1.35838532447815
1.17354786396027
1.03618633747101
0.928144037723541
0.743889451026917
0.478446245193481
0.325438678264618
0.255592286586761
0.142977297306061
0.121951654553413
0.180680006742477
0.18305604159832
0.00265687354840338
-0.253102868795395
-0.508010864257813
-0.81026017665863
-1.06570613384247
-1.18764591217041
-1.23561489582062
-1.29259479045868
-1.27367615699768
-1.18863213062286
-1.12071347236633
-1.05109131336212
-0.980482757091522
-0.994469940662384
-1.10493302345276
-1.09350121021271
-0.938521087169647
-0.849173307418823
-0.896290481090546
-0.889162361621857
-0.805552899837494
-0.785692870616913
-0.843883275985718
-0.903015077114105
-0.940224647521973
-0.974475383758545
-0.91081565618515
-0.807166814804077
-0.738934338092804
-0.714322209358215
-0.6637082695961
-0.608924984931946
-0.635644137859344
-0.757718443870544
-0.941076457500458
-1.00989174842834
-0.963850498199463
-0.842045187950134
-0.744986474514008
-0.696210563182831
-0.646493196487427
-0.57095330953598
-0.47174271941185
-0.472191035747528
-0.52854335308075
-0.587899327278137
-0.655011057853699
-0.573867321014404
-0.399027168750763
-0.214010417461395
-0.0315490327775478
0.208609595894814
0.495123296976089
0.659293711185455
0.69049596786499
0.633695304393768
0.586443662643433
0.580122530460358
0.484363913536072
0.428235739469528
0.52242523431778
0.737030327320099
0.926978468894958
1.04712498188019
1.20483982563019
1.11212968826294
0.911198019981384
0.919626235961914
0.984944701194763
0.78199565410614
0.414965808391571
0.433032631874084
0.731426477432251
0.807414710521698
0.78410267829895
1.05322206020355
1.29006314277649
1.14848744869232
1.01475715637207
1.06595396995544
1.05308747291565
0.799121022224426
0.608410716056824
0.54730635881424
0.635174751281738
0.75267630815506
0.878292202949524
1.03667950630188
1.20878493785858
1.34614646434784
1.40823721885681
1.28540074825287
1.13862466812134
1.03824853897095
0.834089040756226
0.593706250190735
0.464817672967911
0.425187230110168
0.31624835729599
0.236225381493568
0.310510039329529
0.354668378829956
0.180500686168671
-0.0520815439522266
-0.275383800268173
-0.589244306087494
-0.927447915077209
-1.08749389648438
-1.0729238986969
-1.09879124164581
-1.14864313602448
-1.12174463272095
-1.05539500713348
-0.974878907203674
-0.910995006561279
-0.901221871376038
-0.986445248126984
-1.00581216812134
-0.87790983915329
-0.763905107975006
-0.779147565364838
-0.850204408168793
-0.795152187347412
-0.760497987270355
-0.806270241737366
-0.870602428913116
-0.925071835517883
-0.970216453075409
-0.960577845573425
-0.887369155883789
-0.802504420280457
-0.705042243003845
-0.657342255115509
-0.639678955078125
-0.64496898651123
-0.638065040111542
-0.782868564128876
-0.966943860054016
-0.981962144374847
-0.887234628200531
-0.77923721075058
-0.700290203094482
-0.611704528331757
-0.543606519699097
-0.524284422397614
-0.487030029296875
-0.482367634773254
-0.538226842880249
-0.692310333251953
-0.709839165210724
-0.502676010131836
-0.281570434570313
-0.122510738670826
0.0543467961251736
0.309434086084366
0.528611898422241
0.616211295127869
0.596978902816772
0.522963225841522
0.501130640506744
0.486112296581268
0.438546806573868
0.501265108585358
0.64346843957901
0.821088075637817
0.931013226509094
1.02726495265961
1.05124950408936
0.90344226360321
0.819429337978363
0.799121022224426
0.740123629570007
0.498889088630676
0.281190693378448
0.412813931703568
0.633740127086639
0.694172084331512
0.811763286590576
1.06259167194366
1.07182681560516
0.966295063495636
0.914605140686035
0.879547476768494
0.726360619068146
0.614328384399414
0.516731739044189
0.497813135385513
0.616435468196869
0.804052412509918
0.987769067287445
1.17256164550781
1.34188759326935
1.43177330493927
1.34063231945038
1.13880407810211
1.06187438964844
1.00032162666321
0.746803462505341
0.450023502111435
0.360675692558289
0.433122277259827
0.422990530729294
0.374618083238602
0.379370152950287
0.307461529970169
0.0862215012311935
-0.226069912314415
-0.567008197307587
-0.959501922130585
-1.25197815895081
-1.30245757102966
-1.21396160125732
-1.14662575721741
-1.09332191944122
-1.03679025173187
-0.95318078994751
-0.858632624149323
-0.801338851451874
-0.862488031387329
-1.01455414295197
-1.05526053905487
-0.975416839122772
-0.894631743431091
-0.907274007797241
-0.894048929214478
-0.814967393875122
-0.747048735618591
-0.72360223531723
-0.788113713264465
-0.890283167362213
-0.917405784130096
-0.846169650554657
-0.761170446872711
-0.756373524665833
-0.716653406620026
-0.623046696186066
-0.573643147945404
-0.60614550113678
-0.703786969184875
-0.80389416217804
-0.846707582473755
-0.874726831912994
-0.864595115184784
-0.807570338249207
-0.729250907897949
-0.646448373794556
-0.596148192882538
-0.547417163848877
-0.54499626159668
-0.576736509799957
-0.646044909954071
-0.652186751365662
-0.490392357110977
-0.289012372493744
-0.119910553097725
0.0356971770524979
0.272179692983627
0.511979699134827
0.624191164970398
0.624953329563141
0.589536964893341
0.595678806304932
0.607872784137726
0.52834290266037
0.497588992118835
0.620649576187134
0.825660824775696
0.991176187992096
1.05514979362488
1.10966396331787
1.06967496871948
0.927157759666443
0.889679253101349
0.859687447547913
0.75267630815506
0.476966828107834
0.497544169425964
0.729184925556183
0.809342443943024
0.863632559776306
1.09249377250671
1.23259007930756
1.06711959838867
0.87874048948288
0.86865359544754
0.799524486064911
0.620156407356262
0.478804886341095
0.42491826415062
0.494226664304733
0.680274546146393
0.972167909145355
1.18677294254303
1.27334129810333
1.28100740909576
1.31337523460388
1.23595237731934
1.08514153957367
0.961543023586273
0.758324980735779
0.457644730806351
0.298405706882477
0.393491864204407
0.477280646562576
0.408779144287109
0.410527557134628
0.393043547868729
0.1804558634758
-0.115965440869331
-0.400910049676895
-0.7503662109375
-1.10287082195282
-1.23323881626129
-1.18787002563477
-1.17912805080414
-1.15433657169342
-1.06619918346405
-1.00388443470001
-0.9846071600914
-0.942286908626556
-0.917898952960968
-1.0688441991806
-1.21548581123352
-1.12806570529938
-0.958112180233002
-0.924982190132141
-0.943049013614655
-0.849307775497437
-0.769284784793854
-0.775785267353058
-0.825906097888947
-0.887548446655273
-0.973533987998962
-1.00052213668823
-0.905794620513916
-0.795645296573639
-0.730237185955048
-0.647120833396912
-0.567994475364685
-0.566066741943359
-0.669356942176819
-0.811829209327698
-0.905346274375916
-0.947128593921661
-0.892524719238281
-0.777175009250641
-0.654159307479858
-0.617711842060089
-0.626229703426361
-0.496847987174988
-0.407589852809906
-0.440719813108444
-0.582116186618805
-0.673122704029083
-0.627933263778687
-0.51948755979538
-0.35652756690979
-0.205358073115349
0.01556814648211
0.28123551607132
0.442671239376068
0.567749202251434
0.625042974948883
0.605138123035431
0.584471106529236
0.514176368713379
0.436170786619186
0.495526760816574
0.681709110736847
0.868160426616669
0.951680243015289
1.08056879043579
1.16659915447235
0.936392903327942
0.803693771362305
0.870177805423737
0.892458736896515
0.579494893550873
0.361213684082031
0.571604669094086
0.7022864818573
0.659024715423584
0.801452219486237
1.17354786396027
1.14126968383789
0.8756023645401
0.81360137462616
0.83830314874649
0.707352340221405
0.575325608253479
0.529956817626953
0.503730833530426
0.54582691192627
0.760207831859589
1.05994665622711
1.25738155841827
1.28289020061493
1.28396618366241
1.31176126003265
1.19009041786194
1.01448822021484
0.922988533973694
0.816291213035583
0.551475644111633
0.376814782619476
0.446706026792526
0.52475643157959
0.496154397726059
0.362603425979614
0.166199654340744
-0.0333870947360992
-0.27556312084198
-0.625467598438263
-1.00697779655457
-1.20365047454834
-1.17397248744965
-1.11363017559052
-1.0894216299057
-1.0359833240509
-0.977210104465485
-0.959143280982971
-0.873919904232025
-0.774843811988831
-0.862353563308716
-1.06032645702362
-1.08641791343689
-0.935427784919739
-0.84778356552124
-0.858453273773193
-0.783675491809845
-0.709525346755981
-0.752831876277924
-0.804880440235138
-0.811739563941956
-0.8724405169487
-0.952418625354767
-0.936951994895935
-0.865177869796753
-0.808511734008789
-0.714411914348602
-0.586823403835297
-0.542216777801514
-0.606414496898651
-0.731851100921631
-0.767984688282013
-0.736827313899994
-0.789906978607178
-0.817612409591675
-0.745076179504395
-0.613677084445953
-0.558848977088928
-0.525763869285583
-0.475463688373566
-0.485685110092163
-0.555038392543793
-0.664291024208069
-0.667743027210236
-0.522356688976288
-0.376925587654114
-0.259244710206985
-0.0809525847434998
0.189959987998009
0.398423254489899
0.546320080757141
0.653241574764252
0.692065060138702
0.699372470378876
0.666511476039886
0.593347609043121
0.577746450901031
0.683188557624817
0.849510848522186
0.984899878501892
1.05098044872284
1.14100074768066
1.00583589076996
0.888020515441895
0.933837592601776
0.915008664131165
0.720532596111298
0.470556020736694
0.51359361410141
0.679108917713165
0.717125475406647
0.76383912563324
1.00198042392731
1.13064479827881
0.973916292190552
0.829112827777863
0.786523520946503
0.671353220939636
0.557393312454224
0.548113286495209
0.466386735439301
0.422183573246002
0.559500336647034
0.908642649650574
1.17592394351959
1.20932292938232
1.22111344337463
1.33825623989105
1.28871822357178
1.01825404167175
0.855473339557648
0.788496077060699
0.552013576030731
0.279352605342865
0.322435021400452
0.502520382404327
0.476070195436478
0.329652786254883
0.218606874346733
0.0879250690340996
-0.186932608485222
-0.587451040744781
-0.95636373758316
-1.17598986625671
-1.23077309131622
-1.22256910800934
-1.19405674934387
-1.09529447555542
-0.998101234436035
-0.976358294487
-0.938296973705292
-0.844241917133331
-0.850428581237793
-1.07099616527557
-1.19284629821777
-1.05893659591675
-0.91691267490387
-0.920543968677521
-0.906601548194885
-0.817433059215546
-0.799724936485291
-0.819898784160614
-0.841552078723907
-0.926506459712982
-1.05454325675964
-1.05660545825958
-0.937714159488678
-0.8367999792099
-0.77713018655777
-0.652500569820404
-0.557055771350861
-0.608924984931946
-0.712035834789276
-0.7501420378685
-0.760991096496582
-0.845048844814301
-0.912653744220734
-0.843703925609589
-0.710332274436951
-0.661511540412903
-0.618384301662445
-0.534819662570953
-0.558804154396057
-0.638334035873413
-0.674557328224182
-0.64263778924942
-0.567456483840942
-0.475374013185501
-0.304837644100189
-0.0566542856395245
0.209416553378105
0.411782830953598
0.562145352363586
0.69618946313858
0.731919646263123
0.702779591083527
0.651448309421539
0.5799880027771
0.506644785404205
0.588909327983856
0.794144809246063
0.945314288139343
1.00399780273438
1.17188918590546
1.19582879543304
0.928592383861542
0.779350638389587
0.936886072158813
0.939351737499237
0.626701712608337
0.443836838006973
0.662387013435364
0.850855767726898
0.813108205795288
1.01444339752197
1.25361573696136
1.17175471782684
0.945314288139343
0.896762490272522
0.866770684719086
0.684757590293884
0.598951458930969
0.549278914928436
0.477863430976868
0.557751953601837
0.786882162094116
1.09729075431824
1.24967062473297
1.33005225658417
1.51381373405457
1.5375292301178
1.2593092918396
1.00852572917938
0.967639982700348
0.826602280139923
0.495526760816574
0.312258422374725
0.411379337310791
0.500951290130615
0.417162507772446
0.29051548242569
0.179917886853218
-0.00110891426447779
-0.288519233465195
-0.6457759141922
-0.9590984582901
-1.12542068958282
-1.18119025230408
-1.19450497627258
-1.14245641231537
-1.04024219512939
-0.953673899173737
-0.877775371074677
-0.755028605461121
-0.676305711269379
-0.791745007038116
-0.96837842464447
-0.986893534660339
-0.874368190765381
-0.779416561126709
-0.7933589220047
-0.807211637496948
-0.804297685623169
-0.794210731983185
-0.762784361839294
-0.804432153701782
-0.885486245155334
-0.925834000110626
-0.897411227226257
-0.823350727558136
-0.730595827102661
-0.647882997989655
-0.63210254907608
-0.687737584114075
-0.74467271566391
-0.760497987270355
-0.760049641132355
-0.817522764205933
-0.933679342269897
-0.924489080905914
-0.756911516189575
-0.630757629871368
-0.623629510402679
-0.624346792697906
-0.564497649669647
-0.563242435455322
-0.617039382457733
-0.628785073757172
-0.563107907772064
-0.435743600130081
-0.352134138345718
-0.161334216594696
0.126434728503227
0.374752581119537
0.490909188985825
0.553717136383057
0.682291924953461
0.730574667453766
0.673101603984833
0.58128809928894
0.517090380191803
0.594602882862091
0.772939801216125
0.928144037723541
0.973647356033325
1.06142604351044
1.20098435878754
1.04237294197083
0.839917063713074
0.807369887828827
0.859597742557526
0.693947911262512
0.408151537179947
0.441012501716614
0.682919561862946
0.736268222332001
0.789661705493927
1.04358339309692
1.17480313777924
0.964501857757568
0.813870310783386
0.786747694015503
0.678750276565552
0.579360365867615
0.507003486156464
0.401068270206451
0.409630954265594
0.656514227390289
1.02255773544312
1.2476532459259
1.30485737323761
1.40357482433319
1.4851667881012
1.31754446029663
0.993283212184906
0.868877708911896
0.777109086513519
0.482032686471939
0.258730441331863
0.324407577514648
0.436708748340607
0.387260377407074
0.333015084266663
0.290112018585205
0.102226093411446
-0.20845140516758
-0.546386003494263
-0.8722163438797
-1.12990379333496
-1.24489486217499
-1.24561214447021
-1.19903290271759
-1.1071298122406
-1.02078568935394
-0.942152380943298
-0.804432153701782
-0.653486847877502
-0.694686353206635
-0.932513773441315
-1.04898416996002
-0.944393932819366
-0.835455060005188
-0.868091881275177
-0.870064437389374
-0.81846421957016
-0.797707557678223
-0.743103623390198
-0.703293859958649
-0.78685849905014
-0.918885231018066
-0.886472523212433
-0.756732165813446
-0.705535411834717
-0.732792496681213
-0.711497902870178
-0.675588428974152
-0.706163048744202
-0.719343304634094
-0.706118166446686
-0.736737608909607
-0.841731369495392
-0.888131260871887
-0.763098120689392
-0.649183094501495
-0.645865559577942
-0.668818950653076
-0.642682611942291
-0.598748385906219
-0.618608474731445
-0.613452911376953
-0.586778581142426
-0.47071161866188
-0.28609836101532
-0.0555783472955227
0.155574753880501
0.304816514253616
0.461007058620453
0.617242395877838
0.732367932796478
0.737568318843842
0.696548104286194
0.661983549594879
0.596127092838287
0.57514625787735
0.711118102073669
0.931282222270966
1.08424496650696
1.16637492179871
1.30992317199707
1.17569983005524
0.887079060077667
0.834582149982452
0.950873255729675
0.883089125156403
0.565149009227753
0.512427985668182
0.797327756881714
0.860449552536011
0.795175909996033
1.01332259178162
1.33112823963165
1.2210236787796
0.919402062892914
0.822567522525787
0.782533586025238
0.651358664035797
0.56631463766098
0.5450199842453
0.56147289276123
0.695606648921967
0.911422193050385
1.18896973133087
1.35439538955688
1.4494366645813
1.47718691825867
1.34359121322632
1.09693205356598
0.951276779174805
0.88232696056366
0.645934104919434
0.406044483184814
0.410886198282242
0.482839643955231
0.423259496688843
0.363500028848648
0.330997705459595
0.192380845546722
-0.114306703209877
-0.472594529390335
-0.76533967256546
-1.00513970851898
-1.20822322368622
-1.2973917722702
-1.2557886838913
-1.11999619007111
-1.0294828414917
-1.00993657112122
-0.941435098648071
-0.815057039260864
-0.767805397510529
-0.899876952171326
-1.02325129508972
-0.959188103675842
-0.841014087200165
-0.825233638286591
-0.865312397480011
-0.805014967918396
-0.767984688282013
-0.755745887756348
-0.748662650585175
-0.801966488361359
-0.889386534690857
-0.96035373210907
-0.920723259449005
-0.859798192977905
-0.80748063325882
-0.744627833366394
-0.730282008647919
-0.730461299419403
-0.756104528903961
-0.744627833366394
-0.809498012065887
-0.936279535293579
-0.984024345874786
-0.946411311626434
-0.827206194400787
-0.749066114425659
-0.709794342517853
-0.695807099342346
-0.687334060668945
-0.607176601886749
-0.584761202335358
-0.597493171691895
-0.574046611785889
-0.449641138315201
-0.22104886174202
0.0122058354318142
0.1866425126791
0.334449678659439
0.446481853723526
0.56124871969223
0.641720056533813
0.657455623149872
0.616390645503998
0.538340210914612
0.504492938518524
0.577387809753418
0.773029446601868
0.912363648414612
1.0062392950058
1.17148566246033
1.24801182746887
1.01892650127411
0.71344929933548
0.760387182235718
0.865694761276245
0.684129953384399
0.35758239030838
0.489653944969177
0.73393702507019
0.63418847322464
0.676912248134613
1.16449213027954
1.3283486366272
0.953114807605743
0.733802497386932
0.811404645442963
0.764108121395111
0.528298079967499
0.459975928068161
0.550041019916534
0.709818005561829
0.840275704860687
1.04528701305389
1.26320946216583
1.40877521038055
1.5078512430191
1.44638824462891
1.1527464389801
0.908911645412445
0.858970105648041
0.745234370231628
0.50875186920166
0.420211017131805
0.435812145471573
0.397526621818542
0.344402104616165
0.345164239406586
0.23757030069828
-0.0918016359210014
-0.425701498985291
-0.677247166633606
-0.922202706336975
-1.15899896621704
-1.24094974994659
-1.17069983482361
-1.06740963459015
-0.958739817142487
-0.902701258659363
-0.87687873840332
-0.786813676357269
-0.710690915584564
-0.796900570392609
-0.960488200187683
-1.00002896785736
-0.900370061397552
-0.811336100101471
-0.831644475460052
-0.831420302391052
-0.785110056400299
-0.700335025787354
-0.651200473308563
-0.717639684677124
-0.856794536113739
-0.971695899963379
-0.942017912864685
-0.851683795452118
-0.790400087833405
-0.773185074329376
-0.768522679805756
-0.780985653400421
-0.783854842185974
-0.759153068065643
-0.773364424705505
-0.88615870475769
-1.02616536617279
-1.02410316467285
-0.87898576259613
-0.767895042896271
-0.765250027179718
-0.765698313713074
-0.709928810596466
-0.613049447536469
-0.55450040102005
-0.58251965045929
-0.56144917011261
-0.40333092212677
-0.197288528084755
-0.00711624231189489
0.125941589474678
0.27764904499054
0.457196444272995
0.595678806304932
0.696234285831451
0.715287387371063
0.686281859874725
0.635219573974609
0.559769332408905
0.57770162820816
0.717708230018616
0.903083622455597
1.01421916484833
1.0867555141449
1.14678394794464
1.03094112873077
0.820774257183075
0.764735758304596
0.790558338165283
0.751331329345703
0.520990669727325
0.424873411655426
0.684040307998657
0.781054198741913
0.819474160671234
1.07922387123108
1.35757839679718
1.16637492179871
0.844175934791565
0.77482271194458
0.701300203800201
0.591330230236053
0.480149805545807
0.472618222236633
0.548023641109467
0.701748490333557
0.906939089298248
1.15422582626343
1.36291325092316
1.44078433513641
1.38765978813171
1.15359818935394
0.908015012741089
0.835658133029938
0.742589354515076
0.521707952022552
0.37022465467453
0.395285099744797
0.383225589990616
0.340143203735352
0.347719609737396
0.307237386703491
0.0608472600579262
-0.251533806324005
-0.494740933179855
-0.794659018516541
-1.13326609134674
-1.32487297058105
-1.28340446949005
-1.19701552391052
-1.14658093452454
-1.07000982761383
-1.00016343593597
-0.900728702545166
-0.769239962100983
-0.755925238132477
-0.917360961437225
-1.05028426647186
-1.00581216812134
-0.895931839942932
-0.888714075088501
-0.893645465373993
-0.799680113792419
-0.736513495445251
-0.676798820495605
-0.677919626235962
-0.777444005012512
-0.926461637020111
-0.994335472583771
-0.905839443206787
-0.868809223175049
-0.875175178050995
-0.864684760570526
-0.853656351566315
-0.877013206481934
-0.877730548381805
-0.856391072273254
-0.92807549238205
-1.05171883106232
-1.0744481086731
-0.980303406715393
-0.874995827674866
-0.861367285251617
-0.856973886489868
-0.774171352386475
-0.654517948627472
-0.591037511825562
-0.593816995620728
-0.517111480236053
-0.412431567907333
-0.297844022512436
-0.143850207328796
0.039373304694891
0.171265542507172
0.260344356298447
0.40774804353714
0.608410716056824
0.708921432495117
0.670591056346893
0.633202195167542
0.597741007804871
0.570483863353729
0.610428154468536
0.735775053501129
0.889006793498993
0.989876091480255
1.08621752262115
1.11275732517242
0.92702329158783
0.724298357963562
0.778005659580231
0.905549347400665
0.744113624095917
0.393671184778214
0.54268878698349
0.874974727630615
0.830143928527832
0.873360812664032
1.29127359390259
1.4064439535141
1.04963552951813
0.825840175151825
0.838661789894104
0.735371589660645
0.575191140174866
0.574966967105865
0.726450264453888
0.855249166488647
0.938724160194397
1.0938835144043
1.3360595703125
1.47207629680634
1.49435710906982
1.31122326850891
0.977009654045105
0.820012152194977
0.817008495330811
0.706859171390533
0.484139740467072
0.451413244009018
0.520407855510712
0.481584399938583
0.43908479809761
0.381611675024033
0.187135651707649
-0.169224441051483
-0.462686896324158
-0.671867430210114
-0.940672993659973
-1.18831837177277
-1.20916473865509
-1.05301892757416
-0.935741603374481
-0.876475274562836
-0.864415764808655
-0.828237295150757
-0.71746039390564
-0.656714618206024
-0.806539177894592
-1.0785276889801
-1.13725602626801
-0.947621762752533
-0.787172317504883
-0.822543799877167
-0.841462373733521
-0.739561975002289
-0.592516899108887
-0.564408004283905
-0.670208692550659
-0.828730463981628
-0.937758982181549
-0.899025142192841
-0.80030769109726
-0.793000280857086
-0.841686546802521
-0.812501728534698
-0.802325129508972
-0.824606001377106
-0.864953756332397
-0.956005096435547
-1.06198513507843
-1.15240883827209
-1.09888088703156
-0.963267683982849
-0.896783590316772
-0.894766211509705
-0.784661769866943
-0.558176517486572
-0.4632248878479
-0.491871774196625
-0.491423457860947
-0.433546870946884
-0.30824476480484
-0.178414762020111
-0.063020259141922
0.0684236660599709
0.236359879374504
0.414786487817764
0.559769332408905
0.661849081516266
0.661759376525879
0.642975270748138
0.627508640289307
0.538743674755096
0.499875366687775
0.635847210884094
0.822926163673401
0.914829313755035
1.01507103443146
1.10446357727051
1.013636469841
0.795624196529388
0.681529819965363
0.762314915657043
0.76531857252121
0.498037308454514
0.418328106403351
0.746803462505341
0.863811850547791
0.813825488090515
1.07182681560516
1.35004675388336
1.07819283008575
0.710221529006958
0.627105176448822
0.603075861930847
0.487771034240723
0.424380272626877
0.547664999961853
0.730933368206024
0.841082632541656
1.00978100299835
1.24007678031921
1.36914467811584
1.38577699661255
1.32929015159607
1.05869138240814
0.742678999900818
0.683367848396301
0.693947911262512
0.574653148651123
0.436798423528671
0.467686831951141
0.514086723327637
0.485260516405106
0.421511113643646
0.264244645833969
-0.0442361496388912
-0.403689563274384
-0.678771376609802
-0.934486329555511
-1.20844733715057
-1.33392882347107
-1.235032081604
-1.09247004985809
-0.978958487510681
-0.913595199584961
-0.889431357383728
-0.825681984424591
-0.730461299419403
-0.761394560337067
-1.01038491725922
-1.14160466194153
-1.0347728729248
-0.868002235889435
-0.797842025756836
-0.776995718479156
-0.675722897052765
-0.58359557390213
-0.569832563400269
-0.653307497501373
-0.813756942749023
-0.992945671081543
-1.04772889614105
-0.972682178020477
-0.92807549238205
-0.931930959224701
-0.881765305995941
-0.812905192375183
-0.797348856925964
-0.816715776920319
-0.876340746879578
-0.967616319656372
-1.06835114955902
-1.10582971572876
-1.02392375469208
-0.939686715602875
-0.915164232254028
-0.837293148040771
-0.664963483810425
-0.513525068759918
-0.455782949924469
-0.444933921098709
-0.434981465339661
-0.408441632986069
-0.299188941717148
-0.166175946593285
-0.0679068192839622
0.05528824031353
0.261420279741287
0.499292552471161
0.635354042053223
0.671801507472992
0.697579205036163
0.710221529006958
0.634547114372253
0.544661343097687
0.628046631813049
0.80539733171463
0.909584105014801
0.957642734050751
1.08182406425476
1.22214448451996
0.985975801944733
0.676060438156128
0.755545437335968
0.964994966983795
0.743889451026917
0.386363744735718
0.634771287441254
1.04788720607758
0.94791442155838
0.92702329158783
1.31624436378479
1.35493338108063
0.915950059890747
0.660593807697296
0.704348683357239
0.666556298732758
0.549816906452179
0.593482077121735
0.768053233623505
0.922360897064209
1.02744424343109
1.18004834651947
1.30198812484741
1.35829567909241
1.39106702804565
1.25307774543762
0.896493494510651
0.684264481067657
0.765587568283081
0.791723906993866
0.640599250793457
0.504134297370911
0.526191055774689
0.512427985668182
0.386722415685654
0.235104605555534
0.00861937087029219
-0.310934633016586
-0.571087777614594
-0.765922486782074
-1.00917446613312
-1.21485817432404
-1.18244552612305
-1.02692747116089
-0.927941024303436
-0.906556725502014
-0.894766211509705
-0.788562059402466
-0.669446587562561
-0.656938791275024
-0.857691168785095
-1.096684217453
-1.08735942840576
-0.914805591106415
-0.794703841209412
-0.802280247211456
-0.755790710449219
-0.637930512428284
-0.58251965045929
-0.609193980693817
-0.740817248821259
-0.914446949958801
-1.00908482074738
-0.963267683982849
-0.896918118000031
-0.941569566726685
-0.942062735557556
-0.870288610458374
-0.832541048526764
-0.843300461769104
-0.899652779102325
-0.989135086536407
-1.07252037525177
-1.13142812252045
-1.08718001842499
-0.989807546138763
-0.89458692073822
-0.80770480632782
-0.694327712059021
-0.518097758293152
-0.363028019666672
-0.333708673715591
-0.42260816693306
-0.461655795574188
-0.387595295906067
-0.264983057975769
-0.156671822071075
-0.0549058839678764
0.105319425463676
0.303112953901291
0.490774691104889
0.624460160732269
0.67023241519928
0.64557546377182
0.53932648897171
0.428908199071884
0.457510232925415
0.637685239315033
0.752721130847931
0.846327841281891
0.974857747554779
1.15754330158234
1.16341614723206
0.837406516075134
0.637685239315033
0.838258266448975
0.910122096538544
0.457510232925415
0.24604332447052
0.668573677539825
0.850766062736511
0.709907710552216
0.921015977859497
1.25173282623291
1.08854866027832
0.742678999900818
0.648668825626373
0.630646824836731
0.484722554683685
0.416579723358154
0.602851748466492
0.815349757671356
0.929668307304382
1.02843058109283
1.19408047199249
1.31050598621368
1.39335334300995
1.36986196041107
1.09469056129456
0.759580254554749
0.693499624729156
0.795400023460388
0.745234370231628
0.54291296005249
0.501309931278229
0.575415253639221
0.533857107162476
0.346464335918427
0.137463107705116
-0.10283001512289
-0.416062861680984
-0.71176689863205
-0.959636390209198
-1.1420978307724
-1.17675197124481
-1.09314250946045
-0.978375673294067
-0.883379220962524
-0.82205069065094
-0.745345175266266
-0.679533541202545
-0.664694547653198
-0.77399206161499
-0.982724249362946
-1.09300804138184
-1.00325679779053
-0.815236389636993
-0.733868479728699
-0.725126445293427
-0.64030659198761
-0.495547890663147
-0.434667646884918
-0.559252440929413
-0.76215672492981
-0.870871424674988
-0.865805506706238
-0.852311432361603
-0.892928183078766
-0.884813785552979
-0.811649918556213
-0.802280247211456
-0.823126614093781
-0.847604215145111
-0.941031634807587
-1.06207478046417
-1.10766768455505
-1.02508938312531
-0.932020604610443
-0.875220000743866
-0.743238091468811
-0.59897255897522
-0.462552428245544
-0.38687801361084
-0.355317115783691
-0.392392188310623
-0.444664925336838
-0.408082991838455
-0.353837698698044
-0.299592435359955
-0.205178752541542
0.0286587420850992
0.291008621454239
0.44603356719017
0.601551651954651
0.732054114341736
0.750120937824249
0.673280894756317
0.541343867778778
0.544078528881073
0.660817980766296
0.788361608982086
0.883358061313629
0.999694049358368
1.18085527420044
1.40092980861664
1.19551503658295
0.803738594055176
0.772177696228027
1.01036381721497
0.806069791316986
0.379459798336029
0.549458205699921
0.931954681873322
0.835389137268066
0.786164879798889
1.14696323871613
1.23232114315033
0.857490718364716
0.651851773262024
0.756083428859711
0.687043964862823
0.480284303426743
0.48925045132637
0.715287387371063
0.907297730445862
0.976292371749878
1.04954588413239
1.13369333744049
1.20515358448029
1.28454899787903
1.23245561122894
0.934823870658875
0.68668532371521
0.700851857662201
0.77567446231842
0.698431015014648
0.571335673332214
0.505613684654236
0.404116749763489
0.321807384490967
0.198433011770248
-0.0750797465443611
-0.406962215900421
-0.636137306690216
-0.806270241737366
-1.03450381755829
-1.19324970245361
-1.17141711711884
-1.08099341392517
-1.00339126586914
-0.927985846996307
-0.893914461135864
-0.902521967887878
-0.804476976394653
-0.69428288936615
-0.861322462558746
-1.1593576669693
-1.18038332462311
-0.927403032779694
-0.751666307449341
-0.788696527481079
-0.753549158573151
-0.60107958316803
-0.536881923675537
-0.58740621805191
-0.706880331039429
-0.869122982025146
-0.992273211479187
-0.980303406715393
-0.930541217327118
-0.966226518154144
-0.980617225170135
-0.899652779102325
-0.854642629623413
-0.849442303180695
-0.891269445419312
-0.939686715602875
-0.966943860054016
-1.0234307050705
-0.979092955589294
-0.873650908470154
-0.779057919979095
-0.762380838394165
-0.727681815624237
-0.567815124988556
-0.500703454017639
-0.496130704879761
-0.526436328887939
-0.517425298690796
-0.435878098011017
-0.327028870582581
-0.208047926425934
-0.0716726034879684
0.122399963438511
0.324945539236069
0.503865301609039
0.603210389614105
0.603300034999847
0.580929458141327
0.553851664066315
0.46889728307724
0.497140675783157
0.629032909870148
0.76787394285202
0.887930810451508
0.983465254306793
1.24303567409515
1.28562498092651
0.880713045597076
0.648668825626373
0.858252823352814
0.88152003288269
0.445316255092621
0.331266701221466
0.792082548141479
0.86968469619751
0.646472096443176
0.841620624065399
1.20197057723999
1.08285522460938
0.77818500995636
0.736044049263
0.761059641838074
0.619618475437164
0.579046547412872
0.695830821990967
0.796386301517487
0.862242758274078
0.938186168670654
1.05595672130585
1.15687084197998
1.2906459569931
1.363765001297
1.13190007209778
0.787240862846375
0.79463791847229
0.919671058654785
0.846193373203278
0.635667860507965
0.506958603858948
0.430566936731339
0.352964788675308
0.249091818928719
0.0699927434325218
-0.21463805437088
-0.443813145160675
-0.591351330280304
-0.812008559703827
-1.06992018222809
-1.13712155818939
-0.995680391788483
-0.907498180866241
-0.842583179473877
-0.838369071483612
-0.84397292137146
-0.790938079357147
-0.691368877887726
-0.734002947807312
-0.992093920707703
-1.08148658275604
-0.89794921875
-0.692130982875824
-0.668818950653076
-0.732120037078857
-0.647345006465912
-0.532622992992401
-0.519711673259735
-0.591396152973175
-0.733599483966827
-0.894497275352478
-0.967974960803986
-0.892838478088379
-0.850204408168793
-0.872395634651184
-0.821378171443939
-0.791745007038116
-0.801025032997131
-0.806539177894592
-0.85661518573761
-0.901983976364136
-1.00155317783356
-1.02325129508972
-0.867464244365692
-0.718177676200867
-0.665680825710297
-0.663797914981842
-0.495009928941727
-0.351730674505234
-0.378225654363632
-0.463583528995514
-0.529126167297363
-0.46246275305748
-0.383336365222931
-0.287398457527161
-0.165458649396896
-0.00312630063854158
0.25424736738205
0.481270581483841
0.651269018650055
0.698968946933746
0.683636844158173
0.653151869773865
0.542643964290619
0.519376754760742
0.660235166549683
0.814139306545258
0.921105623245239
1.0078980922699
1.20627439022064
1.42531776428223
1.21438872814178
0.817277491092682
0.790423810482025
0.938544809818268
0.692513346672058
0.311272144317627
0.494450837373734
0.833192408084869
0.73729932308197
0.691840887069702
1.02502346038818
1.13687634468079
0.794548273086548
0.578912079334259
0.623832523822784
0.590209424495697
0.452085733413696
0.466207414865494
0.620021939277649
0.821760535240173
0.930520117282867
0.987948358058929
1.07891011238098
1.23926985263824
1.38245952129364
1.28584909439087
0.923929989337921
0.715959846973419
0.811494290828705
0.848165929317474
0.655572772026062
0.45531353354454
0.420883476734161
0.348436892032623
0.243218988180161
0.138359725475311
-0.095746748149395
-0.432470947504044
-0.702800691127777
-0.901983976364136
-1.12129628658295
-1.2795490026474
-1.24606049060822
-1.11129903793335
-0.958605289459229
-0.873112976551056
-0.868360877037048
-0.845362663269043
-0.759332358837128
-0.748214304447174
-0.943407654762268
-1.14178395271301
-1.08915257453918
-0.865715861320496
-0.728264629840851
-0.72548508644104
-0.673750340938568
-0.561538815498352
-0.515587270259857
-0.536478400230408
-0.635644137859344
-0.79950076341629
-0.9411661028862
-0.977030754089355
-0.923368275165558
-0.911667466163635
-0.893242001533508
-0.837113797664642
-0.779147565364838
-0.751666307449341
-0.794972836971283
-0.842179715633392
-0.891269445419312
-0.922516524791718
-0.879613399505615
-0.805732250213623
-0.771840155124664
-0.751352488994598
-0.686437487602234
-0.53930276632309
-0.444351106882095
-0.468245923519135
-0.519756555557251
-0.503707110881805
-0.430901855230331
-0.309769034385681
-0.216207131743431
-0.105206049978733
0.0963532626628876
0.333777219057083
0.519690573215485
0.595051169395447
0.636474847793579
0.679153740406036
0.649699926376343
0.58568149805069
0.615314662456512
0.787061512470245
0.936975717544556
1.01076722145081
1.0935697555542
1.32274484634399
1.38120424747467
1.02071964740753
0.817725777626038
0.971854090690613
0.974543929100037
0.625356793403625
0.458765506744385
0.797641575336456
0.913798213005066
0.771415531635284
0.937692999839783
1.22761380672455
1.10935020446777
0.802528142929077
0.783654391765594
0.86358767747879
0.726226091384888
0.55658632516861
0.589133501052856
0.843727648258209
1.03802442550659
1.06514704227448
1.06904733181
1.16390931606293
1.3119854927063
1.40236437320709
1.24733936786652
0.93043041229248
0.824853897094727
0.890217185020447
0.848524570465088
0.674580991268158
0.515521287918091
0.422318071126938
0.356596112251282
0.282939076423645
0.123879380524158
-0.177069827914238
-0.433860689401627
-0.626050353050232
-0.847873210906982
-1.08713519573212
-1.13662838935852
-1.00123941898346
-0.88615870475769
-0.846035122871399
-0.848859488964081
-0.809722185134888
-0.7505903840065
-0.67424350976944
-0.761260092258453
-1.03141057491302
-1.0982084274292
-0.900325238704681
-0.674377977848053
-0.67424350976944
-0.713380813598633
-0.619684398174286
-0.558490335941315
-0.581757545471191
-0.663349628448486
-0.801562964916229
-0.976403117179871
-1.08072447776794
-1.03280031681061
-0.935203611850739
-0.911174297332764
-0.894183456897736
-0.859260261058807
-0.792776167392731
-0.751128315925598
-0.819584965705872
-0.918526530265808
-0.977972209453583
-0.925654649734497
-0.815370857715607
-0.735930681228638
-0.692534446716309
-0.629592001438141
-0.535088658332825
-0.445247709751129
-0.402299821376801
-0.441168129444122
-0.54037868976593
-0.556203961372375
-0.439240396022797
-0.307079166173935
-0.226787194609642
-0.0726588815450668
0.185028597712517
0.434377551078796
0.583933115005493
0.615314662456512
0.631095111370087
0.623025596141815
0.584202110767365
0.597158193588257
0.720801591873169
0.860584020614624
0.955759823322296
1.05582225322723
1.2122368812561
1.39259123802185
1.13902819156647
0.722146511077881
0.720218777656555
0.869101881980896
0.6413614153862
0.253036946058273
0.414293348789215
0.812704741954803
0.806069791316986
0.73980987071991
0.977906286716461
1.08245170116425
0.806876718997955
0.614104270935059
0.64831018447876
0.596306443214417
0.459796607494354
0.478087574243546
0.6057208776474
0.771729350090027
0.933747887611389
1.08298969268799
1.14799439907074
1.18027257919312
1.25724697113037
1.26164042949677
0.938993096351624
0.648534297943115
0.665345847606659
0.792351543903351
0.778991937637329
0.562997162342072
0.442222952842712
0.3974369764328
0.313379198312759
0.133293852210045
-0.161737695336342
-0.440809488296509
-0.661780536174774
-0.929151475429535
-1.2205069065094
-1.3311493396759
-1.19096338748932
-1.01899242401123
-0.883513689041138
-0.809453189373016
-0.765115559101105
-0.738172233104706
-0.718939781188965
-0.723691880702972
-0.929016947746277
-1.12766230106354
-1.10452961921692
-0.865402042865753
-0.686302959918976
-0.729654371738434
-0.672181248664856
-0.503841578960419
-0.418752729892731
-0.477077603340149
-0.603321135044098
-0.762515366077423
-0.935876071453094
-0.966719686985016
-0.891717731952667
-0.885037958621979
-0.906736075878143
-0.858229100704193
-0.7678502202034
-0.708942532539368
-0.75269740819931
-0.844645380973816
-0.887458801269531
-0.915881514549255
-0.920230150222778
-0.902028799057007
-0.855539262294769
-0.78407895565033
-0.674422800540924
-0.512897431850433
-0.448296219110489
-0.48945090174675
-0.54522043466568
-0.535043835639954
-0.440495669841766
-0.311920911073685
-0.222617939114571
-0.0979434549808502
0.124910488724709
0.355161517858505
0.52879124879837
0.61289381980896
0.675522446632385
0.720173954963684
0.691033899784088
0.643064975738525
0.671218693256378
0.830143928527832
0.936437785625458
1.02027142047882
1.14741158485413
1.35457468032837
1.3372700214386
0.965577781200409
0.802572965621948
0.961632668972015
0.965219140052795
0.617959678173065
0.501265108585358
0.842068910598755
1.03085148334503
0.916219055652618
0.973602473735809
1.128986120224
0.911332488059998
0.650775849819183
0.685923218727112
0.777916014194489
0.662566363811493
0.56586629152298
0.629929542541504
0.797417402267456
0.930923581123352
1.07330620288849
1.12019920349121
1.06398141384125
1.06711959838867
1.17870342731476
1.09343528747559
0.784416496753693
0.765991032123566
0.928906202316284
0.92240571975708
0.681619465351105
0.530943095684052
0.524173676967621
0.382194489240646
0.160550981760025
-0.0605097338557243
-0.287801921367645
-0.522580862045288
-0.780358016490936
-0.999087512493134
-1.16312348842621
-1.13927340507507
-1.02450656890869
-0.94452840089798
-0.905929088592529
-0.908753454685211
-0.950266778469086
-0.948921859264374
-0.876295924186707
-0.950266778469086
-1.19517743587494
-1.26148223876953
-1.02302718162537
-0.789413809776306
-0.760049641132355
-0.768836498260498
-0.660659730434418
-0.614528834819794
-0.644206821918488
-0.670612215995789
-0.783585846424103
-0.991376638412476
-1.14384615421295
-1.08390736579895
-0.924668371677399
-0.884410321712494
-0.86759877204895
-0.797752380371094
-0.718491494655609
-0.750097215175629
-0.858184278011322
-0.948473513126373
-1.02253401279449
-0.99536657333374
-0.876520097255707
-0.735661685466766
-0.694775998592377
-0.694507002830505
-0.568353116512299
-0.426284283399582
-0.412431567907333
-0.559745609760284
-0.690920531749725
-0.671463966369629
-0.544772088527679
-0.419425189495087
-0.333619028329849
-0.128159418702126
0.154050514101982
0.438457161188126
0.627463817596436
0.67973655462265
0.692647814750671
0.673191249370575
0.625939607620239
0.582633018493652
0.659562706947327
0.798896849155426
0.878426671028137
0.973916292190552
1.1115916967392
1.31099915504456
1.08397591114044
0.648355007171631
0.661580085754395
0.946704030036926
0.789840996265411
0.367803812026978
0.492119640111923
0.908911645412445
0.882416665554047
0.76787394285202
0.956477105617523
1.01269495487213
0.747027575969696
0.601372301578522
0.698789656162262
0.64010614156723
0.486246794462204
0.550668656826019
0.718873858451843
0.857939004898071
0.972974896430969
1.0734406709671
1.05174255371094
0.998931884765625
1.10258078575134
1.16677844524384
0.926037013530731
0.70775580406189
0.814273834228516
0.92599219083786
0.83597195148468
0.588505864143372
0.494495660066605
0.462038159370422
0.339963883161545
0.0766725391149521
-0.288833022117615
-0.525987982749939
-0.685899496078491
-0.898666501045227
-1.12833476066589
-1.21786189079285
-1.055215716362
-0.874637186527252
-0.810842931270599
-0.798648953437805
-0.789503514766693
-0.796093642711639
-0.771167695522308
-0.76345682144165
-0.975282371044159
-1.20777487754822
-1.16410970687866
-0.899383783340454
-0.711408257484436
-0.70459395647049
-0.68437522649765
-0.555262506008148
-0.453317254781723
-0.459772914648056
-0.570818841457367
-0.799231767654419
-1.00863647460938
-0.993438839912415
-0.880689382553101
-0.908977568149567
-0.972189009189606
-0.867688417434692
-0.706163048744202
-0.681147456169128
-0.780133843421936
-0.847469747066498
-0.844690203666687
-0.886875987052917
-0.937714159488678
-0.929285943508148
-0.861546576023102
-0.804925322532654
-0.679847359657288
-0.489002585411072
-0.393512964248657
-0.465600907802582
-0.560149073600769
-0.534550666809082
-0.457621037960052
-0.386115878820419
-0.290043473243713
-0.140532732009888
0.0895389765501022
0.305085510015488
0.507720768451691
0.663687109947205
0.749493300914764
0.79253089427948
0.754603981971741
0.690585613250732
0.6670942902565
0.774688184261322
0.908373653888702
0.999156057834625
1.1188542842865
1.29167711734772
1.20143270492554
0.855697453022003
0.835702955722809
1.02040588855743
0.963381052017212
0.648489475250244
0.523949503898621
0.70564877986908
0.812615096569061
0.800914227962494
0.974768102169037
1.09567677974701
0.870446801185608
0.688075065612793
0.713763117790222
0.7280193567276
0.533632934093475
0.45939314365387
0.538743674755096
0.720308423042297
0.867936313152313
0.974633634090424
1.03031349182129
1.0508908033371
1.11284697055817
1.18421769142151
1.10226690769196
0.91334992647171
0.880802750587463
0.925543904304504
0.831802666187286
0.618139028549194
0.516462743282318
0.4624864757061
0.321179747581482
0.116123646497726
-0.112647965550423
-0.354420512914658
-0.588347673416138
-0.852042496204376
-1.05301892757416
-1.11618554592133
-1.06131267547607
-1.00410854816437
-0.979451596736908
-0.928837656974792
-0.938879728317261
-0.995456218719482
-0.98335188627243
-0.928210020065308
-1.07198238372803
-1.32056927680969
-1.29026365280151
-0.99747359752655
-0.783809959888458
-0.78071665763855
-0.740906894207001
-0.60722142457962
-0.515049278736115
-0.488688766956329
-0.595117092132568
-0.856346249580383
-1.12143075466156
-1.13963210582733
-0.992587029933929
-0.929599761962891
-0.937400341033936
-0.875264823436737
-0.768029510974884
-0.70481812953949
-0.718177676200867
-0.796810925006866
-0.88485860824585
-0.975820302963257
-0.977748036384583
-0.873202621936798
