% Type: Timesignal
% Date: 11-DEC-24 12:08:24
% NoOfItems: = 4096
% Unit_Y: = mm/s
% Unit_X: = Sec
% Min_X: = 0
% Max_X: = 1.60000002384186
% MinDisplay_X: = 0
% MaxDisplay_X: = 1.60000002384186
-0.729595720767975
-0.876420736312866
-0.979856789112091
-0.989111363887787
-0.872417569160461
-0.667008936405182
-0.554662585258484
-0.524574458599091
-0.488890528678894
-0.371249735355377
-0.273323357105255
-0.332767903804779
-0.455961436033249
-0.543858408927917
-0.447998195886612
-0.270267188549042
-0.173804327845573
-0.0357173718512058
0.214414581656456
0.547708630561829
0.745110988616943
0.718681633472443
0.645635008811951
0.604183077812195
0.624715328216553
0.529500782489777
0.438762843608856
0.534536957740784
0.716529369354248
0.89895224571228
1.01357996463776
1.09291100502014
1.08077251911163
0.941351115703583
0.878419995307922
0.829736590385437
0.778599619865417
0.529974281787872
0.425419002771378
0.718078970909119
0.857672512531281
0.798529267311096
0.950648784637451
1.17792403697968
1.07052791118622
0.849451005458832
0.831630527973175
0.825733423233032
0.661303222179413
0.581111192703247
0.656697452068329
0.750792860984802
0.757550835609436
0.833438396453857
1.03066861629486
1.16875553131104
1.25247716903687
1.29207825660706
1.20818436145782
1.08675563335419
1.01741087436676
0.953317523002625
0.788499891757965
0.602848708629608
0.489770650863647
0.439537644386292
0.332184493541718
0.267187207937241
0.247860193252563
0.114163793623447
-0.151421159505844
-0.4086554646492
-0.641956984996796
-0.886234879493713
-1.03439426422119
-1.0736939907074
-1.09246134757996
-1.11196053028107
-1.08712387084961
-1.06090974807739
-1.04661893844604
-1.02238476276398
-1.02006042003632
-1.08148503303528
-1.15758776664734
-1.04902935028076
-0.847666919231415
-0.78959983587265
-0.857222855091095
-0.820505797863007
-0.741432964801788
-0.767733216285706
-0.88102650642395
-0.993028402328491
-1.08411073684692
-1.09504401683807
-1.00529611110687
-0.899664759635925
-0.848786115646362
-0.811681687831879
-0.704457700252533
-0.657754361629486
-0.669075071811676
-0.790503740310669
-0.963155508041382
-1.0086966753006
-0.957387506961823
-0.786844968795776
-0.627407908439636
-0.551434278488159
-0.510757148265839
-0.459275871515274
-0.37525287270546
-0.37744814157486
-0.452259600162506
-0.588840007781982
-0.621123433113098
-0.472533583641052
-0.314560055732727
-0.161880984902382
0.0220914725214243
0.349057972431183
0.689153075218201
0.806707739830017
0.756474733352661
0.659710586071014
0.611242413520813
0.576720654964447
0.48714491724968
0.485337048768997
0.619851291179657
0.809849977493286
0.977637708187103
1.11955559253693
1.27877748012543
1.09446060657501
0.818803250789642
0.844543933868408
0.95848286151886
0.772702515125275
0.398128777742386
0.597468137741089
1.01560294628143
1.01185810565948
0.90149188041687
1.16742122173309
1.30055797100067
0.967780470848083
0.732671082019806
0.832921862602234
0.856897711753845
0.719671666622162
0.657859623432159
0.696126282215118
0.783463656902313
0.866367518901825
1.00686490535736
1.13737607002258
1.19905889034271
1.30038583278656
1.30137586593628
1.09885120391846
0.96980357170105
1.00936150550842
0.960548996925354
0.743948757648468
0.594110667705536
0.560923278331757
0.427226901054382
0.314407080411911
0.322198152542114
0.230599328875542
-0.0184134598821402
-0.261830449104309
-0.483811259269714
-0.783100128173828
-1.02346098423004
-1.02100741863251
-0.935434818267822
-0.981234192848206
-1.0286693572998
-0.990187466144562
-0.960917174816132
-0.971377015113831
-0.948434233665466
-0.954202234745026
-1.04898631572723
-1.05518472194672
-0.878702044487
-0.733512759208679
-0.779010891914368
-0.840392410755157
-0.765150487422943
-0.717026710510254
-0.764806151390076
-0.85098135471344
-0.945550262928009
-1.01519632339478
-0.948262095451355
-0.821452796459198
-0.802814483642578
-0.816502690315247
-0.709149539470673
-0.562324523925781
-0.501760840415955
-0.590131342411041
-0.753872871398926
-0.831654369831085
-0.870351433753967
-0.845385551452637
-0.691845655441284
-0.59542578458786
-0.615269362926483
-0.602571189403534
-0.465086877346039
-0.376372039318085
-0.456607103347778
-0.603647291660309
-0.62353390455246
-0.446620762348175
-0.293597340583801
-0.179141849279404
-0.0355451963841915
0.212477564811707
0.516501307487488
0.715754568576813
0.758024334907532
0.702669024467468
0.68936824798584
0.685838639736176
0.584339559078217
0.49377378821373
0.561568975448608
0.744938790798187
0.911564290523529
0.971568405628204
1.08021283149719
1.07216358184814
0.804297268390656
0.718896865844727
0.859781682491302
0.870198488235474
0.505180597305298
0.397009611129761
0.79650616645813
1.01306343078613
0.917762696743011
0.976647675037384
1.16445112228394
1.08632516860962
0.875837326049805
0.848848342895508
0.902051448822021
0.745799660682678
0.603924810886383
0.613911151885986
0.736071646213531
0.831157028675079
0.912898659706116
1.07530581951141
1.2196341753006
1.32586824893951
1.41621875762939
1.35845291614532
1.17887103557587
1.08146119117737
1.02253317832947
0.87652599811554
0.635519504547119
0.504362761974335
0.491191118955612
0.409535586833954
0.327966123819351
0.266756772994995
0.120190031826496
-0.105148248374462
-0.373100638389587
-0.654095530509949
-0.904873192310333
-0.995568037033081
-0.98622739315033
-1.03043413162231
-1.08286237716675
-1.07188606262207
-1.03598690032959
-1.01562678813934
-0.980287253856659
-0.98084682226181
-1.11200356483459
-1.19714570045471
-1.07042253017426
-0.873149335384369
-0.829114735126495
-0.902462661266327
-0.867166101932526
-0.752495408058167
-0.745177865028381
-0.87586110830307
-0.969095647335052
-1.02010345458984
-1.01205408573151
-0.884340882301331
-0.769756257534027
-0.724516451358795
-0.687928557395935
-0.598309814929962
-0.520011723041534
-0.592757046222687
-0.791192471981049
-0.963456809520721
-0.982310354709625
-0.902677893638611
-0.733900189399719
-0.616861999034882
-0.555006980895996
-0.516697287559509
-0.437193989753723
-0.283524930477142
-0.298633545637131
-0.483251690864563
-0.634811580181122
-0.580919802188873
-0.427724182605743
-0.346369981765747
-0.214180126786232
0.072453610599041
0.468980103731155
0.768010675907135
0.847040474414825
0.841100335121155
0.804039001464844
0.743173956871033
0.665908992290497
0.565098643302917
0.575128018856049
0.703056454658508
0.90140575170517
1.02589070796967
1.17082166671753
1.30645513534546
0.980435609817505
0.714764535427094
0.929083406925201
1.16574239730835
0.775500416755676
0.326158255338669
0.633109033107758
1.0173248052597
0.908938586711884
0.832448363304138
1.10225164890289
1.13272726535797
0.874718129634857
0.872479856014252
1.014613032341
0.846136569976807
0.587826132774353
0.568671345710754
0.642406642436981
0.671720027923584
0.761597037315369
0.891548573970795
1.06041240692139
1.21997857093811
1.43692314624786
1.4967120885849
1.3210471868515
1.1932909488678
1.11142015457153
0.949873983860016
0.669481694698334
0.488866686820984
0.397913545370102
0.256383031606674
0.213467597961426
0.259267002344131
0.161340624094009
-0.0853477567434311
-0.305649816989899
-0.513339817523956
-0.832558274269104
-1.07274699211121
-1.10778522491455
-1.1252613067627
-1.21539664268494
-1.24681913852692
-1.17316997051239
-1.08944821357727
-0.999614238739014
-0.910425901412964
-0.949252128601074
-1.08716690540314
-1.04214227199554
-0.878615975379944
-0.845816016197205
-0.974174916744232
-0.977360188961029
-0.875043272972107
-0.897598624229431
-0.966383814811707
-1.02371919155121
-1.08634901046753
-1.06680679321289
-0.922822773456573
-0.797261774539948
-0.791407704353333
-0.788179337978363
-0.636016845703125
-0.533484697341919
-0.620649933815002
-0.830664336681366
-0.969655215740204
-0.947013795375824
-0.9200679063797
-0.897297322750092
-0.805440247058868
-0.736310660839081
-0.70540463924408
-0.588796973228455
-0.456607103347778
-0.4388727247715
-0.519409120082855
-0.630378007888794
-0.635026812553406
-0.556298315525055
-0.405341029167175
-0.224467784166336
-0.0187578164041042
0.253800362348557
0.519471406936646
0.717433333396912
0.763447940349579
0.770292043685913
0.763706207275391
0.716658532619476
0.587783098220825
0.510259866714478
0.621702194213867
0.804340302944183
0.967436134815216
1.0486181974411
1.16165316104889
0.937907576560974
0.622476994991302
0.752041161060333
1.03019511699677
0.877085626125336
0.445305615663528
0.520504474639893
0.858705580234528
0.827196955680847
0.738396048545837
1.00075268745422
1.17943060398102
0.982760012149811
0.845361769199371
0.970320105552673
0.959515929222107
0.735727250576019
0.626221895217896
0.587610900402069
0.620496988296509
0.687302112579346
0.900760114192963
1.12790632247925
1.27455914020538
1.40352058410645
1.50192046165466
1.38070702552795
1.2209255695343
1.14103484153748
0.969588339328766
0.689927875995636
0.448792219161987
0.347594439983368
0.307606041431427
0.260730534791946
0.280961453914642
0.251260727643967
0.067847840487957
-0.175267845392227
-0.411367267370224
-0.711861371994019
-1.01356065273285
-1.14127385616302
-1.16908073425293
-1.20609903335571
-1.20101976394653
-1.16081607341766
-1.11858940124512
-1.05298948287964
-0.963327705860138
-0.942278861999512
-1.05350601673126
-1.08462727069855
-0.954202234745026
-0.863076865673065
-0.930355548858643
-0.977790653705597
-0.886665344238281
-0.85791152715683
-0.92123007774353
-0.976972818374634
-1.02208352088928
-1.08195853233337
-0.996687233448029
-0.853736221790314
-0.776815593242645
-0.799758315086365
-0.721417248249054
-0.56615549325943
-0.554447412490845
-0.698431432247162
-0.932464718818665
-0.951275229454041
-0.925061047077179
-0.918346107006073
-0.854209721088409
-0.732565760612488
-0.620133399963379
-0.593488812446594
-0.494701534509659
-0.417350471019745
-0.490009665489197
-0.624610006809235
-0.738376796245575
-0.645658791065216
-0.461858540773392
-0.316798359155655
-0.12288261204958
0.174942716956139
0.508495032787323
0.739687383174896
0.81699538230896
0.78987729549408
0.727118372917175
0.71463543176651
0.648906409740448
0.538970589637756
0.569790482521057
0.712052762508392
0.903514981269836
1.0144407749176
1.15054774284363
1.12437665462494
0.715539336204529
0.612361550331116
0.958698093891144
1.03764176368713
0.564108610153198
0.307089507579803
0.692553579807281
0.937821507453918
0.792330861091614
0.841832101345062
1.04715466499329
0.90803462266922
0.646538913249969
0.731465876102448
0.884274065494537
0.749028027057648
0.57159835100174
0.5212362408638
0.52592808008194
0.547708630561829
0.654803514480591
0.89301210641861
1.1096123456955
1.2510998249054
1.39564347267151
1.44053888320923
1.33835113048553
1.22996497154236
1.11271154880524
0.907388985157013
0.615331649780273
0.379404366016388
0.255608230829239
0.234903782606125
0.227930560708046
0.182475507259369
0.0677187070250511
-0.101102061569691
-0.244655683636665
-0.531719863414764
-0.887741446495056
-1.11394059658051
-1.17101764678955
-1.19598352909088
-1.25310361385345
-1.21272790431976
-1.17187857627869
-1.13981032371521
-1.02285826206207
-0.899621725082397
-0.924372375011444
-1.06353545188904
-1.03082156181335
-0.902376592159271
-0.876119375228882
-0.939265787601471
-0.954847872257233
-0.916495203971863
-0.915591239929199
-0.925663709640503
-0.936510920524597
-0.997117638587952
-0.988637864589691
-0.860365092754364
-0.767044484615326
-0.791493773460388
-0.77604079246521
-0.650738060474396
-0.629431009292603
-0.756670713424683
-0.882360875606537
-0.951662600040436
-0.997806370258331
-1.02828192710876
-0.982697725296021
-0.891012787818909
-0.794636070728302
-0.726023018360138
-0.609113991260529
-0.523971855640411
-0.563572824001312
-0.638556480407715
-0.688789486885071
-0.689865589141846
-0.632358014583588
-0.472017049789429
-0.228427872061729
0.0145156299695373
0.284146755933762
0.514133870601654
0.670041263103485
0.697073221206665
0.635949969291687
0.604527413845062
0.555757939815521
0.475522875785828
0.437600642442703
0.541424095630646
0.744766592979431
0.889869809150696
1.02326488494873
1.13961434364319
0.857672512531281
0.609090149402618
0.801542401313782
1.00350749492645
0.70546692609787
0.297877967357635
0.453570157289505
0.802231132984161
0.770507276058197
0.775199115276337
1.01482820510864
1.04926383495331
0.807568609714508
0.740935683250427
0.873900294303894
0.798529267311096
0.636810839176178
0.581240355968475
0.517835676670074
0.508968532085419
0.57383668422699
0.796936631202698
1.05933630466461
1.23224627971649
1.41006338596344
1.43851578235626
1.31661367416382
1.17650353908539
1.05985283851624
0.916686594486237
0.657084822654724
0.442507714033127
0.324479520320892
0.280531018972397
0.271362543106079
0.257674366235733
0.190180480480194
0.0120620904490352
-0.158006966114044
-0.383603513240814
-0.735492825508118
-1.05225777626038
-1.15126025676727
-1.12560570240021
-1.15655469894409
-1.1762261390686
-1.14721405506134
-1.082475066185
-0.961304605007172
-0.824293732643127
-0.793129503726959
-0.904012262821198
-0.935994386672974
-0.836174070835114
-0.80414891242981
-0.894714653491974
-0.940772354602814
-0.89673775434494
-0.876205503940582
-0.882920444011688
-0.872503638267517
-0.952996969223022
-0.997591137886047
-0.875904202461243
-0.709838271141052
-0.677038311958313
-0.721374213695526
-0.627407908439636
-0.559010088443756
-0.621209502220154
-0.752538442611694
-0.869920969009399
-0.889936685562134
-0.923941910266876
-0.90142959356308
-0.812714755535126
-0.715347945690155
-0.659045696258545
-0.613676726818085
-0.527931928634644
-0.544547140598297
-0.636232078075409
-0.703941166400909
-0.740959465503693
-0.635026812553406
-0.435084819793701
-0.191366508603096
0.0294520929455757
0.214672848582268
0.467129200696945
0.681448042392731
0.769603312015533
0.730002343654633
0.657213985919952
0.649509012699127
0.573406219482422
0.503028333187103
0.55235743522644
0.727677941322327
0.939672410488129
1.02464234828949
1.19772458076477
1.07052791118622
0.62320876121521
0.563290774822235
0.872006356716156
0.821429014205933
0.35228630900383
0.27192211151123
0.718208134174347
0.818028450012207
0.621573090553284
0.759057402610779
1.02877461910248
0.922196328639984
0.646194577217102
0.656869649887085
0.704390823841095
0.603752613067627
0.593680202960968
0.631559431552887
0.599620342254639
0.549860835075378
0.636208236217499
0.916600525379181
1.20332038402557
1.36267125606537
1.42551636695862
1.33990073204041
1.19496965408325
1.10918188095093
1.03273475170135
0.841143369674683
0.571856617927551
0.431143939495087
0.364080518484116
0.298222333192825
0.278292715549469
0.244244456291199
0.120146982371807
-0.0553456954658031
-0.260108679533005
-0.567317724227905
-0.896436452865601
-1.06413805484772
-1.09650754928589
-1.16865026950836
-1.20523810386658
-1.11213278770447
-1.02922892570496
-0.977833688259125
-0.901946127414703
-0.802039682865143
-0.840392410755157
-0.966685175895691
-0.944603323936462
-0.845729947090149
-0.834366142749786
-0.941762328147888
-0.930484652519226
-0.850163519382477
-0.807463347911835
-0.805225014686584
-0.880596041679382
-0.926137149333954
-0.86083859205246
-0.735708057880402
-0.71465927362442
-0.777848660945892
-0.739194631576538
-0.661240935325623
-0.669247210025787
-0.79653000831604
-0.897641658782959
-0.90336662530899
-0.934229552745819
-0.975164949893951
-0.915634334087372
-0.771176755428314
-0.664856672286987
-0.640192151069641
-0.60343211889267
-0.564519822597504
-0.605541288852692
-0.685388922691345
-0.709536969661713
-0.649748027324677
-0.527759730815887
-0.360187292098999
-0.117329865694046
0.154754817485809
0.411386489868164
0.62290745973587
0.726946175098419
0.755312561988831
0.736415982246399
0.700990319252014
0.633367300033569
0.528295516967773
0.548182129859924
0.691821813583374
0.8807013630867
0.981554746627808
1.1107314825058
1.11159241199493
0.777824819087982
0.664746761322021
0.882250964641571
0.932268738746643
0.600739538669586
0.412806957960129
0.679554104804993
0.849063575267792
0.725870072841644
0.835160195827484
1.10698664188385
1.06751477718353
0.80089670419693
0.713387131690979
0.76878547668457
0.625920593738556
0.507375836372375
0.462609529495239
0.513143837451935
0.62798672914505
0.767881572246552
0.938854575157166
1.14202487468719
1.27770137786865
1.3536319732666
1.31885194778442
1.21274709701538
1.10814881324768
0.959042429924011
0.754494667053223
0.589849233627319
0.496829956769943
0.413495659828186
0.332098394632339
0.327578723430634
0.319357216358185
0.210927963256836
-0.0235788077116013
-0.265790551900864
-0.529567658901215
-0.840435445308685
-1.09676587581635
-1.19512259960175
-1.18289804458618
-1.16357100009918
-1.09642148017883
-1.03607296943665
-1.00684571266174
-0.912621200084686
-0.796486973762512
-0.805397152900696
-0.967029511928558
-1.01455068588257
-0.907498896121979
-0.853822290897369
-0.903151392936707
-0.943398058414459
-0.874139368534088
-0.775050759315491
-0.733943223953247
-0.777590394020081
-0.876635909080505
-0.8875692486763
-0.787146270275116
-0.716467142105103
-0.704931199550629
-0.695977926254272
-0.636619448661804
-0.615097165107727
-0.71642404794693
-0.803503215312958
-0.864884793758392
-0.915806472301483
-0.964619040489197
-0.959195375442505
-0.821237564086914
-0.704974234104156
-0.639675617218018
-0.614968061447144
-0.556814849376678
-0.505462646484375
-0.564175486564636
-0.629258811473846
-0.62762314081192
-0.484629094600677
-0.26746928691864
-0.0724774301052094
0.0977207645773888
0.288451224565506
0.504534900188446
0.66487592458725
0.733101546764374
0.735339879989624
0.69160658121109
0.644644975662231
0.573190987110138
0.536129653453827
0.642062306404114
0.826895654201508
0.972816705703735
1.06635248661041
1.19251620769501
0.965628266334534
0.661389291286469
0.7083939909935
0.937304973602295
0.791039526462555
0.381427466869354
0.428087770938873
0.760090470314026
0.777308285236359
0.689841747283936
0.896498680114746
1.13530993461609
0.977508544921875
0.790135562419891
0.815747082233429
0.752729892730713
0.578098058700562
0.489727586507797
0.457573294639587
0.453484058380127
0.639350473880768
0.896886110305786
1.09743070602417
1.22850143909454
1.34261250495911
1.45233309268951
1.4053715467453
1.16987466812134
0.995156824588776
0.883284032344818
0.701334655284882
0.469539701938629
0.376003861427307
0.392059475183487
0.37273246049881
0.31828111410141
0.244029238820076
0.112269826233387
-0.0696795359253883
-0.364749997854233
-0.721029818058014
-1.00998795032501
-1.15969693660736
-1.2277934551239
-1.26631832122803
-1.18354368209839
-1.06512808799744
-1.00232601165771
-0.90435665845871
-0.779139995574951
-0.722794651985168
-0.88102650642395
-0.991091430187225
-0.900826990604401
-0.812973022460938
-0.858471155166626
-0.930656850337982
-0.881069540977478
-0.804493248462677
-0.734588861465454
-0.719867646694183
-0.845945179462433
-0.940901458263397
-0.909349799156189
-0.815469622612
-0.793473839759827
-0.804278016090393
-0.71904981136322
-0.630894541740417
-0.676177382469177
-0.774275958538055
-0.807032883167267
-0.829286932945251
-0.93793135881424
-1.02957320213318
-0.953298270702362
-0.795152604579926
-0.718016743659973
-0.696666598320007
-0.669333338737488
-0.60489559173584
-0.560904085636139
-0.573645234107971
-0.592972278594971
-0.537530899047852
-0.375769406557083
-0.176257863640785
0.0391371175646782
0.230728462338448
0.419177561998367
0.60525918006897
0.726687908172607
0.782774984836578
0.755742967128754
0.737190783023834
0.710072696208954
0.648949444293976
0.698450684547424
0.835848927497864
0.9808229804039
1.01960611343384
1.13978660106659
1.1107314825058
0.823452055454254
0.717949867248535
0.879582166671753
0.914276123046875
0.626738429069519
0.445348650217056
0.725913107395172
0.862278282642365
0.790652096271515
0.941394150257111
1.22802793979645
1.17181169986725
0.844371736049652
0.775414347648621
0.790006458759308
0.645419776439667
0.486714482307434
0.411386489868164
0.501866161823273
0.660270154476166
0.831716656684875
0.993908524513245
1.11439025402069
1.26573491096497
1.39344811439514
1.34334433078766
1.10608267784119
0.923702836036682
0.858576416969299
0.711105763912201
0.492826789617538
0.410009056329727
0.421415865421295
0.390251606702805
0.332485795021057
0.304937303066254
0.205633491277695
-0.0465215593576431
-0.356915891170502
-0.618282496929169
-0.868328332901001
-1.10713958740234
-1.23661756515503
-1.2246081829071
-1.15461766719818
-1.08316373825073
-1.03801000118256
-0.973184883594513
-0.881155610084534
-0.8286412358284
-0.890453219413757
-1.02044785022736
-1.03482472896576
-0.969569146633148
-0.932077348232269
-0.946195960044861
-0.908187568187714
-0.803933680057526
-0.725162148475647
-0.669118106365204
-0.730413556098938
-0.885675311088562
-0.94425892829895
-0.883738279342651
-0.797649145126343
-0.819386661052704
-0.819989264011383
-0.716983675956726
-0.672432541847229
-0.723612487316132
-0.795496940612793
-0.849819183349609
-0.937371790409088
-1.04898631572723
-1.02135169506073
-0.89449942111969
-0.803718447685242
-0.788394570350647
-0.73105925321579
-0.577605366706848
-0.51170414686203
-0.521260023117065
-0.53727263212204
-0.488632261753082
-0.379772543907166
-0.249347537755966
-0.0754044577479362
0.087863564491272
0.286987692117691
0.488651484251022
0.645333707332611
0.733359813690186
0.716830670833588
0.678822338581085
0.657213985919952
0.590408802032471
0.5844686627388
0.698493719100952
0.879582166671753
0.966661334037781
1.05210483074188
1.15265691280365
0.960161626338959
0.722168207168579
0.793751358985901
0.962270796298981
0.798572301864624
0.450686186552048
0.549989998340607
0.84411346912384
0.781311452388763
0.737922549247742
1.09497714042664
1.33292746543884
1.00858676433563
0.744250059127808
0.81260484457016
0.806019008159637
0.615460753440857
0.485337048768997
0.459208995103836
0.596305906772614
0.826938688755035
1.04594945907593
1.1559282541275
1.24924886226654
1.40210008621216
1.47523283958435
1.27253603935242
1.00621926784515
0.926715970039368
0.826981723308563
0.589590966701508
0.453441023826599
0.498939126729965
0.480429977178574
0.382718801498413
0.36106738448143
0.296414464712143
0.00754241086542606
-0.320371061563492
-0.563529789447784
-0.833935737609863
-1.13752901554108
-1.28723800182343
-1.24905753135681
-1.17678570747375
-1.08720993995667
-1.01102101802826
-0.951361298561096
-0.836475372314453
-0.706222534179688
-0.68470025062561
-0.89919126033783
-1.0305632352829
-0.936726152896881
-0.883652210235596
-0.919895708560944
-0.956526637077332
-0.814608693122864
-0.688057720661163
-0.655516028404236
-0.669118106365204
-0.808969855308533
-0.945291996002197
-0.96913868188858
-0.865099966526031
-0.813704788684845
-0.839789807796478
-0.777159929275513
-0.686378955841064
-0.711430907249451
-0.800274908542633
-0.859073758125305
-0.913180768489838
-1.029616355896
-1.08875954151154
-0.950414299964905
-0.785338401794434
-0.780517399311066
-0.80599981546402
-0.703166365623474
-0.511359751224518
-0.444554626941681
-0.529051125049591
-0.546398043632507
-0.410807698965073
-0.237553328275681
-0.0799241364002228
0.0926845520734787
0.271749943494797
0.431746572256088
0.582058191299438
0.738697350025177
0.808257341384888
0.748210191726685
0.688636541366577
0.641072273254395
0.598974704742432
0.64378410577774
0.801111936569214
0.94500994682312
1.03790009021759
1.17151045799255
1.13556814193726
0.813422679901123
0.702410757541656
0.972687602043152
1.02412581443787
0.620324790477753
0.323661684989929
0.63306599855423
0.814283609390259
0.665263295173645
0.818157613277435
1.18519854545593
1.15179598331451
0.810581743717194
0.759272634983063
0.797883629798889
0.650068581104279
0.521494507789612
0.506299734115601
0.641502737998962
0.804340302944183
0.910875558853149
1.02765548229218
1.18928778171539
1.35483717918396
1.43296313285828
1.29440259933472
1.01672220230103
0.868433654308319
0.872393727302551
0.747564494609833
0.515812575817108
0.471778005361557
0.483873546123505
0.419005364179611
0.310145676136017
0.254144698381424
0.123246192932129
-0.18241323530674
-0.452001333236694
-0.678803145885468
-0.958592772483826
-1.18380188941956
-1.18952679634094
-1.07550179958344
-1.04007613658905
-1.02109348773956
-0.985581696033478
-0.956139266490936
-0.896996021270752
-0.828512132167816
-0.880423843860626
-1.05350601673126
-1.06284666061401
-0.908574998378754
-0.818827092647552
-0.845299482345581
-0.832084834575653
-0.733125388622284
-0.633132874965668
-0.638427317142487
-0.786070168018341
-0.963801145553589
-1.01020324230194
-0.940686225891113
-0.876851141452789
-0.88726794719696
-0.851584017276764
-0.742207765579224
-0.749568402767181
-0.8286412358284
-0.885201811790466
-0.918862640857697
-1.01455068588257
-1.12259256839752
-1.08578944206238
-0.946970760822296
-0.857696354389191
-0.836001873016357
-0.76502138376236
-0.629431009292603
-0.542308807373047
-0.525607526302338
-0.53464686870575
-0.477569788694382
-0.370776236057281
-0.249046221375465
-0.102780804038048
0.0518352650105953
0.251088529825211
0.442679882049561
0.5888592004776
0.64877724647522
0.656137883663177
0.669567763805389
0.630698502063751
0.527133345603943
0.521408379077911
0.683385074138641
0.870413720607758
0.929427802562714
0.991067588329315
1.08412992954254
0.908335983753204
0.640512704849243
0.682567238807678
0.874201595783234
0.748124122619629
0.434372276067734
0.562300741672516
0.844759166240692
0.745670557022095
0.730863213539124
1.15631568431854
1.37373375892639
1.00423920154572
0.724019169807434
0.787811160087585
0.727634906768799
0.4931281208992
0.395546078681946
0.481893479824066
0.664445459842682
0.866152286529541
1.08963966369629
1.22346520423889
1.33017265796661
1.47824597358704
1.49451684951782
1.19996285438538
0.904246747493744
0.850957572460175
0.785357654094696
0.566303849220276
0.44995442032814
0.496829956769943
0.494376391172409
0.426193833351135
0.434027940034866
0.363004416227341
0.0514478646218777
-0.303239315748215
-0.543858408927917
-0.830147802829742
-1.16821980476379
-1.31900489330292
-1.23653149604797
-1.10916268825531
-1.01244151592255
-0.916409134864807
-0.833720505237579
-0.745565235614777
-0.667826771736145
-0.697183132171631
-0.894585490226746
-1.04851281642914
-1.0008624792099
-0.900181293487549
-0.863421261310577
-0.846160411834717
-0.773458123207092
-0.665932774543762
-0.577519297599792
-0.635414183139801
-0.82618772983551
-0.967890381813049
-0.954890966415405
-0.873881101608276
-0.886062681674957
-0.882576107978821
-0.791709005832672
-0.71904981136322
-0.770789325237274
-0.824810266494751
-0.835054874420166
-0.920024871826172
-1.04472494125366
-1.08161413669586
-0.967373847961426
-0.872288405895233
-0.864626526832581
-0.8550705909729
-0.704414665699005
-0.545235872268677
-0.502621710300446
-0.480884224176407
-0.420492708683014
-0.389457583427429
-0.323986798524857
-0.19029039144516
-0.0540113113820553
0.0680630654096603
0.221861287951469
0.40269148349762
0.574826717376709
0.64438670873642
0.664531528949738
0.690573513507843
0.668319463729858
0.624457061290741
0.711191833019257
0.862579584121704
0.942168951034546
0.968598365783691
1.10289740562439
1.1174464225769
0.701377689838409
0.500833094120026
0.827584385871887
1.00540149211884
0.597425103187561
0.314665347337723
0.705639123916626
0.909282922744751
0.671935200691223
0.820998549461365
1.24670922756195
1.12175095081329
0.68691474199295
0.663756728172302
0.799304068088531
0.63121509552002
0.484476149082184
0.576849758625031
0.752170264720917
0.884446203708649
0.968555271625519
1.08180558681488
1.1988867521286
1.30654120445251
1.38815367221832
1.23904728889465
0.912296056747437
0.779460549354553
0.844285666942596
0.780235350131989
0.597338974475861
0.508150637149811
0.527262449264526
0.481807380914688
0.405919820070267
0.318883717060089
0.0842908620834351
-0.249562755227089
-0.47954985499382
-0.66929030418396
-0.980115056037903
-1.22572731971741
-1.20239722728729
-1.07046556472778
-1.0066305398941
-0.966943442821503
-0.949596464633942
-0.923468410968781
-0.820505797863007
-0.718145847320557
-0.822442829608917
-1.04339051246643
-1.07119739055634
-0.921531438827515
-0.844567716121674
-0.885072648525238
-0.863722562789917
-0.723827719688416
-0.597405850887299
-0.602829456329346
-0.74862140417099
-0.939437925815582
-1.00383257865906
-0.91498863697052
-0.846849083900452
-0.906422793865204
-0.90336662530899
-0.788437604904175
-0.754432439804077
-0.82803863286972
-0.887526214122772
-0.954977035522461
-1.05514168739319
-1.11901986598969
-1.0136467218399
-0.854812324047089
-0.833462238311768
-0.831697404384613
-0.728261351585388
-0.518763422966003
-0.428628146648407
-0.501373469829559
-0.521819591522217
-0.487039595842361
-0.412443369626999
-0.334877073764801
-0.212286159396172
-0.0234066285192966
0.192504897713661
0.413883060216904
0.572157919406891
0.670729994773865
0.701937258243561
0.709211826324463
0.661389291286469
0.560191512107849
0.575171053409576
0.767838478088379
0.879797399044037
0.927275538444519
0.992660224437714
1.15390515327454
1.01478517055511
0.648691177368164
0.678262770175934
0.955684959888458
0.910057723522186
0.511508166790009
0.516845643520355
0.889267206192017
0.861029982566833
0.798486232757568
1.20116806030273
1.4136791229248
1.01607644557953
0.693328380584717
0.785142421722412
0.75122332572937
0.524249315261841
0.483658313751221
0.662207126617432
0.87652599811554
0.979574680328369
1.12528049945831
1.28971076011658
1.39758038520813
1.43679404258728
1.34381783008575
1.06213414669037
0.818372845649719
0.793449997901917
0.768441140651703
0.645161509513855
0.609563648700714
0.613997220993042
0.592345833778381
0.555930137634277
0.524981081485748
0.310576111078262
-0.0963241159915924
-0.412400335073471
-0.60528302192688
-0.880208611488342
-1.20566856861115
-1.27501332759857
-1.09865975379944
-0.970989584922791
-0.892605483531952
-0.809529483318329
-0.77634209394455
-0.773027658462524
-0.718361079692841
-0.7328240275383
-0.96952611207962
-1.16128957271576
-1.07842886447906
-0.876205503940582
-0.777418196201324
-0.76463395357132
-0.694428324699402
-0.607176959514618
-0.569771230220795
-0.63924515247345
-0.815211355686188
-1.00069034099579
-1.03564250469208
-0.95342743396759
-0.941805422306061
-0.970430016517639
-0.891184985637665
-0.788480699062347
-0.777547359466553
-0.805138885974884
-0.85167008638382
-0.952609598636627
-1.08152806758881
-1.10670912265778
-0.988379597663879
-0.866864800453186
-0.844395577907562
-0.769971489906311
-0.566758155822754
-0.408526331186295
-0.421224474906921
-0.482175558805466
-0.469003945589066
-0.434353053569794
-0.380805611610413
-0.285892367362976
-0.179615348577499
-0.0354591049253941
0.186392560601234
0.419048428535461
0.574267089366913
0.622950494289398
0.659882724285126
0.670902132987976
0.572889685630798
0.518653512001038
0.629062831401825
0.796764433383942
0.885264098644257
0.934550106525421
1.06764388084412
1.14701807498932
0.800380170345306
0.519858777523041
0.718939900398254
0.95086395740509
0.615073382854462
0.313718378543854
0.711536228656769
0.992401957511902
0.764093637466431
0.862278282642365
1.30929601192474
1.23340845108032
0.738137781620026
0.622993528842926
0.73443591594696
0.650585114955902
0.542844593524933
0.67404443025589
0.865248322486877
0.939371109008789
1.0002361536026
1.1327702999115
1.21881639957428
1.24287831783295
1.31601095199585
1.17306005954742
0.815876245498657
0.677531003952026
0.81699538230896
0.86120218038559
0.68097460269928
0.576935887336731
0.555973172187805
0.489211052656174
0.394728243350983
0.247903242707253
-0.0472533144056797
-0.391480684280396
-0.543341875076294
-0.669935941696167
-0.968665182590485
-1.19344389438629
-1.11187446117401
-0.95149040222168
-0.900396525859833
-0.879735112190247
-0.836647510528564
-0.78706020116806
-0.741734266281128
-0.721029818058014
-0.890711486339569
-1.10748386383057
-1.11389756202698
-0.934143483638763
-0.821581959724426
-0.865702629089355
-0.836044907569885
-0.696580529212952
-0.595382750034332
-0.628484010696411
-0.759296476840973
-0.899363458156586
-0.975121915340424
-0.946023762226105
-0.907197594642639
-0.919637441635132
-0.898072123527527
-0.862043797969818
-0.854338824748993
-0.843663811683655
-0.863119959831238
-0.955364406108856
-1.07227349281311
-1.12539041042328
-1.03086459636688
-0.877453804016113
-0.816847026348114
-0.856404960155487
-0.729122221469879
-0.417953073978424
-0.285117566585541
-0.388768881559372
-0.482003390789032
-0.454368770122528
-0.395957320928574
-0.330830901861191
-0.187406405806541
-0.0335651449859142
0.127722829580307
0.284491121768951
0.495452523231506
0.671160399913788
0.69199401140213
0.655233919620514
0.560708045959473
0.498939126729965
0.567164778709412
0.687431275844574
0.752385497093201
0.817856311798096
0.94492381811142
1.1739639043808
1.03867483139038
0.607454478740692
0.652694284915924
1.02752637863159
0.940576314926147
0.40204581618309
0.434027940034866
0.929729104042053
0.861804783344269
0.668534696102142
1.02894687652588
1.29203522205353
0.881562232971191
0.553691804409027
0.67774623632431
0.695781886577606
0.527133345603943
0.599060773849487
0.806578636169434
0.879883527755737
0.881820499897003
1.04328060150146
1.20258855819702
1.20749568939209
1.24830186367035
1.27559220790863
0.983879148960114
0.664961993694305
0.729356646537781
0.919140160083771
0.796979665756226
0.611070215702057
0.620367825031281
0.592216670513153
0.469582736492157
0.311178743839264
0.0998299494385719
-0.276164293289185
-0.585826873779297
-0.71203351020813
-0.909521996974945
-1.19124865531921
-1.24815356731415
-1.01067674160004
-0.849259614944458
-0.849302649497986
-0.869533598423004
-0.857050657272339
-0.81262868642807
-0.752538442611694
-0.839875876903534
-1.08411073684692
-1.17265343666077
-0.973873615264893
-0.735492825508118
-0.692620456218719
-0.713583111763
-0.632185876369476
-0.562841057777405
-0.582813739776611
-0.689219892024994
-0.882662177085876
-1.07451176643372
-1.10188817977905
-0.986184358596802
-0.927041113376617
-0.938921391963959
-0.902548730373383
-0.866735696792603
-0.834882736206055
-0.843190312385559
-0.904787063598633
-1.01420640945435
-1.10576212406158
-1.05122470855713
-0.896264255046844
-0.795281708240509
-0.80092054605484
-0.749180972576141
-0.560215353965759
-0.387735813856125
-0.381795644760132
-0.504817008972168
-0.574420034885406
-0.542954504489899
-0.450150400400162
-0.327860802412033
-0.211210057139397
-0.0302076693624258
0.231804579496384
0.480860412120819
0.648518979549408
0.702109456062317
0.687861680984497
0.650240778923035
0.539659261703491
0.478966444730759
0.554552674293518
0.706413924694061
0.838905096054077
0.950046122074127
1.14327311515808
1.28045618534088
0.917762696743011
0.55928760766983
0.731853246688843
0.953532755374908
0.613652884960175
0.271792978048325
0.627728462219238
0.91565352678299
0.720145106315613
0.85388457775116
1.30240893363953
1.24412655830383
0.738740384578705
0.606464445590973
0.719284236431122
0.618904292583466
0.497733891010284
0.624715328216553
0.832104027271271
0.911262989044189
0.932957470417023
1.05503177642822
1.16436505317688
1.25140106678009
1.28420102596283
1.09489107131958
0.749071061611176
0.677531003952026
0.871403694152832
0.858619511127472
0.628632366657257
0.50505143404007
0.514650404453278
0.407598555088043
0.300417602062225
0.208818778395653
-0.0624910891056061
-0.392040252685547
-0.589055240154266
-0.71711277961731
-0.918819606304169
-1.10481512546539
-1.06035017967224
-0.925319314002991
-0.851153552532196
-0.835743606090546
-0.851497888565063
-0.847021281719208
-0.814264357089996
-0.777547359466553
-0.918647408485413
-1.11028182506561
-1.0966796875
-0.89127105474472
-0.732953190803528
-0.733727991580963
-0.704285502433777
-0.633907675743103
-0.58410507440567
-0.60498172044754
-0.733727991580963
-0.914472103118896
-1.02763628959656
-0.988853096961975
-0.923425376415253
-0.923597574234009
-0.92161750793457
-0.909220635890961
-0.887310981750488
-0.831740438938141
-0.825498998165131
-0.898459553718567
-0.998322904109955
-0.951146066188812
-0.820376694202423
-0.78766280412674
-0.798510074615479
-0.768981456756592
-0.60498172044754
-0.404178828001022
-0.360402494668961
-0.396129488945007
-0.414294302463531
-0.396043390035629
-0.355108022689819
-0.240824714303017
-0.133385479450226
-0.0505247041583061
0.12415012717247
0.362789183855057
0.549731731414795
0.605302214622498
0.614169418811798
0.632205069065094
0.581111192703247
0.503157496452332
0.556016206741333
0.715238034725189
0.847987473011017
0.941006779670715
1.09260976314545
1.3347784280777
1.19832718372345
0.729098379611969
0.61627858877182
0.819879353046417
0.749372363090515
0.312556177377701
0.328310489654541
0.785314619541168
0.791986525058746
0.748253226280212
1.13569736480713
1.39508390426636
1.00389492511749
0.629880666732788
0.687990844249725
0.670514762401581
0.451590120792389
0.457271993160248
0.695695817470551
0.879883527755737
0.86783105134964
0.945526480674744
1.14654457569122
1.26306617259979
1.34282779693604
1.27279424667358
0.961711227893829
0.669438660144806
0.710287928581238
0.868734955787659
0.76654714345932
0.600309073925018
0.523173213005066
0.487876683473587
0.45468932390213
0.341137766838074
0.0908766835927963
-0.319553226232529
-0.596674084663391
-0.73760199546814
-0.949209034442902
-1.21178090572357
-1.24040555953979
-0.989972233772278
-0.831912636756897
-0.759726881980896
-0.765150487422943
-0.774060726165771
-0.747157871723175
-0.751074969768524
-0.84951788187027
-1.12056946754456
-1.19774830341339
-1.00245523452759
-0.819300591945648
-0.772683322429657
-0.784563601016998
-0.673336446285248
-0.56400328874588
-0.53658390045166
-0.606617391109467
-0.803417146205902
-0.978264153003693
-1.02617275714874
-0.970257878303528
-0.938447952270508
-0.95149040222168
-0.897340357303619
-0.874957203865051
-0.867036998271942
-0.810605585575104
-0.833720505237579
-0.984893023967743
-1.13976728916168
-1.04773807525635
-0.801264882087708
-0.685862421989441
-0.662101864814758
-0.627106606960297
-0.447955131530762
-0.288991570472717
-0.298676609992981
-0.383173078298569
-0.452388733625412
-0.458845406770706
-0.37525287270546
-0.293640375137329
-0.230106607079506
-0.0689047276973724
0.172919616103172
0.425462067127228
0.592302799224854
0.655449151992798
0.716055870056152
0.708695292472839
0.642794072628021
0.613523721694946
0.674819231033325
0.821558117866516
0.905408918857574
1.00032222270966
1.20022118091583
1.36404871940613
1.02739715576172
0.665220260620117
0.760822236537933
1.01401031017303
0.700516819953918
0.307864308357239
0.60788494348526
0.965369999408722
0.840067267417908
0.834643661975861
1.23271977901459
1.26457273960114
0.854874610900879
0.679381906986237
0.722297370433807
0.629536330699921
0.534536957740784
0.660356223583221
0.864129185676575
0.959774196147919
1.01680827140808
1.13302862644196
1.20964789390564
1.25342416763306
1.29100215435028
1.12949895858765
0.735296845436096
0.584554731845856
0.7540642619133
0.859351217746735
0.754451632499695
0.598759472370148
0.589461863040924
0.56027764081955
0.469539701938629
0.274074345827103
-0.0682160183787346
-0.403533160686493
-0.632831513881683
-0.83458137512207
-1.10287809371948
-1.24122333526611
-1.10584819316864
-0.889377117156982
-0.728003084659576
-0.675746977329254
-0.678157448768616
-0.68685245513916
-0.690123856067657
-0.754303276538849
-0.980975925922394
-1.16322660446167
-1.09818625450134
-0.89673775434494
-0.780000865459442
-0.762309551239014
-0.677554845809937
-0.544977605342865
-0.488503128290176
-0.531203329563141
-0.701186299324036
-0.904614925384521
-1.00473654270172
-0.99793553352356
-0.934315621852875
-0.940772354602814
-0.940470993518829
-0.882059574127197
-0.779441297054291
-0.683408915996552
-0.719308078289032
-0.812284290790558
-0.874483704566956
-0.897383391857147
-0.861613392829895
-0.853391885757446
-0.791622936725616
-0.706739068031311
-0.562109291553497
-0.400003492832184
-0.321834564208984
-0.351535320281982
-0.427982479333878
-0.406503230333328
-0.298160076141357
-0.188224256038666
-0.136527732014656
-0.0375252440571785
0.165731176733971
0.383407533168793
0.575515389442444
0.641502737998962
0.675464868545532
0.690573513507843
0.644989311695099
0.617914319038391
0.667975127696991
0.760779201984406
0.861288249492645
0.987494885921478
1.11710202693939
1.31984198093414
1.15993142127991
0.738094687461853
0.643741011619568
0.874287724494934
0.784754991531372
0.403509348630905
0.460242062807083
0.878290832042694
0.936788439750671
0.81699538230896
1.07298135757446
1.26293706893921
0.995458126068115
0.695652782917023
0.682308971881866
0.670041263103485
0.524981081485748
0.490416318178177
0.654803514480591
0.879883527755737
0.974925875663757
1.04147279262543
1.10371518135071
1.17848360538483
1.24597752094269
1.2166211605072
0.966575264930725
0.717347204685211
0.737406015396118
0.86275178194046
0.860427379608154
0.683428108692169
0.624586224555969
0.55997633934021
0.440140247344971
0.281176686286926
0.013310382142663
-0.296954810619354
-0.581350266933441
-0.78667277097702
-0.991220533847809
-1.14583659172058
-1.11385452747345
-0.955450534820557
-0.803546249866486
-0.746426105499268
-0.770531058311462
-0.802943646907806
-0.780173063278198
-0.744403064250946
-0.904055297374725
-1.2041620016098
-1.26166951656342
-1.00387561321259
-0.774189889431
-0.759296476840973
-0.751591503620148
-0.605541288852692
-0.495218068361282
-0.496724635362625
-0.627709209918976
-0.86045116186142
-1.07037949562073
-1.1059342622757
-1.02587139606476
-0.991995334625244
-1.01691818237305
-0.960831105709076
-0.836733639240265
-0.715046644210815
-0.6546550989151
-0.721804618835449
-0.834538340568542
-0.922736644744873
-0.892777621746063
-0.788566768169403
-0.750171005725861
-0.78073263168335
-0.703596770763397
-0.501803874969482
-0.382914811372757
-0.387994080781937
-0.469477415084839
-0.477612853050232
-0.375726372003555
-0.287872403860092
-0.24637745320797
-0.201137617230415
-0.0264627933502197
0.21019621193409
0.450513988733292
0.632205069065094
0.702109456062317
0.765428006649017
0.769000709056854
0.716615498065948
0.706198692321777
0.793019592761993
0.925769031047821
0.996620357036591
1.08796095848083
1.2902272939682
1.39680564403534
1.00746762752533
0.643310606479645
0.795903563499451
0.989733219146729
0.686096906661987
0.382847934961319
0.683342039585114
0.988872349262238
0.862407386302948
0.880012631416321
1.18343377113342
1.13031673431396
0.734091579914093
0.59617680311203
0.650283813476563
0.592259764671326
0.508796334266663
0.602030873298645
0.788198590278625
0.916342258453369
1.01388120651245
1.09885120391846
1.13819396495819
1.15239858627319
1.2027176618576
1.14559757709503
0.845835268497467
0.700172483921051
0.869423687458038
1.00712323188782
0.884403169155121
0.663885891437531
0.587653994560242
0.52338844537735
0.401443183422089
0.145930677652359
-0.235788494348526
-0.518074750900269
-0.704414665699005
-0.891916751861572
-1.10266292095184
-1.15965390205383
-0.965221643447876
-0.766915321350098
-0.676306545734406
-0.675703942775726
-0.731188356876373
-0.788523733615875
-0.796960473060608
-0.844998180866241
-1.09000778198242
-1.28874456882477
-1.16580927371979
-0.868156135082245
-0.70325243473053
-0.717672348022461
-0.661025702953339
-0.536411702632904
-0.508691012859344
-0.542481005191803
-0.730026125907898
-0.974002718925476
-1.09056735038757
-1.06151235103607
-0.977360188961029
-1.0010347366333
-0.95842057466507
-0.830621302127838
-0.740830361843109
-0.663522303104401
-0.649188458919525
-0.662446200847626
-0.781077027320862
-0.920240044593811
-0.952867865562439
-0.913654267787933
-0.866606533527374
-0.820032358169556
-0.702391564846039
-0.532537698745728
-0.414423435926437
-0.416489571332932
-0.457037538290024
-0.422774076461792
-0.333800971508026
-0.251887172460556
-0.228427872061729
-0.157619565725327
0.0474447198212147
0.301235467195511
0.506471931934357
0.617742121219635
0.71239709854126
0.759272634983063
0.715754568576813
0.630354166030884
0.645333707332611
0.783549785614014
0.900286614894867
0.962529063224792
1.03759872913361
1.19135391712189
1.04121446609497
0.642707943916321
0.600050806999207
0.868261456489563
0.855089843273163
0.505740165710449
0.507031500339508
0.843639969825745
0.92706036567688
0.828273057937622
0.979316413402557
1.13681650161743
0.8850919008255
0.657816588878632
0.66457462310791
0.657084822654724
0.564495980739594
0.612792015075684
0.720790803432465
0.808128237724304
0.906011521816254
1.01276206970215
1.03876101970673
1.07405745983124
1.20616126060486
1.32535171508789
1.11972784996033
0.805244207382202
0.845749139785767
0.962658166885376
0.855175912380219
0.594239771366119
0.506385862827301
0.482151746749878
0.343074768781662
0.147738546133041
-0.0991220101714134
-0.344217747449875
-0.544590175151825
-0.717973649501801
-0.887310981750488
-1.02023255825043
-0.964102506637573
-0.857136726379395
-0.811380386352539
-0.78073263168335
-0.783100128173828
-0.806774616241455
-0.783573567867279
-0.760846078395844
-0.927127182483673
-1.17424607276917
-1.16869330406189
-0.906939327716827
-0.70256370306015
-0.685948550701141
-0.67622047662735
-0.589442610740662
-0.541749238967896
-0.576701402664185
-0.677899181842804
-0.918518304824829
-1.15547859668732
-1.15969693660736
-1.01196801662445
-0.923037946224213
-0.967718243598938
-0.873149335384369
-0.73291015625
-0.665028870105743
-0.702520668506622
-0.795970439910889
-0.816029191017151
-0.869447469711304
-0.904270529747009
-0.869361400604248
-0.809228122234344
-0.718490183353424
-0.603302955627441
-0.452560901641846
-0.375425040721893
-0.407364130020142
-0.481874257326126
-0.508174479007721
-0.464398175477982
-0.38627228140831
-0.308490753173828
-0.197048395872116
0.0119760008528829
0.271577745676041
0.52709025144577
0.696771919727325
0.754752933979034
0.806707739830017
0.818157613277435
0.758971333503723
0.73581337928772
0.843553900718689
0.960118591785431
1.03630745410919
1.08503389358521
1.2281140089035
1.31015694141388
0.840454697608948
0.491922855377197
0.745842754840851
0.978498578071594
0.6081862449646
0.264991939067841
0.648734211921692
1.0000638961792
0.871489822864532
0.82547515630722
0.996103823184967
0.890989005565643
0.584339559078217
0.664144158363342
0.856510281562805
0.749458491802216
0.609219312667847
0.687990844249725
0.802403271198273
0.830253124237061
0.950907051563263
1.08240818977356
1.07857716083527
1.07306754589081
1.24317955970764
1.30008447170258
0.995285987854004
0.829693555831909
1.02119874954224
1.10298347473145
0.816220581531525
0.481678247451782
0.374884694814682
0.285395056009293
0.103015251457691
-0.0879734680056572
-0.283783197402954
-0.444985061883926
-0.585999071598053
-0.734804093837738
-0.905992329120636
-0.976671516895294
-0.864109992980957
-0.796357810497284
-0.827737331390381
-0.87370890378952
-0.907240629196167
-0.884642243385315
-0.81292998790741
-0.862172961235046
-1.07184302806854
-1.19185125827789
-1.04532754421234
-0.787705838680267
-0.710440874099731
-0.745995700359344
-0.69701099395752
-0.610017895698547
-0.612944960594177
-0.686508119106293
-0.851024389266968
-1.03099370002747
-1.08053803443909
-0.96104633808136
-0.851325750350952
-0.888516247272491
-0.87332147359848
-0.807377219200134
-0.747975766658783
-0.720943748950958
-0.728218257427216
-0.780086994171143
-0.913568139076233
-1.00559747219086
-0.991866230964661
-0.920412242412567
-0.854511022567749
-0.838799774646759
-0.735708057880402
-0.576141834259033
-0.510584950447083
-0.545623242855072
-0.589657843112946
-0.54097443819046
-0.413777768611908
-0.291961640119553
-0.212931841611862
-0.0784175768494606
0.156476601958275
0.409836888313293
0.621616125106812
0.720661640167236
0.759272634983063
0.786304593086243
0.756991267204285
0.654459118843079
0.658160984516144
0.80890303850174
0.916686594486237
0.963519096374512
1.05077040195465
1.18283116817474
0.895939111709595
0.596262872219086
0.777394413948059
1.06742870807648
0.891462504863739
0.530103385448456
0.581627726554871
0.865678787231445
0.839163362979889
0.795688331127167
0.978799879550934
0.944278180599213
0.671720027923584
0.667286396026611
0.814714014530182
0.761295735836029
0.662809789180756
0.762113571166992
0.844457805156708
0.86899322271347
0.960505962371826
1.07039868831635
1.10401654243469
1.09248054027557
1.24223256111145
1.34872484207153
1.07078611850739
0.802833735942841
0.91350132226944
1.06519031524658
0.922540664672852
0.604699611663818
0.449222654104233
0.353706777095795
0.258621335029602
0.110677182674408
-0.146858438849449
-0.36733266711235
-0.490655332803726
-0.598826348781586
-0.809615552425385
-1.00805103778839
-0.980028986930847
-0.87624853849411
-0.834366142749786
-0.849302649497986
-0.884383976459503
-0.885115683078766
-0.835011839866638
-0.810304284095764
-0.993588030338287
-1.18470585346222
-1.12130117416382
-0.922349274158478
-0.820075392723083
-0.847236514091492
-0.799672245979309
-0.68754118680954
-0.618971168994904
-0.619745969772339
-0.74892270565033
-0.947616398334503
-1.04575800895691
-0.989326596260071
-0.849474787712097
-0.82356196641922
-0.83565753698349
-0.794248640537262
-0.734847128391266
-0.671485543251038
-0.676134347915649
-0.720857679843903
-0.823389828205109
-0.939222753047943
-0.960271537303925
-0.90328049659729
-0.846547782421112
-0.793430805206299
-0.6959348320961
-0.557503521442413
-0.494701534509659
-0.519064784049988
-0.532365500926971
-0.528190195560455
-0.471371382474899
-0.344174712896347
-0.186846822500229
-0.010794572532177
0.146188944578171
0.352157175540924
0.595100700855255
0.771540343761444
0.831716656684875
0.818243682384491
0.783592820167542
0.720102071762085
0.677401900291443
0.773993849754333
0.901620984077454
0.971396267414093
1.02416884899139
1.19841325283051
1.1827449798584
0.693070113658905
0.528769016265869
0.867529690265656
1.00466966629028
0.561181545257568
0.371398091316223
0.653942584991455
0.866238355636597
0.731250643730164
0.795860528945923
0.961797297000885
0.76069313287735
0.645462810993195
0.775113046169281
0.872953295707703
0.660786688327789
0.64623761177063
0.781871020793915
0.794526159763336
0.799605369567871
0.884446203708649
1.02330803871155
1.03234732151031
1.06915044784546
1.27804565429688
1.26513230800629
0.977766811847687
0.893959045410156
1.02726805210114
0.958009362220764
0.622821390628815
0.347637504339218
0.2271988093853
0.14558632671833
0.0337135046720505
-0.109237484633923
-0.310556888580322
-0.430220782756805
-0.480927288532257
-0.620908200740814
-0.872675836086273
-0.980072021484375
-0.904700994491577
-0.884814381599426
-0.918087840080261
-0.959324538707733
-0.968363881111145
-0.923468410968781
-0.824293732643127
-0.833720505237579
-1.04296016693115
-1.14876365661621
-0.972840547561646
-0.75232321023941
-0.78990113735199
-0.899148225784302
-0.807205080986023
-0.673422574996948
-0.67299211025238
-0.763041317462921
-0.908101499080658
-1.02996063232422
-1.08462727069855
-0.944818496704102
-0.837852776050568
-0.883135676383972
-0.919551372528076
-0.873493671417236
-0.756928980350494
-0.70518946647644
-0.70764297246933
-0.761491715908051
-0.906422793865204
-1.01145148277283
-0.982008993625641
-0.893896818161011
-0.880294740200043
-0.8700070977211
-0.719221949577332
-0.587462544441223
-0.615183234214783
-0.69701099395752
-0.636447250843048
-0.552079916000366
-0.495218068361282
-0.375855505466461
-0.179529249668121
0.00349622219800949
0.158844038844109
0.387970238924026
0.629579365253448
0.738611221313477
0.727376639842987
0.714592397212982
0.690186142921448
0.62983763217926
0.677789270877838
0.831157028675079
0.950950086116791
1.04267799854279
1.14051830768585
1.26379799842834
0.925467669963837
0.649078547954559
0.871059358119965
1.10707271099091
0.833653628826141
0.465407401323318
0.577366292476654
0.824183821678162
0.756130397319794
0.778599619865417
1.00720930099487
0.984826147556305
0.693113148212433
0.690143048763275
0.880873501300812
0.808171272277832
0.682179808616638
0.759229600429535
0.83778589963913
0.824872553348541
0.847126603126526
1.01086807250977
1.10504961013794
1.10883748531342
1.20822739601135
1.32126247882843
1.08959662914276
0.812820076942444
0.912296056747437
1.07788848876953
0.842520833015442
0.437342345714569
0.280789285898209
0.273859113454819
0.190137445926666
-0.0154433846473694
-0.214309260249138
-0.337244540452957
-0.433276951313019
-0.565725088119507
-0.766312718391418
-0.913912534713745
-0.916581273078918
-0.862947762012482
-0.834667503833771
-0.87469893693924
-0.955321371555328
-0.978522419929504
-0.899148225784302
-0.864798665046692
-1.04756593704224
-1.21884024143219
-1.11325192451477
-0.861268997192383
-0.776772558689117
-0.855931520462036
-0.797649145126343
-0.621123433113098
-0.543428003787994
-0.623964369297028
-0.8198601603508
-1.00013077259064
-1.05247294902802
-0.973443150520325
-0.872589766979218
-0.8787881731987
-0.86776876449585
-0.797821342945099
-0.720685482025146
-0.648069322109222
-0.60683262348175
-0.605196952819824
-0.754475474357605
-0.966469943523407
-1.03336119651794
-0.976800620555878
-0.904184460639954
-0.826402902603149
-0.76248174905777
-0.665157973766327
-0.588926076889038
-0.533226430416107
-0.480066388845444
-0.457855403423309
-0.415155172348022
-0.315894424915314
-0.181939750909805
-0.0417866557836533
0.0953963622450829
0.274504780769348
0.510302901268005
0.679683268070221
0.764954507350922
0.752256393432617
0.734780311584473
0.697804987430573
0.653124749660492
0.740849554538727
0.867787957191467
0.937520146369934
0.976475477218628
1.12614142894745
0.952499687671661
0.619636058807373
0.726730942726135
1.00609016418457
0.84471607208252
0.549559533596039
0.568628251552582
0.765944540500641
0.742140889167786
0.756173431873322
0.977680742740631
1.02825808525085
0.747865855693817
0.634012937545776
0.792029559612274
0.788327693939209
0.601643443107605
0.629407167434692
0.750577628612518
0.825991690158844
0.874115526676178
0.96033376455307
1.03282082080841
1.08925223350525
1.19298958778381
1.30438899993896
1.16225588321686
0.867701888084412
0.839765965938568
0.979962110519409
0.911392092704773
0.607411444187164
0.354309409856796
0.270889043807983
0.201415121555328
0.0732284113764763
-0.101360328495502
-0.274184256792068
-0.401122659444809
-0.512737214565277
-0.686938524246216
-0.894284188747406
-0.96767520904541
-0.902075290679932
-0.852014422416687
-0.85791152715683
-0.922177076339722
-0.95118910074234
-0.881887376308441
-0.810218155384064
-0.895833790302277
-1.08191549777985
-1.09560358524323
-0.899363458156586
-0.75809121131897
-0.813747823238373
-0.859504222869873
-0.748449206352234
-0.601581156253815
-0.620090365409851
-0.792656004428864
-1.03460943698883
-1.15358459949493
-1.11131489276886
-0.955665767192841
-0.888430118560791
-0.948175966739655
-0.928504645824432
-0.819343626499176
-0.706997334957123
-0.657366931438446
-0.693007826805115
-0.780173063278198
-0.957215368747711
-1.07967710494995
-1.06224405765533
-1.00047516822815
-0.886579215526581
-0.823691129684448
-0.756670713424683
-0.662833571434021
-0.601624250411987
-0.545321941375732
-0.540113568305969
-0.489751398563385
-0.386444449424744
-0.238069862127304
-0.116727240383625
-0.00403657602146268
0.18686605989933
0.44113028049469
0.701291620731354
0.807310342788696
0.789532959461212
0.808042109012604
0.79689359664917
0.726515710353851
0.746660590171814
0.846480906009674
0.942341148853302
0.966058731079102
1.08296775817871
1.11486375331879
0.807267308235168
0.694189250469208
0.940404176712036
1.04818773269653
0.734608113765717
0.445434749126434
0.553132236003876
0.718595504760742
0.7259561419487
0.879840433597565
1.05800187587738
0.903687119483948
0.670773029327393
0.745928823947906
0.912554323673248
0.756517767906189
0.606937944889069
0.651704251766205
0.782774984836578
0.930977404117584
1.00113999843597
1.05386960506439
1.06118714809418
1.10375821590424
1.18644690513611
1.19746625423431
1.05300867557526
0.875406861305237
0.845232605934143
0.859049916267395
0.702582955360413
0.431531339883804
0.253025561571121
0.211616680026054
0.143778443336487
-0.0669677257537842
-0.284945398569107
-0.39324551820755
-0.450968265533447
-0.626848340034485
-0.8743976354599
-0.978005886077881
-0.923726677894592
-0.869103133678436
-0.856835424900055
-0.901644825935364
-0.976972818374634
-0.993028402328491
-0.911760270595551
-0.937974452972412
-1.15461766719818
-1.28129780292511
-1.15268075466156
-0.918647408485413
-0.827349901199341
-0.857868492603302
-0.818654894828796
-0.660638332366943
-0.583975970745087
-0.677253544330597
-0.899019122123718
-1.0890177488327
-1.12151646614075
-1.03237116336823
-0.934100449085236
-0.933454751968384
-0.927901983261108
-0.870179235935211
-0.79683130979538
-0.696537494659424
-0.665114939212799
-0.807463347911835
-1.02135169506073
-1.11906290054321
-1.05948925018311
-1.01153755187988
-0.953255236148834
-0.846074283123016
-0.764935314655304
-0.668257236480713
-0.578681468963623
-0.508260548114777
-0.497413337230682
-0.531848967075348
-0.492032766342163
-0.375511139631271
-0.244870901107788
-0.155424296855927
0.00297968741506338
0.239552602171898
0.466569632291794
0.633840799331665
0.68682861328125
0.672064363956451
0.652349948883057
0.633539497852325
0.626178860664368
0.727333545684814
0.865162253379822
0.916686594486237
0.99976259469986
1.1019504070282
0.920646727085114
0.601083874702454
0.684245944023132
0.907948553562164
0.818458914756775
0.612792015075684
0.567810416221619
0.700904190540314
0.685537278652191
0.736114680767059
0.983707010746002
1.05623710155487
0.766891539096832
0.603881776332855
0.713473200798035
0.760520935058594
0.643439710140228
0.594928503036499
0.672494828701019
0.841143369674683
0.997782528400421
1.03622138500214
1.0756071805954
1.11129105091095
1.17917239665985
1.23568987846375
1.16122269630432
0.950304388999939
0.876655161380768
0.899554848670959
0.823538184165955
0.573922753334045
0.364640086889267
0.257545232772827
0.219967320561409
0.136503919959068
-0.0314990058541298
-0.183317169547081
-0.293296039104462
-0.4366774559021
-0.61660373210907
-0.832945704460144
-0.952781736850739
-0.968708276748657
-0.922091007232666
-0.868199169635773
-0.892605483531952
-0.901989161968231
-0.82209849357605
-0.734976291656494
-0.873881101608276
-1.08764040470123
-1.07184302806854
-0.891744554042816
-0.807678520679474
-0.857222855091095
-0.828167736530304
-0.665157973766327
-0.563400685787201
-0.635973811149597
-0.843620777130127
-1.0676246881485
-1.16339886188507
-1.09538841247559
-0.965307712554932
-0.956957101821899
-1.00589871406555
-0.909952402114868
-0.736525893211365
-0.6002037525177
-0.564433753490448
-0.610448360443115
-0.769584119319916
-0.971420049667358
-1.05484044551849
-1.02501058578491
-0.933713018894196
-0.838627576828003
-0.746253967285156
-0.647940158843994
-0.545063674449921
-0.437409222126007
-0.32893693447113
-0.306725949048996
-0.358809858560562
-0.334618806838989
-0.26019474864006
-0.178194865584373
-0.0735965892672539
0.109773248434067
0.38848677277565
0.645764112472534
0.789748191833496
0.838216364383698
0.861933946609497
0.830167055130005
0.755441665649414
0.785529792308807
0.859437346458435
0.914534389972687
0.940662443637848
1.075434923172
1.21722376346588
0.870370626449585
0.567423045635223
0.834514558315277
1.13010156154633
0.836322426795959
0.428905636072159
0.575084984302521
0.85143107175827
0.815661013126373
0.836623728275299
1.04168796539307
0.978111207485199
0.67111736536026
0.658290088176727
0.835934996604919
0.766159772872925
0.617225587368011
0.740289986133575
0.94970178604126
1.02274835109711
1.00875890254974
1.02197360992432
1.05748534202576
1.05847537517548
1.12166476249695
1.14344537258148
0.895637810230255
0.711923599243164
0.846997439861298
0.929686069488525
0.669696927070618
0.352071076631546
0.30033153295517
0.305410772562027
0.127464562654495
-0.113714121282101
-0.284687131643295
-0.385712713003159
-0.481314688920975
-0.577390134334564
-0.721072912216187
-0.86893093585968
-0.880509912967682
-0.784735798835754
-0.715649247169495
-0.850249588489532
-0.967373847961426
-0.91937917470932
-0.794937372207642
-0.84473991394043
-1.086305975914
-1.1279730796814
-0.961390674114227
-0.774362027645111
-0.714185774326324
-0.754561543464661
-0.674197375774384
-0.530170261859894
-0.501717805862427
-0.686766386032104
-1.00228297710419
-1.18431842327118
-1.15410113334656
-1.01041841506958
-0.9789959192276
-1.04420840740204
-0.966685175895691
-0.798208713531494
-0.647380590438843
-0.586300373077393
-0.681644082069397
-0.883523046970367
-1.07291913032532
-1.1099374294281
-1.04902935028076
-0.96797651052475
-0.863636493682861
-0.709752142429352
-0.571536064147949
-0.466894745826721
-0.349512219429016
-0.303454548120499
-0.361822962760925
-0.464269042015076
-0.454024434089661
-0.382355242967606
-0.328678667545319
-0.207163870334625
0.0471434071660042
0.361196517944336
0.600524306297302
0.764739274978638
0.890773773193359
0.885436236858368
0.806019008159637
0.717992901802063
0.696728885173798
0.800810635089874
0.847858369350433
0.868218421936035
0.938338041305542
1.14241230487823
1.08718609809875
0.740978717803955
0.733445882797241
1.00234532356262
1.00875890254974
0.65910792350769
0.476039409637451
0.677358865737915
0.775156080722809
0.751911997795105
0.924865067005157
1.085808634758
0.878290832042694
0.682911574840546
0.76908677816391
0.845361769199371
0.752815961837769
0.703788220882416
0.756087362766266
0.89701521396637
1.03157258033752
1.06656777858734
1.08890783786774
1.10552310943604
1.18666207790375
1.25338113307953
1.11486375331879
0.867744922637939
0.880141794681549
1.00445449352264
0.835676729679108
0.51576954126358
0.412032157182693
0.399936646223068
0.289613425731659
0.104737028479576
-0.057239655405283
-0.206905588507652
-0.359972059726715
-0.49594983458519
-0.669032037258148
-0.876334607601166
-0.94464635848999
-0.869447469711304
-0.790030300617218
-0.797175645828247
-0.866046965122223
-0.870867967605591
-0.826833367347717
-0.803632378578186
-0.965996444225311
-1.13856208324432
-1.10619258880615
-0.890840649604797
-0.719221949577332
-0.718877613544464
-0.66197270154953
-0.523842692375183
-0.480152487754822
-0.601150751113892
-0.809012949466705
-1.02888453006744
-1.13950908184052
-1.09293484687805
-0.997332870960236
-0.97637015581131
-0.955924034118652
-0.779570460319519
-0.592283546924591
-0.519279956817627
-0.588796973228455
-0.72344034910202
-0.873106300830841
-1.0559595823288
-1.10636472702026
-1.01446461677551
-0.849603950977325
-0.684958517551422
-0.547474145889282
-0.411109000444412
-0.322566330432892
-0.273108124732971
-0.277713894844055
-0.342409878969193
-0.409989833831787
-0.392642885446548
-0.300010979175568
-0.17389041185379
-0.013721602037549
0.231244996190071
0.549860835075378
0.790479958057404
0.898607909679413
0.916557490825653
0.875708162784576
0.806664705276489
0.736932516098022
0.777394413948059
0.860298216342926
0.910143852233887
0.958568930625916
1.15523958206177
1.27942311763763
0.882552266120911
0.566734313964844
0.876439929008484
1.14878284931183
0.795473098754883
0.362789183855057
0.517792642116547
0.807353436946869
0.740246951580048
0.789834260940552
1.03049647808075
0.962399899959564
0.6433966755867
0.636208236217499
0.809161305427551
0.754021227359772
0.646022379398346
0.731078445911407
0.870327591896057
0.907647252082825
0.886770606040955
0.915567457675934
0.975399374961853
1.02567541599274
1.13212466239929
1.11787688732147
0.898349642753601
0.788370788097382
0.930633008480072
0.93575531244278
0.60719621181488
0.339286834001541
0.306228637695313
0.238519534468651
0.0307864751666784
-0.113498896360397
-0.188654705882072
-0.308490753173828
-0.387176215648651
-0.44296196103096
-0.630765378475189
-0.889678418636322
-0.911803364753723
-0.774060726165771
-0.752452373504639
-0.893853783607483
-0.979899823665619
-0.901171326637268
-0.81770795583725
-0.855328857898712
-0.999872505664825
-1.04842674732208
-0.915505170822144
-0.733771026134491
-0.706523835659027
-0.731747925281525
-0.669763743877411
-0.570287764072418
-0.593919277191162
-0.788609802722931
-1.03559947013855
-1.20110583305359
-1.19017255306244
-1.10059678554535
-1.02922892570496
-1.00787878036499
-0.933971285820007
-0.776944756507874
-0.662144899368286
-0.622242569923401
-0.693438291549683
-0.860623359680176
-1.05397951602936
-1.12384080886841
-0.99431973695755
-0.837637543678284
-0.737817227840424
-0.684183716773987
-0.574678301811218
-0.4278963804245
-0.323125898838043
-0.325966864824295
-0.390533685684204
-0.470123082399368
-0.479033321142197
-0.388123214244843
-0.27035328745842
-0.0991220101714134
0.136891320347786
0.414830058813095
0.729313611984253
0.903687119483948
0.932570040225983
0.853970646858215
0.827110886573792
0.813121378421783
0.768957674503326
0.814627945423126
0.83309406042099
0.903902351856232
1.08361339569092
1.28282368183136
1.13806474208832
0.839852035045624
0.919484496116638
1.12304222583771
0.930503904819489
0.540606260299683
0.515425205230713
0.813422679901123
0.825389087200165
0.777050018310547
0.993994653224945
1.18356287479401
0.979531645774841
0.835676729679108
0.913673460483551
0.921464562416077
0.802101969718933
0.820180714130402
0.906355917453766
0.911693453788757
0.923961102962494
1.00647759437561
1.09975516796112
1.1433162689209
1.22863054275513
1.30641210079193
1.12842285633087
0.91651439666748
0.973978936672211
1.03363871574402
0.774897813796997
0.439107179641724
0.398516178131104
0.368255823850632
0.167883396148682
0.0381040498614311
-0.0197478402405977
-0.146341890096664
-0.326354265213013
-0.429273813962936
-0.581092000007629
-0.80277144908905
-0.877582907676697
-0.827909469604492
-0.804450213909149
-0.905088365077972
-0.9833003282547
-0.984462559223175
-0.936726152896881
-0.901257395744324
-0.985667824745178
-1.11230492591858
-1.12422823905945
-0.929107248783112
-0.794937372207642
-0.81039035320282
-0.754131138324738
-0.633391141891479
-0.634122848510742
-0.781980931758881
-0.956354439258575
-1.12517523765564
-1.23089265823364
-1.17506384849548
-1.03826820850372
-0.970774412155151
-0.957344472408295
-0.843147277832031
-0.71018260717392
-0.677296578884125
-0.724301218986511
-0.832902669906616
-1.02234172821045
-1.1837158203125
-1.14260828495026
-0.928074181079865
-0.754992008209229
-0.699163198471069
-0.667697608470917
-0.523154020309448
-0.345896482467651
-0.344949513673782
-0.469133079051971
-0.567877292633057
-0.586773872375488
-0.518849551677704
-0.410377234220505
-0.231225773692131
0.0150321647524834
0.310963541269302
0.622390925884247
0.803952872753143
0.856768548488617
0.813508808612823
0.721952974796295
0.661131024360657
0.61481511592865
0.672882199287415
0.787079453468323
0.868864119052887
0.982803046703339
1.21636283397675
1.29621052742004
0.97828334569931
0.783420622348785
0.963131666183472
0.981985211372375
0.622649192810059
0.388615906238556
0.579518556594849
0.731250643730164
0.702712059020996
0.847772240638733
1.16836810112
1.06673991680145
0.77455347776413
0.76624584197998
0.880443096160889
0.789748191833496
0.690186142921448
0.747263193130493
0.779374420642853
0.79504269361496
0.887760639190674
0.979832947254181
1.04229068756104
1.14972984790802
1.28919422626495
1.23362374305725
1.00609016418457
0.941652417182922
1.00544452667236
0.849580109119415
0.527951180934906
0.378113031387329
0.364898353815079
0.224702224135399
0.105382703244686
0.0963433384895325
0.0664704144001007
-0.101790778338909
-0.282664030790329
-0.423333644866943
-0.638771712779999
-0.801738381385803
-0.824293732643127
-0.836001873016357
-0.848527848720551
-0.901300489902496
-0.92415714263916
-0.935133516788483
-0.900052189826965
-0.889204919338226
-0.991995334625244
-1.04291713237762
-0.964619040489197
-0.853865385055542
-0.830664336681366
-0.790460705757141
-0.713281810283661
-0.686895489692688
-0.774577260017395
-0.884556114673615
-1.02212655544281
-1.17476260662079
-1.24139559268951
-1.17863655090332
-1.08092546463013
-1.00452136993408
-0.913396000862122
-0.813790857791901
-0.72158944606781
-0.656463027000427
-0.697097063064575
-0.877798140048981
-1.08083927631378
-1.09990811347961
-0.953169167041779
-0.824595034122467
-0.79906964302063
-0.768464922904968
-0.642086088657379
-0.485533058643341
-0.422429710626602
-0.452948302030563
-0.5412757396698
-0.598998486995697
-0.539080500602722
-0.417737871408463
-0.291746437549591
-0.147719323635101
0.086098738014698
0.395158678293228
0.646581947803497
0.739945650100708
0.723115205764771
0.68975567817688
0.702324688434601
0.712741494178772
0.745885789394379
0.806922972202301
0.886211037635803
0.986375749111176
1.20082378387451
1.42607593536377
1.23594808578491
0.825173854827881
0.790781259536743
0.920517563819885
0.756001234054565
0.422491997480392
0.430240005254745
0.671720027923584
0.726515710353851
0.80606210231781
1.08537828922272
1.20035028457642
0.944235146045685
0.816651046276093
0.877214729785919
0.80821430683136
0.625102758407593
0.602073907852173
0.711751461029053
0.753160297870636
0.730949342250824
0.79250305891037
0.979832947254181
1.10767531394958
1.21283316612244
1.2477422952652
1.08753049373627
0.870628893375397
0.869251489639282
0.943202078342438
0.717734634876251
0.381298333406448
0.269339442253113
0.27071687579155
0.193624049425125
0.0918236598372459
0.0223927851766348
-0.086466908454895
-0.274227291345596
-0.464828610420227
-0.663952767848969
-0.888473212718964
-0.965996444225311
-0.913309872150421
-0.874914169311523
-0.895058989524841
-0.918948709964752
-0.911846399307251
-0.876851141452789
-0.85205751657486
-0.944990694522858
-1.0602639913559
-1.04653286933899
-0.899234354496002
-0.805483281612396
-0.807592451572418
-0.754217207431793
-0.684140622615814
-0.713410973548889
-0.848355650901794
-0.982697725296021
-1.12065553665161
-1.22542595863342
-1.24996137619019
-1.20782077312469
-1.15905129909515
-1.05811178684235
-0.925878882408142
-0.848183453083038
-0.745220899581909
-0.685216784477234
-0.765753149986267
-1.00856757164001
-1.19081819057465
-1.10899043083191
-0.916882574558258
-0.751978874206543
-0.715735375881195
-0.703381597995758
-0.633046746253967
-0.492721498012543
-0.405556261539459
-0.513899385929108
-0.654482960700989
-0.686120688915253
-0.583545506000519
-0.467325180768967
-0.357260257005692
-0.126455307006836
0.177869737148285
0.465407401323318
0.635002970695496
0.698450684547424
0.681060671806335
0.659280121326447
0.665392458438873
0.640986204147339
0.666683793067932
0.714592397212982
0.794526159763336
0.93799364566803
1.19178438186646
1.2581160068512
0.978498578071594
0.746402323246002
0.807439506053925
0.842520833015442
0.574525356292725
0.285825490951538
0.447070419788361
0.716830670833588
0.724923074245453
0.805029034614563
1.02403974533081
1.01702344417572
0.799734532833099
0.757120430469513
0.761037468910217
0.641976177692413
0.534063518047333
0.563462913036346
0.661260187625885
0.700258553028107
0.739988684654236
0.878247797489166
1.03127121925354
1.14202487468719
1.21106839179993
1.14908421039581
0.962227761745453
0.877731263637543
0.904375851154327
0.819405913352966
0.55489706993103
0.385559737682343
0.336661130189896
0.282554119825363
0.201070755720139
0.141755357384682
0.0111581543460488
-0.148451074957848
-0.324976831674576
-0.583072006702423
-0.851110517978668
-0.961821138858795
-0.905734062194824
-0.843319416046143
-0.854123651981354
-0.864368259906769
-0.847925186157227
-0.844094216823578
-0.811208188533783
-0.861785531044006
-0.994922399520874
-1.06672072410583
-0.962165474891663
-0.811509490013123
-0.77604079246521
-0.754819810390472
-0.712162673473358
-0.69563353061676
-0.75593900680542
-0.867897868156433
-0.987260460853577
-1.11536109447479
-1.15922343730927
-1.1155332326889
-1.03602993488312
-0.976327121257782
-0.900353491306305
-0.789384603500366
-0.70988130569458
-0.693395256996155
-0.756885945796967
-0.918087840080261
-1.08423984050751
-1.08867347240448
-0.979168057441711
-0.858083724975586
-0.789341568946838
-0.756756842136383
-0.658098697662354
-0.496724635362625
-0.430952548980713
-0.546182811260223
-0.67075377702713
-0.659002602100372
-0.5324946641922
-0.417737871408463
-0.315593123435974
-0.122925654053688
0.158069238066673
0.466870933771133
0.651532113552094
0.726214408874512
0.746918857097626
0.7215656042099
0.71932727098465
0.674302697181702
0.66018408536911
0.711622297763824
0.819965481758118
0.935626208782196
1.14757764339447
1.28540635108948
1.10263907909393
0.778126180171967
0.701894223690033
0.743303120136261
0.62389749288559
0.338856399059296
0.343031734228134
0.611027181148529
0.709771394729614
0.72087687253952
0.938165843486786
1.08171939849854
0.91242516040802
0.74420702457428
0.722082138061523
0.670902132987976
0.542758464813232
0.508236765861511
0.557651937007904
0.593809366226196
0.62729799747467
0.774940848350525
0.974409341812134
1.06923651695251
1.13496553897858
1.18098020553589
1.02584755420685
0.813207447528839
0.807052075862885
0.795946598052979
0.519299209117889
0.284275889396667
0.31320184469223
0.347981840372086
0.244373589754105
0.126517578959465
0.100561708211899
-0.0293037332594395
-0.285031467676163
-0.517601251602173
-0.716251909732819
-0.885890483856201
-0.96220850944519
-0.902075290679932
-0.826058566570282
-0.848269581794739
-0.863119959831238
-0.831525206565857
-0.775395095348358
-0.804062783718109
-0.969569146633148
-1.07808446884155
-1.03499686717987
-0.865573465824127
-0.773285925388336
-0.740227699279785
-0.673508644104004
-0.648370623588562
-0.689564287662506
-0.787791967391968
-0.934746086597443
-1.08794164657593
-1.19008648395538
-1.19594049453735
-1.10533165931702
-1.00473654270172
-0.888387084007263
-0.797175645828247
-0.681342780590057
-0.605196952819824
-0.651728093624115
-0.834452271461487
-1.03826820850372
-1.09530234336853
-1.03478169441223
-0.913740336894989
-0.789298534393311
-0.70363986492157
-0.627149641513824
-0.521819591522217
-0.379299074411392
-0.376501172780991
-0.54312664270401
-0.657926499843597
-0.609759628772736
-0.507270574569702
-0.428972482681274
-0.265317052602768
0.0330678373575211
0.357064247131348
0.598759472370148
0.737621247768402
0.792718291282654
0.765643239021301
0.719757735729218
0.709340929985046
0.692768812179565
0.680070638656616
0.753978133201599
0.894389510154724
1.06897830963135
1.26375484466553
1.24429881572723
0.91565352678299
0.74605792760849
0.853970646858215
0.88354229927063
0.594455003738403
0.344968736171722
0.527865052223206
0.712956666946411
0.747908890247345
0.891936004161835
1.13440597057343
0.986720085144043
0.754279494285583
0.740505218505859
0.759530901908875
0.642449676990509
0.577323257923126
0.695652782917023
0.749071061611176
0.680371940135956
0.727850079536438
0.923057198524475
1.06699824333191
1.10108947753906
1.20844268798828
1.19475448131561
0.971697568893433
0.905150651931763
1.02154314517975
0.901750147342682
0.521451413631439
0.325899988412857
0.351124107837677
0.291636526584625
0.116617329418659
0.0178731065243483
-0.0711430460214615
-0.271128088235855
-0.453206568956375
-0.563745021820068
-0.722708582878113
-0.883652210235596
-0.821194529533386
-0.706652939319611
-0.735751092433929
-0.819644927978516
-0.839015007019043
-0.769928455352783
-0.722751617431641
-0.829114735126495
-0.955106139183044
-0.955364406108856
-0.80130797624588
-0.646648824214935
-0.630291879177094
-0.647079288959503
-0.601753354072571
-0.565423727035522
-0.680524885654449
-0.865186095237732
-0.979254186153412
-1.06448245048523
-1.11286449432373
-1.08785557746887
-0.981707692146301
-0.893982887268066
-0.785166263580322
