% Type: Timesignal
% Date: 11-DEC-24 14:43:33
% NoOfItems: = 4096
% Unit_Y: = mm/s
% Unit_X: = Sec
% Min_X: = 0
% Max_X: = 1.60000002384186
% MinDisplay_X: = 0
% MaxDisplay_X: = 1.60000002384186
-0.464184075593948
-0.205027759075165
0.00120907183736563
0.0438606031239033
-0.0553085952997208
-0.419250786304474
-1.06929171085358
-1.57900381088257
-1.78980422019958
-1.75197947025299
-1.29992592334747
-0.698504209518433
-0.291647225618362
0.10248451679945
0.499336838722229
0.792368650436401
0.94480836391449
0.779906690120697
0.295294016599655
-0.34421569108963
-1.03567945957184
-1.59058821201324
-1.87265002727509
-2.16313672065735
-2.33383059501648
-2.13066530227661
-1.78708362579346
-1.37733054161072
-0.852172613143921
-0.557034552097321
-0.507625460624695
-0.574937641620636
-0.850241899490356
-1.30624461174011
-1.77707898616791
-2.06896996498108
-1.91363406181335
-1.44323861598969
-0.954939961433411
-0.341056317090988
0.132761836051941
0.23912738263607
0.227894067764282
-0.0427588634192944
-0.614868581295013
-1.0920215845108
-1.32081294059753
-1.33608317375183
-0.971614420413971
-0.210381135344505
0.791491031646729
1.59607791900635
1.69384300708771
1.23213577270508
0.524962842464447
-0.00572399608790874
0.141099080443382
0.72812807559967
1.11813509464264
1.19729495048523
1.06591773033142
0.992550015449524
1.35087549686432
1.84119260311127
1.84382545948029
1.11989033222198
-0.192039221525192
-1.26727902889252
-1.48080003261566
-1.10650205612183
-0.271286815404892
0.732954919338226
1.46505177021027
1.75220358371735
1.42029392719269
0.660201549530029
0.228859424591064
0.375068187713623
0.72514420747757
0.864770948886871
0.474412888288498
0.0263085328042507
0.179713636636734
0.91066962480545
1.92965507507324
2.54696130752563
2.06480598449707
0.986406803131104
0.213062569499016
-0.226353526115417
-0.118408292531967
0.232282087206841
0.227894067764282
0.128637105226517
0.213676884770393
0.568228721618652
1.31006693840027
1.82495701313019
1.61556077003479
1.10567307472229
0.547078490257263
0.257381528615952
0.352074950933456
0.337506741285324
0.101168110966682
-0.217138692736626
-0.621713936328888
-0.714213311672211
-0.349744588136673
0.0738746449351311
0.338208824396133
0.144346207380295
-0.379583090543747
-0.758620083332062
-1.14494109153748
-1.46087837219238
-1.4445549249649
-1.48896169662476
-1.44780206680298
-0.897720217704773
-0.280677169561386
0.192965447902679
0.5220667719841
0.463793903589249
0.316444247961044
0.332065612077713
0.259048998355865
0.0716806352138519
-0.248030334711075
-0.878588438034058
-1.53635227680206
-2.07011079788208
-2.40737390518188
-2.22606086730957
-1.84500551223755
-1.66702747344971
-1.42094743251801
-1.08701932430267
-0.691834449768066
-0.218630611896515
-0.127535372972488
-0.63259619474411
-1.43165421485901
-2.18613004684448
-2.33189988136292
-1.74566078186035
-1.0706958770752
-0.417758852243423
0.027537178248167
0.0213939528912306
0.0753665715456009
0.168480306863785
-0.105244234204292
-0.558263182640076
-1.0825434923172
-1.51888799667358
-1.32757043838501
-0.52614289522171
0.540496468544006
1.52060401439667
1.76027762889862
1.29198837280273
0.703291893005371
0.298979938030243
0.386389255523682
0.868105828762054
1.10479545593262
1.02677655220032
0.941210210323334
0.954988598823547
1.31436717510223
1.77984809875488
1.73789870738983
1.12884187698364
0.161371722817421
-0.700785994529724
-0.930367052555084
-0.768536984920502
-0.466114819049835
0.0744889676570892
0.712945520877838
1.28584516048431
1.48497331142426
1.00624060630798
0.380158275365829
0.269229203462601
0.575688362121582
1.0408182144165
1.11006116867065
0.58832585811615
0.18173211812973
0.352601528167725
0.990794837474823
1.75518751144409
1.92746102809906
1.30927717685699
0.636155247688293
0.211570635437965
0.109505347907543
0.287483334541321
0.266771912574768
0.0872142165899277
0.0337681621313095
0.197704508900642
0.782100677490234
1.4689131975174
1.6025722026825
1.23538291454315
0.67749035358429
0.389197587966919
0.589466691017151
0.649231493473053
0.31073984503746
-0.0215208604931831
-0.494373649358749
-0.836638987064362
-0.552822053432465
-0.114371314644814
0.146189168095589
0.215870901942253
-0.113142669200897
-0.674457907676697
-1.11185550689697
-1.38891494274139
-1.36688709259033
-1.34538578987122
-1.43814849853516
-1.13976323604584
-0.510872602462769
0.226753175258636
0.950249552726746
1.15622305870056
0.770691871643066
0.337067931890488
-0.0398627743124962
-0.341582864522934
-0.496655404567719
-0.826897621154785
-1.31019389629364
-1.81428933143616
-2.26994109153748
-2.26643061637878
-1.88862240314484
-1.65000200271606
-1.36407876014709
-1.06630790233612
-0.921152234077454
-0.6023188829422
-0.373439878225327
-0.713686764240265
-1.37443447113037
-2.00920510292053
-2.24492931365967
-1.77198886871338
-1.12186014652252
-0.593104064464569
-0.130080416798592
-0.0646111965179443
-0.126043438911438
-0.0152021143585443
-0.0818122252821922
-0.392659395933151
-0.710439622402191
-1.13081169128418
-1.35898864269257
-0.90491658449173
6.81872043060139E-5
0.991145849227905
1.47172152996063
1.25126755237579
0.885482370853424
0.708469748497009
0.865385293960571
1.29111075401306
1.33104169368744
0.917427182197571
0.675822913646698
0.695832252502441
1.09207022190094
1.76370024681091
1.89156711101532
1.23441755771637
0.189718306064606
-0.800393998622894
-1.0376980304718
-0.576341807842255
-0.0132713867351413
0.520487070083618
0.9212886095047
1.1922048330307
1.42591059207916
1.2453875541687
0.75665020942688
0.565069317817688
0.636769533157349
0.796493411064148
0.819047808647156
0.529701888561249
0.423687398433685
0.765513956546783
1.47330117225647
2.17485737800598
2.16178131103516
1.34780395030975
0.606931030750275
0.19533497095108
-0.0227495040744543
0.0541285648941994
0.109154306352139
0.0963412970304489
0.332241117954254
0.670293986797333
1.15244936943054
1.72561228275299
1.6901570558548
1.14595508575439
0.616233646869659
0.211044073104858
0.270896643400192
0.572177946567535
0.460985571146011
0.0972189009189606
-0.284275352954865
-0.588452756404877
-0.469274193048477
-0.101909339427948
0.0965168178081512
0.0678191781044006
-0.239780858159065
-0.59485924243927
-0.847082495689392
-1.14134299755096
-1.32686829566956
-1.35503947734833
-1.4138388633728
-1.17907989025116
-0.585995435714722
0.0166548937559128
0.595697700977325
0.855292797088623
0.657744288444519
0.439220994710922
0.280374765396118
0.0347335264086723
-0.168782725930214
-0.557824373245239
-1.17100596427917
-1.6894063949585
-2.12083625793457
-2.31908679008484
-2.11030507087708
-1.86343514919281
-1.60059285163879
-1.21295535564423
-0.868934810161591
-0.462955445051193
-0.117355167865753
-0.325873762369156
-0.994958698749542
-1.7604044675827
-2.23044896125793
-1.91600358486176
-1.26069700717926
-0.76318359375
-0.437329411506653
-0.373352110385895
-0.290857374668121
0.0221837963908911
0.18778757750988
0.0454402901232243
-0.371947944164276
-1.09404015541077
-1.58725333213806
-1.33046650886536
-0.43180051445961
0.66634476184845
1.32761907577515
1.15455567836761
0.748225212097168
0.730322062969208
1.0065039396286
1.41239559650421
1.48304259777069
0.99614816904068
0.537863612174988
0.444223344326019
0.751735627651215
1.43925023078918
1.81740951538086
1.43258047103882
0.523646473884583
-0.606882393360138
-1.15336608886719
-0.765377581119537
-0.159041330218315
0.351811677217484
0.753139793872833
0.999395310878754
1.20808947086334
1.10277700424194
0.668802082538605
0.501443088054657
0.706714570522308
1.01220834255219
1.12533140182495
0.616145849227905
0.0651863664388657
0.251764893531799
0.980965673923492
1.82407939434052
2.19126868247986
1.60678470134735
0.79008686542511
0.433253288269043
0.214466735720634
0.200425073504448
0.21113184094429
0.0793157890439034
0.236406818032265
0.54251492023468
0.899085223674774
1.46987855434418
1.64847087860107
1.21879625320435
0.790876746177673
0.555503487586975
0.560856819152832
0.829579055309296
0.688021600246429
0.0903735905885696
-0.443999201059341
-0.670069873332977
-0.492004096508026
-0.135170519351959
0.0368397757411003
0.0266595743596554
-0.193267866969109
-0.477348119020462
-0.601529002189636
-0.906408488750458
-1.34442043304443
-1.48931276798248
-1.45719242095947
-1.17662262916565
-0.517454624176025
0.164443328976631
0.631065130233765
0.725934088230133
0.429040789604187
0.156193852424622
0.028063740581274
-0.108579128980637
-0.118057250976563
-0.308584988117218
-0.912025153636932
-1.50440752506256
-1.92679810523987
-2.1885871887207
-2.11469292640686
-1.93601298332214
-1.74416887760162
-1.42551100254059
-1.022252202034
-0.475856214761734
-0.0694380104541779
-0.241360545158386
-0.819262444972992
-1.53424608707428
-2.08775067329407
-1.89090418815613
-1.25113117694855
-0.819613516330719
-0.560983777046204
-0.426710397005081
-0.319642782211304
-0.0570638030767441
0.140748038887978
0.11529753357172
-0.173170745372772
-0.803202331066132
-1.32844805717468
-1.30203211307526
-0.742910981178284
0.185067012906075
0.995533883571625
1.14051401615143
0.99369090795517
1.09777462482452
1.34517109394073
1.51893663406372
1.35684323310852
0.838004052639008
0.377437710762024
0.327063262462616
0.761125981807709
1.45460832118988
1.74000489711761
1.42801690101624
0.757440030574799
-0.21898165345192
-0.848925471305847
-0.694642782211304
-0.289365470409393
0.123283721506596
0.551027655601501
0.87240606546402
1.24240374565125
1.39651095867157
1.14402437210083
0.844235002994537
0.646423161029816
0.689952313899994
0.930591225624084
0.695305705070496
0.115122012794018
0.113542325794697
0.751296818256378
1.74948310852051
2.48596787452698
2.10912489891052
0.942000031471252
0.113191284239292
-0.2024827003479
-0.0890963301062584
0.0870386958122253
0.109944149851799
0.322236448526382
0.631328403949738
1.02475810050964
1.6049417257309
1.76756167411804
1.23187255859375
0.675471842288971
0.326712220907211
0.179011553525925
0.507410764694214
0.743661642074585
0.427373349666595
-0.129904896020889
-0.494110345840454
-0.403541684150696
-0.112352825701237
0.147681102156639
0.273441672325134
-0.0355625152587891
-0.531584024429321
-0.611358165740967
-0.889383018016815
-1.38952922821045
-1.45833337306976
-1.41076719760895
-1.24490022659302
-0.651552438735962
0.0543040856719017
0.636593997478485
0.979122698307037
0.740941107273102
0.304157823324203
-0.00388102862052619
-0.262423038482666
-0.207046240568161
-0.252769380807877
-0.876218914985657
-1.59199237823486
-2.01096034049988
-2.1897280216217
-2.01122355461121
-1.75575315952301
-1.63648688793182
-1.48615336418152
-1.2292788028717
-0.703506588935852
-0.198445737361908
-0.270760267972946
-0.82874059677124
-1.63631129264832
-2.34436178207397
-2.201575756073
-1.42059636116028
-0.798200011253357
-0.495865553617477
-0.514031946659088
-0.603986322879791
-0.402049750089645
-0.116653084754944
0.086863175034523
0.00875646248459816
-0.660679519176483
-1.38821280002594
-1.51204264163971
-1.03506517410278
-0.0629437491297722
0.81176370382309
0.950600564479828
0.804742872714996
0.976226568222046
1.45074677467346
1.82530796527863
1.64346849918365
0.989478409290314
0.370241343975067
0.175764411687851
0.620182812213898
1.33323574066162
1.64654016494751
1.46592938899994
0.886359989643097
-0.0459182374179363
-0.7093865275383
-0.628822505474091
-0.259175896644592
0.110295191407204
0.461950927972794
0.841602206230164
1.40993821620941
1.66549634933472
1.26978492736816
0.716104924678802
0.387179106473923
0.533563375473022
1.05986225605011
0.957182586193085
0.136711061000824
-0.218630611896515
0.308458060026169
1.53245174884796
2.59119272232056
2.44463276863098
1.1637704372406
0.0364887341856956
-0.335615158081055
-0.182210072875023
0.100904829800129
0.149962872266769
0.214993298053741
0.412541836500168
0.668187737464905
1.18220019340515
1.70174145698547
1.49646997451782
0.905930578708649
0.425179332494736
0.11003191024065
0.240356028079987
0.567087829113007
0.486172795295715
-0.00370550807565451
-0.585205614566803
-0.794250786304474
-0.474539786577225
-0.193092346191406
-0.011516178958118
-0.0165185201913118
-0.552997529506683
-0.945461869239807
-0.961170971393585
-1.18417000770569
-1.37215268611908
-1.32291913032532
-1.32897460460663
-1.074294090271
-0.441015332937241
0.21946907043457
0.702853083610535
0.613776326179504
0.124863408505917
-0.153600186109543
-0.210644423961639
-0.00352998729795218
0.206480532884598
-0.259965747594833
-1.23568534851074
-1.9578652381897
-2.21070289611816
-2.00025343894958
-1.62806189060211
-1.50309109687805
-1.52836608886719
-1.44244873523712
-0.966612100601196
-0.201780617237091
0.108013421297073
-0.316220134496689
-1.08368444442749
-1.84983229637146
-1.97173142433167
-1.31396758556366
-0.627769351005554
-0.363347440958023
-0.487440586090088
-0.689815938472748
-0.607057929039001
-0.241448298096657
0.182346433401108
0.402273893356323
-0.00967321172356606
-0.863844752311707
-1.34108555316925
-1.13230359554291
-0.280764937400818
0.678718984127045
1.01747393608093
0.83150976896286
0.793860554695129
1.26241314411163
1.87559473514557
1.93571054935455
1.27162790298462
0.490121990442276
0.116789452731609
0.428601980209351
1.16912388801575
1.63758862018585
1.4582941532135
0.876881897449493
0.130129024386406
-0.528424680233002
-0.624434471130371
-0.279887348413467
0.0862488523125648
0.373751759529114
0.691619753837585
1.1330543756485
1.42292678356171
1.12506818771362
0.497844904661179
0.0912511944770813
0.242286756634712
0.932697474956512
1.28242242336273
0.622289061546326
-0.179665014147758
-0.104893192648888
0.87916362285614
2.03154492378235
2.33221173286438
1.32419633865356
-0.0379320457577705
-0.648919641971588
-0.489546835422516
-0.0521492213010788
0.194808408617973
0.194106325507164
0.222803965210915
0.509429275989532
1.04037940502167
1.59063684940338
1.65540397167206
1.06433796882629
0.286079168319702
-0.178611889481544
-0.0880432054400444
0.407188475131989
0.604649245738983
0.26466566324234
-0.321397989988327
-0.706753671169281
-0.555367112159729
-0.0359135568141937
0.190157115459442
-0.000282854220131412
-0.538341581821442
-1.24200403690338
-1.50826895236969
-1.33353817462921
-1.10448360443115
-1.02383184432983
-1.00382244586945
-0.862528324127197
-0.483403593301773
0.0336804017424583
0.516011297702789
0.584727644920349
0.204286530613899
-0.145526245236397
-0.263739436864853
-0.00352998729795218
0.449488967657089
0.357428342103958
-0.674194574356079
-1.94698297977448
-2.65178632736206
-2.53515291213989
-1.90196192264557
-1.45368206501007
-1.39172327518463
-1.36434197425842
-1.06121778488159
-0.390728652477264
0.188050866127014
0.0675558969378471
-0.712545871734619
-1.63060688972473
-2.04299283027649
-1.73354983329773
-1.01391494274139
-0.460936933755875
-0.473223388195038
-0.776084363460541
-0.892981171607971
-0.650499284267426
-0.109368972480297
0.371908813714981
0.172780558466911
-0.627593874931335
-1.26289105415344
-1.24042439460754
-0.520701766014099
0.308721333742142
0.501355350017548
0.281252354383469
0.322499722242355
0.990531504154205
1.95036649703979
2.24366164207458
1.56738030910492
0.60877400636673
0.0619392357766628
0.262383878231049
0.942087829113007
1.40914845466614
1.28224694728851
0.637647151947021
-0.115687720477581
-0.555367112159729
-0.488054901361465
-0.0779507681727409
0.270106792449951
0.29125702381134
0.281954437494278
0.717158019542694
1.28461647033691
1.28751254081726
0.717596828937531
0.170147746801376
0.22780629992485
0.931644320487976
1.43424785137177
0.951653718948364
-0.0761078000068665
-0.516138195991516
0.160406351089478
1.46610486507416
2.29201745986938
1.8865647315979
0.702677547931671
-0.102172620594501
-0.0860247164964676
0.318462759256363
0.453174889087677
0.271862000226974
0.149787351489067
0.324781507253647
0.906895935535431
1.67795836925507
2.07753133773804
1.71042966842651
0.901893556118011
0.215783134102821
0.059394184499979
0.481696993112564
0.888290703296661
0.621148228645325
-0.145877286791801
-0.761428415775299
-0.710088610649109
-0.0770731642842293
0.485733985900879
0.543304741382599
-0.0110773779451847
-0.795479416847229
-1.200932264328
-1.20891845226288
-1.06464040279388
-0.962926149368286
-1.05761957168579
-1.034099817276
-0.584064722061157
0.0598329864442348
0.624746382236481
0.749102771282196
0.290467202663422
-0.234690755605698
-0.374317467212677
-0.0558351576328278
0.454754561185837
0.47537824511528
-0.481209576129913
-1.84623408317566
-2.73998546600342
-2.79676651954651
-2.20254111289978
-1.63762772083282
-1.50800573825836
-1.49703562259674
-1.21953737735748
-0.574147820472717
0.0598329864442348
0.0759808942675591
-0.623995661735535
-1.5521491765976
-2.08906698226929
-2.0039393901825
-1.47474455833435
-0.950902998447418
-0.840149402618408
-0.959591269493103
-0.9246626496315
-0.633035004138947
-0.13227441906929
0.275372415781021
0.154614165425301
-0.499024927616119
-1.1937358379364
-1.41901671886444
-0.982321202754974
-0.236533731222153
0.324693739414215
0.47379857301712
0.37261089682579
0.628344535827637
1.35359609127045
1.9030636548996
1.74281322956085
1.05354344844818
0.508814930915833
0.554538071155548
1.0466103553772
1.45434498786926
1.30541563034058
0.598506033420563
-0.143507748842239
-0.686217784881592
-0.906671762466431
-0.578623592853546
0.0836160406470299
0.747698605060577
1.32902324199677
1.68822634220123
1.69068360328674
1.30997920036316
0.550325572490692
-0.160006701946259
-0.203711345791817
0.458177238702774
1.15130853652954
1.17640793323517
0.480117321014404
0.0290291029959917
0.504690229892731
1.62012434005737
2.36055850982666
1.89806139469147
0.476343631744385
-0.596702218055725
-0.611445963382721
-0.0625049471855164
0.423950701951981
0.476080328226089
0.431410312652588
0.715753853321075
1.2346807718277
1.67883598804474
1.8510217666626
1.36535596847534
0.457211852073669
-0.119549170136452
-0.230039462447166
0.143644124269485
0.800091564655304
0.868018090724945
0.207796946167946
-0.409421622753143
-0.518595516681671
-0.15632076561451
0.245446130633354
0.182258680462837
-0.445052325725555
-1.27675724029541
-1.6373645067215
-1.33362591266632
-0.951166272163391
-0.736943244934082
-0.648568570613861
-0.691746652126312
-0.509994983673096
-0.0124815432354808
0.416491061449051
0.426934540271759
-0.106034077703953
-0.766518473625183
-0.887803316116333
-0.350534409284592
0.429216325283051
0.829754590988159
0.149699583649635
-1.26885879039764
-2.24756217002869
-2.4524827003479
-2.22053194046021
-1.88037288188934
-1.79445552825928
-1.8064786195755
-1.45473515987396
-0.69516932964325
0.10476628690958
0.338998675346375
-0.241185024380684
-1.148890376091
-1.76470470428467
-1.85483467578888
-1.4019912481308
-0.902195990085602
-0.976529002189636
-1.27412438392639
-1.25200879573822
-0.874639272689819
-0.158865809440613
0.503198266029358
0.52645480632782
-0.118232771754265
-1.00241827964783
-1.42867040634155
-1.09614634513855
-0.387130498886108
0.271247684955597
0.517942011356354
0.341982513666153
0.379895001649857
1.03906297683716
1.75861012935638
1.88726675510406
1.36395180225372
0.77025306224823
0.610967993736267
0.890396952629089
1.22213113307953
1.17254650592804
0.651337742805481
0.0569368973374367
-0.292963624000549
-0.575990796089172
-0.581782937049866
-0.24618735909462
0.288360953330994
0.901542544364929
1.40555024147034
1.65838778018951
1.50436842441559
0.982369840145111
0.316356509923935
-0.01827372610569
0.17866051197052
0.672575771808624
0.873108148574829
0.402624934911728
-0.0902372151613235
0.251326084136963
1.36298644542694
2.29368495941162
2.29526472091675
1.14569187164307
-0.141752541065216
-0.56326550245285
-0.309462577104568
0.0568491369485855
0.0941472873091698
0.0271861366927624
0.297663539648056
1.01563096046448
1.7612429857254
2.22637271881104
2.02276873588562
1.12778866291046
0.211833924055099
-0.229425132274628
-0.0795304551720619
0.496352970600128
0.778590261936188
0.319866925477982
-0.238025650382042
-0.471643716096878
-0.127096563577652
0.471165746450424
0.592275023460388
0.103888683021069
-0.862703859806061
-1.68387746810913
-1.69502305984497
-1.26806890964508
-0.947304844856262
-0.740629196166992
-0.727552890777588
-0.622328221797943
-0.0859369561076164
0.382440030574799
0.534002184867859
0.261945068836212
-0.507976472377777
-1.0505987405777
-0.73589015007019
-0.011516178958118
0.601051092147827
0.565157115459442
-0.567214727401733
-1.85483467578888
-2.40737390518188
-2.33032011985779
-1.94996690750122
-1.79191040992737
-1.92943096160889
-1.79524540901184
-1.19557881355286
-0.36554142832756
0.245270609855652
0.126443088054657
-0.525177538394928
-1.0920215845108
-1.48150205612183
-1.59585380554199
-1.42831933498383
-1.37513649463654
-1.37109959125519
-1.22673380374908
-0.92475038766861
-0.291734993457794
0.356550753116608
0.511272251605988
0.200337305665016
-0.515874922275543
-1.18855798244476
-1.11764764785767
-0.632859468460083
-0.100241899490356
0.315917700529099
0.322499722242355
0.376735627651215
0.874775648117065
1.50770330429077
1.83987617492676
1.63583338260651
1.09479081630707
0.898295402526855
1.14314675331116
1.36175787448883
1.30760967731476
0.797195494174957
0.0758053734898567
-0.499200463294983
-0.918080627918243
-0.995924055576324
-0.514470756053925
0.302753657102585
1.17649567127228
1.73535358905792
1.76624524593353
1.57519102096558
1.19404780864716
0.590958654880524
0.118281379342079
0.102396756410599
0.437553554773331
0.743573904037476
0.590607583522797
0.162512600421906
0.256679445505142
0.979912519454956
1.87849080562592
2.17836785316467
1.38659405708313
0.150401666760445
-0.380372941493988
-0.265231370925903
0.0532509610056877
0.229122713208199
0.105643890798092
0.246850296854973
0.917251646518707
1.60836446285248
2.0450599193573
2.04383134841919
1.37185025215149
0.509955823421478
0.0623780377209187
0.144872769713402
0.519960522651672
0.782100677490234
0.589817762374878
0.0224470775574446
-0.434257805347443
-0.193531155586243
0.38165020942688
0.544270157814026
0.23912738263607
-0.566161632537842
-1.48922502994537
-1.62156760692596
-1.11422502994537
-0.83874523639679
-0.678933680057526
-0.552383244037628
-0.481034070253372
-0.0950640365481377
0.368310630321503
0.515572488307953
0.374453842639923
-0.16465799510479
-0.786264598369598
-0.813645780086517
-0.339388847351074
0.237986505031586
0.402273893356323
-0.333157867193222
-1.4528044462204
-2.1035475730896
-2.16006517410278
-1.91266870498657
-1.67984044551849
-1.57979369163513
-1.39821755886078
-1.06867742538452
-0.633122742176056
-0.23109258711338
-0.280413895845413
-0.651903450489044
-0.952307164669037
-1.29229080677032
-1.48281848430634
-1.38022661209106
-1.39374172687531
-1.47746515274048
-1.38856387138367
-1.13362002372742
-0.569145441055298
0.0711540728807449
0.328467428684235
0.191473513841629
-0.345444321632385
-0.974510550498962
-1.13677942752838
-0.796708047389984
-0.237762361764908
0.261506289243698
0.435535043478012
0.358130425214767
0.555240154266357
1.03511381149292
1.42696380615234
1.42029392719269
1.14946556091309
1.03423619270325
1.16578900814056
1.31559586524963
1.21923506259918
0.833440482616425
0.317321866750717
-0.0232760664075613
-0.397047400474548
-0.777049720287323
-0.770467698574066
-0.222579821944237
0.749717116355896
1.54754650592804
1.80073511600494
1.6665495634079
1.33727264404297
0.868281364440918
0.492491513490677
0.237108901143074
0.192000076174736
0.337857782840729
0.36804735660553
0.080193392932415
0.091075673699379
0.741379916667938
1.71788930892944
2.42488670349121
1.99968779087067
0.731375217437744
-0.232496753334999
-0.365716964006424
-0.147632479667664
0.0144608849659562
-0.2024827003479
-0.280764937400818
0.296347141265869
1.35289406776428
2.30939412117004
2.62892961502075
2.17503309249878
1.09540510177612
0.0825629159808159
-0.36615577340126
-0.220473572611809
0.253081291913986
0.493983447551727
0.105643890798092
-0.479103326797485
-0.478313505649567
0.312144011259079
1.01791274547577
0.946124792098999
0.0693988651037216
-1.26964855194092
-2.11030507087708
-1.85097312927246
-1.25121891498566
-0.861124157905579
-0.505606949329376
-0.337107092142105
-0.239693090319633
0.139256104826927
0.539969861507416
0.555152416229248
0.119510024785995
-0.529477775096893
-0.91105979681015
-0.67033314704895
0.00270099774934351
0.482399076223373
0.103713162243366
-1.04366564750671
-2.03079414367676
-2.26669406890869
-1.92258560657501
-1.4658807516098
-1.30211997032166
-1.41585731506348
-1.46763598918915
-1.16205441951752
-0.549925923347473
-0.161235347390175
-0.195988446474075
-0.411878913640976
-0.827862977981567
-1.29255402088165
-1.44876742362976
-1.39277637004852
-1.36039280891418
-1.34231412410736
-1.25165772438049
-0.929313957691193
-0.408456265926361
0.101519152522087
0.365590065717697
0.0728215202689171
-0.583538174629211
-0.910972058773041
-0.718776881694794
-0.215120196342468
0.255099773406982
0.242462277412415
-0.0825143083930016
-0.11182626336813
0.476870179176331
1.30927717685699
1.68866515159607
1.51112592220306
1.26723992824554
1.24635291099548
1.33902788162231
1.39229846000671
1.09812569618225
0.4398353099823
-0.286908179521561
-0.953535795211792
-1.36890554428101
-1.2079530954361
-0.32473286986351
0.892590999603271
1.72710418701172
1.82478141784668
1.59090006351471
1.3093649148941
0.91382896900177
0.555854499340057
0.178221702575684
-0.0526757836341858
0.235090404748917
0.60377162694931
0.512413144111633
0.255977362394333
0.478713154792786
1.35684323310852
2.27227139472961
2.20952272415161
1.14709603786469
-0.0503062568604946
-0.562124609947205
-0.273919641971588
0.137588664889336
0.251852631568909
0.22543677687645
0.473710805177689
1.14200592041016
1.9137704372406
2.44199991226196
2.41224932670593
1.60309875011444
0.404731184244156
-0.344391196966171
-0.442858308553696
-0.0135346679016948
0.591134190559387
0.509868085384369
-0.138505414128304
-0.380109667778015
0.135306894779205
0.907159209251404
1.18579828739166
0.43299001455307
-0.903161346912384
-1.94891369342804
-2.19762659072876
-1.57128095626831
-0.806098401546478
-0.380636215209961
-0.108228087425232
-0.0202922150492668
-0.0124815432354808
0.280813544988632
0.513378500938416
0.206743821501732
-0.410035938024521
-0.991711556911469
-1.09096848964691
-0.494724690914154
0.208499029278755
0.349442154169083
-0.333157867193222
-1.449294090271
-2.07239246368408
-1.95918166637421
-1.59848666191101
-1.33388912677765
-1.38558006286621
-1.6220064163208
-1.55250024795532
-1.07938420772552
-0.52860015630722
-0.205993115901947
-0.320344865322113
-0.801885902881622
-1.30133008956909
-1.61059761047363
-1.57303619384766
-1.3606561422348
-1.39058232307434
-1.46219480037689
-1.20593452453613
-0.711317241191864
-0.0596088543534279
0.426320225000381
0.223857089877129
-0.443297117948532
-0.996626138687134
-1.06262195110321
-0.580817580223083
-0.0238903891295195
0.116087377071381
-0.0114284185692668
-0.0822510272264481
0.273266166448593
1.06477677822113
1.62337148189545
1.68866515159607
1.5222715139389
1.33490312099457
1.25749850273132
1.29778051376343
1.0881210565567
0.604298233985901
-0.00686488067731261
-0.669543325901031
-1.14432680606842
-1.22164368629456
-0.685866713523865
0.36585333943367
1.24328136444092
1.48260378837585
1.44328713417053
1.39124524593353
1.34341585636139
1.15499448776245
0.452736079692841
-0.354922443628311
-0.538780391216278
-0.117442928254604
0.392708003520966
0.636945068836212
0.795528054237366
1.22195553779602
1.86067545413971
2.04321694374084
1.60608267784119
0.69785076379776
-0.129817128181458
-0.493847072124481
-0.58739960193634
-0.551505625247955
-0.247591525316238
0.392532497644424
1.15753948688507
1.98160922527313
2.48491477966309
2.53546476364136
2.0828845500946
1.12103116512299
0.128637105226517
-0.464535117149353
-0.530706405639648
-0.0668051987886429
0.318023949861526
0.121704034507275
-0.00449535110965371
0.185593575239182
0.56050580739975
0.978420615196228
0.820276439189911
-0.130782499909401
-1.29825842380524
-2.09424495697021
-2.14426827430725
-1.57286059856415
-0.853752315044403
-0.151932746171951
0.205427408218384
0.151718080043793
0.287395596504211
0.521276950836182
0.402712672948837
0.0126179177314043
-0.485860884189606
-1.00619196891785
-1.02137458324432
-0.47568067908287
0.0274494178593159
-0.0261721573770046
-0.742384374141693
-1.58663904666901
-2.00481700897217
-1.85834503173828
-1.34415709972382
-1.02892196178436
-1.25034129619598
-1.54776120185852
-1.47228729724884
-1.08719480037689
-0.562914490699768
-0.166062161326408
-0.226353526115417
-0.693414092063904
-1.30054020881653
-1.64956319332123
-1.60243582725525
-1.50923430919647
-1.44525706768036
-1.29957485198975
-1.15564787387848
-0.769063532352448
-0.0938353911042213
0.189630553126335
-0.0659275949001312
-0.471380442380905
-0.790915846824646
-0.660942792892456
-0.187387928366661
0.111874878406525
0.122669398784637
-0.0356502756476402
-0.0167818013578653
0.531895935535431
1.228888630867
1.63399040699005
1.7753723859787
1.5991495847702
1.28724932670593
1.16157650947571
1.01905369758606
0.702238798141479
0.22850838303566
-0.476821571588516
-1.11001253128052
-1.26561164855957
-0.728167235851288
0.417456418275833
1.37448310852051
1.57817482948303
1.42582285404205
1.28303682804108
1.23450529575348
1.20624649524689
0.674506485462189
-0.240395173430443
-0.623907923698425
-0.350534409284592
0.258434653282166
0.80737566947937
1.05679059028625
1.24705505371094
1.60169458389282
1.69191229343414
1.44056665897369
0.949810743331909
0.270896643400192
-0.239780858159065
-0.613376677036285
-0.715003192424774
-0.473749965429306
0.178484991192818
1.05222702026367
1.89095270633698
2.3323872089386
2.39882183074951
2.10807180404663
1.3046258687973
0.345843970775604
-0.338160216808319
-0.678319334983826
-0.574235558509827
-0.106999441981316
0.0721194371581078
0.142678767442703
0.368837177753448
0.685915350914001
1.14674496650696
1.07302629947662
0.169884473085403
-1.01847851276398
-2.1532199382782
-2.7375283241272
-2.30952095985413
-1.31879436969757
-0.388183623552322
0.274494796991348
0.51899516582489
0.505129039287567
0.513554036617279
0.622552394866943
0.435271769762039
-0.229688420891762
-1.00777173042297
-1.43920159339905
-1.29948711395264
-0.649709463119507
0.000243707909248769
-0.0784773305058479
-0.734749257564545
-1.33775067329407
-1.59093928337097
-1.42270267009735
-1.18583750724792
-1.27017521858215
-1.51011192798615
-1.66421914100647
-1.51634299755096
-0.894824147224426
-0.21073217689991
0.0191999450325966
-0.248293608427048
-0.886048078536987
-1.53284192085266
-1.76918053627014
-1.64394652843475
-1.44639790058136
-1.32379674911499
-1.24551451206207
-0.922117590904236
-0.34430342912674
0.130743354558945
0.286693513393402
-0.0360890775918961
-0.596175670623779
-0.779331505298615
-0.545011341571808
-0.266196727752686
-0.114897876977921
-0.160445496439934
-0.169133767485619
0.223681569099426
0.943930804729462
1.634516954422
1.95264828205109
1.77388048171997
1.42591059207916
1.20703637599945
1.04704916477203
0.88723760843277
0.466777741909027
-0.46207782626152
-1.38794958591461
-1.73390090465546
-1.21313095092773
0.0944983288645744
1.37930989265442
1.87673556804657
1.71130728721619
1.36131906509399
1.19905006885529
1.19352126121521
0.774290025234222
-0.141752541065216
-0.768449246883392
-0.729659140110016
-0.112791627645493
0.726109564304352
1.28286123275757
1.50761556625366
1.65987968444824
1.73412501811981
1.53034543991089
1.05082285404205
0.332504391670227
-0.165009036660194
-0.534918904304504
-0.652868866920471
-0.328682094812393
0.28204220533371
1.09057831764221
1.84470307826996
2.28780508041382
2.3703875541687
2.30263662338257
1.73438823223114
0.671785950660706
-0.369490653276443
-1.04103291034698
-0.969332695007324
-0.253208190202713
0.411400973796844
0.768585622310638
0.986494541168213
0.855731606483459
0.772183775901794
0.761038184165955
0.261945068836212
-0.695783674716949
-1.83895003795624
-2.70049333572388
-2.6642484664917
-1.68142020702362
-0.354044824838638
0.547517240047455
0.752174437046051
0.698728382587433
0.690917670726776
0.645545601844788
0.454842329025269
-0.0237148683518171
-0.766079664230347
-1.41576957702637
-1.59444963932037
-1.21927416324615
-0.590295732021332
-0.340441972017288
-0.600914716720581
-0.975212633609772
-1.2114634513855
-1.05849719047546
-0.817507266998291
-1.11150443553925
-1.68168342113495
-1.9602347612381
-1.84579527378082
-1.26806890964508
-0.48164838552475
-0.0745281130075455
-0.185193911194801
-0.705788314342499
-1.31686365604401
-1.61472225189209
-1.63051915168762
-1.49896645545959
-1.33775067329407
-1.32502543926239
-1.13914895057678
-0.498849421739578
0.121616274118423
0.344527572393417
0.119773305952549
-0.40924608707428
-0.7093865275383
-0.598281919956207
-0.36554142832756
-0.163517117500305
-0.181683510541916
-0.252593874931335
0.136184498667717
0.886184453964233
1.56430876255035
1.97941517829895
1.93790459632874
1.54342174530029
1.25091648101807
1.05328023433685
0.804742872714996
0.345843970775604
-0.476997077465057
-1.30791211128235
-1.58356738090515
-1.04533314704895
0.18252195417881
1.38238155841827
1.84795022010803
1.685418009758
1.33209478855133
1.08241665363312
1.02309060096741
0.758844196796417
-0.01072633638978
-0.663312315940857
-0.726236522197723
-0.201517343521118
0.606141209602356
1.16701757907867
1.34455680847168
1.52121841907501
1.81354808807373
1.83829653263092
1.36579477787018
0.487225919961929
-0.126306727528572
-0.447860658168793
-0.594508230686188
-0.381777107715607
0.0813342705368996
0.734183549880981
1.62732064723969
2.30728793144226
2.41681289672852
2.30325078964233
1.8582181930542
0.911020636558533
-0.170362412929535
-0.911498606204987
-0.98969304561615
-0.433029145002365
0.264490127563477
0.726987183094025
0.997289061546326
0.906632602214813
0.848623037338257
1.0146656036377
0.645721077919006
-0.341407358646393
-1.52108204364777
-2.58447408676147
-2.88593101501465
-2.0905590057373
-0.702102422714233
0.469586074352264
0.861523807048798
0.778853535652161
0.754807233810425
0.768234550952911
0.698816120624542
0.370592385530472
-0.414160668849945
-1.31686365604401
-1.69537401199341
-1.40207898616791
-0.77002888917923
-0.330788344144821
-0.399943500757217
-0.713774502277374
-0.95994234085083
-0.915184557437897
-0.717197179794312
-0.981268048286438
-1.65202045440674
-2.05413842201233
-2.04545021057129
-1.55135929584503
-0.640143573284149
0.0014723528875038
0.0122668761759996
-0.459181725978851
-1.10404479503632
-1.5226616859436
-1.60269916057587
-1.49642133712769
-1.40629148483276
-1.53547465801239
-1.51590418815613
-0.867706179618835
-0.00721592223271728
0.492754817008972
0.485558450222015
0.0457913316786289
-0.421444773674011
-0.560720443725586
-0.50262314081192
-0.429957538843155
-0.47173148393631
-0.470678359270096
-0.0868145599961281
0.633610188961029
1.50313973426819
2.26147699356079
2.4377875328064
1.98924434185028
1.4631210565567
1.05512309074402
0.66011381149292
0.186032369732857
-0.544484794139862
-1.31905770301819
-1.56127619743347
-0.98662143945694
0.210517510771751
1.41555488109589
2.03408980369568
1.99047303199768
1.52244699001312
0.98315966129303
0.633873462677002
0.372084319591522
-0.0626804679632187
-0.422146856784821
-0.185895994305611
0.473359763622284
1.16017234325409
1.46373534202576
1.32375752925873
1.16359496116638
1.25644540786743
1.49831295013428
1.41669583320618
0.821943879127502
0.102133475244045
-0.211170986294746
-0.185544952750206
0.0652741268277168
0.425793647766113
0.803865253925323
1.20335042476654
1.63311278820038
1.93702697753906
2.06893062591553
2.02434849739075
1.37527287006378
0.20963990688324
-0.803728878498077
-1.17460417747498
-0.7081578373909
0.298102349042892
0.9757000207901
1.03520154953003
0.750682473182678
0.426583498716354
0.458089470863342
0.550676643848419
0.0507936701178551
-1.09421563148499
-2.30021834373474
-2.85117793083191
-2.30013060569763
-0.928699612617493
0.336541384458542
0.815274119377136
0.587360441684723
0.325220286846161
0.451770722866058
0.688021600246429
0.566824555397034
-0.0789161324501038
-0.997942566871643
-1.63420510292053
-1.59980309009552
-1.06709766387939
-0.522720217704773
-0.40459480881691
-0.699381828308105
-1.01628446578979
-1.04735159873962
-0.773627102375031
-0.653307616710663
-1.07525944709778
-1.65491652488708
-1.93136167526245
-1.70651960372925
-0.946163952350616
-0.200990781188011
-0.0461815185844898
-0.503588497638702
-1.17653489112854
-1.60971999168396
-1.6421035528183
-1.45385754108429
-1.27052617073059
-1.252974152565
-1.27526521682739
-0.919923603534698
-0.185457199811935
0.41789522767067
0.503549337387085
0.0964290574193001
-0.470239549875259
-0.775557816028595
-0.71184378862381
-0.434608846902847
-0.282081335783005
-0.357994049787521
-0.233023315668106
0.361289799213409
1.23933207988739
2.08894014358521
2.46104407310486
2.11193323135376
1.47567081451416
0.978332817554474
0.567438840866089
0.0913389548659325
-0.589154839515686
-1.33424019813538
-1.6301680803299
-1.15678882598877
-0.0453039146959782
1.21212637424469
2.01846861839294
2.1230788230896
1.7410581111908
1.18009388446808
0.712155699729919
0.416754335165024
0.0894082263112068
-0.345005512237549
-0.545537948608398
-0.0919924229383469
0.73190176486969
1.43100070953369
1.63662326335907
1.31445503234863
1.03125238418579
1.18930876255035
1.38931453227997
1.19589078426361
0.574810743331909
-0.0764588415622711
-0.214769154787064
-0.0238903891295195
0.242286756634712
0.596926331520081
0.980702340602875
1.32595157623291
1.74255001544952
2.04497218132019
2.12097263336182
1.8203934431076
0.929187059402466
-0.189845219254494
-0.910094439983368
-0.824703633785248
-0.0786528512835503
0.748839497566223
1.08110022544861
0.994480729103088
0.736202001571655
0.605614602565765
0.716455936431885
0.461863160133362
-0.563528776168823
-1.88028514385223
-2.74612879753113
-2.73068284988403
-1.62060225009918
-0.0322276242077351
0.91821700334549
0.992111206054688
0.772885859012604
0.649845838546753
0.679772138595581
0.635453164577484
0.0760686546564102
-0.907110571861267
-1.78094041347504
-2.08608317375183
-1.67817306518555
-0.926242351531982
-0.367033362388611
-0.252769380807877
-0.443472623825073
-0.643478453159332
-0.616009473800659
-0.55466502904892
-0.922468662261963
-1.64535069465637
-2.20666599273682
-2.2028923034668
-1.55381667613983
-0.629787862300873
-0.03714220225811
-0.155530914664268
-0.739927113056183
-1.2185720205307
-1.36363995075226
-1.25885403156281
-1.1086083650589
-1.21822106838226
-1.49089241027832
-1.43340945243835
-0.871392130851746
-0.0761955603957176
0.457211852073669
0.469761610031128
0.172078475356102
-0.162288472056389
-0.402927339076996
-0.437241643667221
-0.394414603710175
-0.444789052009583
-0.400119036436081
-0.042056780308485
0.663975238800049
1.58791625499725
2.32984232902527
2.49562168121338
2.074547290802
1.40405833721161
0.793685078620911
0.204462051391602
-0.527459263801575
-1.25981938838959
-1.65684723854065
-1.4446427822113
-0.46953746676445
0.884692549705505
1.96984934806824
2.44033265113831
2.24857616424561
1.56404542922974
0.777537167072296
0.172166243195534
-0.259526938199997
-0.529477775096893
-0.545362412929535
-0.0817244648933411
0.800442576408386
1.55342638492584
1.74974632263184
1.40142548084259
0.976928651332855
1.00185263156891
1.20773839950562
1.01492893695831
0.395691871643066
-0.207836091518402
-0.367823213338852
-0.0916413813829422
0.3333820104599
0.713735401630402
1.06960356235504
1.332972407341
1.54078888893127
1.71218490600586
1.79687368869781
1.68515467643738
0.974559128284454
-0.268039703369141
-1.25192105770111
-1.34538578987122
-0.563616573810577
0.648178398609161
1.36553156375885
1.26083338260651
0.755158245563507
0.289063036441803
0.164794370532036
0.145750373601913
-0.375897169113159
-1.54521608352661
-2.61062669754028
-2.87057304382324
-2.04834628105164
-0.449615865945816
0.874161303043365
1.14709603786469
0.78631317615509
0.458001703023911
0.34856453537941
0.360324442386627
0.114858731627464
-0.553875148296356
-1.36723816394806
-1.89318585395813
-1.84763824939728
-1.23621189594269
-0.384585440158844
0.135219126939774
0.0552694499492645
-0.403366148471832
-0.804430961608887
-0.888066589832306
-0.932999908924103
-1.2836902141571
-1.77005815505981
-1.94171738624573
-1.57479131221771
-0.834357261657715
-0.162639513611794
-0.0245047118514776
-0.468659847974777
-1.08438646793365
-1.48852288722992
-1.53459715843201
-1.29799520969391
-1.05963802337646
-1.0186539888382
-1.04392898082733
-0.841290295124054
-0.324996173381805
0.199810743331909
0.367257505655289
0.207884699106216
-0.091027058660984
-0.437768220901489
-0.570198595523834
-0.455232530832291
-0.322977662086487
-0.200903013348579
0.00454396521672606
0.4398353099823
1.19878685474396
2.0250506401062
2.49957084655762
2.36055850982666
1.7387763261795
1.01606976985931
0.32592236995697
-0.47638276219368
-1.25130665302277
-1.65509212017059
-1.49747443199158
-0.665506303310394
0.61737447977066
1.78546476364136
2.48438835144043
2.57688760757446
2.01978492736816
1.08961296081543
0.179187074303627
-0.454881489276886
-0.768098175525665
-0.846819221973419
-0.524299919605255
0.347335904836655
1.3494713306427
1.96607565879822
1.81890153884888
1.2643438577652
0.988776326179504
0.987108886241913
0.884517014026642
0.443696767091751
-0.112967148423195
-0.367208898067474
-0.136048123240471
0.29037943482399
0.778502523899078
1.23266232013702
1.50866866111755
1.633376121521
1.74746453762054
1.75501191616058
1.53648865222931
1.0644257068634
0.124951168894768
-0.810135364532471
-1.16126453876495
-0.664277672767639
0.36804735660553
1.32402086257935
1.54895067214966
1.10874474048615
0.463091820478439
0.064308762550354
-0.0174838826060295
-0.429869771003723
-1.37197721004486
-2.35515642166138
-2.67530608177185
-2.09845733642578
-0.685778975486755
0.707679927349091
1.25530445575714
1.13112366199493
0.642473995685577
0.209025591611862
0.0208673905581236
-0.224861592054367
-0.797059118747711
-1.45570051670074
-1.82052028179169
-1.72082459926605
-1.18732941150665
-0.432239323854446
0.212536007165909
0.299067705869675
-0.151406183838844
-0.67033314704895
-0.96608555316925
-1.11483931541443
-1.2930805683136
-1.58900856971741
-1.76567006111145
-1.56373357772827
-1.05639088153839
-0.467080175876617
-0.25979021191597
-0.55773663520813
-0.985656082630157
-1.30782437324524
-1.43498909473419
-1.31967198848724
-1.16635465621948
-1.12414193153381
-1.0694671869278
-0.87648218870163
-0.552997529506683
-0.150265291333199
0.15005062520504
0.232545360922813
0.117052733898163
-0.227933213114738
-0.522105932235718
-0.638476133346558
-0.630753219127655
-0.430396348237991
-0.204237908124924
0.0600085072219372
0.686003088951111
1.56966209411621
2.239098072052
2.37126517295837
1.89867568016052
1.16008448600769
0.39147937297821
-0.414248436689377
-1.16363406181335
-1.61296713352203
-1.53705441951752
-0.796181499958038
0.388846546411514
1.45399391651154
2.18301916122437
2.49290108680725
2.1716103553772
1.37843227386475
0.435798346996307
-0.414862751960754
-0.933965265750885
-1.00347149372101
-0.645496964454651
0.112752482295036
1.07688772678375
1.91280508041382
2.13299584388733
1.65979194641113
1.18456971645355
1.05591297149658
0.963501334190369
0.512676417827606
-0.00677712028846145
-0.257859498262405
-0.224159508943558
0.132849603891373
0.731814026832581
1.20141971111298
1.5233246088028
1.87164545059204
1.98108267784119
1.73430049419403
1.45276534557343
1.03230547904968
0.214554488658905
-0.638914942741394
-1.08429872989655
-0.83251428604126
0.0451770089566708
1.12875413894653
1.73421275615692
1.6073991060257
1.0112429857254
0.409996807575226
0.0336804017424583
-0.419338524341583
-1.07859432697296
-1.92986977100372
-2.48477840423584
-2.19938182830811
-1.07859432697296
0.27984818816185
1.1791285276413
1.24459779262543
0.754543960094452
0.283446371555328
-0.0775119662284851
-0.370719313621521
-0.674545645713806
-1.10325491428375
-1.51283252239227
-1.63596034049988
-1.3890026807785
-0.730097949504852
0.152595683932304
0.576127171516418
0.253169029951096
-0.464886158704758
-1.12738907337189
-1.4445549249649
-1.52810287475586
-1.69256567955017
-1.79594743251801
-1.60050511360168
-1.16222989559174
-0.580817580223083
-0.215120196342468
-0.241185024380684
-0.573445737361908
-1.11536586284637
-1.59629261493683
-1.74750375747681
-1.57487905025482
-1.21813321113586
-0.939932942390442
-0.868057250976563
-0.724042475223541
-0.400470048189163
-0.0158164370805025
0.349793195724487
0.451244175434113
0.0833527594804764
-0.402137517929077
-0.731677651405334
-0.806624948978424
-0.507274389266968
-0.175891324877739
0.0514079928398132
0.561032354831696
1.35947608947754
2.15458488464355
2.60997343063354
2.34862303733826
1.62837374210358
0.799126207828522
-0.186334803700447
-1.09895467758179
-1.57988142967224
-1.57277286052704
-0.909392356872559
0.24211123585701
1.33973002433777
2.21452522277832
2.75723528862
2.67166876792908
1.87401497364044
0.61500495672226
-0.601090252399445
-1.27245688438416
-1.3202862739563
-0.849452018737793
0.0399113856256008
1.08487391471863
2.07507395744324
2.43190765380859
1.95387697219849
1.32130026817322
0.878110527992249
0.580427408218384
0.214817777276039
-0.250575393438339
-0.476207256317139
-0.176330119371414
0.357252836227417
1.0194046497345
1.52981889247894
1.72122418880463
1.77010679244995
1.65163028240204
1.34139740467072
1.05310463905334
0.793509542942047
0.284411728382111
-0.368262022733688
-0.765114307403564
-0.607145667076111
0.08738973736763
1.00799584388733
1.70972764492035
1.71113181114197
1.0478390455246
0.242023482918739
-0.315342515707016
-0.680952131748199
-1.09737503528595
-1.64420974254608
-2.04351949691772
-1.90178644657135
-1.11729657649994
0.121616274118423
1.0396773815155
1.14051401615143
0.806147038936615
0.308194786310196
-0.269005060195923
-0.652254521846771
-0.896579325199127
-1.21611475944519
-1.48185312747955
-1.55609834194183
-1.39286410808563
-0.868144989013672
-0.0506572984158993
0.634400010108948
0.650811195373535
-0.0643479153513908
-0.90184497833252
-1.41401433944702
-1.66729080677032
-1.75268161296844
-1.67562794685364
-1.53898513317108
-1.31396758556366
-0.885784804821014
-0.489020258188248
-0.353957086801529
-0.514383018016815
-0.96301394701004
-1.53433382511139
-1.93636405467987
-1.93469655513763
-1.49484169483185
-0.998644649982452
-0.735714614391327
-0.556595742702484
-0.415915876626968
-0.254700124263763
0.0515835136175156
0.324693739414215
0.196300342679024
-0.289892017841339
-0.781350016593933
-0.997942566871643
-0.760814070701599
-0.310603469610214
0.0289413426071405
0.338735401630402
0.874336838722229
1.68173205852509
2.38829064369202
2.46323800086975
1.92254650592804
1.06951582431793
0.00401740288361907
-0.998644649982452
-1.55952107906342
-1.54205667972565
-0.909567892551422
0.136184498667717
1.12278640270233
1.83355748653412
2.32808709144592
2.53678107261658
2.15458488464355
1.08469843864441
-0.208976969122887
-1.16767108440399
-1.4764119386673
-1.0966728925705
-0.24013189971447
0.82782381772995
1.8770866394043
2.39127445220947
2.02039933204651
1.38080179691315
0.876179814338684
0.680123150348663
0.562875330448151
0.133814960718155
-0.24539752304554
-0.271286815404892
0.0499160662293434
0.620446145534515
1.28988206386566
1.55149567127228
1.6464524269104
1.69068360328674
1.57720947265625
1.42889451980591
1.06749737262726
0.356375217437744
-0.456899970769882
-0.870953321456909
-0.753091156482697
-0.110246576368809
0.782715022563934
1.7008638381958
2.00583100318909
1.44504237174988
0.62983649969101
0.0031397994607687
-0.527898073196411
-1.04735159873962
-1.66729080677032
-2.4347550868988
-2.57245111465454
-1.50335443019867
0.0628168359398842
1.12480485439301
1.41169345378876
1.01642084121704
0.220083385705948
-0.412054419517517
-0.67472118139267
-0.85910564661026
-1.1759204864502
-1.50344216823578
-1.68624699115753
-1.57540571689606
-0.990570664405823
-0.0533778667449951
0.670732796192169
0.622289061546326
-0.0736505091190338
-0.778980493545532
-1.22620725631714
-1.46166825294495
-1.55258798599243
-1.5936598777771
-1.57154417037964
-1.43288290500641
-1.13528752326965
-0.894560873508453
-0.764851033687592
-0.61653608083725
-0.724656820297241
-1.21365749835968
-1.59769678115845
-1.61156296730042
-1.37180161476135
-1.07798004150391
-0.938002228736877
-0.928611874580383
-0.877886354923248
-0.643653988838196
-0.239693090319633
0.159528747200966
0.208235740661621
-0.071632020175457
-0.469274193048477
-0.826897621154785
-0.783368468284607
-0.447948426008224
-0.274621725082397
-0.125341355800629
0.423248618841171
1.32963752746582
2.24655771255493
2.62068009376526
2.23242831230164
1.34850597381592
0.202706843614578
-0.92536473274231
-1.67633008956909
-1.86132884025574
-1.29132544994354
-0.0904127359390259
1.10260152816772
1.97063910961151
2.53669333457947
2.69940114021301
2.35029053688049
1.40335619449615
-0.0100242532789707
-1.27149152755737
-1.86115336418152
-1.6633415222168
-0.806273937225342
0.3454929292202
1.5719438791275
2.54064273834229
2.55915999412537
1.83619034290314
1.06512784957886
0.563752949237823
0.374804884195328
0.161196202039719
-0.365190386772156
-0.661644876003265
-0.246713921427727
0.630187511444092
1.49173092842102
1.8073171377182
1.78142786026001
1.72991251945496
1.67629086971283
1.55790221691132
1.21335506439209
0.45870378613472
-0.304372489452362
-0.760463058948517
-0.834093987941742
-0.259263664484024
0.701361179351807
1.56167590618134
1.9882789850235
1.61345446109772
0.738483786582947
0.0518467947840691
-0.426359355449677
-0.883678555488586
-1.3403834104538
-1.91626691818237
-2.18683195114136
-1.59401082992554
-0.467255681753159
0.534353196620941
1.00202810764313
0.883814930915833
0.424301743507385
-0.125867918133736
-0.563704311847687
-0.881835579872131
-1.34090995788574
-1.82745337486267
-1.97410094738007
-1.78252005577087
-1.22067832946777
-0.280940473079681
0.543480277061462
0.822207152843475
0.513202965259552
-0.15035305917263
-0.843659818172455
-1.47193622589111
-2.02930212020874
-2.25528502464294
-2.04825854301453
-1.62806189060211
-1.10922265052795
-0.746860146522522
-0.671210765838623
-0.67779278755188
-0.793987512588501
-1.13809585571289
-1.4752711057663
-1.6883533000946
-1.7036235332489
-1.40734457969666
-0.994695425033569
-0.653570950031281
-0.49744525551796
-0.543080627918243
-0.557999908924103
-0.273831874132156
0.0639577209949493
0.114858731627464
-0.185018390417099
-0.632245182991028
-0.690869092941284
-0.428553372621536
-0.272252202033997
-0.137978851795197
0.239653944969177
0.899962842464447
1.81960356235504
2.40487742424011
2.19074201583862
1.54886293411255
0.726372838020325
-0.283661037683487
-1.17276120185852
-1.56364572048187
-1.20102000236511
-0.143068954348564
0.956217229366302
1.65189349651337
2.03470420837402
2.21364760398865
2.21584153175354
1.78300750255585
0.657305479049683
-0.67279040813446
-1.49220883846283
-1.56575202941895
-0.899036645889282
0.123634763062
1.19738268852234
2.13799810409546
2.25612354278564
1.78423619270325
1.30769741535187
0.957182586193085
0.756123602390289
0.402888208627701
-0.299457907676697
-0.751599252223969
-0.401610940694809
0.434920728206635
1.35342061519623
1.75755703449249
1.70735812187195
1.72912263870239
1.74044370651245
1.6096807718277
1.26460707187653
0.436500430107117
-0.536937415599823
-0.869987964630127
-0.702277898788452
-0.167729601264
0.602542996406555
1.26135993003845
1.66979670524597
1.55948185920715
1.10777938365936
0.595697700977325
0.0107749504968524
-0.650323808193207
-1.33187067508698
-2.05431389808655
-2.30978441238403
-1.64614045619965
-0.491389781236649
0.4942467212677
0.936032354831696
0.782890558242798
0.394550979137421
0.0887939035892487
-0.264704793691635
-0.742296636104584
-1.35688233375549
-1.96321868896484
-2.0797643661499
-1.72591471672058
-1.13239145278931
-0.278395414352417
0.530052959918976
0.904263079166412
0.764899671077728
0.185856848955154
-0.602231085300446
-1.38084101676941
-2.0442214012146
-2.32444024085999
-2.08415246009827
-1.59883773326874
-1.04656183719635
-0.707806825637817
-0.736065626144409
-0.778541684150696
-0.77064323425293
-0.978723049163818
-1.30229544639587
-1.60032963752747
-1.75706958770752
-1.58207547664642
-1.24744522571564
-0.946514964103699
-0.705525040626526
-0.61521965265274
-0.547731935977936
-0.257508456707001
0.027537178248167
0.0689600631594658
-0.120690055191517
-0.600651443004608
-0.907637119293213
-0.76002424955368
-0.501482248306274
-0.198270216584206
0.289150774478912
0.955690681934357
1.77352941036224
2.30325078964233
2.16836333274841
1.60932981967926
0.746996521949768
-0.312183141708374
-1.18627631664276
-1.64166474342346
-1.3782958984375
-0.290155291557312
0.979824781417847
1.89744699001312
2.41181039810181
2.50185251235962
2.29043793678284
1.71674847602844
0.548745930194855
-0.825844466686249
-1.77155005931854
-1.92758798599243
-1.19575440883636
-0.00651383912190795
1.20589542388916
2.25577259063721
2.65139627456665
2.20574903488159
1.48980021476746
0.798248589038849
0.335400491952896
0.111874878406525
-0.19186370074749
-0.518156707286835
-0.383269041776657
0.370943427085876
1.48725509643555
2.1952178478241
2.1196563243866
1.8416314125061
1.51507520675659
1.13007044792175
0.875126659870148
0.473184257745743
-0.134117394685745
-0.419865101575851
-0.343952387571335
0.00112131144851446
0.640455484390259
1.27627921104431
1.80485987663269
1.85075855255127
1.21844518184662
0.441151708364487
-0.223457425832748
-0.754846394062042
-1.08350884914398
-1.35073912143707
-1.64298117160797
-1.42164957523346
-0.581519663333893
0.348037987947464
0.864770948886871
0.797195494174957
0.297663539648056
-0.325522720813751
-0.737996399402618
-0.921678781509399
-1.15687656402588
-1.55864346027374
-1.71924483776093
-1.47535884380341
-1.02944850921631
-0.305688887834549
0.531193852424622
1.02247631549835
0.926466464996338
0.274758100509644
-0.571953773498535
-1.28272485733032
-1.80472350120544
-2.02122831344604
-1.85395705699921
-1.54170572757721
-1.10457134246826
-0.711580514907837
-0.637071967124939
-0.703506588935852
-0.760287523269653
-0.950551927089691
-1.23226273059845
-1.47307705879211
-1.54934084415436
-1.36451756954193
-1.15090882778168
-1.01426601409912
-0.905267596244812
-0.850505173206329
-0.702014625072479
-0.268478482961655
0.11380560696125
0.161371722817421
-0.0288927294313908
-0.421181499958038
-0.70868444442749
-0.678933680057526
-0.564757466316223
-0.480595260858536
-0.236445963382721
0.371645510196686
1.33148050308228
2.15572571754456
2.32703399658203
1.88138687610626
1.03186666965485
0.0251676477491856
-0.812417149543762
-1.30334854125977
-1.24779629707336
-0.517542362213135
0.542427182197571
1.43091297149658
1.96598780155182
2.16836333274841
2.18301916122437
1.88919758796692
0.986406803131104
-0.335878431797028
-1.47728955745697
-1.88072395324707
-1.3700464963913
-0.338072448968887
0.782715022563934
1.8913037776947
2.53327083587646
2.34467387199402
1.62416124343872
0.831070959568024
0.417982995510101
0.317848414182663
0.0160405710339546
-0.46058589220047
-0.548872828483582
0.124073565006256
1.34139740467072
2.27113056182861
2.35546827316284
2.0426025390625
1.72552442550659
1.37492191791534
1.00553858280182
0.520399332046509
-0.0766343623399734
-0.475505173206329
-0.487967133522034
-0.0779507681727409
0.648792743682861
1.3518408536911
1.87068009376526
1.94088840484619
1.3766770362854
0.598857045173645
0.0116525534540415
-0.428904414176941
-0.87332284450531
-1.36890554428101
-1.7425891160965
-1.64263010025024
-0.879027247428894
0.165057644248009
0.804742872714996
0.720668435096741
0.215783134102821
-0.257683962583542
-0.602055609226227
-0.893858790397644
-1.22225797176361
-1.66992354393005
-1.96585142612457
-1.7922614812851
-1.26192569732666
-0.516050457954407
0.307229429483414
0.915145397186279
1.051349401474
0.605263590812683
-0.165096789598465
-0.928524076938629
-1.64043605327606
-2.17182493209839
-2.18130302429199
-1.75136518478394
-1.15713977813721
-0.685603439807892
-0.644531607627869
-0.86287933588028
-1.06428933143616
-1.17118144035339
-1.19838714599609
-1.2919397354126
-1.46868908405304
-1.49440288543701
-1.42709064483643
-1.35275769233704
-1.11229431629181
-0.78108674287796
-0.531496286392212
-0.268390744924545
-0.0479367263615131
-0.00774248410016298
-0.0769854038953781
-0.309901386499405
-0.577394962310791
-0.74519270658493
-0.859632253646851
-0.760550796985626
-0.281379252672195
0.472131133079529
1.4122200012207
2.17380428314209
2.2959668636322
1.86120200157166
1.1318256855011
0.266947418451309
-0.558438718318939
-1.18101060390472
-1.27500200271606
-0.589593648910522
0.59455680847168
1.75422215461731
2.47877168655396
2.58698010444641
2.28473353385925
1.7717741727829
0.888992786407471
-0.326312571763992
-1.42463338375092
-1.87300097942352
-1.45824563503265
-0.446456491947174
0.742608547210693
1.80328011512756
2.39847087860107
2.25822973251343
1.5860732793808
0.803426444530487
0.390601754188538
0.353040337562561
0.147505581378937
-0.288663387298584
-0.444525748491287
0.155842810869217
1.31015467643738
2.2663037776947
2.26086258888245
1.74167239665985
1.40256643295288
1.19264364242554
0.991321384906769
0.718649983406067
0.275372415781021
-0.208713695406914
-0.350095629692078
-0.0564494803547859
0.532773554325104
1.13735461235046
1.62933909893036
1.67620313167572
1.22695791721344
0.650284647941589
0.197265699505806
-0.187651202082634
-0.523773372173309
-0.853401243686676
-1.33266055583954
-1.52485573291779
-1.03743469715118
-0.190722823143005
0.461512118577957
0.650547921657562
0.229210466146469
-0.300774306058884
-0.491565316915512
-0.581607460975647
-0.847872316837311
-1.37618970870972
-1.93171274662018
-1.96550047397614
-1.43849956989288
-0.724744558334351
0.121616274118423
0.860119640827179
1.08443510532379
0.833791553974152
0.280901312828064
-0.491126507520676
-1.24305725097656
-1.86203098297119
-2.15690565109253
-2.01640152931213
-1.5522369146347
-0.987586796283722
-0.774767994880676
-0.917554080486298
-1.06025242805481
-1.08754587173462
-1.00373470783234
-0.950639724731445
-1.14248383045197
-1.40321981906891
-1.44946956634521
-1.42393124103546
-1.36206018924713
-1.2139208316803
-0.981004774570465
-0.610041797161102
-0.205203279852867
0.0221837963908911
0.171815201640129
0.0739624053239822
-0.25979021191597
-0.533778011798859
-0.925101459026337
-1.25078010559082
-1.01452922821045
-0.332104742527008
0.633785724639893
1.72640204429626
2.26955080032349
2.09394240379333
1.55360198020935
0.755509316921234
-0.149650976061821
-0.891577005386353
-1.23568534851074
-0.871743142604828
0.0574634596705437
1.01887810230255
1.75369560718536
2.07639026641846
2.07954978942871
1.99082398414612
1.57220709323883
0.510657906532288
-0.825405716896057
-1.77804434299469
-1.91512596607208
-1.17618381977081
0.0364009737968445
1.29892146587372
2.16897749900818
2.30693674087524
1.88279104232788
1.30892610549927
0.841953277587891
0.651250004768372
0.394638746976852
-0.226090237498283
-0.704647421836853
-0.348779201507568
0.820013165473938
1.97423732280731
2.33414244651794
2.08499097824097
1.79941868782043
1.44591999053955
1.15806603431702
0.904438614845276
0.395691871643066
-0.15412674844265
-0.50946843624115
-0.51622599363327
-0.0704033747315407
0.697938501834869
1.47084391117096
1.88577485084534
1.56799459457397
0.936383366584778
0.487928003072739
0.0783504247665405
-0.334474265575409
-0.86586320400238
-1.46754825115204
-1.70915246009827
-1.31265115737915
-0.494636923074722
0.272564083337784
0.560593545436859
0.389460861682892
0.131006628274918
-0.103313505649567
-0.359485983848572
-0.80153489112854
-1.59734570980072
-2.30881881713867
-2.31311917304993
-1.65658402442932
-0.740102648735046
0.137851938605309
0.73190176486969
1.02019453048706
1.02572345733643
0.699957013130188
0.0590431429445744
-0.875429093837738
-1.84640967845917
-2.28284192085266
-2.1294367313385
-1.63385403156281
-1.01768863201141
-0.757918000221252
-0.8974569439888
-1.12036824226379
-1.27816140651703
-1.18320465087891
-0.967314183712006
-0.997240483760834
-1.14274716377258
-1.3262540102005
-1.54328536987305
-1.45692920684814
-1.14151847362518
-0.903863430023193
-0.603284239768982
-0.255928754806519
-0.0664541572332382
0.137851938605309
0.147593334317207
-0.173785075545311
-0.557034552097321
-0.972667574882507
-1.20031785964966
-0.945900678634644
-0.301476389169693
0.640016674995422
1.63635993003845
2.12088489532471
2.072265625
1.60696029663086
0.745855689048767
-0.118057250976563
-0.791266918182373
-1.13958775997162
-0.776084363460541
0.202882364392281
1.27408528327942
2.08025193214417
2.28315377235413
2.01811742782593
1.66137170791626
1.14288353919983
0.315829932689667
-0.759322166442871
-1.69590067863464
-1.91705667972565
-1.21207785606384
0.00691349478438497
1.20721185207367
2.03435325622559
2.24646997451782
1.94624173641205
1.39651095867157
0.84888631105423
0.486611574888229
0.154789686203003
-0.333157867193222
-0.675423264503479
-0.238376691937447
0.952531278133392
2.22514414787292
2.64235687255859
2.18345808982849
1.59230422973633
1.16605222225189
0.937612056732178
0.809920728206635
0.532949030399323
0.0733480826020241
-0.237060278654099
-0.295684188604355
0.0856345295906067
0.723213493824005
1.34868156909943
1.77510905265808
1.64504826068878
1.12928068637848
0.671347141265869
0.27984818816185
-0.139470770955086
-0.608900904655457
-1.22287237644196
-1.53617680072784
-1.2482351064682
-0.589681386947632
0.10775014013052
0.40885591506958
0.242637798190117
-0.0562739595770836
-0.291734993457794
-0.432502597570419
-0.655150592327118
-1.2955379486084
-2.04272961616516
-2.24677228927612
-1.82806777954102
-1.01058006286621
-0.126657769083977
0.466689974069595
0.784119188785553
0.886798799037933
0.636506259441376
0.103011079132557
-0.602933168411255
-1.40269327163696
-1.84719944000244
-1.86457598209381
-1.7379378080368
-1.43525242805481
-1.19101536273956
-1.16846096515656
-1.22559285163879
-1.3026465177536
-1.21927416324615
-0.932385563850403
-0.829267144203186
-0.972667574882507
-1.21418404579163
-1.53178882598877
-1.61612641811371
-1.37513649463654
-1.08895003795624
-0.725709915161133
-0.294894367456436
-0.0248557534068823
0.204725325107574
0.26931694149971
-0.00467087188735604
-0.451020032167435
-0.985480546951294
-1.3405590057373
-1.15573561191559
-0.543168425559998
0.40359029173851
1.45662677288055
2.07068586349487
2.14405369758606
1.73359847068787
0.866701662540436
-0.0583802089095116
-0.74642139673233
-1.10097324848175
-0.78731769323349
0.0871264562010765
1.15323925018311
2.13808584213257
2.54748797416687
2.29921388626099
1.77475810050964
1.09250903129578
0.240794837474823
-0.732730746269226
-1.60901784896851
-1.88546299934387
-1.24814736843109
0.0305210296064615
1.3707971572876
2.21312093734741
2.36959767341614
1.95194613933563
1.31603467464447
0.755772590637207
0.398500174283981
0.129690229892731
-0.290769636631012
-0.589154839515686
-0.249522253870964
0.790788948535919
2.04567432403564
2.76504588127136
2.49843001365662
1.77326607704163
1.13086032867432
0.653707265853882
0.354707777500153
0.221750840544701
0.0771217793226242
-0.0447773523628712
-0.0196778923273087
0.252730250358582
0.7627934217453
1.21651446819305
1.52946782112122
1.54921388626099
1.21993708610535
0.809394180774689
0.3999043405056
-0.0466203205287457
-0.527634799480438
-0.875165820121765
-0.955554306507111
-0.816980719566345
-0.470678359270096
0.00463172560557723
0.2390396296978
0.196739137172699
0.0976577028632164
-0.135784834623337
-0.362557590007782
-0.644970417022705
-1.24621653556824
-1.9046825170517
-2.12039756774902
-1.62068998813629
-0.594420433044434
0.287922143936157
0.613600790500641
0.667748928070068
0.673190116882324
0.554187059402466
0.241409152746201
-0.359047174453735
-1.15310287475586
-1.63832986354828
-1.66070878505707
-1.50765466690063
-1.28632307052612
-1.15011894702911
-1.20654892921448
-1.40743231773376
-1.57084214687347
-1.43762195110321
-0.975563645362854
-0.598281919956207
-0.634000360965729
-1.02207660675049
-1.45341873168945
-1.58128559589386
-1.45289218425751
-1.27728378772736
-0.999434471130371
-0.594771504402161
-0.190284013748169
0.233949527144432
0.423511892557144
0.244217485189438
-0.0772486850619316
-0.649797201156616
-1.24691867828369
-1.37425899505615
-1.01356387138367
-0.275236040353775
0.731199681758881
1.52850246429443
1.90762722492218
1.86980247497559
1.32051050662994
0.45185849070549
-0.418987482786179
-0.966963112354279
-0.825756728649139
-0.0839184671640396
0.868807911872864
1.76018977165222
2.19486689567566
2.09025645256042
1.71683621406555
1.18729019165039
0.571563601493835
-0.240482941269875
-1.16635465621948
-1.66228842735291
-1.41015291213989
-0.392747163772583
1.07811641693115
2.12035822868347
2.34502482414246
1.90885591506958
1.18176138401031
0.591485202312469
0.258610188961029
0.157773539423943
0.0421931557357311
-0.12920281291008
-0.0345971509814262
0.684862196445465
1.761155128479
2.63015818595886
2.64305901527405
1.95993232727051
1.19545197486877
0.6019287109375
0.326010137796402
0.309598952531815
0.235880255699158
0.0370152965188026
-0.0192390903830528
0.159704267978668
0.605351328849792
1.09180700778961
1.373166680336
1.42476975917816
1.23081934452057
0.886886537075043
0.511272251605988
0.0497405454516411
-0.384936481714249
-0.734047174453735
-1.00224280357361
-1.05007219314575
-0.778541684150696
-0.334474265575409
0.0809832289814949
0.222014114260674
0.055532731115818
-0.159918934106827
-0.35106098651886
-0.609427452087402
-1.0730654001236
-1.76426589488983
-2.25159907341003
-1.93776822090149
-1.03971648216248
-0.189318656921387
0.328906238079071
0.503198266029358
0.522417783737183
0.507937371730804
0.347950220108032
-0.0239781495183706
-0.609778523445129
-1.16872417926788
-1.45499849319458
-1.56452333927155
-1.55355334281921
-1.4445549249649
-1.39698886871338
-1.53591346740723
-1.6883533000946
-1.55732703208923
-1.07385528087616
-0.574060022830963
-0.403366148471832
-0.610656082630157
-1.11132895946503
-1.60708713531494
-1.71029329299927
-1.47097086906433
-1.07508385181427
-0.528775691986084
-0.116740845143795
0.0810709893703461
0.225349009037018
0.244480773806572
0.0453525297343731
-0.427500247955322
-1.01689875125885
-1.26517283916473
-1.03875112533569
-0.47418874502182
0.387530148029327
1.20536887645721
1.69349193572998
1.8203934431076
1.4595228433609
0.648880481719971
-0.153073623776436
-0.611884772777557
-0.565196216106415
-0.0368789210915565
0.713472068309784
1.45557367801666
1.94711935520172
2.02487516403198
1.78678119182587
1.34727740287781
0.726899445056915
-0.0234515871852636
-0.869900166988373
-1.47079527378082
-1.46079063415527
-0.645496964454651
0.714964032173157
1.83355748653412
2.20697784423828
1.83917415142059
1.11093878746033
0.586482882499695
0.492491513490677
0.567877650260925
0.425881415605545
-0.0183614864945412
-0.228372007608414
0.25790810585022
1.3614068031311
2.50667929649353
2.77083802223206
2.0675265789032
1.19615399837494
0.563401877880096
0.24965862929821
0.330573678016663
0.44966447353363
0.395691871643066
0.316883057355881
0.285289347171783
0.470990240573883
0.775694191455841
1.10532212257385
1.37272787094116
1.32410860061646
0.957358121871948
0.657481014728546
0.443345725536346
0.062026996165514
-0.297088354825974
-0.608111083507538
-0.74589478969574
-0.700522720813751
-0.446368724107742
-0.0898861736059189
-0.0185370072722435
-0.203360304236412
-0.243027985095978
-0.362294316291809
-0.725534439086914
-0.944145441055298
-1.39251303672791
-1.9981472492218
-1.88291800022125
-1.09939348697662
-0.309813618659973
0.248166710138321
0.478976428508759
0.47537824511528
0.489332139492035
0.360850989818573
0.0303455088287592
-0.52860015630722
-1.15512132644653
-1.39312744140625
-1.37697947025299
-1.50765466690063
-1.61094856262207
-1.54240775108337
-1.61349368095398
-1.70941567420959
-1.5179226398468
-1.03462636470795
-0.530881941318512
-0.326049298048019
-0.514383018016815
-1.04752719402313
-1.61156296730042
-1.78436303138733
-1.58111011981964
-1.35881316661835
-0.912902772426605
-0.30121311545372
0.0752788111567497
0.320042431354523
0.433604329824448
0.245884940028191
-0.190459534525871
-0.72913259267807
-1.12431740760803
-1.15336608886719
-0.886574685573578
-0.236797004938126
0.650109112262726
1.38913905620575
1.84777462482452
1.78915071487427
1.03423619270325
0.0497405454516411
-0.543958246707916
-0.547644197940826
-0.0757567584514618
0.637208342552185
1.28672277927399
1.68103003501892
1.76501667499542
1.62898814678192
1.36307418346405
0.884692549705505
0.155404016375542
-0.742296636104584
-1.49624586105347
-1.65605747699738
-0.799428641796112
0.667310178279877
1.78923845291138
2.13211822509766
1.77905833721161
1.13235223293304
0.667397916316986
0.476870179176331
0.325308054685593
0.149611830711365
-0.124463751912117
-0.271901160478592
0.209990948438644
1.24705505371094
2.40408754348755
2.86544370651245
2.22119498252869
1.15481889247894
0.447733759880066
0.120563149452209
0.0227981191128492
0.119510024785995
0.241409152746201
0.27677658200264
0.391654878854752
0.697060883045197
0.927256286144257
1.00062394142151
1.04432857036591
1.00334453582764
0.823435842990875
0.687231779098511
0.497318357229233
0.11529753357172
-0.247942566871643
-0.449791371822357
-0.431186199188232
-0.283397763967514
-0.213979318737984
-0.155530914664268
-0.117618449032307
-0.29138395190239
-0.380109667778015
-0.359047174453735
-0.592665255069733
-0.943531155586243
-1.34064674377441
-1.78058934211731
-1.78515291213989
-1.14836382865906
-0.312709718942642
0.230877920985222
0.359885632991791
0.384458541870117
0.546464145183563
0.584990918636322
0.332241117954254
-0.190459534525871
-0.840324938297272
-1.23893249034882
-1.30036473274231
-1.31405532360077
-1.48431038856506
-1.63560926914215
-1.69844567775726
-1.77892196178436
-1.72310638427734
-1.28737616539001
-0.632508456707001
-0.217753008008003
-0.286644876003265
-0.806186199188232
-1.47658753395081
-1.80858492851257
-1.66913378238678
-1.34643888473511
-0.976880073547363
-0.574586629867554
-0.130519211292267
0.251238316297531
0.411225438117981
0.376296818256378
0.0795790702104568
-0.517366826534271
-1.04840469360352
-1.21242880821228
-1.07008159160614
-0.501657724380493
0.333030968904495
1.06881380081177
1.56878447532654
1.66154718399048
1.19861137866974
0.432287931442261
-0.185895994305611
-0.289892017841339
0.0873019769787788
0.57103705406189
0.990882575511932
1.31743884086609
1.4712827205658
1.50471937656403
1.44363820552826
1.09268462657928
0.434481918811798
-0.417144536972046
-1.0553377866745
-1.21128797531128
-0.684374809265137
0.461863160133362
1.52393889427185
1.88261556625366
1.57299697399139
0.866087377071381
0.351460635662079
0.445451974868774
0.767005920410156
0.851168096065521
0.401835083961487
-0.186949118971825
-0.119110368192196
0.824225664138794
2.08069062232971
2.83446431159973
2.42637872695923
1.31489384174347
0.534265458583832
0.26843935251236
0.295294016599655
0.39674499630928
0.362430691719055
0.147593334317207
0.00612365175038576
0.1250389367342
0.604210436344147
1.12383949756622
1.34806716442108
1.33086621761322
1.01510441303253
0.699342668056488
0.634312272071838
0.461950927972794
0.0260452516376972
-0.430747389793396
-0.785562515258789
-0.864985585212708
-0.633561551570892
-0.352201879024506
-0.120690055191517
-0.064435675740242
-0.179226219654083
-0.265845686197281
-0.443384885787964
-0.82198303937912
-1.28351473808289
-1.85123646259308
-2.19262433052063
-1.76145756244659
-0.786878883838654
0.117491535842419
0.561295628547668
0.539531052112579
0.471780091524124
0.514080584049225
0.429216325283051
0.0422809161245823
-0.596000134944916
-1.14204502105713
-1.36609721183777
-1.44516932964325
-1.61911034584045
-1.66650092601776
-1.56294369697571
-1.61524891853333
-1.70063972473145
-1.48176538944244
-0.954939961433411
-0.36246982216835
-0.171942099928856
-0.608111083507538
-1.31230008602142
-1.77655243873596
-1.7544367313385
-1.38847613334656
-0.922293126583099
-0.501657724380493
-0.123673908412457
0.125741019845009
0.206831574440002
0.270896643400192
0.182960763573647
-0.229688420891762
-0.805133044719696
-1.26420748233795
-1.346351146698
-0.817156195640564
0.0943228080868721
0.915935218334198
1.3967741727829
1.40642786026001
1.00264251232147
0.440010845661163
0.0428952388465405
0.0139343226328492
0.250536233186722
0.540847480297089
0.842392027378082
1.14191818237305
1.42512083053589
1.61898338794708
1.57387459278107
1.16368269920349
0.470463693141937
-0.35255292057991
-1.03058934211731
-1.2551680803299
-0.90123063325882
0.0891449451446533
1.16324388980865
1.67436015605927
1.61670160293579
1.15516996383667
0.662483334541321
0.626150548458099
0.712331235408783
0.706626772880554
0.473096489906311
0.0425441972911358
-0.00932217016816139
0.628958880901337
1.69436955451965
2.64481425285339
2.6814980506897
1.66812920570374
0.733481466770172
0.235704734921455
0.0493895038962364
0.162775874137878
0.244041964411736
0.181468829512596
0.328818470239639
0.555152416229248
0.809394180774689
1.19439888000488
1.26267635822296
1.03406071662903
0.895223796367645
0.727777004241943
0.635716438293457
0.597803950309753
0.265016704797745
-0.249434500932693
-0.584152460098267
-0.517103552818298
-0.370192736387253
-0.372562259435654
-0.304547995328903
-0.222843110561371
-0.347111761569977
-0.340880781412125
-0.370456010103226
-0.779770314693451
-1.04498207569122
-1.30887746810913
-1.79805362224579
-1.74609959125519
-1.09017872810364
-0.440576553344727
-0.0104630552232265
0.0202530678361654
-0.0297703333199024
0.450629830360413
0.857750117778778
0.693638265132904
0.0983597859740257
-0.763622403144836
-1.42989897727966
-1.60410332679749
-1.73144352436066
-2.02342224121094
-2.09398150444031
-2.03746390342712
-1.96005928516388
-1.60936892032623
-0.912112891674042
-0.115512199699879
0.240794837474823
-0.154302269220352
-1.00057530403137
-1.79629850387573
-2.05984282493591
-1.77593803405762
-1.36258685588837
-0.911235332489014
-0.336492776870728
0.151279270648956
0.351109594106674
0.341280430555344
0.223681569099426
-0.0428466238081455
-0.517015814781189
-1.04638624191284
-1.29764413833618
-1.08754587173462
-0.458918452262878
0.26931694149971
0.78332930803299
1.1578905582428
1.385014295578
1.16368269920349
0.627115905284882
0.1991086602211
0.066941574215889
0.301700532436371
0.735324442386627
1.01642084121704
1.1318256855011
1.25065326690674
1.28751254081726
1.1933456659317
0.880831062793732
0.287834376096725
-0.415915876626968
-0.94511079788208
-1.08342111110687
-0.501921057701111
0.537337064743042
1.29207611083984
1.46742129325867
1.08610260486603
0.529614150524139
0.480731636285782
0.828701436519623
1.05275356769562
0.969117999076843
0.393146812915802
-0.209591299295425
