% Type: Timesignal
% Date: 11-DEC-24 14:50:32
% NoOfItems: = 4096
% Unit_Y: = mm/s
% Unit_X: = Sec
% Min_X: = 0
% Max_X: = 1.60000002384186
% MinDisplay_X: = 0
% MaxDisplay_X: = 1.60000002384186
-0.376078188419342
-0.305333495140076
0.0321141630411148
0.432265847921371
0.49017146229744
0.287015527486801
0.0801634937524796
-0.0724142044782639
-0.0226140879094601
0.198309078812599
0.354582875967026
0.377343088388443
0.340317219495773
0.309840589761734
0.367681324481964
0.513580083847046
0.62018346786499
0.639766335487366
0.537507474422455
0.32845076918602
0.165433213114738
0.194094225764275
0.415471285581589
0.693392217159271
0.905172407627106
0.934481859207153
0.778143227100372
0.602545917034149
0.482130825519562
0.364568829536438
0.308867931365967
0.353285998106003
0.373128235340118
0.454118251800537
0.69274377822876
0.906988024711609
0.914315402507782
0.515655100345612
-0.154441729187965
-0.640641272068024
-0.732006311416626
-0.495326101779938
-0.0884954854846001
0.275602996349335
0.621091306209564
1.00153040885925
1.15897142887115
0.981817901134491
0.560332536697388
-0.0259211268275976
-0.54713636636734
-0.771042346954346
-0.713655531406403
-0.468480736017227
-0.0765642076730728
0.274241268634796
0.460278421640396
0.55203253030777
0.600406110286713
0.585232615470886
0.502491772174835
0.349135965108871
0.104415111243725
-0.094590812921524
-0.0777962431311607
0.0799041166901588
0.207322373986244
0.286172568798065
0.261077970266342
0.164071500301361
0.175548866391182
0.272036582231522
0.248174026608467
0.114854976534843
-0.0791579633951187
-0.34430468082428
-0.44144082069397
-0.30098894238472
-0.183945700526237
-0.19769261777401
-0.311039745807648
-0.510175347328186
-0.511796474456787
-0.280563116073608
-0.125391662120819
-0.25313413143158
-0.634675621986389
-0.944564640522003
-0.880369186401367
-0.575537979602814
-0.360191434621811
-0.35163202881813
-0.415957182645798
-0.21772937476635
0.219448179006577
0.557998180389404
0.473506569862366
-0.128050267696381
-0.895866870880127
-1.28959906101227
-1.12593305110931
-0.629034221172333
-0.16280660033226
-0.0725438892841339
-0.418875157833099
-1.00914919376373
-1.65175223350525
-1.92714416980743
-1.56019258499146
-0.886594176292419
-0.215395003557205
0.184173107147217
0.203691110014915
0.177753552794456
0.270285785198212
0.154474601149559
-0.271031051874161
-0.805669009685516
-1.29517555236816
-1.4310884475708
-1.10453450679779
-0.551026999950409
-0.00841327384114265
0.25413966178894
0.0870369449257851
-0.188030868768692
-0.270447462797165
-0.210985615849495
-0.176683187484741
-0.296514719724655
-0.615676403045654
-0.894829332828522
-0.789911925792694
-0.352085947990417
0.145461291074753
0.493673026561737
0.599563121795654
0.411710351705551
0.212250515818596
0.279558479785919
0.360548496246338
0.38726419210434
0.405874401330948
0.225478664040565
0.00572269549593329
0.0720579996705055
0.289544433355331
0.555793464183807
0.753048598766327
0.634838223457336
0.429736942052841
0.318205446004868
0.244283393025398
0.308089792728424
0.443289309740067
0.514876961708069
0.60163813829422
0.654874980449677
0.564288020133972
0.446726053953171
0.365541487932205
0.377796977758408
0.569345831871033
0.835076153278351
1.07221031188965
1.1399073600769
0.915612280368805
0.45366433262825
-0.11255257576704
-0.553750455379486
-0.671766340732574
-0.560559093952179
-0.376143008470535
-0.134404972195625
0.188452795147896
0.642813980579376
1.07045948505402
1.18925356864929
0.951081871986389
0.473052680492401
-0.0676157549023628
-0.353253126144409
-0.31849679350853
-0.196849644184113
-0.00581951811909676
0.149740993976593
0.0868424102663994
0.0684915855526924
0.250638097524643
0.410024404525757
0.480315178632736
0.418000191450119
0.14870348572731
-0.0914134606719017
-0.122538536787033
-0.0563977584242821
-0.0334430187940598
-0.0884954854846001
-0.136090904474258
-0.129022926092148
0.00222112517803907
0.225673198699951
0.330071866512299
0.202653616666794
-0.0298766046762466
-0.264352142810822
-0.345990598201752
-0.213514521718025
-0.0560735389590263
0.0297797825187445
0.00222112517803907
-0.186604306101799
-0.229077056050301
0.0122719295322895
0.0463798195123672
-0.220063760876656
-0.67436009645462
-1.11121344566345
-1.08384931087494
-0.588377118110657
-0.178109750151634
-0.11041272431612
-0.216367661952972
-0.217405155301094
0.100394785404205
0.482973784208298
0.539258301258087
0.0397657416760921
-0.809429943561554
-1.33570301532745
-1.20147609710693
-0.626894354820251
-0.0834376662969589
-0.0921267494559288
-0.506803452968597
-0.868048846721649
-1.16451513767242
-1.43407118320465
-1.76094925403595
-1.95457315444946
-1.62659275531769
-0.739268839359283
0.124322183430195
0.526159822940826
0.448541671037674
0.110186211764812
-0.190819159150124
-0.441635370254517
-0.85812771320343
-1.34847724437714
-1.39315474033356
-1.00863039493561
-0.363563299179077
0.429153352975845
0.80596125125885
0.489328473806381
-0.191921502351761
-0.755090773105621
-0.776100158691406
-0.286917805671692
0.11556825786829
-0.0299414489418268
-0.550767660140991
-0.863963663578033
-0.466535419225693
0.517794966697693
1.46477520465851
1.72745788097382
1.20377850532532
0.440565884113312
-0.0767587423324585
-0.0376578718423843
0.450422137975693
0.703507900238037
0.369626641273499
-0.133821368217468
-0.3450827896595
0.0501407645642757
0.808036267757416
1.13193154335022
0.823144853115082
0.332276552915573
0.163163676857948
0.526937961578369
1.08731889724731
1.24424111843109
0.846877753734589
0.243829488754272
-0.077472023665905
0.123479217290878
0.587177932262421
0.892592668533325
0.8870809674263
0.656301498413086
0.48375192284584
0.597034215927124
0.754540026187897
0.528948128223419
-0.18057382106781
-0.955328702926636
-1.21651995182037
-0.82661360502243
-0.148540943861008
0.309516370296478
0.34368908405304
0.265811562538147
0.361586004495621
0.517600417137146
0.603194355964661
0.478499561548233
0.0933267995715141
-0.208002790808678
-0.114757269620895
0.27138814330101
0.776716649532318
1.04776418209076
0.799865901470184
0.367097735404968
0.10032994300127
0.0207016356289387
0.139041751623154
0.240976363420486
0.0740681663155556
-0.0549063496291637
0.168416038155556
0.582249820232391
0.914185702800751
0.899920046329498
0.394850939512253
-0.317653834819794
-0.723965704441071
-0.59875214099884
-0.171236306428909
0.189814522862434
0.234038054943085
-0.0249484684318304
-0.330817133188248
-0.422506421804428
-0.353058606386185
-0.333216369152069
-0.461283057928085
-0.737258672714233
-0.945666968822479
-0.883805871009827
-0.669107735157013
-0.527553498744965
-0.500837862491608
-0.564968466758728
-0.529693365097046
-0.335161685943604
-0.25488492846489
-0.387490689754486
-0.567886412143707
-0.547914505004883
-0.199702769517899
0.224376320838928
0.401011109352112
0.266913920640945
-0.120658062398434
-0.482940912246704
-0.581957578659058
-0.528007447719574
-0.458689302206039
-0.483329981565475
-0.641419410705566
-0.698287487030029
-0.583319246768951
-0.562763750553131
-0.884065270423889
-1.33881556987762
-1.27851068973541
-0.461088538169861
0.601508438587189
1.17459881305695
0.806350290775299
-0.157035484910011
-0.633832693099976
-0.501162052154541
-0.511731624603271
-0.909419238567352
-1.31106233596802
-1.34763431549072
-0.730774283409119
0.331887513399124
0.937140464782715
0.651956975460052
-0.246131002902985
-1.10641503334045
-1.24083638191223
-0.631174087524414
0.02128523029387
0.150908187031746
-0.295152992010117
-0.816757321357727
-0.609321653842926
0.332795321941376
1.35817182064056
1.77031970024109
1.19327390193939
0.0754947289824486
-0.675462424755096
-0.54914653301239
0.162774622440338
0.77386349439621
0.787480711936951
0.314444482326508
-0.10172364115715
0.0103266127407551
0.622258484363556
1.16681754589081
1.17369103431702
0.787026822566986
0.524149656295776
0.591911554336548
0.795845568180084
0.865423083305359
0.610197484493256
0.134826898574829
-0.119166649878025
0.186183258891106
0.786832273006439
1.11630415916443
0.947969377040863
0.475127667188644
0.147536307573318
0.280206918716431
0.580823242664337
0.467735469341278
-0.210791081190109
-0.940155267715454
-1.07353913784027
-0.451361954212189
0.412618160247803
0.876057505607605
0.759792387485504
0.3725446164608
0.147795677185059
0.244024023413658
0.422604113817215
0.307246834039688
-0.0328594222664833
-0.20677076280117
-0.0463469550013542
0.372350096702576
0.903745830059052
1.07195091247559
0.660581231117249
0.185210600495338
-0.0289039462804794
-0.0445961691439152
0.124581560492516
0.224959909915924
-0.0268937852233648
-0.272846698760986
-0.0262453462928534
0.571161508560181
1.08816194534302
1.15923082828522
0.567854464054108
-0.439819723367691
-1.18150424957275
-1.26703333854675
-0.841981589794159
-0.269669353961945
0.0876205414533615
0.129963606595993
0.0927432104945183
0.121533900499344
0.120237022638321
-0.0400570966303349
-0.473603397607803
-0.909484088420868
-1.00026559829712
-0.807419776916504
-0.592916190624237
-0.467443227767944
-0.377375066280365
-0.257284164428711
-0.020863302052021
0.107138551771641
-0.071247011423111
-0.453372091054916
-0.837053418159485
-0.936523973941803
-0.586950540542603
0.0236844550818205
0.498666018247604
0.50502073764801
0.0641470476984978
-0.353123426437378
-0.490008890628815
-0.467378377914429
-0.494937032461166
-0.648811638355255
-0.857673823833466
-0.933606028556824
-0.803918242454529
-0.802426815032959
-1.18584883213043
-1.71166789531708
-1.5250471830368
-0.41271498799324
0.81251049041748
1.20196294784546
0.488096445798874
-0.610942780971527
-0.978218615055084
-0.563736438751221
-0.478531539440155
-1.03534603118896
-1.68592488765717
-1.73345553874969
-0.8080033659935
0.572458386421204
1.44746196269989
1.41918992996216
0.457619816064835
-0.70535546541214
-0.970956087112427
-0.433918923139572
0.201421573758125
0.382271200418472
-0.2857506275177
-1.09247350692749
-0.827780783176422
0.459240913391113
1.80773460865021
2.23914098739624
1.45595645904541
0.143321454524994
-0.739074289798737
-0.631822526454926
0.162904307246208
0.723025918006897
0.65267026424408
0.263217806816101
-0.106327563524246
0.132297977805138
1.0390750169754
1.56670987606049
1.24741852283478
0.504242599010468
-0.0568516664206982
0.120755769312382
0.741441547870636
0.947515487670898
0.605269372463226
0.0736142545938492
-0.152820631861687
0.283513963222504
0.896353662014008
1.10288143157959
0.907506763935089
0.460408121347427
0.162709772586823
0.358473509550095
0.699487566947937
0.684249222278595
0.159078508615494
-0.543569982051849
-0.715082049369812
-0.190170720219612
0.518443405628204
0.885394990444183
0.636264741420746
0.149416774511337
0.0867775678634644
0.36923760175705
0.531412184238434
0.343818783760071
-0.118129149079323
-0.344693720340729
-0.0572407282888889
0.507808983325958
1.0615758895874
1.13497912883759
0.590290427207947
0.0492329522967339
-0.155544072389603
-0.0445961691439152
0.382141530513763
0.592624843120575
0.232741177082062
-0.113460391759872
-0.0162593852728605
0.415276765823364
0.919178664684296
0.90407007932663
0.190981715917587
-0.65231317281723
-1.09182512760162
-0.949557602405548
-0.455317407846451
-0.0832431316375732
0.0535774938762188
0.0959854051470757
0.140922218561172
0.277353793382645
0.322485148906708
0.00481488090008497
-0.602253675460815
-1.12917518615723
-1.11880016326904
-0.572944223880768
-0.0581485442817211
0.128990948200226
-0.026115657761693
-0.362396121025085
-0.474770575761795
-0.364535957574844
-0.367453932762146
-0.519577741622925
-0.703864097595215
-0.746207118034363
-0.441246300935745
0.0371071435511112
0.358278959989548
0.338177353143692
0.0116883339360356
-0.295477211475372
-0.411418110132217
-0.392224311828613
-0.3410624563694
-0.362655490636826
-0.48981437087059
-0.606857597827911
-0.577937245368958
-0.704382836818695
-1.12483072280884
-1.68884289264679
-1.7796243429184
-0.925111472606659
0.360613346099854
1.13484954833984
0.770297110080719
-0.150032341480255
-0.604458391666412
-0.349816411733627
-0.177396476268768
-0.574046611785889
-1.24544036388397
-1.66407251358032
-1.18779408931732
0.0826275572180748
1.14314949512482
1.47391819953918
0.86153244972229
-0.286139696836472
-0.891327798366547
-0.578520834445953
0.0605157911777496
0.29064679145813
-0.282897502183914
-1.05453991889954
-0.940609157085419
0.0455368496477604
1.27744126319885
1.93845987319946
1.5113331079483
0.525900423526764
-0.173505842685699
-0.250345855951309
0.158494919538498
0.58010995388031
0.635746002197266
0.398222804069519
0.136901900172234
0.199800476431847
0.71135401725769
1.15981435775757
1.04523527622223
0.528753578662872
0.0948182120919228
0.159208208322525
0.604491233825684
0.835659742355347
0.627056956291199
0.211148157715797
-0.00393904512748122
0.311721056699753
0.893046617507935
1.22530674934387
1.16338086128235
0.781061172485352
0.383632928133011
0.404707193374634
0.675300776958466
0.729575157165527
0.392840772867203
-0.21759968996048
-0.586561441421509
-0.316162407398224
0.264060795307159
0.643332719802856
0.633281946182251
0.391219675540924
0.314120262861252
0.502491772174835
0.556766152381897
0.243894338607788
-0.208975449204445
-0.410899341106415
-0.172727718949318
0.329747647047043
0.831185519695282
0.96820068359375
0.640998363494873
0.239549785852432
0.018626632168889
0.0380149558186531
0.301216334104538
0.441019773483276
0.138458147644997
-0.262471675872803
-0.34229451417923
-0.0338320806622505
0.438361197710037
0.56753021478653
0.104026041924953
-0.561402022838593
-0.922258317470551
-0.820518255233765
-0.431519716978073
-0.123900257050991
-0.0339617691934109
0.00630629062652588
0.169064477086067
0.486215978860855
0.72938060760498
0.585751354694366
0.0166164711117744
-0.681492924690247
-1.10401582717896
-1.09318685531616
-0.840814411640167
-0.613860726356506
-0.541948854923248
-0.590387284755707
-0.537215292453766
-0.31823742389679
-0.0790282785892487
-0.00906171277165413
-0.16734567284584
-0.38638836145401
-0.450713515281677
-0.282638132572174
-0.130190119147301
-0.199119180440903
-0.386193811893463
-0.443840056657791
-0.251837253570557
0.0205071046948433
0.0889174193143845
-0.124094791710377
-0.435021281242371
-0.699973464012146
-0.794710397720337
-0.996115505695343
-1.3860867023468
-1.7330664396286
-1.63087248802185
-0.781871318817139
0.424290060997009
1.27419900894165
1.14256596565247
0.320085912942886
-0.293856114149094
-0.271420121192932
-0.217405155301094
-0.550832509994507
-1.12353384494781
-1.48160183429718
-0.910910665988922
0.363271951675415
1.32801949977875
1.59926152229309
1.16804957389832
0.0838595926761627
-0.697509407997131
-0.635713160037994
-0.247816950082779
-0.00322576216422021
-0.280109196901321
-0.849244117736816
-0.701075792312622
0.367811024188995
1.5924528837204
2.24530124664307
1.83723855018616
0.738458752632141
-0.123965099453926
-0.307084262371063
0.00643597869202495
0.319631993770599
0.343818783760071
0.20751690864563
0.124581560492516
0.342457056045532
0.900373935699463
1.26609349250793
1.0290242433548
0.443743228912354
-0.0460875779390335
-0.033118799328804
0.417481452226639
0.624852240085602
0.400103271007538
0.0985143110156059
0.00248050084337592
0.342457056045532
0.886497378349304
1.11046814918518
0.990182757377625
0.680423438549042
0.291100680828094
0.169323846697807
0.305431187152863
0.331563293933868
0.157911330461502
-0.17603474855423
-0.428925961256027
-0.273170918226242
0.120237022638321
0.327218741178513
0.18572935461998
-0.082140788435936
-0.0741001442074776
0.252713114023209
0.47720268368721
0.281503796577454
-0.174802720546722
-0.392094612121582
-0.0889493972063065
0.467476099729538
0.942587316036224
0.997964024543762
0.537312984466553
0.0805525556206703
-0.0439477302134037
0.0664165839552879
0.330071866512299
0.443483859300613
0.0732900351285934
-0.342035114765167
-0.369010180234909
-0.083502508699894
0.348552376031876
0.54457551240921
0.242208391427994
-0.260526359081268
-0.535594165325165
-0.511018335819244
-0.265843540430069
-0.0912837758660316
-0.163714408874512
-0.287955313920975
-0.213903591036797
0.130158141255379
0.556766152381897
0.73832905292511
0.51850825548172
0.0399602726101875
-0.401172757148743
-0.569766879081726
-0.656398355960846
-0.869929313659668
-1.14123618602753
-1.22235584259033
-0.928872406482697
-0.429768919944763
-0.0569165088236332
0.062007199972868
0.0501407645642757
0.0569493733346462
0.215816929936409
0.355360984802246
0.169129312038422
-0.253393530845642
-0.649524867534637
-0.802686154842377
-0.586042702198029
-0.194774642586708
-0.0168429799377918
-0.108532249927521
-0.307408481836319
-0.57171219587326
-0.862407386302948
-1.14791512489319
-1.4948947429657
-1.66789829730988
-1.4334876537323
-0.809300243854523
0.00377737870439887
0.638923346996307
0.80998158454895
0.47266361117363
-0.00543045485392213
-0.295542061328888
-0.429833769798279
-0.711839854717255
-1.10667443275452
-1.47278296947479
-1.31728732585907
-0.368232071399689
0.599368572235107
1.004967212677
0.910813808441162
0.384281367063522
-0.293531894683838
-0.495455801486969
-0.395336806774139
-0.514584720134735
-0.732006311416626
-0.853458940982819
-0.768383741378784
-0.1999621540308
0.754669725894928
1.50413548946381
1.60477316379547
1.10398375988007
0.493154287338257
0.151556625962257
0.142413631081581
0.266070932149887
0.175743401050568
-0.0708579495549202
-0.17564569413662
0.0249164886772633
0.464622974395752
0.880207479000092
0.952249050140381
0.705907106399536
0.402697026729584
0.246358394622803
0.35652819275856
0.461251080036163
0.308284312486649
0.140533164143562
0.211018472909927
0.451589345932007
0.877159833908081
1.28055369853973
1.26965999603271
0.953027188777924
0.594959199428558
0.355231314897537
0.323392957448959
0.298428058624268
0.125294849276543
-0.122668221592903
-0.328158527612686
-0.239452078938484
0.135864391922951
0.360678195953369
0.343883633613586
0.309127300977707
0.281957715749741
0.344532072544098
0.467865169048309
0.313342154026031
-0.0511454045772552
-0.230633318424225
-0.0997783243656158
0.277159243822098
0.72737044095993
0.910489618778229
0.721534490585327
0.37202587723732
0.131584703922272
0.126462027430534
0.242338076233864
0.300438225269318
0.0966338440775871
-0.274208426475525
-0.458365082740784
-0.292948305606842
0.105128392577171
0.506901204586029
0.508781671524048
0.0463149771094322
-0.374846130609512
-0.521328508853912
-0.438976764678955
-0.222981736063957
-0.190365254878998
-0.331724941730499
-0.219091102480888
0.180866062641144
0.597812354564667
0.813937067985535
0.634319424629211
0.152399599552155
-0.30578738451004
-0.611980259418488
-0.818897128105164
-1.04844450950623
-1.28266072273254
-1.32960772514343
-1.11918926239014
-0.726040720939636
-0.303323328495026
-0.0354531779885292
0.0751705095171928
0.190981715917587
0.306274175643921
0.386680603027344
0.29064679145813
-0.149124532938004
-0.694461703300476
-0.973938941955566
-0.838869094848633
-0.380293041467667
-0.021706273779273
-0.0628821477293968
-0.277126401662827
-0.536437153816223
-0.828753411769867
-1.16937839984894
-1.62205362319946
-1.90710747241974
-1.65311396121979
-0.937302112579346
-0.122927598655224
0.595672488212585
0.9226154088974
0.698190689086914
0.216919273138046
-0.256116956472397
-0.670664012432098
-1.01971876621246
-1.28856146335602
-1.46299159526825
-1.27079427242279
-0.519318342208862
0.359900057315826
0.879883289337158
0.893046617507935
0.374684482812881
-0.360969543457031
-0.708921909332275
-0.756322801113129
-0.782973647117615
-0.786604881286621
-0.900665283203125
-0.858387112617493
-0.193477764725685
0.845256626605988
1.62273502349854
1.77200567722321
1.21973013877869
0.407106429338455
-0.00951562076807022
0.109278403222561
0.327737480401993
0.184951230883598
-0.227909862995148
-0.415438413619995
-0.146336242556572
0.49017146229744
1.15501594543457
1.3069452047348
0.914704442024231
0.41812989115715
0.0873611643910408
0.0173945967108011
0.0863236635923386
0.108046367764473
0.106101050972939
0.153501942753792
0.402178287506104
0.888896584510803
1.25941467285156
1.24566769599915
0.957242071628571
0.507095694541931
0.127175316214561
0.0649900212883949
0.0678431466221809
-0.0881712660193443
-0.331724941730499
-0.453436940908432
-0.245547413825989
0.230082586407661
0.572847425937653
0.551319241523743
0.3172327876091
0.133011266589165
0.174316823482513
0.33097967505455
0.312823385000229
0.0690103396773338
-0.103279896080494
0.0177188161760569
0.373841494321823
0.837151169776917
1.16688239574432
1.04945003986359
0.61817330121994
0.24960058927536
0.0611642301082611
0.0951424315571785
0.268535017967224
0.184367641806602
-0.185826182365417
-0.336134344339371
-0.143807336688042
0.244024023413658
0.581471681594849
0.462158888578415
-0.0703391954302788
-0.508230030536652
-0.615806043148041
-0.452723652124405
-0.199767619371414
-0.157813608646393
-0.218831717967987
-0.123186975717545
0.167702749371529
0.512802004814148
0.662331998348236
0.367357105016708
-0.15599799156189
-0.547525465488434
-0.746790766716003
-0.834200322628021
-1.01128900051117
-1.29238724708557
-1.46766030788422
-1.25925207138062
-0.738750100135803
-0.287371724843979
-0.095952533185482
-0.0801306217908859
-0.0798712521791458
0.0734197273850441
0.339928150177002
0.355879753828049
-0.0246242489665747
-0.562050461769104
-0.950076341629028
-0.937561511993408
-0.522301137447357
-0.137841701507568
-0.105484589934349
-0.302350670099258
-0.634545981884003
-0.971863925457001
-1.21710348129272
-1.49671041965485
-1.70959293842316
-1.51849794387817
-0.861823797225952
-0.0729329511523247
0.520777761936188
0.687750816345215
0.401724368333817
0.00137815449852496
-0.339052319526672
-0.656268656253815
-0.953837335109711
-1.22313404083252
-1.33622181415558
-1.02782416343689
-0.264870882034302
0.483557373285294
0.80647999048233
0.650854647159576
0.0670001804828644
-0.574630200862885
-0.712942242622375
-0.543959021568298
-0.492862045764923
-0.528396487236023
-0.71034848690033
-0.730709433555603
-0.0204742383211851
1.12680888175964
1.8839910030365
1.81739640235901
0.996407747268677
0.0506595186889172
-0.302480340003967
0.0131149003282189
0.455609649419785
0.458268254995346
-0.000761694158427417
-0.303971767425537
-0.027412535622716
0.609224855899811
1.13893461227417
1.15430271625519
0.658376514911652
0.094493992626667
-0.150875315070152
-0.0337023958563805
0.146887868642807
0.144618332386017
0.0989033803343773
0.137161269783974
0.343364864587784
0.797336995601654
1.17563629150391
1.13154244422913
0.762840032577515
0.281114727258682
-0.0554251000285149
-0.00264216726645827
0.197401255369186
0.193445786833763
0.011818022467196
-0.187576964497566
-0.16053706407547
0.139301121234894
0.343040645122528
0.281244426965714
0.118032328784466
-0.0360367745161057
-0.0432344488799572
0.16835118830204
0.324365615844727
0.274306118488312
0.222690373659134
0.293629616498947
0.435054153203964
0.654421031475067
0.836113631725311
0.666806221008301
0.218929439783096
-0.101853333413601
-0.128050267696381
0.0591540671885014
0.304523378610611
0.274565488100052
-0.0430399142205715
-0.230698153376579
-0.139073729515076
0.0729009732604027
0.236307591199875
0.105517454445362
-0.340673416852951
-0.693683564662933
-0.765076696872711
-0.586302101612091
-0.227326273918152
0.0284829046577215
0.0636282935738564
0.0970877483487129
0.200773134827614
0.308024942874908
0.351664900779724
0.180347308516502
-0.190884009003639
-0.568534851074219
-0.836404979228973
-0.905788004398346
-0.972447514533997
-1.03657817840576
-0.921804428100586
-0.731098532676697
-0.509008169174194
-0.330752283334732
-0.287566244602203
-0.284453749656677
-0.202426210045815
-0.0707931071519852
0.126851096749306
0.195780158042908
0.0422298088669777
-0.138944044709206
-0.294439703226089
-0.380293041467667
-0.359478145837784
-0.429185330867767
-0.634999871253967
-0.736480534076691
-0.757425129413605
-0.850476145744324
-1.03139066696167
-1.43608140945435
-1.73429846763611
-1.52770578861237
-0.77798068523407
0.140922218561172
0.645018696784973
0.607149839401245
0.211991131305695
-0.266167759895325
-0.486312806606293
-0.456614285707474
-0.685189008712769
-1.06796252727509
-1.28681075572968
-1.21256446838379
-0.540522277355194
0.438555717468262
0.919567763805389
0.602999866008759
-0.154765948653221
-0.841981589794159
-0.90371298789978
-0.445850223302841
-0.111385382711887
-0.168707385659218
-0.500708162784576
-0.623522520065308
-0.113136172294617
0.86153244972229
1.6711733341217
1.73757350444794
1.04341959953308
0.270091265439987
-0.0124984392896295
0.16848087310791
0.551837980747223
0.60014671087265
0.20511768758297
0.0334110409021378
0.328904688358307
0.761218965053558
1.13634085655212
1.11157047748566
0.567206025123596
0.0618775114417076
-0.06858841329813
0.0891119465231895
0.342521905899048
0.401854068040848
0.301151484251022
0.305625736713409
0.531930923461914
0.970275700092316
1.32626867294312
1.19910979270935
0.682109415531158
0.149351924657822
-0.146725311875343
-0.0252726878970861
0.276575654745102
0.332341402769089
0.137680023908615
-0.101853333413601
-0.0954986289143562
0.260234981775284
0.528234839439392
0.459629982709885
0.261467039585114
0.0441751256585121
-0.00990468356758356
0.200124695897102
0.351859420537949
0.276316285133362
0.206025496125221
0.292721778154373
0.509300410747528
0.793187022209167
0.964245200157166
0.774447083473206
0.298687428236008
-0.0558141618967056
-0.0802603140473366
0.0954666510224342
0.319437474012375
0.338955491781235
0.0388579294085503
-0.190494939684868
-0.100750982761383
0.135086268186569
0.309386670589447
0.176132455468178
-0.320831179618835
-0.75846266746521
-0.828883111476898
-0.596936464309692
-0.220971569418907
0.0192102268338203
0.0441751256585121
0.0884635075926781
0.262115478515625
0.481676906347275
0.623231112957001
0.432330697774887
-0.109958820044994
-0.706587553024292
-1.106609582901
-1.1857191324234
-1.11121344566345
-1.05330789089203
-0.964860796928406
-0.810078382492065
-0.561985611915588
-0.272976368665695
-0.105290055274963
-0.077472023665905
-0.0641141831874847
-0.0406406931579113
-0.0427805408835411
-0.112033821642399
-0.268113076686859
-0.380876630544662
-0.358635157346725
-0.254106789827347
-0.119944781064987
-0.132329970598221
-0.403507143259048
-0.664698362350464
-0.841398000717163
-1.07859694957733
-1.24005830287933
-1.45949006080627
-1.71004688739777
-1.50416743755341
-0.790365815162659
0.123997963964939
0.807776868343353
0.868016839027405
0.282022535800934
-0.396114945411682
-0.689922630786896
-0.666903078556061
-0.728115677833557
-0.898395776748657
-0.915320038795471
-0.684735119342804
-0.0717657655477524
0.595477938652039
0.723414957523346
0.303421020507813
-0.329196035861969
-0.887048065662384
-0.92725133895874
-0.496493279933929
-0.184918358922005
-0.221036419272423
-0.497595638036728
-0.598038852214813
0.0046203495003283
1.12116742134094
1.87659883499146
1.85020732879639
1.1687628030777
0.283254593610764
-0.154312044382095
0.0773103609681129
0.431293189525604
0.366449296474457
-0.0157406348735094
-0.259813070297241
-0.0525719672441483
0.575635731220245
1.16967070102692
1.18594646453857
0.687102377414703
0.223598197102547
0.0946236774325371
0.2776780128479
0.478888630867004
0.402567356824875
0.197077035903931
0.112390905618668
0.277288943529129
0.709927439689636
1.0242258310318
0.856150448322296
0.441862761974335
0.082173652946949
-0.0770829617977142
0.144488632678986
0.479407370090485
0.418972849845886
0.0618775114417076
-0.179017573595047
-0.0954986289143562
0.277937382459641
0.565584897994995
0.457360446453094
0.130547195672989
-0.0921915918588638
-0.0373984947800636
0.273463159799576
0.497044920921326
0.374749332666397
0.179634034633636
0.234038054943085
0.496331632137299
0.83202850818634
1.03019142150879
0.799541711807251
0.287145227193832
-0.0082187419757247
0.0446938797831535
0.241170883178711
0.438750237226486
0.418259561061859
0.105582296848297
-0.094396285712719
0.0492977946996689
0.299984306097031
0.443354159593582
0.303226500749588
-0.188744157552719
-0.702502369880676
-0.874662935733795
-0.684994518756866
-0.277256071567535
0.0596728175878525
0.127564385533333
0.121209681034088
0.206998154520988
0.411969721317291
0.635097563266754
0.580045104026794
0.0939752385020256
-0.544023871421814
-0.983860015869141
-1.137540102005
-1.06686019897461
-0.880628526210785
-0.678445279598236
-0.462320566177368
-0.203398868441582
0.0653142407536507
0.0727712884545326
-0.0416133515536785
-0.0969251915812492
-0.228363782167435
-0.311428815126419
-0.210466861724854
-0.112876795232296
-0.059380579739809
0.0216742940247059
0.034383699297905
0.0261485241353512
-0.0984166041016579
-0.368361741304398
-0.628061592578888
-0.916616916656494
-1.11166739463806
-1.17858624458313
-1.34056627750397
-1.6439061164856
-1.637486577034
-1.09286260604858
-0.103539273142815
0.851222276687622
1.01890861988068
0.443937748670578
-0.334578067064285
-0.751135289669037
-0.621382653713226
-0.721760988235474
-1.14895260334015
-1.22884023189545
-0.967260003089905
-0.326861649751663
0.488939434289932
0.865617632865906
0.516044199466705
-0.193412914872169
-0.765984535217285
-0.850994884967804
-0.550378561019897
-0.226159080862999
-0.233680978417397
-0.613925576210022
-0.784854114055634
-0.22427861392498
0.814131557941437
1.61281383037567
1.75650799274445
1.19664573669434
0.413136899471283
0.0290016550570726
0.142413631081581
0.45943546295166
0.497628509998322
0.106490112841129
-0.227261424064636
-0.136804193258286
0.348811745643616
1.05664777755737
1.35142815113068
0.904394268989563
0.272879540920258
0.0259539913386106
0.162839457392693
0.39154389500618
0.421761155128479
0.204598933458328
0.0217391382902861
0.193964526057243
0.739561080932617
1.13679480552673
1.00996017456055
0.601832628250122
0.156225383281708
-0.117675244808197
0.0543556176126003
0.389144659042358
0.403475165367126
0.108759649097919
-0.223500490188599
-0.247687265276909
0.160375386476517
0.602870166301727
0.674782037734985
0.37202587723732
-0.0429750718176365
-0.189003527164459
0.0461204424500465
0.260429531335831
0.163747280836105
-0.00484685972332954
0.0319844745099545
0.347190648317337
0.834233164787292
1.22388017177582
1.13653540611267
0.596839666366577
0.132103458046913
-0.0466063283383846
-0.00951562076807022
0.177364498376846
0.231249779462814
-0.0504321195185184
-0.280757635831833
-0.0975087881088257
0.308219492435455
0.648585081100464
0.647158563137054
0.130547195672989
-0.584486484527588
-0.981525659561157
-0.912012994289398
-0.503820657730103
-0.0531555637717247
0.203172370791435
0.305690556764603
0.395045459270477
0.55910050868988
0.701238334178925
0.526159822940826
-0.0372688099741936
-0.713525831699371
-1.16944324970245
-1.29122006893158
-1.18844258785248
-0.949557602405548
-0.618724048137665
-0.292624086141586
-0.0314977020025253
0.145201921463013
0.162126183509827
0.025240708142519
-0.236598953604698
-0.56561690568924
-0.737064182758331
-0.607376337051392
-0.294569402933121
0.037561047822237
0.18987937271595
0.0981252491474152
-0.0274773798882961
-0.0975736305117607
-0.198146522045135
-0.357597678899765
-0.623457670211792
-0.984054565429688
-1.30879282951355
-1.59125280380249
-1.92208635807037
-1.90276288986206
-1.17275035381317
-0.0104234348982573
1.01650941371918
1.31401312351227
0.720691502094269
-0.126753389835358
-0.479828417301178
-0.478142470121384
-0.674489796161652
-1.10440480709076
-1.36643898487091
-1.12593305110931
-0.253717750310898
0.733465790748596
1.13452529907227
0.824441730976105
8.12765429145657E-5
-0.708078920841217
-0.732200860977173
-0.363044559955597
-0.195876985788345
-0.376402407884598
-0.706587553024292
-0.760602474212646
-0.118323683738708
1.0330445766449
1.90551924705505
1.96524047851563
1.31362414360046
0.379612624645233
-0.202101990580559
-0.0725438892841339
0.425133019685745
0.584065437316895
0.222106784582138
-0.229466125369072
-0.284064680337906
0.284681141376495
1.10359477996826
1.45180642604828
1.0659853219986
0.427143186330795
0.113947160542011
0.222625538706779
0.424484580755234
0.419037699699402
0.195066884160042
-0.0477086752653122
0.0288719665259123
0.510078549385071
0.965542078018188
0.996018707752228
0.656107008457184
0.188063740730286
-0.071376696228981
0.106684647500515
0.411645501852036
0.41333144903183
0.10007056593895
-0.221360638737679
-0.196330890059471
0.231509149074554
0.689112544059753
0.723544657230377
0.238188073039055
-0.338598400354385
-0.514908969402313
-0.218572348356247
0.194223910570145
0.29518586397171
0.137550339102745
0.142154261469841
0.491727709770203
0.997769474983215
1.37250232696533
1.26661229133606
0.66726016998291
0.121533900499344
-0.0672266930341721
-0.0521829053759575
0.105258077383041
0.190527811646461
0.0117531782016158
-0.174413651227951
-0.030914107337594
0.378056347370148
0.708306312561035
0.66226714849472
0.162255868315697
-0.543634831905365
-1.01446640491486
-0.981201410293579
-0.60718184709549
-0.236469268798828
-0.0661243423819542
0.0670650228857994
0.311461687088013
0.674133598804474
0.9702108502388
0.856734037399292
0.165108993649483
-0.825640916824341
-1.5439168214798
-1.72716557979584
-1.45987904071808
-1.05246484279633
-0.741084456443787
-0.5190589427948
-0.171819895505905
0.311007767915726
0.612531900405884
0.521815299987793
0.042359497398138
-0.519123792648315
-0.851448774337769
-0.833681583404541
-0.577807545661926
-0.266427159309387
-0.027412535622716
0.0520860813558102
0.0506595186889172
0.0107156755402684
-0.134015902876854
-0.389500856399536
-0.705614864826202
-1.12035644054413
-1.50851202011108
-1.74519228935242
-1.86431050300598
-1.75602114200592
-1.14603459835052
-0.102047860622406
0.78190416097641
1.18173158168793
0.866266071796417
0.0442399717867374
-0.547525465488434
-0.682141363620758
-0.768254101276398
-1.02309060096741
-1.22598719596863
-1.07250165939331
-0.405776679515839
0.417222082614899
0.938761532306671
0.849795699119568
0.104220576584339
-0.66982102394104
-0.864287912845612
-0.614703714847565
-0.31901553273201
-0.263120114803314
-0.488387793302536
-0.578585684299469
-0.110996320843697
0.851741015911102
1.6940633058548
1.84469568729401
1.37853288650513
0.615449845790863
-0.119750246405602
-0.346120297908783
-0.0174914207309484
0.228915393352509
0.202523931860924
0.126980781555176
0.0666759610176086
0.315935909748077
0.916195869445801
1.32237803936005
1.18464958667755
0.669724225997925
0.240716978907585
0.236826345324516
0.39180326461792
0.409635335206985
0.359705537557602
0.232935711741447
0.230212271213531
0.573106825351715
0.900114595890045
0.892009079456329
0.696699261665344
0.444521367549896
0.229174762964249
0.21646536886692
0.323976546525955
0.311137467622757
0.0430727824568748
-0.258516192436218
-0.230049714446068
0.142089411616325
0.605074822902679
0.784108877182007
0.418713480234146
-0.100361920893192
-0.245547413825989
-0.0185289215296507
0.282217085361481
0.236048221588135
-0.0895978361368179
-0.0932939350605011
0.328321099281311
0.824182391166687
1.19580280780792
1.13348782062531
0.584000587463379
0.165498062968254
0.0917057022452354
0.11971826851368
0.240522444248199
0.283384263515472
0.0302336886525154
-0.221360638737679
-0.160731583833694
0.176391839981079
0.576349020004272
0.702859461307526
0.383762627840042
-0.198665276169777
-0.69387811422348
-0.826354205608368
-0.648163199424744
-0.432816594839096
-0.291392058134079
-0.127855733036995
0.218540370464325
0.717643857002258
1.07837045192719
0.961197555065155
0.307960093021393
-0.665022611618042
-1.45968461036682
-1.72457182407379
-1.5579879283905
-1.1531674861908
-0.717546164989471
-0.400654017925262
-0.0695610716938972
0.389728248119354
0.691446900367737
0.569670081138611
0.0482602939009666
-0.56814581155777
-0.964925587177277
-0.978024065494537
-0.685059368610382
-0.344499200582504
-0.124678380787373
-0.0231328383088112
0.0419704355299473
0.0229063294827938
-0.0708579495549202
-0.267399817705154
-0.588117718696594
-0.915449738502502
-1.21775197982788
-1.52388000488281
-1.80640482902527
-1.91806602478027
-1.55740427970886
-0.653156161308289
0.363725870847702
1.03836178779602
0.90407007932663
0.187285616993904
-0.405841529369354
-0.563671588897705
-0.640900671482086
-0.932049751281738
-1.2961483001709
-1.38219606876373
-0.852616012096405
0.102275259792805
0.81140810251236
0.892592668533325
0.326570302248001
-0.428407192230225
-0.779212713241577
-0.58617240190506
-0.238284885883331
-0.097249411046505
-0.321479618549347
-0.66729211807251
-0.447665840387344
0.401594698429108
1.29274439811707
1.75196886062622
1.56405127048492
0.714596211910248
-0.0921915918588638
-0.262795895338058
0.0122070852667093
0.318140596151352
0.306922614574432
0.0469634160399437
-0.155219852924347
0.013828182592988
0.636978030204773
1.11163532733917
0.981039762496948
0.534654378890991
0.223857566714287
0.284551471471786
0.598201394081116
0.730029046535492
0.495812863111496
0.110640123486519
-0.14101904630661
-0.00231794780120254
0.397509515285492
0.638404607772827
0.638858497142792
0.548077046871185
0.413136899471283
0.435248672962189
0.602416217327118
0.507160544395447
0.116735450923443
-0.298524886369705
-0.514325380325317
-0.329909324645996
0.130287826061249
0.466957330703735
0.467994838953018
0.29038742184639
0.207970812916756
0.289414763450623
0.377667307853699
0.218864589929581
-0.148670628666878
-0.307667851448059
-0.050172746181488
0.467929989099503
1.01190543174744
1.19872069358826
0.858549654483795
0.425846308469772
0.243634954094887
0.210434883832932
0.274954557418823
0.320799201726913
0.0847674086689949
-0.192699626088142
-0.107300221920013
0.186961397528648
0.436286181211472
0.518637955188751
0.209527060389519
-0.338403880596161
-0.644791305065155
-0.63078498840332
-0.459078371524811
-0.264027923345566
-0.189587131142616
-0.132978409528732
0.154280066490173
0.650595247745514
1.0655962228775
1.0065233707428
0.337464064359665
-0.592851340770721
-1.31851935386658
-1.63722717761993
-1.57873797416687
-1.30075216293335
-0.9662224650383
-0.605431020259857
-0.18511289358139
0.236631810665131
0.534265279769897
0.508262932300568
0.207970812916756
-0.174802720546722
-0.604977130889893
-0.909094989299774
-0.91168874502182
-0.757814228534698
-0.529044926166534
-0.234848171472549
-0.0333133302628994
0.0504001416265965
0.0394415222108364
-0.146271407604218
-0.445785373449326
-0.77752673625946
-1.11685490608215
-1.47440409660339
-1.8161963224411
-2.00424361228943
-1.73358523845673
-0.924138784408569
0.0318547859787941
0.794289350509644
0.948228776454926
0.440241664648056
-0.206057474017143
-0.486637026071548
-0.540327787399292
-0.723576605319977
-0.984897553920746
-1.14772057533264
-0.878942608833313
-0.0970548838376999
0.582249820232391
0.619470179080963
0.224116951227188
-0.369269579648972
-0.809040904045105
-0.683632791042328
-0.320896029472351
-0.203204348683357
-0.300924092531204
-0.442413479089737
-0.358246117830276
0.329812496900558
1.26375913619995
1.76344621181488
1.56009578704834
0.786183834075928
-0.00141013308893889
-0.277515441179276
-0.0670970007777214
0.184302791953087
0.145526140928268
-0.0567219778895378
-0.104447089135647
0.0946885272860527
0.53802627325058
0.991025745868683
1.0430953502655
0.764007210731506
0.446661204099655
0.305431187152863
0.446336984634399
0.573041975498199
0.38901498913765
0.117189355194569
0.0526696778833866
0.298687428236008
0.755123615264893
0.959511578083038
0.734373569488525
0.44017681479454
0.247720122337341
0.219513028860092
0.342846125364304
0.307765573263168
0.0838595926761627
-0.0862259492278099
-0.140046387910843
0.0125313047319651
0.373711824417114
0.563445091247559
0.389209508895874
0.0496220141649246
-0.193348065018654
-0.135247945785522
0.159208208322525
0.268081098794937
0.0205071046948433
-0.159369871020317
0.0770509839057922
0.63023430109024
1.11870336532593
1.1972941160202
0.795002639293671
0.304004639387131
0.165433213114738
0.25589045882225
0.264968603849411
0.112520597875118
-0.204436376690865
-0.470490902662277
-0.307667851448059
0.161477744579315
0.552616119384766
0.687102377414703
0.389598578214645
-0.183037891983986
-0.59071147441864
-0.702178120613098
-0.594277918338776
-0.395466506481171
-0.328482747077942
-0.332308530807495
-0.0933587774634361
0.454118251800537
1.04542970657349
1.16733634471893
0.619275629520416
-0.29469907283783
-1.18325507640839
-1.64799118041992
-1.67905151844025
-1.51985967159271
-1.1808557510376
-0.672025740146637
-0.168707385659218
0.253102153539658
0.481612056493759
0.406782209873199
0.151102721691132
-0.178823038935661
-0.499087065458298
-0.688236713409424
-0.680520296096802
-0.502069890499115
-0.314541310071945
-0.247557565569878
-0.249567732214928
-0.158137828111649
-0.0813626572489738
-0.238933324813843
-0.501097202301025
-0.75295090675354
-0.976921737194061
-1.19155502319336
-1.48387134075165
-1.73844850063324
-1.61654198169708
-1.02516555786133
-0.251837253570557
0.377537608146667
0.608317017555237
0.389209508895874
0.0705665946006775
-0.0865501686930656
-0.135961219668388
-0.388982117176056
-0.866751968860626
-1.23564887046814
-1.25231373310089
-0.688236713409424
0.0973471254110336
0.477656573057175
0.437129139900208
0.188906714320183
-0.155933141708374
-0.227780178189278
-0.0722196698188782
-0.141667485237122
-0.34657421708107
-0.560688734054565
-0.588117718696594
-0.0303305108100176
0.838512897491455
1.44441425800323
1.56891453266144
1.16467773914337
0.565584897994995
0.256668567657471
0.193899691104889
0.232546657323837
0.0971525907516479
-0.243991151452065
-0.330557763576508
-0.0711821690201759
0.407625168561935
0.980521023273468
1.15469169616699
0.82547926902771
0.482584714889526
0.364309459924698
0.478888630867004
0.595153748989105
0.41637909412384
0.0971525907516479
-0.0836970433592796
0.0175891295075417
0.427467405796051
0.757458031177521
0.745786130428314
0.648066341876984
0.547039568424225
0.443872928619385
0.470718294382095
0.380066514015198
0.0747814476490021
-0.150356560945511
-0.236534103751183
-0.139333099126816
0.149416774511337
0.291360080242157
0.190592646598816
0.0723173767328262
0.0476766973733902
0.216400519013405
0.496526151895523
0.471885472536087
0.0729658156633377
-0.268891215324402
-0.185955867171288
0.325727343559265
0.912629425525665
1.16454803943634
0.944597482681274
0.489133954048157
0.236696660518646
0.273268610239029
0.333314061164856
0.25563108921051
-0.0174265764653683
-0.383211016654968
-0.436123639345169
-0.0668376237154007
0.364957898855209
0.576802909374237
0.374360263347626
-0.148735463619232
-0.501745641231537
-0.486701875925064
-0.32984447479248
-0.228947371244431
-0.325370252132416
-0.436318159103394
-0.219091102480888
0.309127300977707
0.820162057876587
0.910035669803619
0.44017681479454
-0.350400000810623
-1.02944529056549
-1.32052958011627
-1.26845991611481
-1.07483601570129
-0.831412017345428
-0.573268473148346
-0.259877920150757
0.0592837557196617
0.0872314721345901
-0.0597696416079998
-0.227066904306412
-0.40895402431488
-0.46348774433136
-0.365249246358871
-0.297292828559875
-0.255468517541885
-0.0720899850130081
0.12639719247818
0.0926135182380676
-0.196655109524727
-0.493705004453659
-0.702048480510712
-0.780898630619049
-0.787188470363617
-0.958311557769775
-1.20478320121765
-1.33213663101196
-1.41299700737
-1.30684745311737
-0.760148584842682
-0.170782402157784
0.200902834534645
0.35224848985672
0.0852861553430557
-0.20450122654438
-0.102890834212303
-0.0226789321750402
-0.276867002248764
-0.551869988441467
-0.83005028963089
-0.921155989170074
-0.503237068653107
-0.0504321195185184
0.0281586851924658
-0.0305898878723383
-0.0925806537270546
-0.158072993159294
0.0132445879280567
0.258224844932556
0.258808434009552
-0.00205857213586569
-0.379514902830124
-0.507322251796722
-0.0602235496044159
0.738393902778625
1.24813175201416
1.13316357135773
0.651892125606537
0.275797545909882
0.287793666124344
0.600795149803162
0.734503269195557
0.358668029308319
-0.117610394954681
-0.22213876247406
0.0884635075926781
0.665314853191376
1.04815316200256
0.86652547121048
0.436934620141983
0.171917602419853
0.210564568638802
0.503464460372925
0.68022894859314
0.523955106735229
0.252064675092697
0.12866672873497
0.31924295425415
0.698514878749847
0.828137874603271
0.637885868549347
0.421761155128479
0.316843718290329
0.392840772867203
0.621934235095978
0.697477400302887
0.441603392362595
0.0754947289824486
-0.139397948980331
-0.123186975717545
0.103766672313213
0.300762444734573
0.214909106492996
-0.0209281463176012
-0.0500430576503277
0.159467577934265
0.424549430608749
0.532125473022461
0.294148355722427
0.0183672551065683
0.109537772834301
0.494840204715729
0.925403714179993
1.17959177494049
0.985967874526978
0.508068382740021
0.21218566596508
0.183524668216705
0.265811562538147
0.305366337299347
0.0676486194133759
-0.337820261716843
-0.372317224740982
0.0502704530954361
0.477851122617722
0.518767595291138
0.0920947715640068
-0.48955500125885
-0.709829747676849
-0.466859638690948
-0.138295605778694
-0.0461524240672588
-0.15612767636776
-0.200999647378922
0.0368477664887905
0.552486419677734
0.997574985027313
0.938761532306671
0.316130429506302
-0.586561441421509
-1.32681941986084
-1.50442683696747
-1.24368953704834
-0.900600492954254
-0.619891226291656
-0.452918201684952
-0.290938138961792
-0.0320812985301018
0.114336222410202
0.015125060454011
-0.210077792406082
-0.450972884893417
-0.563023149967194
-0.464071333408356
-0.289122521877289
-0.10814318805933
0.0481954477727413
0.159726947546005
0.220420837402344
0.0971525907516479
-0.24859507381916
-0.728828966617584
-1.09986579418182
-1.17631673812866
-1.13371431827545
-1.24842309951782
-1.49534869194031
-1.63320684432983
-1.36468827724457
-0.55666846036911
0.282606154680252
0.616876423358917
0.505993366241455
0.110186211764812
-0.402988404035568
-0.592656791210175
-0.526905059814453
-0.554593443870544
-0.636880338191986
-0.765271246433258
-0.770069718360901
-0.40616574883461
0.114076852798462
0.351275831460953
0.17276057600975
-0.246844291687012
-0.463617444038391
-0.378996163606644
-0.204825446009636
0.0220633577555418
0.0646009519696236
-0.1959418207407
-0.313503801822662
0.0543556176126003
0.695596933364868
1.22971606254578
1.25779354572296
0.726981401443481
0.176910579204559
-0.00329060619696975
0.229628682136536
0.507095694541931
0.363596171140671
0.0355508886277676
-0.0145734446123242
0.237993538379669
0.645083546638489
0.911397397518158
0.721664190292358
0.305301517248154
0.0210906993597746
0.0262782108038664
0.322031229734421
0.636264741420746
0.736707985401154
0.627381145954132
0.432330697774887
0.393683731555939
0.57712709903717
0.618108451366425
0.407625168561935
0.173214480280876
0.0108453640714288
0.0728361308574677
0.395564198493958
0.643073379993439
0.577645897865295
0.344726592302322
0.157068356871605
0.105322919785976
0.200384080410004
0.267173290252686
0.0879447609186172
-0.228169247508049
-0.335550725460052
-0.121890097856522
0.243051365017891
0.520712912082672
0.468124538660049
0.278845191001892
0.350886762142181
0.660646080970764
0.965023338794708
1.07629549503326
0.790658056735992
0.247525587677956
0.00669535435736179
0.133854240179062
0.345439881086349
0.466308891773224
0.348163306713104
0.0966986864805222
0.0843134969472885
0.319437474012375
0.427467405796051
0.229045078158379
-0.206446543335915
-0.579947412014008
-0.61373108625412
-0.294634252786636
0.088333822786808
0.227877885103226
0.145980045199394
0.0490384213626385
0.148379266262054
0.502880871295929
0.774641633033752
0.532449662685394
-0.128504171967506
-0.846261262893677
-1.23979890346527
-1.09078764915466
-0.684216380119324
-0.437679886817932
-0.410186052322388
-0.453436940908432
-0.431325167417526
-0.271355271339417
-0.166048794984818
-0.197562918066978
-0.312077254056931
-0.451945543289185
-0.414530605077744
-0.259099781513214
-0.148087024688721
0.0227766409516335
0.321253091096878
0.424225211143494
0.308543711900711
0.0491032637655735
-0.339441359043121
-0.727207899093628
-0.963434219360352
-0.940025568008423
-0.888604342937469
-0.990927994251251
-1.32772719860077
-1.73449301719666
-1.73060238361359
-0.937107563018799
0.178142622113228
0.799347162246704
0.826840996742249
0.258484214544296
-0.410056382417679
-0.514844119548798
-0.321868687868118
-0.371733635663986
-0.626440465450287
-1.02373898029327
-1.33823192119598
-0.934124767780304
0.0142172463238239
0.636913180351257
0.566946625709534
-0.0966009721159935
-0.755933701992035
-0.79503458738327
-0.256052106618881
0.217762246727943
0.0956611856818199
-0.410315752029419
-0.63227641582489
-0.227131739258766
0.589836537837982
1.29391157627106
1.28185057640076
0.613958477973938
0.00487972516566515
-0.111450225114822
0.255371689796448
0.704156339168549
0.669075787067413
0.259781092405319
0.0456016920506954
0.215816929936409
0.638404607772827
0.937075614929199
0.704480528831482
0.178207457065582
-0.0881712660193443
0.0421649664640427
0.432395547628403
0.705258667469025
0.563315391540527
0.238577127456665
0.0588946938514709
0.201162204146385
0.618886590003967
0.907960712909698
0.801162779331207
0.450227618217468
0.113817475736141
0.0505946725606918
0.313990592956543
0.524538695812225
0.355620384216309
-0.0160648543387651
-0.203334033489227
-0.0416133515536785
0.381298542022705
0.660321831703186
0.462547957897186
-0.0447907000780106
-0.394818067550659
-0.346509367227554
-0.000696850242093205
0.371701657772064
0.451913565397263
0.292267888784409
0.325143724679947
0.714142262935638
1.19716453552246
1.43682754039764
1.08219623565674
0.282930374145508
-0.270901381969452
-0.243018493056297
0.103312760591507
0.404253304004669
0.403734534978867
0.124970622360706
0.0341891683638096
0.270026415586472
0.430904150009155
0.20336689054966
-0.290095180273056
-0.742316484451294
-0.849827706813812
-0.502458930015564
-0.018204702064395
0.198957517743111
0.135669872164726
0.048389982432127
0.142737850546837
0.480898767709732
0.826387047767639
0.738458752632141
0.0570790618658066
-0.928029417991638
-1.63618969917297
-1.64325761795044
-1.14681279659271
-0.598816990852356
-0.304036617279053
-0.328936666250229
-0.395077437162399
-0.257478684186935
-0.0938775315880775
-0.0919970571994781
-0.226353615522385
-0.417578279972076
-0.525932431221008
-0.449546307325363
-0.224927052855492
-0.00160466483794153
0.114530757069588
0.148768335580826
0.0645361095666885
-0.106457248330116
-0.277969360351563
-0.516919136047363
-0.826224505901337
-1.01712501049042
-1.03923666477203
-0.997995972633362
-0.99832022190094
-1.2808450460434
-1.6274356842041
-1.34782886505127
-0.472954958677292
0.485956609249115
1.07908368110657
0.844932436943054
0.0185617879033089
-0.554009854793549
-0.513028502464294
-0.326731979846954
-0.432297825813293
-0.784594714641571
-1.06997275352478
-0.919405221939087
-0.210596546530724
0.457230746746063
0.486280828714371
-0.113136172294617
-0.78997677564621
-0.957079529762268
-0.491954207420349
0.172436356544495
0.410932213068008
0.0117531782016158
-0.553491055965424
-0.540911376476288
0.222820073366165
1.17596054077148
1.59148025512695
1.16474258899689
0.23384353518486
-0.422571241855621
-0.266038089990616
0.394202500581741
0.805118262767792
0.651243686676025
0.231120079755783
0.0122719295322895
0.18760983645916
0.61966472864151
0.851870715618134
0.60818737745285
0.23170368373394
0.120496392250061
0.315028101205826
0.588474810123444
0.65870076417923
0.411126732826233
0.0340594798326492
-0.054582130163908
0.339474231004715
0.814974546432495
0.91658490896225
0.708046972751617
0.378121197223663
0.130287826061249
0.200254395604134
0.393878281116486
0.334092199802399
0.102534636855125
-0.0722196698188782
-0.106133028864861
0.0810064598917961
0.340706259012222
0.366643846035004
0.0768564492464066
-0.267464637756348
-0.340478867292404
-0.0458282046020031
0.392581403255463
0.599563121795654
0.501908183097839
0.426300227642059
0.632438957691193
0.997056186199188
1.21836841106415
0.992841362953186
0.335129708051682
-0.157424554228783
-0.133237779140472
0.127629220485687
0.36748680472374
0.412553310394287
0.208684101700783
0.116929978132248
0.300114005804062
0.384151697158813
0.16796213388443
-0.191273063421249
-0.550443410873413
-0.740176677703857
-0.576834857463837
-0.197627767920494
0.164330869913101
0.394526720046997
0.47065344452858
0.472533911466599
0.522852778434753
0.575246632099152
0.323198407888412
-0.32504603266716
-1.15893852710724
-1.72366404533386
-1.66076552867889
-1.15634477138519
-0.608802914619446
-0.221295788884163
-0.0840212628245354
-0.11456273496151
-0.101983018219471
-0.14529874920845
-0.289900630712509
-0.444747865200043
-0.648033499717712
-0.853329241275787
-0.793672859668732
-0.419199377298355
0.0266024302691221
0.39381343126297
0.446726053953171
0.185794204473495
-0.169680044054985
-0.470750272274017
-0.700362503528595
-0.978218615055084
-1.17910504341125
-1.23260128498077
-1.20731210708618
-1.05421566963196
-1.03930151462555
-1.28395760059357
-1.16393148899078
-0.476391673088074
0.336167186498642
0.914056003093719
0.74636971950531
-0.125845566391945
-0.734600067138672
-0.662817895412445
-0.391057103872299
-0.432427525520325
-0.80054634809494
-1.00422096252441
-0.710802376270294
-0.0455039851367474
0.415795505046844
0.444845587015152
-0.108532249927521
-0.852226912975311
-1.01485538482666
-0.657370984554291
-0.113265857100487
0.355490684509277
0.291813969612122
-0.262536495923996
-0.399486809968948
0.252453714609146
1.12570655345917
1.54563558101654
1.23808097839355
0.443613529205322
-0.201648086309433
-0.177331626415253
0.399973601102829
0.860884010791779
0.796169817447662
0.443289309740067
0.12905578315258
0.0844431892037392
0.381168872117996
0.70279461145401
0.692354738712311
0.389598578214645
0.165757432579994
0.300114005804062
0.609419405460358
0.769065082073212
0.705582916736603
0.387199342250824
0.0612939149141312
0.20310752093792
0.61512565612793
0.706360995769501
0.495423823595047
0.249989658594131
0.0706962794065475
0.1416355073452
0.395888417959213
0.431811958551407
0.212120816111565
-0.0200203321874142
-0.100815825164318
0.0622017309069633
0.336880475282669
0.439982295036316
0.182227790355682
-0.253328680992126
-0.47204715013504
-0.241332560777664
0.322939038276672
0.767184615135193
0.841171503067017
0.747796237468719
0.759922087192535
0.891230940818787
1.03453600406647
0.920410692691803
0.379353225231171
-0.177137091755867
-0.299302995204926
-0.110607258975506
0.204469248652458
0.551902830600739
0.654031991958618
0.550216913223267
0.543148934841156
0.474349558353424
0.16796213388443
-0.204955130815506
-0.561661422252655
-0.757100939750671
-0.659316301345825
-0.375105530023575
-0.0102289030328393
0.357176631689072
0.607992827892303
0.775095522403717
0.848369121551514
0.669140636920929
0.278845191001892
-0.292688935995102
-1.03080701828003
-1.66147875785828
-1.8290354013443
-1.45786893367767
-0.77700799703598
-0.135572165250778
0.177883237600327
0.172241821885109
0.0924189910292625
0.0627204850316048
-0.0403813160955906
-0.259748220443726
-0.513222992420197
-0.735572755336761
-0.863120675086975
-0.726624310016632
-0.342942953109741
0.0534478053450584
0.328385919332504
0.39835250377655
0.193834841251373
-0.154052674770355
-0.5190589427948
-0.886010587215424
-1.13857758045197
-1.24926614761353
-1.28181779384613
-1.22138321399689
-1.20445895195007
-1.35586953163147
-1.21930825710297
-0.557835638523102
0.241559952497482
0.851935565471649
0.835983991622925
0.199022352695465
-0.436123639345169
-0.535853564739227
-0.450908035039902
-0.695953130722046
-1.12333929538727
-1.30503189563751
-0.893402814865112
-0.0661891847848892
0.678802371025085
0.743192374706268
0.0718634724617004
-0.774608790874481
-1.16211593151093
-0.876543402671814
-0.257284164428711
0.123673744499683
-0.00543045485392213
-0.324332743883133
-0.357014060020447
0.217697396874428
1.10398375988007
1.53902149200439
1.22368562221527
0.451459646224976
-0.229466125369072
-0.323100715875626
0.159921482205391
0.640479624271393
0.686713337898254
0.445883065462112
0.232935711741447
0.263931095600128
0.568373203277588
0.821264386177063
0.730677485466003
0.382076680660248
0.0863236635923386
0.151556625962257
0.468967497348785
0.679450809955597
0.637237429618835
0.372479796409607
0.139884725213051
0.287599116563797
0.69728285074234
0.863996505737305
0.645926475524902
0.303421020507813
0.0524103008210659
0.0437860637903214
0.246488094329834
0.353739887475967
0.269831895828247
0.0889822617173195
-0.0534149408340454
-0.0626227706670761
0.126980781555176
0.339085161685944
0.23384353518486
-0.0938126891851425
-0.299951434135437
-0.22187939286232
0.186248108744621
0.614282667636871
0.642943680286407
0.543667674064636
0.668427348136902
0.906793475151062
1.10819864273071
1.03012657165527
0.480250328779221
-0.107300221920013
-0.261758387088776
-0.148735463619232
0.106944017112255
0.41385018825531
0.497304290533066
0.411386132240295
0.400816559791565
0.407106429338455
0.279493629932404
-0.00309607456438243
-0.394169628620148
-0.700427353382111
-0.775581419467926
-0.610294342041016
-0.289252191781998
-0.00361482566222548
0.246877148747444
0.495294123888016
0.672642171382904
0.737356424331665
0.533876240253448
0.00539847603067756
-0.678769469261169
-1.3182600736618
-1.74707269668579
-1.75913369655609
-1.40061175823212
-0.829142510890961
-0.198470741510391
0.170685574412346
0.224181786179543
0.182746544480324
0.117059670388699
0.00870551541447639
-0.176423817873001
-0.558548927307129
-0.928159117698669
-0.996699094772339
-0.80054634809494
-0.370760977268219
0.137355804443359
0.487383157014847
0.559230208396912
0.287274897098541
-0.298135817050934
-0.905204355716705
-1.24531066417694
-1.35690701007843
-1.34899604320526
-1.27818644046783
-1.26586616039276
-1.37830543518066
-1.29400837421417
-0.682984352111816
0.210953637957573
0.951146721839905
1.05087661743164
0.36800554394722
-0.508878469467163
-0.815265893936157
-0.521004259586334
-0.458624452352524
-0.807873666286469
-1.28758883476257
-1.23688089847565
-0.388852417469025
0.454507321119308
0.765758037567139
0.434146344661713
-0.455317407846451
-1.05486404895782
-0.803399443626404
-0.32757493853569
0.0807470828294754
0.183978572487831
-0.247946634888649
-0.503626108169556
-0.0185289215296507
0.882152795791626
1.55944728851318
1.58343958854675
0.932795882225037
0.176651209592819
-0.154312044382095
0.0197938214987516
0.384021997451782
0.467670619487762
0.360094606876373
0.296482741832733
0.245904490351677
0.360029757022858
0.59761780500412
0.603129506111145
0.426754117012024
0.224830225110054
0.172825425863266
0.457036226987839
0.718162596225739
0.705712556838989
0.556312263011932
0.29570460319519
0.281244426965714
0.645342886447906
0.771204888820648
0.516238689422607
0.223922416567802
-0.0934884697198868
-0.164492532610893
0.190722331404686
0.423252552747726
0.45716592669487
0.402372807264328
0.163876965641975
-0.0143789127469063
0.0253703966736794
0.126137807965279
0.11783779412508
-0.0499133691191673
-0.204241842031479
-0.159240186214447
0.0526696778833866
0.3527672290802
0.512672305107117
0.489587873220444
0.553134858608246
0.654031991958618
0.677829682826996
0.663304686546326
0.408857196569443
8.12765429145657E-5
-0.088430643081665
-0.00212341593578458
0.117383889853954
0.421177536249161
0.53102308511734
0.355360984802246
0.25614982843399
0.132751896977425
-0.0764345228672028
-0.141083896160126
-0.239192709326744
-0.385934442281723
-0.42646187543869
-0.442089259624481
-0.385091483592987
-0.236404418945313
-0.0893384590744972
0.125748753547668
0.367292284965515
0.501583993434906
0.53251451253891
0.298946797847748
-0.209623888134956
-0.746142327785492
-1.1961590051651
-1.40826332569122
-1.29634273052216
-1.00221085548401
-0.589155197143555
-0.177266791462898
0.00494456896558404
0.0681025236845016
0.0561064034700394
-0.0497188381850719
-0.0492000877857208
-0.222852051258087
-0.667356967926025
-0.933152079582214
-0.876737892627716
-0.53565901517868
0.0562360920011997
0.463131546974182
0.390636086463928
-0.00439295219257474
-0.488647192716599
-0.781222879886627
-0.815914332866669
-0.841916739940643
-0.990798354148865
-1.24368953704834
-1.54372227191925
-1.59300363063812
-1.32506859302521
-0.834005773067474
-0.22693720459938
0.388431370258331
0.773344755172729
0.674587488174438
0.214130982756615
-0.223435640335083
-0.465433061122894
-0.666708528995514
-0.929909884929657
-1.28356850147247
-1.41131103038788
-0.827132344245911
0.0327626019716263
0.506771504878998
0.557414591312408
0.215687230229378
-0.278228729963303
-0.346509367227554
-0.160990968346596
-0.102112710475922
-0.139787018299103
-0.349751561880112
-0.435604870319366
0.0143469339236617
0.709668040275574
1.27426385879517
1.46270024776459
1.08731889724731
0.534200489521027
0.211018472909927
0.168026968836784
0.294991314411163
0.329358577728271
0.276705354452133
0.355814903974533
0.476619094610214
0.560721635818481
0.649881958961487
0.610910773277283
0.526224672794342
0.501908183097839
0.381493091583252
0.293888986110687
0.268664687871933
0.155641794204712
0.136512830853462
0.237669318914413
0.419102549552917
0.747472047805786
0.872945010662079
0.668103098869324
0.50553947687149
0.357565701007843
0.195196568965912
0.234427124261856
0.207711443305016
0.144812852144241
0.253167003393173
0.263866245746613
0.0874908491969109
-0.04667117446661
-0.0632712095975876
-0.0844751670956612
-0.124613538384438
-0.122538536787033
-0.0425860099494457
0.103053383529186
0.300892114639282
0.419621288776398
0.431747108697891
0.543602824211121
0.738977491855621
0.803237795829773
0.71135401725769
0.4399174451828
0.127434685826302
0.0752353519201279
0.120237022638321
0.111094027757645
0.220485687255859
0.250962316989899
0.140079259872437
0.147601142525673
0.0974119678139687
-0.135701850056648
-0.240489587187767
-0.241008341312408
-0.264611512422562
-0.219091102480888
-0.228428617119789
-0.349427342414856
-0.381200850009918
-0.21986922621727
0.099227599799633
0.426948666572571
0.586399793624878
0.553848147392273
0.334675788879395
-0.0357125550508499
-0.446498662233353
-0.880044937133789
-1.2615864276886
-1.43452513217926
-1.31670379638672
-0.941841185092926
-0.495196402072906
-0.183037891983986
8.12765429145657E-5
0.0782830193638802
-0.0169726684689522
-0.0253375321626663
-0.0539336912333965
-0.37808832526207
-0.684994518756866
-0.864547252655029
-0.866362869739532
-0.44773069024086
0.182422325015068
0.466827660799026
0.325532793998718
-0.111126005649567
-0.630331099033356
-0.896839499473572
-0.855858206748962
-0.806447148323059
-0.948649823665619
-1.24667239189148
-1.56486141681671
-1.64533269405365
-1.29057168960571
-0.507127702236176
0.329747647047043
0.834362864494324
0.765304088592529
0.24480214715004
-0.116378366947174
-0.122473694384098
-0.172987088561058
-0.503755807876587
-1.00461006164551
-1.42499303817749
-1.19589960575104
-0.437290817499161
0.155576944351196
0.388496220111847
0.260494381189346
-0.106586933135986
-0.27946075797081
-0.169874578714371
-0.0985462889075279
-0.145817488431931
-0.339571058750153
-0.50907301902771
-0.222852051258087
0.509883999824524
1.23360669612885
1.55088794231415
1.229456782341
0.590679526329041
0.189295768737793
0.123738586902618
0.20777627825737
0.189360618591309
0.0285477470606565
-0.0328594222664833
0.148962870240211
0.510921478271484
0.853556632995605
0.943365454673767
0.764007210731506
0.465725302696228
0.198698133230209
0.188906714320183
0.309646040201187
0.225608348846436
0.0413219965994358
-0.066513404250145
0.0367829240858555
0.470588594675064
0.869184017181396
0.855631649494171
0.651956975460052
0.416443943977356
0.225608348846436
0.294991314411163
0.371377438306808
0.318983554840088
0.228785708546638
0.0329571329057217
-0.232189565896988
-0.244120836257935
0.0435266867280006
0.235205247998238
0.184497326612473
0.0243977382779121
-0.103344738483429
0.0138930268585682
0.402502506971359
0.654421031475067
0.572717726230621
0.465271413326263
0.513839483261108
0.665379643440247
0.844867587089539
0.81594717502594
0.523501217365265
0.302642911672592
0.229045078158379
0.250962316989899
0.398806393146515
0.427597105503082
0.199541106820107
-0.0595102645456791
-0.226159080862999
-0.274532645940781
-0.0354531779885292
0.297844469547272
0.375721991062164
0.163358211517334
-0.178823038935661
-0.428018152713776
-0.425748616456985
-0.24431537091732
-0.0734517052769661
0.0594782866537571
0.191046550869942
0.372090727090836
0.477656573057175
0.331109374761581
-0.0849939212203026
-0.665346801280975
-1.16334795951843
-1.34769916534424
-1.20510745048523
-0.837377667427063
-0.474640905857086
-0.270058393478394
-0.128893241286278
-0.0519883744418621
-0.0325352028012276
0.00163753004744649
-0.126104950904846
-0.471269011497498
-0.766308724880219
-0.768318891525269
-0.432557225227356
0.140079259872437
0.611559212207794
0.566492736339569
0.0311415027827024
-0.543959021568298
-0.903972327709198
-0.909030199050903
-0.742121994495392
-0.811245560646057
-1.1033673286438
-1.41033840179443
-1.55947935581207
-1.32448506355286
-0.759111106395721
-0.153663605451584
0.272166281938553
0.296093672513962
0.00118362286593765
-0.234070032835007
-0.222657516598701
-0.107235372066498
-0.239257544279099
-0.685967147350311
-1.07353913784027
-1.1025892496109
-0.696277320384979
-0.190884009003639
-0.0272828489542007
-0.133691683411598
-0.222722351551056
-0.216043442487717
-0.111320540308952
0.0718634724617004
0.0756892636418343
-0.152755796909332
-0.375300049781799
-0.496882349252701
-0.214098125696182
0.595348238945007
1.24962317943573
1.22491765022278
0.761089265346527
0.32793202996254
0.259132653474808
0.499314457178116
0.667843759059906
0.504891037940979
0.13333548605442
-0.0412891320884228
0.135540172457695
0.428310364484787
0.653513252735138
0.687167227268219
0.486540198326111
0.255371689796448
0.221977099776268
0.383697777986526
0.508392572402954
0.392127484083176
0.147860527038574
0.0612290725111961
0.228072419762611
0.562342703342438
0.770880699157715
0.579980254173279
0.284032702445984
0.214909106492996
0.266460001468658
0.382984489202499
0.565325558185577
0.582898259162903
0.37708368897438
0.105906516313553
-0.252874761819839
-0.323165565729141
-0.0284500382840633
0.12626750767231
0.08697210252285
0.0457962229847908
0.0459259115159512
0.305690556764603
0.707852423191071
0.75888454914093
0.544834852218628
0.379612624645233
0.371896177530289
0.544834852218628
0.704350829124451
0.642295241355896
0.421696305274963
0.232741177082062
0.254528731107712
0.491014420986176
0.665185153484344
0.650335907936096
0.381946980953217
-0.058991514146328
-0.31622725725174
-0.290419399738312
-0.0720251351594925
0.242856830358505
0.298103839159012
0.0513079576194286
-0.155544072389603
-0.211504369974136
-0.159045651555061
-0.0787040591239929
-0.170912086963654
-0.23750676214695
-0.0134710976853967
0.310099959373474
0.53653484582901
0.472209692001343
0.0586353167891502
-0.456484615802765
-0.838285505771637
-1.03541088104248
-1.01414215564728
-0.868762135505676
-0.685448408126831
-0.504209697246552
-0.359089076519012
-0.177396476268768
0.0585704743862152
0.124711245298386
-0.071376696228981
-0.373678952455521
-0.649006128311157
-0.596028685569763
-0.19555276632309
0.242402926087379
0.419686138629913
0.212769255042076
-0.237571612000465
-0.635453760623932
-0.949557602405548
-1.03943121433258
-0.769810318946838
-0.579817712306976
-0.683892130851746
-0.896904349327087
-1.1885073184967
-1.36403977870941
-1.09338140487671
-0.608478724956512
-0.0929697155952454
0.33097967505455
0.320345282554626
-0.0146382879465818
-0.235042691230774
-0.174478501081467
-0.109115846455097
-0.339246839284897
-0.884973108768463
-1.30315136909485
-1.14220881462097
-0.452658832073212
0.249535754323006
0.452497154474258
0.11355809867382
-0.380422711372375
-0.464265882968903
-0.107170529663563
0.239160731434822
0.218281000852585
-0.173051938414574
-0.659575700759888
-0.728764116764069
-0.034415677189827
0.918011486530304
1.43968069553375
1.30701005458832
0.714920401573181
0.225802883505821
0.222236469388008
0.5230473279953
0.658960103988647
0.41787052154541
0.00559300789609551
-0.172468334436417
0.000924247200600803
0.332600772380829
0.658052325248718
0.781644761562347
0.624074101448059
0.461445599794388
0.518573105335236
0.561629414558411
0.457554966211319
0.318075746297836
0.134632363915443
0.0533181168138981
0.28636708855629
0.651243686676025
0.787869811058044
0.661424219608307
0.466244071722031
0.324560135602951
0.320410132408142
0.565131008625031
0.776586949825287
0.590290427207947
0.0846377164125443
-0.475224494934082
-0.616973280906677
-0.251577883958817
0.105452612042427
0.172566041350365
0.0534478053450584
-0.0874579846858978
0.139365971088409
0.726722002029419
0.992452263832092
0.749028325080872
0.41864863038063
0.255242019891739
0.342327356338501
0.590938866138458
0.70733368396759
0.542630195617676
0.271712362766266
0.185275450348854
0.333573430776596
0.508392572402954
0.592041194438934
0.462677657604218
0.0303633771836758
-0.383146166801453
-0.413687646389008
-0.128633856773376
0.237085729837418
0.400492340326309
0.211213007569313
-0.071376696228981
-0.183167576789856
-0.147697970271111
-0.0993892624974251
-0.208132475614548
-0.375429749488831
-0.306435823440552
-0.0350641161203384
0.213482543826103
0.330071866512299
0.148768335580826
-0.314671009778976
-0.741603255271912
-0.981071770191193
-1.02010774612427
-0.909873127937317
-0.763714969158173
-0.69789844751358
-0.614444375038147
-0.405063390731812
-0.149319067597389
-0.0038093572948128
-0.126429170370102
-0.408046215772629
-0.611331820487976
-0.506998002529144
-0.146854996681213
0.206220030784607
0.362558662891388
0.153631627559662
-0.242564588785172
-0.578002095222473
-0.866362869739532
-1.1001900434494
-1.06472039222717
-0.930104434490204
-0.950919330120087
-0.879850447177887
-0.964341998100281
-1.19447302818298
-1.1017462015152
-0.696277320384979
-0.11242288351059
0.48842066526413
0.600406110286713
0.0790611431002617
-0.44974085688591
-0.638825654983521
-0.508619129657745
-0.498957365751266
-0.946769297122955
-1.27027547359467
-1.08320093154907
-0.400200098752975
0.274370968341827
0.535886406898499
0.299076497554779
-0.333540588617325
-0.651081144809723
-0.266881048679352
0.166989475488663
0.301346033811569
0.305820256471634
-0.193218380212784
-0.683956980705261
-0.238673955202103
0.620637357234955
1.17187535762787
1.24800205230713
0.829888641834259
0.31749215722084
0.148119896650314
0.357111781835556
0.716217279434204
0.812251091003418
0.514876961708069
0.186637178063393
-0.00873749330639839
0.0293258745223284
0.413266599178314
0.749936103820801
0.741700947284698
0.549179434776306
0.429023653268814
0.515719950199127
0.566233336925507
0.422668963670731
0.239355266094208
0.0338649488985538
0.0630447044968605
0.541462957859039
0.876900494098663
0.780283033847809
0.59962797164917
0.329423427581787
0.125229999423027
0.415211915969849
0.700200855731964
0.531347334384918
0.0801634937524796
-0.543764472007751
-0.737064182758331
-0.295995950698853
0.134891733527184
0.313666373491287
0.277288943529129
0.0824978724122047
0.24480214715004
0.752075970172882
0.962948322296143
0.755123615264893
0.393943101167679
0.168545722961426
0.257770925760269
0.481222987174988
0.632309257984161
0.568697392940521
0.271777212619781
0.194159060716629
0.401075929403305
0.524019956588745
0.626538157463074
0.547234117984772
0.0660923644900322
-0.323489785194397
-0.337366372346878
-0.112617418169975
0.307376503944397
0.538415312767029
0.33046093583107
0.0177188161760569
-0.217210620641708
-0.251059144735336
-0.104771308600903
-0.185696497559547
-0.413363426923752
-0.431260347366333
-0.282119363546371
0.0413868390023708
0.363077431917191
0.264385014772415
-0.20009183883667
-0.683373391628265
-0.940025568008423
-0.863055825233459
-0.709051609039307
-0.668524146080017
-0.656203806400299
-0.685902297496796
-0.559716105461121
-0.250151336193085
-0.177266791462898
-0.258710712194443
-0.342942953109741
-0.517502725124359
-0.446822881698608
-0.166178479790688
-0.0142492251470685
0.111612781882286
0.0489735752344131
-0.282638132572174
-0.47029635310173
-0.630979537963867
-0.858257412910461
-0.893791854381561
-0.918432533740997
-0.922517716884613
-0.71138596534729
-0.591359913349152
-0.896450459957123
-1.24751532077789
-1.23675119876862
-0.675721824169159
0.310035109519958
0.854723870754242
0.486540198326111
-0.310650676488876
-0.747244656085968
-0.506479263305664
-0.241721615195274
-0.4637471139431
-0.919923961162567
-1.2073769569397
-1.00869524478912
-0.25767320394516
0.406004071235657
0.49244099855423
0.0743275433778763
-0.466600269079208
-0.434178322553635
0.0770509839057922
0.454118251800537
0.43842601776123
-0.0577594786882401
-0.723252415657043
-0.645050644874573
0.177105113863945
0.944402992725372
1.38715708255768
1.19307935237885
0.432914286851883
-0.0928400307893753
-0.0321461409330368
0.382660269737244
0.779115855693817
0.73683762550354
0.319826543331146
-0.0628821477293968
-0.124354161322117
0.309192150831223
0.86555278301239
0.930072486400604
0.597941994667053
0.318529665470123
0.269248306751251
0.466114372014999
0.685675799846649
0.574663043022156
0.133724555373192
-0.18511289358139
0.0505298301577568
0.571096658706665
0.837216019630432
0.839355826377869
0.58160138130188
0.198114544153214
0.349849253892899
0.745202481746674
0.688010215759277
0.218994274735451
-0.410510271787643
-0.771690785884857
-0.495001882314682
0.0299094691872597
0.323782026767731
0.373582124710083
0.278391301631927
0.406522840261459
0.863283276557922
1.08466029167175
0.794613540172577
0.318075746297836
-0.0623633973300457
-0.0879118964076042
0.20524737238884
0.523955106735229
0.65921950340271
0.588798999786377
0.563185691833496
0.617849111557007
0.579266965389252
0.558192729949951
0.479601889848709
0.0649251714348793
-0.361293762922287
-0.472436219453812
-0.337171822786331
0.0461204424500465
0.450422137975693
0.390506386756897
0.022128202021122
-0.21545983850956
-0.259229481220245
-0.0906353369355202
0.121663585305214
0.132687047123909
0.0447587221860886
-0.0257914382964373
-0.163779258728027
-0.281081855297089
-0.398903220891953
-0.5230792760849
-0.518929302692413
-0.48702609539032
-0.570220828056335
-0.63227641582489
-0.448054909706116
-0.214162960648537
-0.116183832287788
-0.177850380539894
-0.452140063047409
-0.747439205646515
-0.868762135505676
-0.815136194229126
-0.599076330661774
-0.21960985660553
0.182681694626808
0.431422889232635
0.457554966211319
0.224700540304184
-0.211244985461235
-0.658019423484802
-1.00169205665588
-1.16179168224335
-1.02918589115143
-0.747633695602417
-0.507776141166687
-0.265519320964813
-0.267140418291092
-0.752691507339478
-1.39127421379089
-1.62393414974213
-1.24427318572998
-0.294504553079605
0.574144303798676
0.593013882637024
0.058959536254406
-0.20476059615612
0.0339297913014889
0.260818600654602
-0.118583053350449
-1.07211256027222
-1.65531861782074
-1.36501240730286
-0.518475353717804
0.381233721971512
0.68476802110672
0.193445786833763
-0.359867215156555
-0.38035786151886
-0.0461524240672588
0.377926677465439
0.503464460372925
0.0537720248103142
-0.639733493328094
-0.905852794647217
-0.298654556274414
0.785470545291901
1.53299105167389
1.50193083286285
0.808230757713318
0.0490384213626385
-0.153793290257454
0.192732498049736
0.526289522647858
0.502751171588898
0.208295032382011
-0.0228734631091356
0.101626820862293
0.559035658836365
1.02480936050415
1.09114468097687
0.651632785797119
0.184886381030083
0.129509702324867
0.309710890054703
0.506836354732513
0.543862223625183
0.226840391755104
-0.0329891107976437
0.224635690450668
0.717254817485809
0.962948322296143
0.843376159667969
0.434665083885193
0.0907330438494682
0.225219294428825
0.54457551240921
0.617719411849976
0.259975612163544
-0.34281325340271
-0.683373391628265
-0.489230781793594
0.0188860073685646
0.408208757638931
0.451329976320267
0.290192872285843
0.268664687871933
0.524473905563354
0.814131557941437
0.692484438419342
0.230601340532303
-0.0723493546247482
-0.0660594999790192
0.21218566596508
0.679839849472046
0.930850565433502
0.806155800819397
0.670826554298401
0.531412184238434
0.318789035081863
0.246552929282188
0.214390352368355
