% Type: Spectrum
% Date: 10-DEC-24 16:43:47
% NoOfItems: = 1601
% Unit_Y: = mm/s
% Unit_X: = Hz
% Min_X: = 0
% Max_X: = 1000
% MinDisplay_X: = 0
% MaxDisplay_X: = 1000
0
0
0
0
0.0263099242001772
0.0180948805063963
0.00913301296532154
0.0066591645590961
0.00413863966241479
0.0042786686681211
0.00392081635072827
0.00340737635269761
0.0035007291007787
0.00276946555823088
0.00273834797553718
0.00406084582209587
0.00396749284118414
0.00471431529149413
0.00664360588416457
0.0079505443572998
0.00429422780871391
0.00468319747596979
0.00555449025705457
0.0189661718904972
0.0173480566591024
0.00480766780674458
0.00248940731398761
0.00202264357358217
0.00273834797553718
0.00337625877000391
0.00192929070908576
0.00112023332621902
0.00169590872246772
0.00290949479676783
0.00308064161799848
0.00468319747596979
0.00762380985543132
0.00905521959066391
0.0088996309787035
0.544620096683502
1.01964569091797
0.475959122180939
0.0108600398525596
0.0112334508448839
0.00549225509166718
0.00497881462797523
0.00714148720726371
0.00630131224170327
0.00357852317392826
0.00367187592200935
0.0025827600620687
0.00245828973129392
0.00199152599088848
0.00230270181782544
0.00124470365699381
0.00135361519642174
0.00129138003103435
0.00205376115627587
0.00234937807545066
0.00202264357358217
0.00292505370453
0.00471431529149413
0.0127270948141813
0.0211444031447172
0.00833951495587826
0.00080905738286674
0.00129138003103435
0.00108911574352533
0.000575675454456359
0.00108911574352533
0.00155587960034609
0.00152476201765239
0.000855733756907284
0.00144696806091815
0.00252052489668131
0.00303396512754262
0.00406084582209587
0.00471431529149413
0.00373411108739674
0.0792253911495209
0.143032014369965
0.0649424120783806
0.0040764044970274
0.00283170095644891
0.00158699718303978
0.00259831896983087
0.00119802728295326
0.00102688057813793
0.00110467453487217
0.00163367355708033
0.00227158423513174
0.00228714291006327
0.00174258509650826
0.00158699718303978
0.00175814388785511
0.00135361519642174
0.00196040817536414
0.00160255597438663
0.00177370267920196
0.00276946555823088
0.00429422780871391
0.0099887466058135
0.00830839667469263
0.00444981548935175
0.0025827600620687
0.00385858141817153
0.00301840645261109
0.00252052489668131
0.00244273105636239
0.00457428582012653
0.00334514118731022
0.00227158423513174
0.00144696806091815
0.00158699718303978
0.00351628777571023
0.00583454826846719
0.00536778476089239
0.00446537462994456
0.00907077826559544
0.0940218046307564
0.154389932751656
0.0699212253093719
0.0113112442195416
0.00945974793285131
0.00757713383063674
0.00964645389467478
0.0043564629741013
0.00211599632166326
0.00393637549132109
0.00451205065473914
0.003469611518085
0.00266055413521826
0.00230270181782544
0.00314287678338587
0.00434090383350849
0.00373411108739674
0.00273834797553718
0.00560116674751043
0.00432534515857697
0.00314287678338587
0.00225602532736957
0.00348517019301653
0.0028939361218363
0.00390525767579675
0.00525887310504913
0.00343849393539131
0.00247384863905609
0.00214711390435696
0.00118246849160641
0.00150920322630554
0.00113579211756587
0.00101132178679109
0.000700145843438804
0.00122914486564696
0.00216267257928848
0.00446537462994456
0.00452760979533196
0.00543001992627978
0.00287837721407413
0.0284570381045342
0.0430045127868652
0.0179237332195044
0.00343849393539131
0.00331402360461652
0.00267611281014979
0.00244273105636239
0.00110467453487217
0.00121358607430011
0.00154032080899924
0.00121358607430011
0.000840174965560436
0.000746822217479348
0.000762381008826196
0.000777939800173044
0.00136917398776859
0.00133805640507489
0.000762381008826196
0.000995762995444238
0.00140029168687761
0.00112023332621902
0.000513440289068967
0.000980204087682068
0.000902410189155489
0.000933527771849185
0.000637910619843751
0.000684586993884295
0.00080905738286674
0.000793498591519892
0.00138473277911544
0.00144696806091815
0.00147808564361185
0.00135361519642174
0.000420087482780218
0.000933527771849185
0.00256720138713717
0.00504104979336262
0.00387414009310305
0.00185149675235152
0.00318955327384174
0.0153409726917744
0.0220779310911894
0.01605667732656
0.00838619098067284
0.00480766780674458
0.00252052489668131
0.00354740535840392
0.00437202164903283
0.00248940731398761
0.00178926158696413
0.00194484950043261
0.0014314092695713
0.00214711390435696
0.00275390688329935
0.00318955327384174
0.00340737635269761
0.00224046665243804
0.00183593796100467
0.00388969900086522
0.00485434429720044
0.00393637549132109
0.00357852317392826
0.00606793025508523
0.00424755131825805
0.00449649197980762
0.00429422780871391
0.00561672542244196
0.00633243005722761
0.00518107926473022
0.00844842661172152
0.0096620125696063
0.00787275098264217
0.0105177462100983
0.00588122475892305
0.00773272151127458
0.0121825374662876
0.01496756169945
0.01170021481812
0.00661248806864023
0.0198996998369694
0.0450893901288509
0.0780895948410034
0.0933994501829147
0.0394415482878685
0.0167412646114826
0.00910189561545849
0.0133650060743093
0.0089774252846837
0.00267611281014979
0.00686142919585109
0.00595901906490326
0.00384302251040935
0.0040764044970274
0.00413863966241479
0.00443425681442022
0.0046209623105824
0.00413863966241479
0.00284725963138044
0.00613016542047262
0.00594345992431045
0.00412308098748326
0.00174258509650826
0.005305549595505
0.00585010740906
0.00476099178195
0.00616128323599696
0.00284725963138044
0.00406084582209587
0.00387414009310305
0.00269167171791196
0.00351628777571023
0.00371855217963457
0.00205376115627587
0.00460540363565087
0.0060523715801537
0.00885295495390892
0.00735931051895022
0.00381190492771566
0.0043564629741013
0.00818392634391785
0.0514062605798244
0.0755535140633583
0.0490102060139179
0.0244895443320274
0.00919524859637022
0.00297172996215522
0.00656581204384565
0.00586566608399153
0.00471431529149413
0.00544557860121131
0.0049632559530437
0.00661248806864023
0.00553893111646175
0.00360964075662196
0.00525887310504913
0.00686142919585109
0.00588122475892305
0.00575675442814827
0.00588122475892305
0.00385858141817153
0.00437202164903283
0.00830839667469263
0.0115135088562965
0.00690810522064567
0.00438758032396436
0.00553893111646175
0.00563228409737349
0.0046209623105824
0.00339181744493544
0.0040764044970274
0.00317399436607957
0.00388969900086522
0.00399861065670848
0.00500993244349957
0.00622351840138435
0.0163367353379726
0.0232603996992111
0.0133494464680552
0.00701701687648892
0.0184994079172611
0.10936277359724
0.172998249530792
0.153736457228661
0.0556382536888123
0.0110778622329235
0.00815280899405479
0.00894630793482065
0.00715704634785652
0.00725039886310697
0.0092419246211648
0.00452760979533196
0.00830839667469263
0.0103465989232063
0.00796610396355391
0.00784163270145655
0.0100665409117937
0.00609904807060957
0.0111400978639722
0.0219845790416002
0.0228403117507696
0.010408834554255
0.0207398757338524
0.0323934145271778
0.0152476197108626
0.0192462299019098
0.020786551758647
0.026683334261179
0.0305730346590281
0.0270411875098944
0.027087863534689
0.0179548505693674
0.0285659488290548
0.0276168622076511
0.0286126248538494
0.0320666767656803
0.0561672523617744
0.06624935567379
0.0309308860450983
0.0406706929206848
0.0908322483301163
0.205173835158348
0.231670469045639
0.151371523737907
0.0952353924512863
0.0522619970142841
0.0278035681694746
0.0479988865554333
0.0277724508196115
0.0102065699175
0.00869736727327108
0.0150453560054302
0.0134583581238985
0.0102688055485487
0.0111089805141091
0.00726595753803849
0.00986427627503872
0.00868180766701698
0.00807501468807459
0.00712592853233218
0.00767048634588718
0.00625463575124741
0.00359408184885979
0.00650357687845826
0.00468319747596979
0.00854177866131067
0.0128826834261417
0.00908633694052696
0.0100820995867252
0.0102221285924315
0.0095842182636261
0.00927304197102785
0.00692366436123848
0.00731263402849436
0.00636354740709066
0.00883739627897739
0.0226691663265228
0.02557866089046
0.0101287765428424
0.0075460160151124
0.0184838492423296
0.0687543228268623
0.0725817829370499
0.0237271636724472
0.0449338033795357
0.0352717898786068
0.0151075907051563
0.0165545586496592
0.0114823915064335
0.00697034038603306
0.00488546211272478
0.00735931051895022
0.00849510263651609
0.00709481071680784
0.00532110827043653
0.00460540363565087
0.00807501468807459
0.00833951495587826
0.00656581204384565
0.00676807621493936
0.00983315892517567
0.00807501468807459
0.00717260502278805
0.00826172064989805
0.00627019489184022
0.00687698787078261
0.00641022389754653
0.00627019489184022
0.00541446078568697
0.00388969900086522
0.00393637549132109
0.00756157469004393
0.00869736727327108
0.0086351316422224
0.00709481071680784
0.0137539757415652
0.0238671936094761
0.0245206616818905
0.0132405357435346
0.00869736727327108
0.0210666097700596
0.0667005553841591
0.0613016560673714
0.0385391376912594
0.0323467366397381
0.0143918860703707
0.0149053260684013
0.0119958315044641
0.00412308098748326
0.00497881462797523
0.00648801773786545
0.00616128323599696
0.005305549595505
0.00266055413521826
0.002551642479375
0.00320511194877326
0.00434090383350849
0.00586566608399153
0.00622351840138435
0.00655025290325284
0.00650357687845826
0.0046209623105824
0.00412308098748326
0.00423199264332652
0.00659692939370871
0.00955310091376305
0.00869736727327108
0.00805945601314306
0.00402972800657153
0.00388969900086522
0.00460540363565087
0.00767048634588718
0.00994207058101892
0.00575675442814827
0.00658137071877718
0.0088996309787035
0.0141896214336157
0.0161811485886574
0.0127270948141813
0.00945974793285131
0.0169902052730322
0.0542535223066807
0.0548291951417923
0.0207243170589209
0.0133961234241724
0.00791942700743675
0.0124781541526318
0.00861957296729088
0.00483878562226892
0.00406084582209587
0.00522775528952479
0.00533666694536805
0.00729707535356283
0.00513440277427435
0.00440313946455717
0.00561672542244196
0.00835507363080978
0.00833951495587826
0.0072037223726511
0.00658137071877718
0.00662804720923305
0.00543001992627978
0.00444981548935175
0.00760825118049979
0.00763936899602413
0.00796610396355391
0.00882183760404587
0.00745266303420067
0.00728151667863131
0.00507216760888696
0.00418531615287066
0.00476099178195
0.00759269250556827
0.00894630793482065
0.00560116674751043
0.00592790124937892
0.0089774252846837
0.0115135088562965
0.0111712152138352
0.0101910112425685
0.0280058328062296
0.0850132629275322
0.0739820748567581
0.0206620804965496
0.014314092695713
0.00938195362687111
0.0122136548161507
0.00967757124453783
0.00455872714519501
0.00508772628381848
0.00533666694536805
0.00672139972448349
0.00669028237462044
0.00513440277427435
0.00455872714519501
0.00653469422832131
0.00630131224170327
0.0066591645590961
0.00683031138032675
0.00746822217479348
0.00745266303420067
0.00648801773786545
0.00586566608399153
0.00581898959353566
0.00633243005722761
0.00791942700743675
0.00886851362884045
0.00821504462510347
0.00557004893198609
0.00567896058782935
0.00416975747793913
0.00793498568236828
0.00854177866131067
0.0029561712872237
0.00833951495587826
0.00709481071680784
0.012758213095367
0.0150609146803617
0.00933527760207653
0.00841730833053589
0.0179859679192305
0.0448248907923698
0.0388658717274666
0.0205376110970974
0.00961533561348915
0.00930416025221348
0.00949086528271437
0.00399861065670848
0.00488546211272478
0.00575675442814827
0.00683031138032675
0.00819948501884937
0.00667472323402762
0.00690810522064567
0.00662804720923305
0.00868180766701698
0.00935083627700806
0.00818392634391785
0.0114201558753848
0.0113112442195416
0.00757713383063674
0.00726595753803849
0.00846398528665304
0.00465208012610674
0.00698589952662587
0.00977092422544956
0.0107044512405992
0.00986427627503872
0.00499437330290675
0.00667472323402762
0.00502549111843109
0.0061146067455411
0.0089774252846837
0.0079505443572998
0.0073437518440187
0.00362519943155348
0.0108755985274911
0.0131783001124859
0.0095842182636261
0.0148430913686752
0.0244273096323013
0.0345716439187527
0.0306819453835487
0.0159788839519024
0.00840174965560436
0.00824616197496653
0.0102065699175
0.00704813469201326
0.00637910654768348
0.00807501468807459
0.00773272151127458
0.00827727932482958
0.00868180766701698
0.00959977693855762
0.00832395628094673
0.00740598700940609
0.00874404329806566
0.00981760025024414
0.0116224205121398
0.0121358605101705
0.0119802728295326
0.0100509822368622
0.0115290675312281
0.00692366436123848
0.00546113727614284
0.0101598938927054
0.0125403897836804
0.0124470368027687
0.00950642395764589
0.00567896058782935
0.00469875615090132
0.00841730833053589
0.0120425084605813
0.0107044512405992
0.0123692424967885
0.00987983494997025
0.022793635725975
0.0259520709514618
0.0167412646114826
0.0136295054107904
0.0282858908176422
0.0491346791386604
0.042880043387413
0.016025559976697
0.0115446262061596
0.015621030703187
0.02557866089046
0.0142674157395959
0.00790386833250523
0.0133183291181922
0.0111089805141091
0.00933527760207653
0.0126493014395237
0.0144852390512824
0.0117935668677092
0.0122447721660137
0.0099265119060874
0.0088996309787035
0.00852621998637915
0.0145007977262139
0.0147186210379004
0.012353683821857
0.0174102932214737
0.0115446262061596
0.0109845101833344
0.0162900593131781
0.0174414105713367
0.0132716530933976
0.0122447721660137
0.0107200108468533
0.00804389733821154
0.00538334343582392
0.00753045734018087
0.0148586500436068
0.0173947345465422
0.0152631783857942
0.0292038600891829
0.024505103006959
0.0167568232864141
0.0226069297641516
0.0325490012764931
0.0761291906237602
0.0760513916611671
0.0362986698746681
0.0187016725540161
0.0145007977262139
0.0297950934618711
0.0262476895004511
0.0140184750780463
0.0153098553419113
0.0103932758793235
0.0188261438161135
0.0264188349246979
0.0312576219439507
0.029094947502017
0.026885598897934
0.0203509051352739
0.0161344707012177
0.0253297202289104
0.0424599535763264
0.031646590679884
0.0244739856570959
0.0411530137062073
0.0369054637849331
0.0379012264311314
0.0322689414024353
0.0417598076164722
0.0251585729420185
0.0423043668270111
0.0459918007254601
0.0277413334697485
0.0347894690930843
0.044513713568449
0.0333736166357994
0.0406551323831081
0.0304796807467937
0.0403750762343407
0.031242061406374
0.02735236287117
0.0400483421981335
0.0803767368197441
0.186285465955734
0.181571155786514
0.0847332030534744
0.0382590778172016
0.0242406036704779
0.0201019644737244
0.0281303022056818
0.0233381930738688
0.0163522940129042
0.016694588586688
0.0246295742690563
0.026885598897934
0.0245206616818905
0.0201330818235874
0.0216578431427479
0.0224824603646994
0.0273368041962385
0.0234626643359661
0.0248473975807428
0.0215644910931587
0.0127737717702985
0.0159010887145996
0.0128671238198876
0.0206309631466866
0.0188728198409081
0.0191684365272522
0.0157143846154213
0.0183904971927404
0.0206776391714811
0.00949086528271437
0.0157921779900789
0.0264188349246979
0.0145941507071257
0.0155743546783924
0.0175036452710629
0.0289238020777702
0.0239605456590652
0.01170021481812
0.0129293594509363
0.0173013806343079
0.0719594284892082
0.085760086774826
0.0361586399376392
0.0185460839420557
0.0167568232864141
0.017596997320652
0.0131005058065057
0.00661248806864023
0.00723484018817544
0.00701701687648892
0.00913301296532154
0.00843286700546742
0.00574119575321674
0.00406084582209587
0.0103154815733433
0.014080710709095
0.0162745006382465
0.0177525859326124
0.0150142377242446
0.00989539455622435
0.0067369588650763
0.0063168709166348
0.00956865958869457
0.0154498843476176
0.00807501468807459
0.00777939800173044
0.00782607402652502
0.0064569003880024
0.00613016542047262
0.00329846469685435
0.00617684191092849
0.00854177866131067
0.00655025290325284
0.00404528714716434
0.00544557860121131
0.0108600398525596
0.00711036985740066
0.00275390688329935
0.00737486919388175
0.0222646370530128
0.0610527135431767
0.047003123909235
0.0132560944184661
0.00984871760010719
0.0086351316422224
0.0105955395847559
0.00703257555142045
0.00519663793966174
0.00360964075662196
0.00508772628381848
0.00707925204187632
0.00518107926473022
0.0044186981394887
0.00592790124937892
0.0061146067455411
0.0079505443572998
0.00692366436123848
0.0128982421010733
0.0134739177301526
0.00547669595107436
0.00438758032396436
0.00420087482780218
0.00642578257247806
0.011062303557992
0.00648801773786545
0.00502549111843109
0.00768604502081871
0.0070014582015574
0.0046209623105824
0.00311175920069218
0.00521219661459327
0.00486990297213197
0.0049632559530437
0.00406084582209587
0.00311175920069218
0.00401416933164001
0.0046209623105824
0.00332958227954805
0.00745266303420067
0.0267300121486187
0.0814814120531082
0.062950886785984
0.0102376872673631
0.00364075833931565
0.00597457773983479
0.00648801773786545
0.00497881462797523
0.00320511194877326
0.00133805640507489
0.00329846469685435
0.00378078734502196
0.00378078734502196
0.00294061237946153
0.00343849393539131
0.00276946555823088
0.00364075833931565
0.00525887310504913
0.00732819270342588
0.00524331443011761
0.00298728886991739
0.00250496622174978
0.00368743459694087
0.00606793025508523
0.0113112442195416
0.00841730833053589
0.00395193416625261
0.00395193416625261
0.0035007291007787
0.00252052489668131
0.0035007291007787
0.00267611281014979
0.0029561712872237
0.00250496622174978
0.00197596708312631
0.00158699718303978
0.00309620029293001
0.00406084582209587
0.00452760979533196
0.00667472323402762
0.0450582727789879
0.15832631289959
0.127877742052078
0.0204442571848631
0.002551642479375
0.00343849393539131
0.00466763880103826
0.00454316847026348
0.00294061237946153
0.00189817312639207
0.00253608380444348
0.00325178843922913
0.00264499522745609
0.00340737635269761
0.00329846469685435
0.00220934906974435
0.00304952403530478
0.00474543264135718
0.00519663793966174
0.00294061237946153
0.000933527771849185
0.00208487873896956
0.00283170095644891
0.00430978648364544
0.00558560760691762
0.00354740535840392
0.00256720138713717
0.00300284754484892
0.00211599632166326
0.00175814388785511
0.00378078734502196
0.00357852317392826
0.00276946555823088
0.0020382022485137
0.00236493698321283
0.00311175920069218
0.00322067085653543
0.0028939361218363
0.00177370267920196
0.002551642479375
0.0227002836763859
0.0478277392685413
0.0344160571694374
0.00927304197102785
0.00298728886991739
0.00228714291006327
0.0028939361218363
0.00267611281014979
0.00298728886991739
0.00276946555823088
0.00228714291006327
0.00213155499659479
0.00155587960034609
0.00191373191773891
0.00188261433504522
0.00199152599088848
0.00250496622174978
0.00286281853914261
0.0057100779376924
0.0064569003880024
0.00306508271023631
0.00192929070908576
0.00294061237946153
0.00695478171110153
0.012587065808475
0.00861957296729088
0.00144696806091815
0.00138473277911544
0.00183593796100467
0.00164923234842718
0.00242717214860022
0.00325178843922913
0.00348517019301653
0.00256720138713717
0.0013069388223812
0.00300284754484892
0.00480766780674458
0.00337625877000391
0.00197596708312631
0.00233381940051913
0.00914857164025307
0.0265588648617268
0.020413139835
0.00396749284118414
0.00329846469685435
0.00230270181782544
0.00182037916965783
0.00161811476573348
0.00247384863905609
0.00286281853914261
0.00196040817536414
0.00227158423513174
0.00241161347366869
0.00164923234842718
0.00186705554369837
0.00141585047822446
0.00253608380444348
0.0014936444349587
0.00393637549132109
0.00502549111843109
0.00199152599088848
0.00132249761372805
0.00236493698321283
0.00374966976232827
0.00690810522064567
0.00510328495875001
0.00158699718303978
0.00183593796100467
0.00144696806091815
0.00147808564361185
0.00245828973129392
0.00367187592200935
0.00379634625278413
0.00250496622174978
0.00112023332621902
0.00395193416625261
0.0055078137665987
0.00245828973129392
0.00225602532736957
0.00210043741390109
0.0225446950644255
0.0578787215054035
0.0407796055078506
0.0082928379997611
0.00266055413521826
0.00160255597438663
0.00230270181782544
0.00183593796100467
0.000902410189155489
0.00133805640507489
0.00160255597438663
0.00163367355708033
0.00113579211756587
0.0014936444349587
0.00150920322630554
0.00180482037831098
0.00206931983120739
0.00177370267920196
0.00236493698321283
0.00275390688329935
0.00157143839169294
0.00101132178679109
0.00172702630516142
0.00448093330487609
0.00644134171307087
0.00300284754484892
0.00161811476573348
0.00152476201765239
0.000653469411190599
0.000622351828496903
0.000871292548254132
0.00102688057813793
0.00113579211756587
0.000871292548254132
0.000824616174213588
0.00224046665243804
0.00339181744493544
0.00253608380444348
0.0014936444349587
0.00233381940051913
0.00488546211272478
0.00818392634391785
0.00485434429720044
0.00180482037831098
0.00180482037831098
0.00088685133960098
0.00104243936948478
0.000606793037150055
0.000684586993884295
0.000591234245803207
0.000420087482780218
0.000824616174213588
0.000855733756907284
0.000746822217479348
0.000793498591519892
0.00101132178679109
0.000902410189155489
0.000746822217479348
0.00152476201765239
0.00133805640507489
0.00107355695217848
0.000824616174213588
0.000995762995444238
0.00161811476573348
0.00272278930060565
0.0014314092695713
0.00126026244834065
0.00152476201765239
0.00118246849160641
0.00108911574352533
0.000840174965560436
0.00110467453487217
0.00104243936948478
0.000917968980502337
0.00135361519642174
0.00202264357358217
0.00231826049275696
0.00175814388785511
0.000793498591519892
0.00171146751381457
0.00486990297213197
0.00978648290038109
0.009319718927145
0.00348517019301653
0.0014936444349587
0.00147808564361185
0.00104243936948478
0.00115135090891272
0.00140029168687761
0.000949086563196033
0.000917968980502337
0.00119802728295326
0.000871292548254132
0.000746822217479348
0.000980204087682068
0.000980204087682068
0.00124470365699381
0.00104243936948478
0.00158699718303978
0.00157143839169294
0.00133805640507489
0.0007312634261325
0.000715704634785652
0.00222490774467587
0.00272278930060565
0.00136917398776859
0.00101132178679109
0.00157143839169294
0.00116690970025957
0.00107355695217848
0.00138473277911544
0.00124470365699381
0.00133805640507489
0.00136917398776859
0.00124470365699381
0.00121358607430011
0.00119802728295326
0.000980204087682068
0.000637910619843751
0.00105799816083163
0.00342293502762914
0.00729707535356283
0.00609904807060957
0.00270723039284348
0.00121358607430011
0.00112023332621902
0.00108911574352533
0.000560116663109511
0.000560116663109511
0.000669028202537447
0.000949086563196033
0.00088685133960098
0.000933527771849185
0.00102688057813793
0.000902410189155489
0.000762381008826196
0.00110467453487217
0.00113579211756587
0.00196040817536414
0.00163367355708033
0.000715704634785652
0.000684586993884295
0.000684586993884295
0.000995762995444238
0.0013069388223812
0.000700145843438804
0.000995762995444238
0.00126026244834065
0.00101132178679109
0.0007312634261325
0.0007312634261325
0.000793498591519892
0.000669028202537447
0.000700145843438804
0.000653469411190599
0.00150920322630554
0.00154032080899924
0.000793498591519892
0.0007312634261325
0.000933527771849185
0.0031584354583174
0.00563228409737349
0.00381190492771566
0.00160255597438663
0.000777939800173044
0.000669028202537447
0.000637910619843751
0.000669028202537447
0.000342293496942148
0.000451205094577745
0.000575675454456359
0.000342293496942148
0.000435646274127066
0.000544557871762663
0.00080905738286674
0.000840174965560436
0.000715704634785652
0.000840174965560436
0.000746822217479348
0.000295617122901604
0.0003267347055953
0.000357852317392826
0.000388969900086522
0.000513440289068967
0.000497881497722119
0.000280058331554756
0.000606793037150055
0.000653469411190599
0.000435646274127066
0.000311175914248452
0.000435646274127066
0.000388969900086522
0.000388969900086522
0.00040452869143337
0.000342293496942148
0.000560116663109511
0.000980204087682068
0.000917968980502337
0.000840174965560436
0.000917968980502337
0.00161811476573348
0.00275390688329935
0.00276946555823088
0.00132249761372805
0.000591234245803207
0.000451205094577745
0.00040452869143337
0.000217823137063533
0.000280058331554756
0.000357852317392826
0.000217823137063533
0.00024894074886106
0.000264499540207908
0.000373411108739674
0.0003267347055953
0.000311175914248452
0.000482322677271441
0.000357852317392826
0.000280058331554756
0.000233381942962296
0.000342293496942148
0.000342293496942148
0.000202264345716685
0.000357852317392826
0.000420087482780218
0.000233381942962296
0.000420087482780218
0.000388969900086522
0.000186705554369837
0.000264499540207908
0.000373411108739674
0.000373411108739674
0.000342293496942148
0.0003267347055953
0.000513440289068967
0.000451205094577745
0.000591234245803207
0.000715704634785652
0.000466763885924593
0.000606793037150055
0.00110467453487217
0.00247384863905609
0.00241161347366869
0.000933527771849185
0.000373411108739674
0.000513440289068967
0.000591234245803207
0.000435646274127066
0.000311175914248452
0.000280058331554756
0.000264499540207908
0.00012447037443053
0.000295617122901604
0.000280058331554756
0.000202264345716685
0.000528999080415815
0.000606793037150055
0.000482322677271441
0.000451205094577745
0.000342293496942148
0.000280058331554756
0.000295617122901604
0.000233381942962296
0.00024894074886106
0.0003267347055953
0.00024894074886106
0.000280058331554756
0.000280058331554756
0.0003267347055953
0.000342293496942148
0.000420087482780218
0.000466763885924593
0.000295617122901604
0.000373411108739674
0.000544557871762663
0.000513440289068967
0.000575675454456359
0.000575675454456359
0.000466763885924593
0.00133805640507489
0.00169590872246772
0.00224046665243804
0.00245828973129392
0.00158699718303978
0.00112023332621902
0.000637910619843751
0.000591234245803207
0.000591234245803207
0.000669028202537447
0.000917968980502337
0.000700145843438804
0.0003267347055953
0.00080905738286674
0.00105799816083163
0.000933527771849185
0.00080905738286674
0.00115135090891272
0.00163367355708033
0.00272278930060565
0.00164923234842718
0.000746822217479348
0.000995762995444238
0.00157143839169294
0.00144696806091815
0.0020382022485137
0.0013069388223812
0.00136917398776859
0.00138473277911544
0.00144696806091815
0.00101132178679109
0.00108911574352533
0.00180482037831098
0.00147808564361185
0.00200708466582
0.00230270181782544
0.00244273105636239
0.00178926158696413
0.00191373191773891
0.00129138003103435
0.00378078734502196
0.00543001992627978
0.00701701687648892
0.0044186981394887
0.001462526852265
0.0014314092695713
0.00166479113977402
0.00172702630516142
0.00155587960034609
0.00144696806091815
0.00136917398776859
0.00105799816083163
0.00132249761372805
0.00196040817536414
0.00185149675235152
0.00121358607430011
0.00107355695217848
0.00174258509650826
0.00211599632166326
0.00314287678338587
0.00205376115627587
0.0013069388223812
0.00168034993112087
0.00231826049275696
0.00116690970025957
0.00194484950043261
0.00160255597438663
0.00124470365699381
0.00155587960034609
0.00178926158696413
0.00183593796100467
0.00216267257928848
0.00188261433504522
0.000933527771849185
0.0014936444349587
0.00172702630516142
0.00253608380444348
0.00275390688329935
0.0028939361218363
0.00180482037831098
0.00155587960034609
0.0042786686681211
0.00600569508969784
0.00527443177998066
0.00230270181782544
0.00239605456590652
0.00272278930060565
0.00177370267920196
0.00154032080899924
0.00205376115627587
0.00211599632166326
0.00116690970025957
0.00122914486564696
0.00166479113977402
0.00118246849160641
0.0007312634261325
0.00152476201765239
0.00225602532736957
0.00150920322630554
0.00186705554369837
0.00199152599088848
0.00119802728295326
0.00107355695217848
0.00220934906974435
0.00182037916965783
0.00166479113977402
0.0013069388223812
0.00112023332621902
0.00213155499659479
0.00248940731398761
0.00248940731398761
0.00164923234842718
0.00132249761372805
0.00113579211756587
0.00141585047822446
0.00208487873896956
0.00200708466582
0.00264499522745609
0.00252052489668131
0.00388969900086522
0.00539890211075544
0.00703257555142045
0.00989539455622435
0.0078883096575737
0.00406084582209587
0.00259831896983087
0.00253608380444348
0.00119802728295326
0.00119802728295326
0.00166479113977402
0.00161811476573348
0.00183593796100467
0.00191373191773891
0.00168034993112087
0.00220934906974435
0.00224046665243804
0.00247384863905609
0.00202264357358217
0.00185149675235152
0.00121358607430011
0.00227158423513174
0.00225602532736957
0.00286281853914261
0.002551642479375
0.0028939361218363
0.00413863966241479
0.0031584354583174
0.00314287678338587
0.00558560760691762
0.00340737635269761
0.00230270181782544
0.00297172996215522
0.00365631701424718
0.00317399436607957
0.00401416933164001
0.00486990297213197
0.0051655201241374
0.00614572456106543
0.00399861065670848
0.0040764044970274
0.00846398528665304
0.0118091264739633
0.0189350545406342
0.0179392918944359
0.00802833866328001
0.00393637549132109
0.00185149675235152
0.00374966976232827
0.00259831896983087
0.00192929070908576
0.00147808564361185
0.00219379016198218
0.00185149675235152
0.00186705554369837
0.00309620029293001
0.002380495890975
0.000964645354542881
0.00152476201765239
0.0012758212396875
0.00164923234842718
0.00133805640507489
0.00178926158696413
0.00122914486564696
0.00262943655252457
0.00308064161799848
0.00331402360461652
0.00272278930060565
0.00140029168687761
0.00168034993112087
0.00088685133960098
0.00138473277911544
0.00147808564361185
0.00133805640507489
0.00180482037831098
0.00132249761372805
0.00133805640507489
0.00177370267920196
0.002380495890975
0.00178926158696413
0.00175814388785511
0.00242717214860022
0.00415419833734632
0.00465208012610674
0.00228714291006327
0.00135361519642174
0.00135361519642174
0.0014314092695713
0.00136917398776859
0.000995762995444238
0.000917968980502337
0.000435646274127066
0.000777939800173044
0.000980204087682068
0.000653469411190599
0.000513440289068967
0.000902410189155489
0.00116690970025957
0.000871292548254132
0.000995762995444238
0.00107355695217848
0.000684586993884295
0.000451205094577745
0.000637910619843751
0.000840174965560436
0.000840174965560436
0.00112023332621902
0.00108911574352533
0.000777939800173044
0.000840174965560436
0.000824616174213588
0.000762381008826196
0.000793498591519892
0.000715704634785652
0.000466763885924593
0.000466763885924593
0.000528999080415815
0.00104243936948478
0.00133805640507489
0.000933527771849185
0.000964645354542881
0.00158699718303978
0.00161811476573348
0.00280058337375522
0.00294061237946153
0.00214711390435696
0.00144696806091815
0.00116690970025957
0.000793498591519892
0.000746822217479348
0.000653469411190599
0.000637910619843751
0.000622351828496903
0.000575675454456359
0.000824616174213588
0.000777939800173044
0.000855733756907284
0.000824616174213588
0.000871292548254132
0.00115135090891272
0.00121358607430011
0.000995762995444238
0.000466763885924593
0.000591234245803207
0.000420087482780218
0.000373411108739674
0.000528999080415815
0.000871292548254132
0.000840174965560436
0.000637910619843751
0.000777939800173044
0.000902410189155489
0.000575675454456359
0.000715704634785652
0.000777939800173044
0.000715704634785652
0.000700145843438804
0.000684586993884295
0.000544557871762663
0.000606793037150055
0.000917968980502337
0.00144696806091815
0.00241161347366869
0.00227158423513174
0.00129138003103435
0.00168034993112087
0.00155587960034609
0.00107355695217848
0.000746822217479348
0.000435646274127066
0.000342293496942148
0.000342293496942148
0.000684586993884295
0.000669028202537447
0.000637910619843751
0.000746822217479348
0.000482322677271441
0.000637910619843751
0.000606793037150055
0.000793498591519892
0.000824616174213588
0.000653469411190599
0.000622351828496903
0.000871292548254132
0.000715704634785652
0.000622351828496903
0.00080905738286674
0.000840174965560436
0.000840174965560436
0.000591234245803207
0.000482322677271441
0.000622351828496903
0.000528999080415815
0.000715704634785652
0.000637910619843751
0.000793498591519892
0.000980204087682068
0.00102688057813793
0.000777939800173044
0.000746822217479348
0.000995762995444238
0.00216267257928848
0.00406084582209587
0.00395193416625261
0.00276946555823088
