% Type: Spectrum
% Date: 10-DEC-24 16:37:23
% NoOfItems: = 1601
% Unit_Y: = mm/s
% Unit_X: = Hz
% Min_X: = 0
% Max_X: = 1000
% MinDisplay_X: = 0
% MaxDisplay_X: = 1000
0
0
0
0
0.0336309373378754
0.0144322318956256
0.0118792904540896
0.00971002876758575
0.0056518861092627
0.00544528989121318
0.00444182194769382
0.00233158748596907
0.00323175732046366
0.00330554181709886
0.00175606913398951
0.00236110133118927
0.00233158748596907
0.00419095484539866
0.00581421190872788
0.0075112534686923
0.00432376656681299
0.00482550077140331
0.00486977165564895
0.02231240645051
0.0216335915029049
0.00432376656681299
0.00295137660577893
0.00414668396115303
0.00373349152505398
0.00351213826797903
0.00311370240524411
0.00546004669740796
0.00662584044039249
0.0101674925535917
0.00770309288054705
0.00705379014834762
0.00762930838391185
0.00789493229240179
0.00622740481048822
0.517332077026367
0.967092335224152
0.44914048910141
0.00891315750777721
0.00423522526398301
0.00321700051426887
0.00627167522907257
0.00770309288054705
0.0100051667541265
0.00388106028549373
0.00574042741209269
0.00841142330318689
0.00634545972570777
0.00695049203932285
0.00659632682800293
0.00653729913756251
0.00634545972570777
0.00553383119404316
0.00486977165564895
0.00334981246851385
0.00385154644027352
0.00430900976061821
0.00427949614822865
0.0113628003746271
0.021692618727684
0.0103150615468621
0.00255294074304402
0.00240537198260427
0.00196266546845436
0.0018003397854045
0.0018003397854045
0.002641482045874
0.00385154644027352
0.00346786761656404
0.0023020738735795
0.00202169292606413
0.00450084917247295
0.00551907438784838
0.00242012878879905
0.00348262442275882
0.0888807103037834
0.156688585877419
0.0693130791187286
0.00458939047530293
0.0027152665425092
0.00228731683455408
0.00450084917247295
0.00249391328543425
0.00205120677128434
0.0025676975492388
0.00199217931367457
0.00339408311992884
0.00373349152505398
0.00485501438379288
0.00613886350765824
0.00498782657086849
0.00324651435948908
0.00169704155996442
0.00144617457408458
0.00162325717974454
0.00162325717974454
0.00354165188036859
0.0101084653288126
0.00789493229240179
0.0040876567363739
0.00709806056693196
0.00584372552111745
0.00292186276055872
0.00283332145772874
0.0030841885600239
0.00292186276055872
0.00193315173964947
0.0021545048803091
0.00246439944021404
0.00289234914816916
0.00385154644027352
0.0076588224619627
0.0047664730809629
0.00453036325052381
0.00917878095060587
0.157751083374023
0.254792332649231
0.104773871600628
0.0119825890287757
0.00718660186976194
0.00759979477152228
0.00965100154280663
0.00439755106344819
0.00228731683455408
0.00131336261983961
0.00187412416562438
0.00188888108823448
0.0012986056972295
0.00175606913398951
0.00110676628537476
0.0006788166356273
0.000959197408519685
0.00118055066559464
0.000988711137324572
0.00206596357747912
0.00265623885206878
0.00211023422889411
0.00286283530294895
0.00267099589109421
0.00292186276055872
0.0039400877431035
0.0023020738735795
0.00262672523967922
0.00115103693678975
0.00104773871134967
0.00112152309156954
0.000841142318677157
0.0012838487746194
0.000959197408519685
0.00137239007744938
0.00171179848257452
0.00286283530294895
0.00205120677128434
0.00202169292606413
0.00309894536621869
0.0247620493173599
0.0380284860730171
0.0125285936519504
0.00550431758165359
0.00470744585618377
0.00278905080631375
0.00303991790860891
0.00103298178873956
0.0012986056972295
0.00122482131700963
0.00107725244015455
0.00113628001417965
0.000796871667262167
0.000870656105689704
0.000885412970092148
0.000944440544117242
0.000826385454274714
0.00116579374298453
0.00146093138027936
0.00149044522549957
0.00107725244015455
0.000944440544117242
0.00101822498254478
0.000546004681382328
0.000560761545784771
0.000737844151444733
0.000811628589872271
0.000870656105689704
0.000826385454274714
0.000590275332797319
0.000973954272922128
0.00149044522549957
0.000782114802859724
0.000546004681382328
0.00110676628537476
0.00242012878879905
0.00323175732046366
0.00166752783115953
0.00141666072886437
0.00261196820065379
0.0258097890764475
0.0384859517216682
0.0171770118176937
0.00323175732046366
0.00197742227464914
0.00216926191933453
0.00383678963407874
0.00246439944021404
0.00147568830288947
0.0018003397854045
0.0018003397854045
0.00137239007744938
0.00205120677128434
0.00225780322216451
0.00194790854584426
0.00122482131700963
0.00250867009162903
0.00236110133118927
0.0013576332712546
0.00286283530294895
0.00224304618313909
0.00234634452499449
0.00321700051426887
0.00242012878879905
0.00320224370807409
0.00453036325052381
0.00510588148608804
0.00700951926410198
0.00607983581721783
0.00762930838391185
0.00581421190872788
0.0117759928107262
0.0158784054219723
0.01202685944736
0.0128975156694651
0.00842618010938168
0.0083228824660182
0.0141518507152796
0.0175902042537928
0.0188445392996073
0.117258191108704
0.153368279337883
0.0783590525388718
0.0342359691858292
0.0119973458349705
0.0119530754163861
0.018623186275363
0.00910499691963196
0.00405814265832305
0.00498782657086849
0.00507636787369847
0.00571091379970312
0.00591751001775265
0.00398435862734914
0.00439755106344819
0.00488452846184373
0.0141813643276691
0.0121449148282409
0.00630118930712342
0.00497306976467371
0.00332029862329364
0.00417619803920388
0.00895742792636156
0.0057256706058979
0.00529772089794278
0.00575518421828747
0.00517966598272324
0.00585848279297352
0.00551907438784838
0.00662584044039249
0.00702427653595805
0.0103298183530569
0.00951818935573101
0.00613886350765824
0.00674389535561204
0.00547480350360274
0.00723087275400758
0.00650778552517295
0.010669226758182
0.00916402414441109
0.0968051552772522
0.12838488817215
0.0504832975566387
0.0294842533767223
0.0175754483789206
0.00637497333809733
0.011436584405601
0.00618313392624259
0.00373349152505398
0.00351213826797903
0.00486977165564895
0.00566664291545749
0.00413192715495825
0.00405814265832305
0.00355640891939402
0.00404338585212827
0.00571091379970312
0.00475171627476811
0.00522393640130758
0.00563712930306792
0.00432376656681299
0.0095919743180275
0.014992993324995
0.00796871725469828
0.00287759210914373
0.00367446383461356
0.00522393640130758
0.0063897306099534
0.00451560644432902
0.0040138722397387
0.00509112467989326
0.00730465725064278
0.00563712930306792
0.00317272986285388
0.00467793177813292
0.0142846629023552
0.0184608604758978
0.00870656128972769
0.00847045052796602
0.0155980251729488
0.0733121931552887
0.179237097501755
0.196753516793251
0.0640301182866097
0.00966575834900141
0.00727514317259192
0.0102855479344726
0.00801298767328262
0.00675865262746811
0.00671438174322248
0.00703903334215283
0.00643400102853775
0.00582896871492267
0.00498782657086849
0.00813104305416346
0.010669226758182
0.0100346803665161
0.00622740481048822
0.0119825890287757
0.0201726593077183
0.0137239014729857
0.0224894899874926
0.039135254919529
0.0245111826807261
0.0157160796225071
0.0127647034823894
0.0107577675953507
0.0189035665243864
0.0202907137572765
0.0141370939090848
0.0168228466063738
0.0243341010063887
0.0301778260618448
0.0223714355379343
0.0228436551988125
0.0424703098833561
0.0627315118908882
0.0431196130812168
0.0382350832223892
0.0711872056126595
0.203158006072044
0.214624106884003
0.117081113159657
0.0700066536664963
0.0449642241001129
0.0279495362192392
0.0448166541755199
0.0242750719189644
0.00824909750372171
0.0122924838215113
0.0196856819093227
0.0169556587934494
0.0158046223223209
0.014019038528204
0.0092968363314867
0.0103150615468621
0.00742271216586232
0.00698000565171242
0.00798347406089306
0.00858850590884686
0.00625691842287779
0.00348262442275882
0.0063897306099534
0.00855899229645729
0.00739319855347276
0.00780639098957181
0.00981332734227181
0.00910499691963196
0.00627167522907257
0.00650778552517295
0.0109200933948159
0.014712612144649
0.00684719393029809
0.00708330376073718
0.0051353950984776
0.0254703797399998
0.033926073461771
0.0145207727327943
0.0116579374298453
0.0171622559428215
0.0728104636073112
0.0862982496619225
0.0443887040019035
0.0576551407575607
0.0358444675803185
0.0240389630198479
0.0244373977184296
0.00935586355626583
0.0101084653288126
0.0122186988592148
0.0131041118875146
0.00948867574334145
0.00585848279297352
0.00516490917652845
0.00839666649699211
0.00799823086708784
0.00495831295847893
0.005282964091748
0.00410241354256868
0.00547480350360274
0.00507636787369847
0.0086918044835329
0.0123515110462904
0.00796871725469828
0.00681767985224724
0.00609459262341261
0.00700951926410198
0.00653729913756251
0.00686195073649287
0.00842618010938168
0.0101232221350074
0.0117317223921418
0.00627167522907257
0.0077326069585979
0.0105069009587169
0.0258688163012266
0.0335128828883171
0.0165719799697399
0.011716965585947
0.0131631400436163
0.0310189686715603
0.0324208736419678
0.0249243751168251
0.0310484822839498
0.0152881313115358
0.01795912720263
0.016321113333106
0.00802774447947741
0.00522393640130758
0.00671438174322248
0.00637497333809733
0.00450084917247295
0.00419095484539866
0.00419095484539866
0.00292186276055872
0.00337932631373405
0.003644950222224
0.00200693611986935
0.00211023422889411
0.00299564725719392
0.00160850025713444
0.00627167522907257
0.00774736376479268
0.00274478015489876
0.00482550077140331
0.00448609236627817
0.00286283530294895
0.00436803745105863
0.0039400877431035
0.00334981246851385
0.00602080812677741
0.00622740481048822
0.0034973812289536
0.0030546747148037
0.00641924422234297
0.00866228993982077
0.00966575834900141
0.0102707901969552
0.0117464791983366
0.00934110675007105
0.0181509666144848
0.0221353247761726
0.0160850025713444
0.0158046223223209
0.00857374910265207
0.0109496070072055
0.0102117629721761
0.00383678963407874
0.00525345047935843
0.00497306976467371
0.00482550077140331
0.00486977165564895
0.00298089045099914
0.00237585813738406
0.00321700051426887
0.0030546747148037
0.002641482045874
0.00185936724301428
0.00273002334870398
0.00311370240524411
0.0030546747148037
0.00399911543354392
0.00439755106344819
0.0030841885600239
0.00576994149014354
0.00544528989121318
0.00262672523967922
0.00239061517640948
0.00233158748596907
0.00295137660577893
0.00433852383866906
0.0053567485883832
0.00361543637700379
0.00250867009162903
0.002641482045874
0.00615362031385303
0.011333285830915
0.00742271216586232
0.00669962493702769
0.0176197178661823
0.0471482425928116
0.0417029522359371
0.0133697362616658
0.0113480435684323
0.00795396044850349
0.0146240713074803
0.0115546397864819
0.00448609236627817
0.00312845921143889
0.00221353257074952
0.0017265552887693
0.00293661979958415
0.00340883992612362
0.00388106028549373
0.00523869367316365
0.00495831295847893
0.00259721139445901
0.00188888108823448
0.00218401872552931
0.002641482045874
0.00334981246851385
0.00339408311992884
0.00233158748596907
0.00246439944021404
0.00292186276055872
0.00365970702841878
0.00334981246851385
0.0027152665425092
0.00259721139445901
0.00367446383461356
0.00526820728555322
0.00498782657086849
0.00259721139445901
0.00321700051426887
0.00507636787369847
0.0197151955217123
0.019951306283474
0.00790968909859657
0.00637497333809733
0.0157898645848036
0.0381465442478657
0.0369512364268303
0.0143879614770412
0.00395484454929829
0.00656681321561337
0.0128827588632703
0.00855899229645729
0.00422046845778823
0.00312845921143889
0.003644950222224
0.00376300513744354
0.00299564725719392
0.00221353257074952
0.00166752783115953
0.00126909196842462
0.00121006439439952
0.00109200936276466
0.00166752783115953
0.00283332145772874
0.00306943175382912
0.00261196820065379
0.00355640891939402
0.0025676975492388
0.0012838487746194
0.00284807849675417
0.00231683067977428
0.00354165188036859
0.00361543637700379
0.00295137660577893
0.0013576332712546
0.00185936724301428
0.00253818393684924
0.00267099589109421
0.00293661979958415
0.0030546747148037
0.00519442278891802
0.00793920271098614
0.00486977165564895
0.00541577627882361
0.018726484850049
0.0388253591954708
0.0301778260618448
0.00858850590884686
0.00478123035281897
0.00430900976061821
0.00954770296812057
0.00613886350765824
0.00236110133118927
0.00259721139445901
0.00252342689782381
0.0021545048803091
0.00395484454929829
0.00451560644432902
0.00346786761656404
0.00454512005671859
0.00334981246851385
0.00150520203169435
0.00166752783115953
0.00228731683455408
0.00218401872552931
0.00231683067977428
0.00306943175382912
0.00292186276055872
0.00277429400011897
0.00163801398593932
0.00242012878879905
0.00342359696514905
0.00334981246851385
0.00262672523967922
0.00250867009162903
0.00358592253178358
0.00414668396115303
0.00438279425725341
0.00427949614822865
0.00457463366910815
0.00551907438784838
0.0103593319654465
0.00814579986035824
0.010846309363842
0.0458939075469971
0.107474379241467
0.0756585374474525
0.0115693965926766
0.00888364389538765
0.00795396044850349
0.0142846629023552
0.00975430011749268
0.00420571165159345
0.00289234914816916
0.00295137660577893
0.00414668396115303
0.00377776217646897
0.00402862904593348
0.00429425295442343
0.00569615699350834
0.00509112467989326
0.00275953719392419
0.00336456927470863
0.00346786761656404
0.00345311057753861
0.00332029862329364
0.00451560644432902
0.00314321601763368
0.00247915647923946
0.00355640891939402
0.00275953719392419
0.00224304618313909
0.00334981246851385
0.00270050950348377
0.00509112467989326
0.00997565314173698
0.0101379789412022
0.00470744585618377
0.00436803745105863
0.00854423549026251
0.00883937254548073
0.00909024011343718
0.00599129451438785
0.00683243665844202
0.0644875764846802
0.16546893119812
0.109599374234676
0.0197004396468401
0.0222533792257309
0.0153766721487045
0.0155094843357801
0.0123515110462904
0.00686195073649287
0.00417619803920388
0.00610934942960739
0.00823434069752693
0.00661108363419771
0.00445657875388861
0.00395484454929829
0.00395484454929829
0.00633070291951299
0.00917878095060587
0.00571091379970312
0.00450084917247295
0.00895742792636156
0.00734892766922712
0.00486977165564895
0.00461890455335379
0.00788017548620701
0.00669962493702769
0.0103150615468621
0.0100199235603213
0.00445657875388861
0.0057256706058979
0.0102117629721761
0.0167047921568155
0.0186822135001421
0.00911975372582674
0.0158784054219723
0.0229617096483707
0.0150520205497742
0.0273002330213785
0.0220172703266144
0.0140042817220092
0.0767948180437088
0.166398614645004
0.0999631285667419
0.0213236957788467
0.0202316865324974
0.0258540585637093
0.0303106382489204
0.0205120667815208
0.00882461573928595
0.00284807849675417
0.00398435862734914
0.00576994149014354
0.00441230786964297
0.00482550077140331
0.00433852383866906
0.0040138722397387
0.00469268904998898
0.00538626220077276
0.00538626220077276
0.00472220266237855
0.00386630347929895
0.00290710595436394
0.00320224370807409
0.00379251898266375
0.00485501438379288
0.00444182194769382
0.00665535451844335
0.00764406565576792
0.00562237249687314
0.00385154644027352
0.00627167522907257
0.0124400528147817
0.0108610661700368
0.00662584044039249
0.00640448741614819
0.0130893550813198
0.0294547379016876
0.0212941821664572
0.00538626220077276
0.00672913854941726
0.0163653828203678
0.0386482775211334
0.025632705539465
0.0105954417958856
0.00997565314173698
0.00844093691557646
0.0142551492899656
0.00956246070563793
0.00268575269728899
0.00273002334870398
0.00273002334870398
0.00259721139445901
0.00197742227464914
0.00163801398593932
0.00211023422889411
0.00224304618313909
0.0031579730566591
0.00396960135549307
0.00185936724301428
0.00147568830288947
0.00224304618313909
0.00144617457408458
0.00267099589109421
0.00240537198260427
0.00123957823961973
0.00163801398593932
0.00253818393684924
0.00314321601763368
0.00244964263401926
0.00153471587691456
0.00146093138027936
0.00280380784533918
0.00274478015489876
0.00203644996508956
0.00197742227464914
0.00206596357747912
0.00659632682800293
0.00451560644432902
0.00374824833124876
0.00515015237033367
0.010565928183496
0.0197594668716192
0.013664873316884
0.00659632682800293
0.00405814265832305
0.0040876567363739
0.00649302871897817
0.00455987686291337
0.00115103693678975
0.000973954272922128
0.00116579374298453
0.00126909196842462
0.00137239007744938
0.000988711137324572
0.000959197408519685
0.00156422960571945
0.00160850025713444
0.00122482131700963
0.00119530758820474
0.0012986056972295
0.00115103693678975
0.000737844151444733
0.00122482131700963
0.000988711137324572
0.000885412970092148
0.00119530758820474
0.00109200936276466
0.00103298178873956
0.00141666072886437
0.00121006439439952
0.00109200936276466
0.000929683621507138
0.000841142318677157
0.000870656105689704
0.000826385454274714
0.00156422960571945
0.00407289993017912
0.0030546747148037
0.00165277090854943
0.00327602797187865
0.0119825890287757
0.0289677623659372
0.0189921092242002
0.00383678963407874
0.00330554181709886
0.00213974807411432
0.00216926191933453
0.000855899241287261
0.00072308728704229
0.000486977136461064
0.000855899241287261
0.00100346805993468
0.00109200936276466
0.000737844151444733
0.000782114802859724
0.00072308728704229
0.000885412970092148
0.0012838487746194
0.00076735793845728
0.0006788166356273
0.000693573500029743
0.000855899241287261
0.00104773871134967
0.0006788166356273
0.000368922075722367
0.000870656105689704
0.000811628589872271
0.000413192727137357
0.000944440544117242
0.000855899241287261
0.000486977136461064
0.00076735793845728
0.000605032197199762
0.000575518468394876
0.00072308728704229
0.00119530758820474
0.00168228463735431
0.000855899241287261
0.00184461043681949
0.0057994551025331
0.0513834655284882
0.173614725470543
0.136604472994804
0.0181362088769674
0.00438279425725341
0.00332029862329364
0.00233158748596907
0.00104773871134967
0.0006788166356273
0.000841142318677157
0.000664059713017196
0.000531247816979885
0.000368922075722367
0.000442706485046074
0.000737844151444733
0.000619789119809866
0.000575518468394876
0.000693573500029743
0.000575518468394876
0.000501734029967338
0.000457463378552347
0.000737844151444733
0.000546004681382328
0.000546004681382328
0.000413192727137357
0.000413192727137357
0.00072308728704229
0.000693573500029743
0.000973954272922128
0.000811628589872271
0.000457463378552347
0.000619789119809866
0.000693573500029743
0.000619789119809866
0.000398435833631083
0.000693573500029743
0.000811628589872271
0.00106249563395977
0.00100346805993468
0.00175606913398951
0.0075850379653275
0.0226223021745682
0.0160850025713444
0.00423522526398301
0.00169704155996442
0.0006788166356273
0.000590275332797319
0.000649302848614752
0.000575518468394876
0.000619789119809866
0.000605032197199762
0.000501734029967338
0.000605032197199762
0.000516490894369781
0.000265623908489943
0.00033940831781365
0.000398435833631083
0.000531247816979885
0.00033940831781365
0.000501734029967338
0.000708330364432186
0.00072308728704229
0.000206596363568678
0.000280380772892386
0.000236110136029311
0.000354165182216093
0.00038367896922864
0.000472220272058621
0.000442706485046074
0.000354165182216093
0.000486977136461064
0.000472220272058621
0.000590275332797319
0.000354165182216093
0.000265623908489943
0.000619789119809866
0.00076735793845728
0.000457463378552347
0.000575518468394876
0.00115103693678975
0.00402862904593348
0.0155389979481697
0.014889694750309
0.00317272986285388
0.000870656105689704
0.000590275332797319
0.000693573500029743
0.000472220272058621
0.000427949620643631
0.000413192727137357
0.000413192727137357
0.000265623908489943
0.000413192727137357
0.000531247816979885
0.00038367896922864
0.000398435833631083
0.000413192727137357
0.000250867014983669
0.00019183948461432
0.00033940831781365
0.000368922075722367
0.000324651424307376
0.000250867014983669
0.000309894559904933
0.000354165182216093
0.00112152309156954
0.00137239007744938
0.000605032197199762
0.000560761545784771
0.000590275332797319
0.000560761545784771
0.000486977136461064
0.000309894559904933
0.000265623908489943
0.000501734029967338
0.00115103693678975
0.00225780322216451
0.00151995895430446
0.000708330364432186
0.00149044522549957
0.00463366135954857
0.00723087275400758
0.0040876567363739
0.00104773871134967
0.00076735793845728
0.000752601015847176
0.00112152309156954
0.000959197408519685
0.000516490894369781
0.000472220272058621
0.000427949620643631
0.000457463378552347
0.000634545984212309
0.000501734029967338
0.000546004681382328
0.000413192727137357
0.000560761545784771
0.000693573500029743
0.000693573500029743
0.000531247816979885
0.000324651424307376
0.000354165182216093
0.00038367896922864
0.000309894559904933
0.000590275332797319
0.00103298178873956
0.000870656105689704
0.000752601015847176
0.000811628589872271
0.000516490894369781
0.000501734029967338
0.000841142318677157
0.000605032197199762
0.000442706485046074
0.000457463378552347
0.00160850025713444
0.00274478015489876
0.00166752783115953
0.00101822498254478
0.00147568830288947
0.00438279425725341
0.00613886350765824
0.0030546747148037
0.00154947268310934
0.00143141765147448
0.00119530758820474
0.0012838487746194
0.000737844151444733
0.000531247816979885
0.000516490894369781
0.000575518468394876
0.000457463378552347
0.000250867014983669
0.00038367896922864
0.000486977136461064
0.00038367896922864
0.000398435833631083
0.000531247816979885
0.000531247816979885
0.000427949620643631
0.000324651424307376
0.000486977136461064
0.000575518468394876
0.000486977136461064
0.000309894559904933
0.000324651424307376
0.000427949620643631
0.000501734029967338
0.00033940831781365
0.000472220272058621
0.000560761545784771
0.000605032197199762
0.000619789119809866
0.000575518468394876
0.000442706485046074
0.00103298178873956
0.00175606913398951
0.00103298178873956
0.000546004681382328
0.000605032197199762
0.00182985351420939
0.00287759210914373
0.00163801398593932
0.000575518468394876
0.00038367896922864
0.000605032197199762
0.00076735793845728
0.000442706485046074
0.000324651424307376
0.00019183948461432
0.000206596363568678
0.00014756883319933
0.00014756883319933
0.00019183948461432
0.000295137666398659
0.000280380772892386
0.000177082591108046
0.000236110136029311
0.000265623908489943
0.000236110136029311
0.000206596363568678
0.000250867014983669
0.00033940831781365
0.000280380772892386
0.00014756883319933
0.000236110136029311
0.000309894559904933
0.000309894559904933
0.000221353242523037
7.37844165996648E-5
0.000250867014983669
0.000265623908489943
0.000280380772892386
0.00033940831781365
0.000398435833631083
0.00072308728704229
0.000929683621507138
0.000560761545784771
0.000354165182216093
0.000486977136461064
0.0017855828627944
0.00262672523967922
0.00112152309156954
0.00038367896922864
0.000280380772892386
0.000649302848614752
0.000855899241287261
0.000427949620643631
0.000206596363568678
0.00033940831781365
0.000368922075722367
0.000295137666398659
0.000280380772892386
0.000236110136029311
0.000280380772892386
0.000221353242523037
0.000309894559904933
0.00038367896922864
0.000265623908489943
0.000368922075722367
0.000309894559904933
0.000295137666398659
0.000280380772892386
0.000177082591108046
0.000265623908489943
0.000398435833631083
0.000324651424307376
0.00019183948461432
8.85412955540232E-5
0.000177082591108046
0.000280380772892386
0.000280380772892386
0.000250867014983669
0.000206596363568678
0.000280380772892386
0.000413192727137357
0.000560761545784771
0.000457463378552347
0.000309894559904933
0.000457463378552347
0.000973954272922128
0.00147568830288947
0.000870656105689704
0.0006788166356273
0.000442706485046074
0.000177082591108046
0.000236110136029311
0.000295137666398659
0.00019183948461432
0.000265623908489943
0.00033940831781365
0.000309894559904933
0.000265623908489943
0.000265623908489943
0.000162325712153688
0.000206596363568678
0.000206596363568678
0.000236110136029311
0.00019183948461432
0.000250867014983669
0.000221353242523037
0.000309894559904933
0.000250867014983669
0.000132811954244971
0.000206596363568678
0.000413192727137357
0.000413192727137357
0.000236110136029311
0.000221353242523037
0.000250867014983669
0.000324651424307376
0.000295137666398659
0.000250867014983669
0.000236110136029311
0.000265623908489943
0.000457463378552347
0.000501734029967338
0.000295137666398659
0.00019183948461432
0.000295137666398659
0.00132811942603439
0.0017855828627944
0.000944440544117242
0.000368922075722367
0.000486977136461064
0.000457463378552347
0.000398435833631083
0.000221353242523037
0.000236110136029311
0.00038367896922864
0.00038367896922864
0.000324651424307376
0.000324651424307376
0.000324651424307376
0.000295137666398659
0.000250867014983669
0.000118055068014655
0.000250867014983669
0.000206596363568678
0.000309894559904933
0.000309894559904933
0.000177082591108046
0.000118055068014655
0.000177082591108046
0.000236110136029311
0.000354165182216093
0.000250867014983669
0.000221353242523037
0.000162325712153688
0.00019183948461432
0.000221353242523037
0.000280380772892386
0.000295137666398659
0.000221353242523037
0.000265623908489943
0.000575518468394876
0.000590275332797319
0.000368922075722367
0.000295137666398659
0.000531247816979885
0.000826385454274714
0.000929683621507138
0.000737844151444733
0.000472220272058621
0.000206596363568678
0.000354165182216093
0.000457463378552347
0.00033940831781365
0.000177082591108046
0.00019183948461432
0.000265623908489943
0.000221353242523037
0.000162325712153688
0.000177082591108046
0.00014756883319933
0.000206596363568678
0.000250867014983669
0.000206596363568678
0.000236110136029311
0.000206596363568678
0.000177082591108046
0.000177082591108046
0.000177082591108046
0.000162325712153688
0.00019183948461432
0.00019183948461432
0.00033940831781365
0.000442706485046074
0.000280380772892386
0.000221353242523037
0.000265623908489943
0.000309894559904933
0.000442706485046074
0.000280380772892386
0.000295137666398659
0.000855899241287261
0.00104773871134967
0.000575518468394876
0.000649302848614752
0.00184461043681949
0.00451560644432902
0.00466317497193813
0.00234634452499449
0.000929683621507138
0.000959197408519685
0.0013428763486445
0.00106249563395977
0.000752601015847176
0.000708330364432186
0.000988711137324572
0.00116579374298453
0.0012838487746194
0.00119530758820474
0.000619789119809866
0.000973954272922128
0.00126909196842462
0.00132811942603439
0.00122482131700963
0.00107725244015455
0.00103298178873956
0.00110676628537476
0.00109200936276466
0.000782114802859724
0.0006788166356273
0.000988711137324572
0.00116579374298453
0.00110676628537476
0.00209547742269933
0.00187412416562438
0.00110676628537476
0.00110676628537476
0.000693573500029743
0.00140190392266959
0.0012838487746194
0.000914926757104695
0.00188888108823448
0.00227256002835929
0.0018003397854045
0.00162325717974454
0.00298089045099914
0.0075112534686923
0.00627167522907257
0.00144617457408458
0.00206596357747912
0.00125433504581451
0.00107725244015455
0.000973954272922128
0.00106249563395977
0.00106249563395977
0.000782114802859724
0.000737844151444733
0.00100346805993468
0.000693573500029743
0.000826385454274714
0.000634545984212309
0.000796871667262167
0.00106249563395977
0.000885412970092148
0.00104773871134967
0.000900169892702252
0.000649302848614752
0.000664059713017196
0.000826385454274714
0.000693573500029743
0.000634545984212309
0.000988711137324572
0.000796871667262167
0.000826385454274714
0.000634545984212309
0.000826385454274714
0.000855899241287261
0.00072308728704229
0.00103298178873956
0.000826385454274714
0.000782114802859724
0.00197742227464914
0.0022282893769443
0.00109200936276466
0.00163801398593932
0.00296613341197371
0.00624216161668301
0.00593226682394743
0.00242012878879905
0.00194790854584426
0.00163801398593932
0.00151995895430446
0.00166752783115953
0.00160850025713444
0.000664059713017196
0.00100346805993468
0.0013576332712546
0.00125433504581451
0.00126909196842462
0.000737844151444733
0.000619789119809866
0.000708330364432186
0.000988711137324572
0.000914926757104695
0.000796871667262167
0.00123957823961973
0.000944440544117242
0.000973954272922128
0.000664059713017196
0.000531247816979885
0.000944440544117242
0.00165277090854943
0.0012986056972295
0.00156422960571945
0.0012838487746194
0.00121006439439952
0.0013576332712546
0.000796871667262167
0.00121006439439952
0.00112152309156954
0.000855899241287261
0.00193315173964947
0.00249391328543425
0.00163801398593932
0.00190363789442927
0.00354165188036859
0.00785066187381744
0.00855899229645729
0.00360067957080901
0.00203644996508956
0.00168228463735431
0.00109200936276466
0.00140190392266959
0.00115103693678975
0.00221353257074952
0.00196266546845436
0.00159374333452433
0.00202169292606413
0.00203644996508956
0.00154947268310934
0.00169704155996442
0.00213974807411432
0.00242012878879905
0.00166752783115953
0.00163801398593932
0.00100346805993468
0.00240537198260427
0.00184461043681949
0.0013576332712546
0.00200693611986935
0.0013576332712546
0.00165277090854943
0.0012838487746194
0.00185936724301428
0.0022282893769443
0.00234634452499449
0.00301040406338871
0.0030841885600239
0.00153471587691456
0.00224304618313909
0.0039400877431035
0.00712757464498281
0.00696524884551764
0.00388106028549373
0.00333505566231906
0.00571091379970312
0.00827861111611128
0.00789493229240179
0.00551907438784838
0.00482550077140331
0.0027152665425092
0.00147568830288947
0.00249391328543425
0.00143141765147448
0.000944440544117242
0.00153471587691456
0.00154947268310934
0.0012838487746194
0.0013428763486445
0.00116579374298453
0.000988711137324572
0.00115103693678975
0.00116579374298453
0.0012986056972295
0.00140190392266959
0.000649302848614752
0.00116579374298453
0.00126909196842462
0.000796871667262167
0.000944440544117242
0.00141666072886437
0.00126909196842462
0.00150520203169435
0.00162325717974454
0.00122482131700963
0.00116579374298453
0.0013576332712546
0.0013576332712546
0.000457463378552347
0.000885412970092148
0.000914926757104695
0.00321700051426887
0.00303991790860891
0.00181509659159929
0.00191839481703937
0.0025676975492388
0.0059470240958035
0.00584372552111745
0.0030546747148037
0.0021545048803091
0.00131336261983961
0.00131336261983961
0.00115103693678975
0.000929683621507138
0.000914926757104695
0.000531247816979885
0.000649302848614752
0.000782114802859724
0.000841142318677157
0.000664059713017196
0.000619789119809866
0.000900169892702252
0.00076735793845728
0.0006788166356273
0.00076735793845728
0.0006788166356273
0.000546004681382328
0.000354165182216093
0.000546004681382328
0.000708330364432186
0.000796871667262167
0.00076735793845728
0.000605032197199762
0.000590275332797319
0.000457463378552347
0.000575518468394876
0.000914926757104695
0.000855899241287261
0.00103298178873956
0.000619789119809866
0.000752601015847176
0.00184461043681949
0.00159374333452433
0.000870656105689704
0.00109200936276466
0.00182985351420939
0.00422046845778823
0.00464841816574335
0.00261196820065379
0.00119530758820474
0.000885412970092148
0.00118055066559464
0.000944440544117242
0.00076735793845728
0.000560761545784771
0.000619789119809866
0.000501734029967338
0.000501734029967338
0.000516490894369781
0.000368922075722367
0.000354165182216093
0.000619789119809866
0.000619789119809866
0.000531247816979885
0.000413192727137357
0.000324651424307376
0.000442706485046074
0.000590275332797319
0.00033940831781365
0.000324651424307376
0.000531247816979885
0.000619789119809866
0.000708330364432186
0.000796871667262167
0.000693573500029743
0.000368922075722367
0.000560761545784771
0.000664059713017196
0.000457463378552347
0.000354165182216093
0.00101822498254478
0.00163801398593932
0.00132811942603439
0.000649302848614752
0.00150520203169435
0.00247915647923946
0.00293661979958415
0.00193315173964947
0.00175606913398951
0.00174131221137941
0.00131336261983961
0.000929683621507138
0.000959197408519685
0.00106249563395977
0.000826385454274714
0.000841142318677157
0.00076735793845728
0.000590275332797319
0.000546004681382328
0.000693573500029743
0.00076735793845728
0.000737844151444733
0.00076735793845728
0.00072308728704229
0.000575518468394876
0.000398435833631083
0.000634545984212309
0.000811628589872271
0.000841142318677157
0.000811628589872271
0.000900169892702252
0.000737844151444733
0.000590275332797319
0.000737844151444733
0.000988711137324572
0.000590275332797319
0.000472220272058621
0.00104773871134967
0.00131336261983961
0.000516490894369781
0.000944440544117242
0.00206596357747912
0.00156422960571945
0.00076735793845728
0.00101822498254478
0.00380727578885853
0.00658157002180815
0.00482550077140331
0.00250867009162903
