% Type: Spectrum
% Date: 10-DEC-24 16:32:49
% NoOfItems: = 1601
% Unit_Y: = mm/s
% Unit_X: = Hz
% Min_X: = 0
% Max_X: = 1000
% MinDisplay_X: = 0
% MaxDisplay_X: = 1000
0
0
0
0
0.0173368975520134
0.0167024284601212
0.00872396491467953
0.00780398352071643
0.00793087761849165
0.00666193710640073
0.0042033651843667
0.0046633561141789
0.00347372447140515
0.00523437932133675
0.00421922700479627
0.00464749429374933
0.00889844447374344
0.0110239200294018
0.00666193710640073
0.00602746708318591
0.00421922700479627
0.00252201897092164
0.00425095017999411
0.0167658757418394
0.0183361880481243
0.0082322508096695
0.00617022253572941
0.00610677571967244
0.0111666759476066
0.00929498858749866
0.00388612993992865
0.0132921505719423
0.0172258652746677
0.0151479756459594
0.0102466940879822
0.0252994988113642
0.0344041474163532
0.0265367161482573
0.0152907315641642
0.554051101207733
1.03950011730194
0.488288253545761
0.00686813984066248
0.00526610249653459
0.00447301473468542
0.00526610249653459
0.00509162340313196
0.008359145373106
0.00950119085609913
0.0104846199974418
0.0116583900526166
0.0102466940879822
0.0098342876881361
0.00788329262286425
0.00564678478986025
0.00499645294621587
0.00523437932133675
0.00604332890361548
0.00482197338715196
0.00182410178240389
0.00314062740653753
0.00556747615337372
0.0114363254979253
0.0246967524290085
0.0134507678449154
0.00402888562530279
0.00266477488912642
0.00250615738332272
0.00348958605900407
0.0031564892269671
0.00363234197720885
0.00326752150431275
0.00318821286782622
0.00295028649270535
0.00283925421535969
0.00409233290702105
0.00436198245733976
0.00813707988709211
0.00816880352795124
0.0934574604034424
0.16305884718895
0.0695537924766541
0.00705848122015595
0.00387026811949909
0.00348958605900407
0.00467921793460846
0.00169720780104399
0.0020144428126514
0.0026964982971549
0.00277580716647208
0.00356889492832124
0.00360061833634973
0.00361648015677929
0.00245857192203403
0.00168134598061442
0.00268063670955598
0.00215719873085618
0.00155445199925452
0.00391785334795713
0.00483783520758152
0.00453646201640367
0.0105004822835326
0.00704261939972639
0.00209375168196857
0.00302959512919188
0.0029027012642473
0.00342613901011646
0.00448887655511498
0.00380682130344212
0.00412405608221889
0.00518679386004806
0.00323579809628427
0.00280753057450056
0.00320407445542514
0.00190341065172106
0.00436198245733976
0.00455232383683324
0.00770881306380034
0.00582126388326287
0.116187356412411
0.198034018278122
0.084654189646244
0.0126894041895866
0.00737571623176336
0.00401302380487323
0.00628125481307507
0.00564678478986025
0.00323579809628427
0.0022840928286314
0.00163376075215638
0.00190341065172106
0.00147514324635267
0.0018875488312915
0.00261718966066837
0.00261718966066837
0.00348958605900407
0.0029027012642473
0.00163376075215638
0.0017923783743754
0.00214133691042662
0.00198271940462291
0.00301373354159296
0.00380682130344212
0.00433025928214192
0.00517093203961849
0.00334683037362993
0.00247443374246359
0.00157031370326877
0.00145928142592311
0.00183996360283345
0.00149100495036691
0.0025378807913512
0.00288683944381773
0.00350544787943363
0.003061318770051
0.00344200083054602
0.00183996360283345
0.00214133691042662
0.00783570669591427
0.0240781437605619
0.0310731772333384
0.0154810724779963
0.00789915397763252
0.00455232383683324
0.00474266475066543
0.00426681200042367
0.00222064577974379
0.00134824914857745
0.00134824914857745
0.00210961350239813
0.00171306950505823
0.00088825827697292
0.000967567029874772
0.00145928142592311
0.00149100495036691
0.00158617552369833
0.00122135516721755
0.0006344701978378
0.00207788986153901
0.00193513405974954
0.00136411096900702
0.00160203722771257
0.00172893132548779
0.0020144428126514
0.00187168712727726
0.00160203722771257
0.00139583449345082
0.00139583449345082
0.00149100495036691
0.00160203722771257
0.0012689403956756
0.00183996360283345
0.00147514324635267
0.00149100495036691
0.00231581623665988
0.00304545694962144
0.00229995441623032
0.00337855378165841
0.00301373354159296
0.0199858117848635
0.0298042371869087
0.0143390269950032
0.00597988162189722
0.00321993627585471
0.00320407445542514
0.00333096855320036
0.0025378807913512
0.00241098669357598
0.00283925421535969
0.00348958605900407
0.00339441560208797
0.00302959512919188
0.00217306055128574
0.00233167805708945
0.00379095948301256
0.00494886748492718
0.00390199176035821
0.00275994534604251
0.00249029556289315
0.00187168712727726
0.00296614808030426
0.00423508882522583
0.00204616645351052
0.00840673036873341
0.0181775707751513
0.0146245379000902
0.0116425277665257
0.0104528963565826
0.00821638945490122
0.0115632191300392
0.018034815788269
0.0187485944479704
0.0126576805487275
0.0174162071198225
0.0157665852457285
0.0149893583729863
0.0131969805806875
0.0168610457330942
0.0192085858434439
0.0805777162313461
0.137204185128212
0.150591507554054
0.0648904368281364
0.0190182439982891
0.0195099581032991
0.02060442045331
0.0116425277665257
0.0093742972239852
0.00986601132899523
0.0118011459708214
0.0146404001861811
0.0121659664437175
0.00870810355991125
0.00650331936776638
0.00632884027436376
0.0136569710448384
0.0109763341024518
0.00613849936053157
0.00418750336393714
0.00233167805708945
0.00494886748492718
0.00702675757929683
0.00510748522356153
0.00970739405602217
0.0221905950456858
0.0165596716105938
0.00931084994226694
0.00483783520758152
0.00369578902609646
0.00425095017999411
0.00743916304782033
0.00743916304782033
0.00285511580295861
0.00529782613739371
0.0078674303367734
0.008359145373106
0.0045681856572628
0.00593229616060853
0.0131652569398284
0.0947263985872269
0.127496793866158
0.0473473370075226
0.0203347709029913
0.0156555529683828
0.00737571623176336
0.00797846261411905
0.00891430675983429
0.00691572530195117
0.00742330122739077
0.00747088668867946
0.00504403794184327
0.00464749429374933
0.00348958605900407
0.00168134598061442
0.00512334704399109
0.00613849936053157
0.00691572530195117
0.00653504300862551
0.00428267382085323
0.00220478395931423
0.00607505207881331
0.0124197546392679
0.00796260125935078
0.0077246748842299
0.0102942790836096
0.00628125481307507
0.0062178079970181
0.00491714384406805
0.0035213096998632
0.00453646201640367
0.0042985356412828
0.00485369702801108
0.00425095017999411
0.00529782613739371
0.0105639286339283
0.0125625096261501
0.00518679386004806
0.00724882213398814
0.0103735877200961
0.0546278841793537
0.145563319325447
0.18485289812088
0.0675869360566139
0.0120549341663718
0.00745502486824989
0.0066302134655416
0.00594815798103809
0.00715365167707205
0.00659849029034376
0.00688400166109204
0.0113094309344888
0.0102625554427505
0.0054405820555985
0.00723296031355858
0.00734399259090424
0.012039071880281
0.0164010543376207
0.0126100955531001
0.0103260027244687
0.0121976900845766
0.0256801806390286
0.0327386632561684
0.017289312556386
0.01952582038939
0.023665739223361
0.0138948978856206
0.0172575898468494
0.0131493946537375
0.0097867026925087
0.0107859931886196
0.0192561708390713
0.035086203366518
0.0305338781327009
0.0202395990490913
0.0254581160843372
0.0464273579418659
0.0345627628266811
0.0494410917162895
0.0778970792889595
0.123848579823971
0.130145698785782
0.140662044286728
0.0865893214941025
0.044841181486845
0.0323579795658588
0.0569595620036125
0.0369420275092125
0.0144976442679763
0.0193989258259535
0.0181617103517056
0.0127052655443549
0.0157507229596376
0.0104053113609552
0.00880327448248863
0.00529782613739371
0.00413991790264845
0.00458404701203108
0.00682055484503508
0.00770881306380034
0.00626539345830679
0.00433025928214192
0.00696331029757857
0.00325165968388319
0.00767708942294121
0.00729640712961555
0.00542472023516893
0.00999290589243174
0.00713778985664248
0.00499645294621587
0.00992945861071348
0.0156872756779194
0.0134824914857745
0.00728054577484727
0.00939015857875347
0.0192244462668896
0.0204140786081553
0.0138155883178115
0.0112301222980022
0.0210326872766018
0.0784205198287964
0.0846383273601532
0.0535651482641697
0.0499328039586544
0.0293918326497078
0.0137997269630432
0.0218257755041122
0.018034815788269
0.0154017638415098
0.0115156341344118
0.0123721687123179
0.0105004822835326
0.00718537485226989
0.00653504300862551
0.00356889492832124
0.00582126388326287
0.00339441560208797
0.00472680293023586
0.00707434257492423
0.00924740359187126
0.00902533903717995
0.00907292403280735
0.0102466940879822
0.00553575251251459
0.00409233290702105
0.00437784427776933
0.00693158712238073
0.00358475674875081
0.0062178079970181
0.00628125481307507
0.00837500672787428
0.0117852836847305
0.0082798358052969
0.00566264661028981
0.00927912630140781
0.0242209006100893
0.0324690118432045
0.0148624647408724
0.0134507678449154
0.0100722145289183
0.0391309484839439
0.0457453019917011
0.0216354336589575
0.0247919224202633
0.0147990174591541
0.0148624647408724
0.0145928142592311
0.00775639805942774
0.00880327448248863
0.00734399259090424
0.00517093203961849
0.0047109411098063
0.00421922700479627
0.00353717128746212
0.00323579809628427
0.00301373354159296
0.00195099588017911
0.00382268289104104
0.00480611156672239
0.00314062740653753
0.00252201897092164
0.0064874580129981
0.00880327448248863
0.00364820356480777
0.0029027012642473
0.0033151067327708
0.00363234197720885
0.00299787172116339
0.00366406538523734
0.00302959512919188
0.00394957698881626
0.00347372447140515
0.0042985356412828
0.00483783520758152
0.00518679386004806
0.00927912630140781
0.0112459845840931
0.00788329262286425
0.012578371912241
0.0117376986891031
0.0160679575055838
0.0141011001542211
0.0109921963885427
0.014275579713285
0.00932671222835779
0.00988187361508608
0.00812121853232384
0.00369578902609646
0.00477438839152455
0.00629711663350463
0.00426681200042367
0.00361648015677929
0.00283925421535969
0.00153859029524028
0.00272822193801403
0.00236340146511793
0.00245857192203403
0.00436198245733976
0.00402888562530279
0.00310890399850905
0.0026964982971549
0.00325165968388319
0.00428267382085323
0.00412405608221889
0.00550402887165546
0.00323579809628427
0.00266477488912642
0.00320407445542514
0.00321993627585471
0.00425095017999411
0.00433025928214192
0.00344200083054602
0.00551989069208503
0.00415577972307801
0.00390199176035821
0.00710606621578336
0.00931084994226694
0.00861293263733387
0.0104687586426735
0.0222223196178675
0.0752323046326637
0.065302848815918
0.0203189086169004
0.00902533903717995
0.00491714384406805
0.00866051856428385
0.0111032286658883
0.00691572530195117
0.00363234197720885
0.00296614808030426
0.00180824007838964
0.00282339239493012
0.0029027012642473
0.00250615738332272
0.00280753057450056
0.00261718966066837
0.00271236011758447
0.00312476581893861
0.00288683944381773
0.0026964982971549
0.00239512510597706
0.00236340146511793
0.00218892213888466
0.00187168712727726
0.0031564892269671
0.0029027012642473
0.0022840928286314
0.00141169619746506
0.00144341972190887
0.00139583449345082
0.00334683037362993
0.00502817612141371
0.00444129155948758
0.00329924514517188
0.0023792632855475
0.0143231647089124
0.0157348606735468
0.00775639805942774
0.0069474489428103
0.0147831561043859
0.0296614822000265
0.0246650297194719
0.0148307411000133
0.00715365167707205
0.00490128248929977
0.00851776264607906
0.00561506114900112
0.00209375168196857
0.0036799272056669
0.00287097762338817
0.00321993627585471
0.00141169619746506
0.00106273754499853
0.00160203722771257
0.00161789904814214
0.00134824914857745
0.00104687584098428
0.00101515231654048
0.00153859029524028
0.00150686677079648
0.00304545694962144
0.00291856285184622
0.00249029556289315
0.00293442467227578
0.00374337425455451
0.00222064577974379
0.00193513405974954
0.00344200083054602
0.00255374261178076
0.00206202804110944
0.00209375168196857
0.00283925421535969
0.00272822193801403
0.00312476581893861
0.00348958605900407
0.00464749429374933
0.00528196431696415
0.00689986348152161
0.00775639805942774
0.0181775707751513
0.0367675498127937
0.0273456647992134
0.00953291449695826
0.00721709849312902
0.00418750336393714
0.0064874580129981
0.0045681856572628
0.00409233290702105
0.00353717128746212
0.00210961350239813
0.00250615738332272
0.00266477488912642
0.00210961350239813
0.00209375168196857
0.0025378807913512
0.00334683037362993
0.00287097762338817
0.00320407445542514
0.00261718966066837
0.00206202804110944
0.00217306055128574
0.00233167805708945
0.00280753057450056
0.00210961350239813
0.00180824007838964
0.0025378807913512
0.00225236918777227
0.00236340146511793
0.00174479302950203
0.00285511580295861
0.00187168712727726
0.00374337425455451
0.00336269196122885
0.00501231476664543
0.00433025928214192
0.00469507928937674
0.00637642573565245
0.0094218822196126
0.0127211278304458
0.0405585095286369
0.0975973755121231
0.068903461098671
0.0124038923531771
0.0082322508096695
0.00770881306380034
0.0126100955531001
0.00839086808264255
0.00369578902609646
0.00523437932133675
0.00317235104739666
0.00499645294621587
0.00390199176035821
0.00325165968388319
0.0031564892269671
0.00426681200042367
0.0053454115986824
0.00353717128746212
0.00372751243412495
0.00382268289104104
0.0022840928286314
0.00304545694962144
0.00298200990073383
0.00369578902609646
0.00310890399850905
0.00371165061369538
0.00325165968388319
0.00299787172116339
0.00288683944381773
0.00326752150431275
0.00445715337991714
0.00513920886442065
0.00445715337991714
0.00448887655511498
0.00410819472745061
0.00620194617658854
0.00981842633336782
0.0108018554747105
0.0112301222980022
0.0132128419354558
0.0647635459899902
0.174352407455444
0.121929310262203
0.020937517285347
0.015592104755342
0.0152907315641642
0.0151796992868185
0.0113094309344888
0.00555161433294415
0.00647159619256854
0.00831155944615602
0.00994531996548176
0.00804190989583731
0.00661435164511204
0.00501231476664543
0.00847017765045166
0.0113570168614388
0.00747088668867946
0.00314062740653753
0.00558333797380328
0.00732813077047467
0.00596401980146766
0.0074074394069612
0.00927912630140781
0.00915223266929388
0.0097867026925087
0.00929498858749866
0.0101673854514956
0.00897775311022997
0.0103577263653278
0.0152431465685368
0.0197320226579905
0.0191292762756348
0.0148783260956407
0.0140059301629663
0.0138155883178115
0.01844722032547
0.0200175344944
0.0221747327595949
0.0222223196178675
0.0818466544151306
0.200714647769928
0.134000107645988
0.020937517285347
0.0111190900206566
0.00985014997422695
0.00981842633336782
0.00739157805219293
0.00558333797380328
0.00390199176035821
0.00528196431696415
0.00653504300862551
0.00780398352071643
0.00758191896602511
0.00536127341911197
0.00572609342634678
0.00499645294621587
0.00434612110257149
0.0049805911257863
0.0029027012642473
0.00353717128746212
0.00513920886442065
0.00709020439535379
0.00556747615337372
0.00485369702801108
0.00356889492832124
0.00509162340313196
0.00387026811949909
0.00472680293023586
0.00364820356480777
0.00802604760974646
0.0160838197916746
0.015259007923305
0.00899361539632082
0.00805777125060558
0.0128797451034188
0.0243160706013441
0.0163534693419933
0.00762950396165252
0.00797846261411905
0.0199382267892361
0.0467604547739029
0.0314062759280205
0.0149576347321272
0.0137204183265567
0.00856534764170647
0.00766122760251164
0.00452060019597411
0.0033151067327708
0.00364820356480777
0.00344200083054602
0.00263305124826729
0.00310890399850905
0.00217306055128574
0.00193513405974954
0.00204616645351052
0.00274408352561295
0.003061318770051
0.00283925421535969
0.00164962257258594
0.00123721687123179
0.0019192723557353
0.00299787172116339
0.0023792632855475
0.00198271940462291
0.00233167805708945
0.00145928142592311
0.00266477488912642
0.00187168712727726
0.00137997267302126
0.0018875488312915
0.00293442467227578
0.00344200083054602
0.00287097762338817
0.00371165061369538
0.00404474744573236
0.00455232383683324
0.00317235104739666
0.00329924514517188
0.00491714384406805
0.017051387578249
0.032516598701477
0.0173844844102859
0.00515507021918893
0.00574195524677634
0.00220478395931423
0.00396543880924582
0.00363234197720885
0.00177651655394584
0.00196685758419335
0.00128480221610516
0.00149100495036691
0.00149100495036691
0.00088825827697292
0.0011420464143157
0.00112618459388614
0.00136411096900702
0.00203030463308096
0.00118963164277375
0.00106273754499853
0.00082481128629297
0.00117376982234418
0.00161789904814214
0.00141169619746506
0.0011420464143157
0.00215719873085618
0.0023792632855475
0.00117376982234418
0.000919981801416725
0.000745502475183457
0.00101515231654048
0.00125307869166136
0.00107859936542809
0.000618608435615897
0.00118963164277375
0.00182410178240389
0.00314062740653753
0.00234753964468837
0.00198271940462291
0.00296614808030426
0.00691572530195117
0.0124197546392679
0.00850190035998821
0.00220478395931423
0.00256960443221033
0.000967567029874772
0.0019192723557353
0.0014275579014793
0.00057102320715785
0.000967567029874772
0.00106273754499853
0.000618608435615897
0.000745502475183457
0.000666193722281605
0.000586884911172092
0.000491714396048337
0.000777225999627262
0.00109446106944233
0.000840672990307212
0.00044412913848646
0.000491714396048337
0.000650331960059702
0.000745502475183457
0.000618608435615897
0.00069791724672541
0.0011420464143157
0.000808949524071068
0.00050757615827024
0.000602746673393995
0.000491714396048337
0.000793087761849165
0.00137997267302126
0.00106273754499853
0.00044412913848646
0.000412405643146485
0.000428267376264557
0.00112618459388614
0.00137997267302126
0.0020144428126514
0.00439370609819889
0.0398130044341087
0.147625356912613
0.12773472070694
0.0205885581672192
0.00387026811949909
0.00183996360283345
0.00195099588017911
0.000808949524071068
0.000713778950739652
0.00095170532586053
0.00069791724672541
0.00088825827697292
0.000777225999627262
0.000459990900708362
0.00082481128629297
0.000904120039194822
0.000777225999627262
0.00022206456924323
0.000586884911172092
0.000682055484503508
0.000412405643146485
0.000555161444935948
0.000682055484503508
0.00057102320715785
0.000650331960059702
0.00088825827697292
0.00106273754499853
0.000586884911172092
0.000840672990307212
0.000555161444935948
0.000428267376264557
0.000602746673393995
0.00082481128629297
0.000745502475183457
0.000586884911172092
0.000523437920492142
0.00125307869166136
0.0013006639201194
0.000777225999627262
0.00133238744456321
0.0106273759156466
0.0330083109438419
0.0261243097484112
0.00358475674875081
0.00122135516721755
0.000856534752529114
0.000777225999627262
0.00050757615827024
0.000793087761849165
0.00076136423740536
0.000475852662930265
0.000539299682714045
0.000777225999627262
0.00044412913848646
0.000713778950739652
0.00076136423740536
0.000682055484503508
0.000666193722281605
0.0003172350989189
0.000523437920492142
0.000396543880924582
0.000586884911172092
0.000555161444935948
0.000348958623362705
0.0003172350989189
0.00136411096900702
0.0018875488312915
0.00125307869166136
0.000682055484503508
0.000364820356480777
0.000412405643146485
0.00050757615827024
0.000618608435615897
0.000475852662930265
0.000237926331465133
0.000333096861140802
0.000602746673393995
0.000618608435615897
0.000602746673393995
0.000808949524071068
0.0017923783743754
0.008644656278193
0.0120232105255127
0.00390199176035821
0.000666193722281605
0.00069791724672541
0.000650331960059702
0.000396543880924582
0.000206202821573243
0.000269649841357023
0.000364820356480777
0.000396543880924582
0.0003172350989189
0.000348958623362705
0.000301373336696997
0.000301373336696997
0.000285511603578925
0.000301373336696997
0.000364820356480777
0.000285511603578925
0.000237926331465133
0.00022206456924323
0.000174479311681353
0.000285511603578925
0.000428267376264557
0.000713778950739652
0.000729640712961555
0.000475852662930265
0.000459990900708362
0.000491714396048337
0.000523437920492142
0.00050757615827024
0.000618608435615897
0.000491714396048337
0.0006344701978378
0.000872396514751017
0.00137997267302126
0.000856534752529114
0.000412405643146485
0.000983428792096674
0.0018875488312915
0.00480611156672239
0.00417164154350758
0.00115790811832994
0.00095170532586053
0.000650331960059702
0.00057102320715785
0.000396543880924582
0.000333096861140802
0.000206202821573243
0.000348958623362705
0.000301373336696997
0.000348958623362705
0.000459990900708362
0.00050757615827024
0.000428267376264557
0.000285511603578925
0.000428267376264557
0.000459990900708362
0.000348958623362705
0.000428267376264557
0.000459990900708362
0.000348958623362705
0.000348958623362705
0.000412405643146485
0.000904120039194822
0.00095170532586053
0.000412405643146485
0.000396543880924582
0.000285511603578925
0.000428267376264557
0.000777225999627262
0.000713778950739652
0.000602746673393995
0.000682055484503508
0.00088825827697292
0.00139583449345082
0.000967567029874772
0.000904120039194822
0.00112618459388614
0.00396543880924582
0.00564678478986025
0.00229995441623032
0.00144341972190887
0.00120549334678799
0.000682055484503508
0.000840672990307212
0.00050757615827024
0.000412405643146485
0.000301373336696997
0.000475852662930265
0.000555161444935948
0.000412405643146485
0.000333096861140802
0.000333096861140802
0.000364820356480777
0.000459990900708362
0.000348958623362705
0.0003172350989189
0.000333096861140802
0.00044412913848646
0.000396543880924582
0.000348958623362705
0.0003172350989189
0.000539299682714045
0.0006344701978378
0.00057102320715785
0.000237926331465133
0.0003172350989189
0.00044412913848646
0.000396543880924582
0.00038068211870268
0.00038068211870268
0.000459990900708362
0.000539299682714045
0.000777225999627262
0.000919981801416725
0.000491714396048337
0.000586884911172092
0.00057102320715785
0.00174479302950203
0.00214133691042662
0.000919981801416725
0.0006344701978378
0.000412405643146485
0.0003172350989189
0.00044412913848646
0.00022206456924323
0.000206202821573243
0.00022206456924323
0.000237926331465133
0.000206202821573243
0.000206202821573243
0.00022206456924323
0.00019034105935134
0.00025378807913512
0.000206202821573243
0.000206202821573243
0.00022206456924323
0.000206202821573243
0.00025378807913512
0.000285511603578925
0.000301373336696997
0.000237926331465133
0.00022206456924323
0.000285511603578925
0.0003172350989189
0.000285511603578925
0.00025378807913512
0.00025378807913512
0.000301373336696997
0.000396543880924582
0.000269649841357023
0.000428267376264557
0.00050757615827024
0.000475852662930265
0.000555161444935948
0.000269649841357023
0.0003172350989189
0.00057102320715785
0.00141169619746506
0.00196685758419335
0.00172893132548779
0.00128480221610516
0.000475852662930265
0.000333096861140802
0.000459990900708362
0.00044412913848646
0.000206202821573243
0.00022206456924323
0.00025378807913512
0.000348958623362705
0.000364820356480777
0.0003172350989189
0.000285511603578925
0.000301373336696997
0.000301373336696997
0.00038068211870268
0.0003172350989189
0.000269649841357023
0.000237926331465133
0.00025378807913512
0.000348958623362705
0.00025378807913512
0.000206202821573243
0.000428267376264557
0.000491714396048337
0.000475852662930265
0.000301373336696997
0.00019034105935134
0.000285511603578925
0.0003172350989189
0.000301373336696997
0.000174479311681353
0.0003172350989189
0.000428267376264557
0.00038068211870268
0.000412405643146485
0.000348958623362705
0.000412405643146485
0.00136411096900702
0.0019192723557353
0.00163376075215638
0.00120549334678799
0.000523437920492142
0.0003172350989189
0.000333096861140802
0.000206202821573243
0.000301373336696997
0.000285511603578925
0.000269649841357023
0.0003172350989189
0.000285511603578925
0.00025378807913512
0.000237926331465133
0.000206202821573243
0.000174479311681353
0.0003172350989189
0.000237926331465133
0.000269649841357023
0.000237926331465133
0.000237926331465133
0.000237926331465133
0.00022206456924323
0.00022206456924323
0.00025378807913512
0.000348958623362705
0.000301373336696997
0.000142755801789463
0.000111032284621615
0.000142755801789463
0.00015861754945945
0.000237926331465133
0.0003172350989189
0.000269649841357023
0.000206202821573243
0.000333096861140802
0.000174479311681353
0.000237926331465133
0.000237926331465133
0.00109446106944233
0.00144341972190887
0.000729640712961555
0.000539299682714045
0.000428267376264557
0.00025378807913512
0.000364820356480777
0.000285511603578925
0.000285511603578925
0.00038068211870268
0.0003172350989189
0.00019034105935134
0.00025378807913512
0.000269649841357023
0.000206202821573243
0.000301373336696997
0.000285511603578925
0.00025378807913512
0.00025378807913512
0.000301373336696997
0.0003172350989189
0.00025378807913512
0.00022206456924323
0.00025378807913512
0.00022206456924323
0.000412405643146485
0.000523437920492142
0.000333096861140802
0.000285511603578925
0.000269649841357023
0.00025378807913512
0.000333096861140802
0.000412405643146485
0.00038068211870268
0.000301373336696997
0.00015861754945945
0.00012689403956756
0.00022206456924323
0.0003172350989189
0.00044412913848646
0.000713778950739652
0.00082481128629297
0.00069791724672541
0.000459990900708362
0.000285511603578925
0.00019034105935134
0.000237926331465133
0.000269649841357023
0.000206202821573243
0.000237926331465133
0.000269649841357023
0.00025378807913512
0.00025378807913512
0.000301373336696997
0.000348958623362705
0.000348958623362705
0.000237926331465133
0.000142755801789463
0.00025378807913512
0.000459990900708362
0.000348958623362705
0.00022206456924323
0.000174479311681353
0.000206202821573243
0.000285511603578925
0.000396543880924582
0.000428267376264557
0.000348958623362705
0.000412405643146485
0.00025378807913512
0.000396543880924582
0.00044412913848646
0.000459990900708362
0.000586884911172092
0.00050757615827024
0.000555161444935948
0.000555161444935948
0.00044412913848646
0.0006344701978378
0.0012689403956756
0.00242684851400554
0.00222064577974379
0.00145928142592311
0.00125307869166136
0.000745502475183457
0.0006344701978378
0.000412405643146485
0.000650331960059702
0.000904120039194822
0.000872396514751017
0.000364820356480777
0.0011420464143157
0.00117376982234418
0.000602746673393995
0.000904120039194822
0.000983428792096674
0.000983428792096674
0.00141169619746506
0.0011103228898719
0.00088825827697292
0.00123721687123179
0.00160203722771257
0.00118963164277375
0.000840672990307212
0.00095170532586053
0.00147514324635267
0.00139583449345082
0.0011420464143157
0.0011420464143157
0.0011103228898719
0.0012689403956756
0.00125307869166136
0.000808949524071068
0.000872396514751017
0.00125307869166136
0.00190341065172106
0.00190341065172106
0.00141169619746506
0.00182410178240389
0.0025378807913512
0.00404474744573236
0.00333096855320036
0.00147514324635267
0.0013006639201194
0.00161789904814214
0.00169720780104399
0.00106273754499853
0.00107859936542809
0.0012689403956756
0.0013006639201194
0.00133238744456321
0.00164962257258594
0.0012689403956756
0.000935843563638628
0.000856534752529114
0.000793087761849165
0.00120549334678799
0.0014275579014793
0.00139583449345082
0.00153859029524028
0.00134824914857745
0.00169720780104399
0.00145928142592311
0.00125307869166136
0.000729640712961555
0.0011103228898719
0.00118963164277375
0.00106273754499853
0.00145928142592311
0.00136411096900702
0.000999290612526238
0.00149100495036691
0.00152272847481072
0.00198271940462291
0.00157031370326877
0.00095170532586053
0.000967567029874772
0.00115790811832994
0.00207788986153901
0.00210961350239813
0.00659849029034376
0.00623366981744766
0.00236340146511793
0.00277580716647208
0.00125307869166136
0.00236340146511793
0.00217306055128574
0.0013006639201194
0.00149100495036691
0.00172893132548779
0.00225236918777227
0.00171306950505823
0.00122135516721755
0.0011103228898719
0.00095170532586053
0.00171306950505823
0.0014275579014793
0.00149100495036691
0.00155445199925452
0.00133238744456321
0.000967567029874772
0.00144341972190887
0.00147514324635267
0.00125307869166136
0.00133238744456321
0.00133238744456321
0.00144341972190887
0.00198271940462291
0.0017606548499316
0.00153859029524028
0.000682055484503508
0.000919981801416725
0.00163376075215638
0.00223650736734271
0.0020144428126514
0.00217306055128574
0.0017606548499316
0.00155445199925452
0.00157031370326877
0.00203030463308096
0.00409233290702105
0.00539299659430981
0.00525024114176631
0.00323579809628427
0.00160203722771257
0.00185582530684769
0.0017606548499316
0.00171306950505823
0.0017923783743754
0.00190341065172106
0.00222064577974379
0.00207788986153901
0.00209375168196857
0.00172893132548779
0.00180824007838964
0.00158617552369833
0.000872396514751017
0.0017923783743754
0.00193513405974954
0.00144341972190887
0.00139583449345082
0.00214133691042662
0.0022840928286314
0.00164962257258594
0.00120549334678799
0.00161789904814214
0.00163376075215638
0.00185582530684769
0.00193513405974954
0.00180824007838964
0.00158617552369833
0.00137997267302126
0.00250615738332272
0.00275994534604251
0.00209375168196857
0.00280753057450056
0.00258546601980925
0.000872396514751017
0.00223650736734271
0.00371165061369538
0.00780398352071643
0.0077722598798573
0.00394957698881626
0.0026964982971549
0.00147514324635267
0.00149100495036691
0.00106273754499853
0.00104687584098428
0.00128480221610516
0.00076136423740536
0.00118963164277375
0.00152272847481072
0.000999290612526238
0.000666193722281605
0.000793087761849165
0.000729640712961555
0.000459990900708362
0.00057102320715785
0.000666193722281605
0.000682055484503508
0.000729640712961555
0.00101515231654048
0.000967567029874772
0.000555161444935948
0.000428267376264557
0.000713778950739652
0.000666193722281605
0.000539299682714045
0.00069791724672541
0.000745502475183457
0.000745502475183457
0.0006344701978378
0.00088825827697292
0.000840672990307212
0.000650331960059702
0.00117376982234418
0.00120549334678799
0.000872396514751017
0.000729640712961555
0.00144341972190887
0.00296614808030426
0.00301373354159296
0.00255374261178076
0.00144341972190887
0.00069791724672541
0.00050757615827024
0.000523437920492142
0.00025378807913512
0.000301373336696997
0.000301373336696997
0.000285511603578925
0.000475852662930265
0.000459990900708362
0.000333096861140802
0.000301373336696997
0.00022206456924323
0.000301373336696997
0.000348958623362705
0.000285511603578925
0.000396543880924582
0.000364820356480777
0.000459990900708362
0.0003172350989189
0.000364820356480777
0.000396543880924582
0.000348958623362705
0.00019034105935134
0.00025378807913512
0.000285511603578925
0.000396543880924582
0.000539299682714045
0.00044412913848646
0.000269649841357023
0.00050757615827024
0.000523437920492142
0.000777225999627262
0.000713778950739652
0.000602746673393995
0.00101515231654048
0.0012689403956756
0.0014275579014793
0.0013006639201194
0.00107859936542809
0.000935843563638628
0.000475852662930265
0.000491714396048337
0.000475852662930265
0.000333096861140802
0.00012689403956756
0.00015861754945945
0.000206202821573243
0.000206202821573243
0.000206202821573243
0.00025378807913512
0.00019034105935134
0.00022206456924323
0.00015861754945945
0.00025378807913512
0.00022206456924323
0.00025378807913512
0.000333096861140802
0.000285511603578925
0.000237926331465133
0.00012689403956756
0.0003172350989189
0.000428267376264557
0.000333096861140802
0.000412405643146485
0.0003172350989189
0.000348958623362705
0.000428267376264557
0.000269649841357023
0.00044412913848646
0.000491714396048337
0.000555161444935948
0.000840672990307212
0.000618608435615897
0.000602746673393995
0.00082481128629297
0.00164962257258594
0.00229995441623032
0.00177651655394584
0.000935843563638628
0.00076136423740536
0.000491714396048337
0.000602746673393995
0.0003172350989189
0.000475852662930265
0.00050757615827024
0.000285511603578925
0.0003172350989189
0.000412405643146485
0.000301373336696997
0.000475852662930265
0.000428267376264557
0.000396543880924582
0.00038068211870268
0.000459990900708362
0.000269649841357023
0.000348958623362705
0.000475852662930265
0.000459990900708362
0.00044412913848646
0.00044412913848646
0.000555161444935948
0.000539299682714045
0.000333096861140802
0.000301373336696997
0.000491714396048337
0.000491714396048337
0.000396543880924582
0.000285511603578925
0.00038068211870268
0.000666193722281605
0.00095170532586053
0.00155445199925452
0.00104687584098428
0.000713778950739652
0.00069791724672541
0.00122135516721755
0.00174479302950203
0.0020144428126514
0.00158617552369833
