% Type: Spectrum
% Date: 10-DEC-24 16:38:21
% NoOfItems: = 1601
% Unit_Y: = mm/s
% Unit_X: = Hz
% Min_X: = 0
% Max_X: = 1000
% MinDisplay_X: = 0
% MaxDisplay_X: = 1000
0
0
0
0
0.0129996631294489
0.0176967792212963
0.0104715516790748
0.00795780494809151
0.00532914372161031
0.00644955644384026
0.00785725470632315
0.0090494891628623
0.00899203214794397
0.00828818324953318
0.00912130996584892
0.013804062269628
0.0185155421495438
0.0219055097550154
0.0223077088594437
0.0172227583825588
0.0129278413951397
0.0130283916369081
0.0131720341742039
0.0140051618218422
0.0125830993056297
0.0168205574154854
0.0206845458596945
0.0219629667699337
0.0224944446235895
0.0200094264000654
0.0174382217228413
0.0199950616806746
0.0230259224772453
0.0210723821073771
0.0198226906359196
0.023916507139802
0.018414992839098
0.0123101780191064
0.013373133726418
0.503467619419098
0.941362321376801
0.443022757768631
0.012985298410058
0.0162028949707746
0.0172802153974771
0.0223220735788345
0.0295760277658701
0.0285418014973402
0.0263440683484077
0.0252380184829235
0.0232988428324461
0.021330937743187
0.0200237892568111
0.0133874984458089
0.00778543343767524
0.00831691175699234
0.00688048452138901
0.00397890247404575
0.00301649631001055
0.00326068885624409
0.00567388581112027
0.00708158407360315
0.0123676350340247
0.0233562998473644
0.0133874984458089
0.00729704834520817
0.00738323386758566
0.00734014110639691
0.00698103429749608
0.00672247773036361
0.00505622243508697
0.00349051714874804
0.0031745033338666
0.00313141057267785
0.00366288842633367
0.00443855905905366
0.00465402286499739
0.0058031645603478
0.00764179090037942
0.0862143412232399
0.154200419783592
0.0691495910286903
0.00830254703760147
0.00563079304993153
0.00387835246510804
0.00505622243508697
0.00459656585007906
0.00445292331278324
0.00295903929509223
0.00258556823246181
0.00360543141141534
0.0016806194325909
0.00198226911015809
0.00257120397873223
0.00484075862914324
0.00673684198409319
0.00446728756651282
0.0023988327011466
0.0051855007186532
0.00512804370373487
0.00462529435753822
0.0111323082819581
0.00708158407360315
0.00438110204413533
0.00879093259572983
0.00688048452138901
0.0064208279363811
0.00497003691270947
0.00326068885624409
0.00452474458143115
0.00517113646492362
0.00383525970391929
0.00294467504136264
0.00340433162637055
0.00476893689483404
0.00465402286499739
0.00558770028874278
0.00492694415152073
0.0119654359295964
0.103494554758072
0.162546053528786
0.0654292404651642
0.00655010621994734
0.00405072374269366
0.00851801130920649
0.00877656787633896
0.00443855905905366
0.00627718539908528
0.00554460752755404
0.00670811347663402
0.0069666700437665
0.00636337092146277
0.00703849131241441
0.00677993474528194
0.0079721687361598
0.00856110360473394
0.00609044963493943
0.00630591390654445
0.00542969349771738
0.00504185818135738
0.00366288842633367
0.00504185818135738
0.00354797416366637
0.00469711562618613
0.00558770028874278
0.00501312967389822
0.007268319837749
0.0100980801507831
0.00940859597176313
0.0079721687361598
0.00843182578682899
0.00913567468523979
0.00909258145838976
0.0102560874074698
0.00978206656873226
0.00899203214794397
0.00716777006164193
0.0057313428260386
0.00583189306780696
0.0467269644141197
0.0717495232820511
0.029504207894206
0.00713904155418277
0.00346178864128888
0.0061909994110465
0.00716777006164193
0.00498440116643906
0.00396453822031617
0.0027866680175066
0.00252811121754348
0.00399326672777534
0.00384962395764887
0.00308831757865846
0.0021259116474539
0.00311704631894827
0.00530041521415114
0.00321759609505534
0.00185299059376121
0.00257120397873223
0.00179553357884288
0.00170934794005007
0.00242756144143641
0.00158006954006851
0.00173807644750923
0.0027866680175066
0.0021259116474539
0.00221209740266204
0.00192481197882444
0.00199663336388767
0.00231264717876911
0.00165189080871642
0.00170934794005007
0.00221209740266204
0.00268611824139953
0.00271484674885869
0.00182426208630204
0.00235573993995786
0.00412254501134157
0.00732577685266733
0.0430640764534473
0.051266074180603
0.017036022618413
0.0050274939276278
0.00471147987991571
0.0055733360350132
0.0057313428260386
0.00382089545018971
0.00334687461145222
0.00455347308889031
0.0047258441336453
0.00369161693379283
0.00458220159634948
0.00514240795746446
0.00524295773357153
0.00985388830304146
0.0181995276361704
0.0108306584879756
0.00528605049476028
0.00718213431537151
0.00821636151522398
0.00632027816027403
0.00959533080458641
0.00649264920502901
0.0161167085170746
0.0274932086467743
0.013588597998023
0.00357670290395617
0.00847491808235645
0.0101124448701739
0.0134449554607272
0.0174238570034504
0.0117212431505322
0.0136460550129414
0.0261142402887344
0.0207563675940037
0.0150681175291538
0.0150681175291538
0.0181420706212521
0.0215033087879419
0.0938130393624306
0.124351471662521
0.0654866993427277
0.0284987073391676
0.00999753084033728
0.0097389742732048
0.0177829638123512
0.00999753084033728
0.0050274939276278
0.00353360990993679
0.00499876542016864
0.00499876542016864
0.00416563777253032
0.00321759609505534
0.00425182329490781
0.00462529435753822
0.0087478393688798
0.00732577685266733
0.00277230376377702
0.00389271671883762
0.0055733360350132
0.00416563777253032
0.0058749858289957
0.00462529435753822
0.00639209942892194
0.00945168826729059
0.00560206454247236
0.00443855905905366
0.0033612388651818
0.00356233841739595
0.00469711562618613
0.00782852619886398
0.00568825006484985
0.00406508799642324
0.00598989985883236
0.00571697857230902
0.00920749641954899
0.00843182578682899
0.00785725470632315
0.0110317580401897
0.059439342468977
0.0859126895666122
0.0509213320910931
0.017538771033287
0.0124107273295522
0.00670811347663402
0.0069666700437665
0.00468275137245655
0.00445292331278324
0.00512804370373487
0.00522859347984195
0.00478330114856362
0.00521422922611237
0.00346178864128888
0.00215464015491307
0.00311704631894827
0.00673684198409319
0.00692357728257775
0.0051855007186532
0.00357670290395617
0.00481202965602279
0.00465402286499739
0.0112041290849447
0.00768488366156817
0.00591807859018445
0.0090638529509306
0.00685175601392984
0.0058031645603478
0.00310268183238804
0.0029015822801739
0.00343306013382971
0.00534350797533989
0.00554460752755404
0.00328941736370325
0.00620536366477609
0.0206701811403036
0.0276368521153927
0.0103279091417789
0.0057313428260386
0.0106582874432206
0.0656159743666649
0.157805845141411
0.183446064591408
0.0613785199820995
0.012597463093698
0.0101699018850923
0.0129996631294489
0.0090494891628623
0.00630591390654445
0.00929368194192648
0.00942295975983143
0.00613354239612818
0.00443855905905366
0.00729704834520817
0.00890584662556648
0.00843182578682899
0.0125256422907114
0.0114770503714681
0.00962405931204557
0.021848052740097
0.0242037922143936
0.0181420706212521
0.0359393991529942
0.0263297036290169
0.0180271565914154
0.0116781499236822
0.017883513122797
0.0191044770181179
0.00969588104635477
0.0174669492989779
0.0262004248797894
0.0234712138772011
0.0218911450356245
0.0174669492989779
0.0230690147727728
0.0489246994256973
0.0532483421266079
0.0490827038884163
0.0325063392519951
0.0535499937832356
0.130456283688545
0.178921326994896
0.120832227170467
0.0697528868913651
0.0496860034763813
0.0274788457900286
0.0278954096138477
0.0221066083759069
0.0153266740962863
0.0121234422549605
0.0126836486160755
0.0153841311112046
0.00507058668881655
0.00545842200517654
0.00606172112748027
0.00716777006164193
0.0079721687361598
0.00889148190617561
0.0062628211453557
0.0064208279363811
0.00821636151522398
0.00965278781950474
0.00690921302884817
0.00396453822031617
0.00808708276599646
0.0121234422549605
0.0104859154671431
0.00632027816027403
0.00777106918394566
0.00950914528220892
0.0116637861356139
0.0116206929087639
0.00702412705868483
0.00442419480532408
0.00920749641954899
0.026243519037962
0.0307682622224092
0.0171653013676405
0.00939423125237226
0.027349567040801
0.0939279496669769
0.0991278141736984
0.0498152822256088
0.0583620220422745
0.0362410470843315
0.015441588126123
0.011433957144618
0.00817326828837395
0.012985298410058
0.0142637183889747
0.00978206656873226
0.00627718539908528
0.00349051714874804
0.00475457264110446
0.00607608538120985
0.00540096499025822
0.00550151476636529
0.00764179090037942
0.00624845689162612
0.0069666700437665
0.00663629174232483
0.0060329926200211
0.00774234067648649
0.00484075862914324
0.00462529435753822
0.00821636151522398
0.00940859597176313
0.00813017599284649
0.00673684198409319
0.00700976280495524
0.00752687640488148
0.00652137771248817
0.00390708073973656
0.00662192748859525
0.0123676350340247
0.0231264717876911
0.0242612492293119
0.0129422061145306
0.00756996916607022
0.0130714839324355
0.0610050484538078
0.0642944648861885
0.0382233187556267
0.0337703935801983
0.0155995953828096
0.0163465365767479
0.014665917493403
0.00614790664985776
0.00555897178128362
0.00791471172124147
0.00442419480532408
0.00410818075761199
0.00442419480532408
0.00377780245617032
0.00231264717876911
0.00316013908013701
0.00481202965602279
0.0045678373426199
0.00465402286499739
0.00530041521415114
0.00343306013382971
0.00397890247404575
0.00590371433645487
0.00359106715768576
0.00438110204413533
0.00423745904117823
0.00280103227123618
0.00291594653390348
0.00471147987991571
0.00409381650388241
0.00353360990993679
0.00462529435753822
0.00430928030982614
0.00259993248619139
0.00524295773357153
0.012597463093698
0.0153984958305955
0.00983952358365059
0.00986825209110975
0.0103135444223881
0.0267175398766994
0.0211298391222954
0.0122814495116472
0.0104571869596839
0.00453910883516073
0.00979643128812313
0.00811581127345562
0.00488385139033198
0.00406508799642324
0.00281539652496576
0.00448165182024241
0.00588935008272529
0.00515677221119404
0.00316013908013701
0.00291594653390348
0.00396453822031617
0.0037921667098999
0.00409381650388241
0.00436673732474446
0.00432364456355572
0.00359106715768576
0.00356233841739595
0.0058749858289957
0.00598989985883236
0.00660756323486567
0.00574570707976818
0.00318886758759618
0.00267175398766994
0.00303086056374013
0.00254247547127306
0.00632027816027403
0.00597553560510278
0.00409381650388241
0.00327505310997367
0.00723959133028984
0.0094373244792223
0.00825945381075144
0.00675120623782277
0.0097533380612731
0.0254534836858511
0.074378177523613
0.0611343272030354
0.0181851629167795
0.012037256732583
0.0086760176345706
0.013200762681663
0.00863292533904314
0.00632027816027403
0.00553024327382445
0.00429491605609655
0.00326068885624409
0.00350488140247762
0.00361979566514492
0.00282976077869534
0.00426618754863739
0.00561642879620194
0.00465402286499739
0.00293031078763306
0.0022408259101212
0.00324632460251451
0.00396453822031617
0.00334687461145222
0.00185299059376121
0.0035192456562072
0.00419436627998948
0.00499876542016864
0.0036341599188745
0.00153697666246444
0.00364852417260408
0.00430928030982614
0.00471147987991571
0.00590371433645487
0.00550151476636529
0.0033612388651818
0.0058749858289957
0.0173233076930046
0.0164614506065846
0.00871911086142063
0.00614790664985776
0.0112041290849447
0.0153410388156772
0.0151973962783813
0.0147951962426305
0.00458220159634948
0.00400763098150492
0.00945168826729059
0.00640646368265152
0.00185299059376121
0.00203972612507641
0.0030595890711993
0.00326068885624409
0.00356233841739595
0.00300213205628097
0.00364852417260408
0.00262866099365056
0.00248501845635474
0.00270048249512911
0.00293031078763306
0.00254247547127306
0.00169498368632048
0.00264302524738014
0.0033612388651818
0.00242756144143641
0.00301649631001055
0.00425182329490781
0.00565952155739069
0.00301649631001055
0.00150824815500528
0.00199663336388767
0.00270048249512911
0.0031745033338666
0.0047258441336453
0.00475457264110446
0.00331814587116241
0.00361979566514492
0.00820199679583311
0.0112472223117948
0.00850364658981562
0.00501312967389822
0.00932241044938564
0.0182426199316978
0.0177685990929604
0.0129565699025989
0.00583189306780696
0.00512804370373487
0.00663629174232483
0.00574570707976818
0.00359106715768576
0.00265738973394036
0.00277230376377702
0.00270048249512911
0.00248501845635474
0.00130714836996049
0.0023988327011466
0.00341869588010013
0.00428055180236697
0.00330378161743283
0.00201099761761725
0.00156570528633893
0.00320323184132576
0.00172371219377965
0.00282976077869534
0.00324632460251451
0.00406508799642324
0.00390708073973656
0.00353360990993679
0.00377780245617032
0.00293031078763306
0.00330378161743283
0.00384962395764887
0.00293031078763306
0.00350488140247762
0.00465402286499739
0.00338996737264097
0.00703849131241441
0.0145653681829572
0.0107732014730573
0.00807271897792816
0.0083600040525198
0.0255827624350786
0.0774664953351021
0.0637917146086693
0.0214027594774961
0.00814453978091478
0.0071246768347919
0.0109599363058805
0.00759869813919067
0.00442419480532408
0.0057313428260386
0.00620536366477609
0.00443855905905366
0.00298776780255139
0.00259993248619139
0.00219773314893246
0.00382089545018971
0.00288721802644432
0.0036341599188745
0.00482639390975237
0.00370598118752241
0.00334687461145222
0.00248501845635474
0.00532914372161031
0.00524295773357153
0.0031745033338666
0.00304522481746972
0.00343306013382971
0.00313141057267785
0.00232701143249869
0.00247065420262516
0.00567388581112027
0.00902076065540314
0.00512804370373487
0.00688048452138901
0.00400763098150492
0.00810144748538733
0.0131863979622722
0.00802962575107813
0.00902076065540314
0.0124681852757931
0.045405451208353
0.137839511036873
0.101584106683731
0.0280677806586027
0.0136316902935505
0.00838873255997896
0.00929368194192648
0.00992570910602808
0.00854673981666565
0.00403635948896408
0.00939423125237226
0.0109024792909622
0.00933677423745394
0.00614790664985776
0.00689484877511859
0.00927931722253561
0.00777106918394566
0.00808708276599646
0.00935113895684481
0.0105577372014523
0.00968151725828648
0.0103566376492381
0.0117787001654506
0.0103422729298472
0.0111610367894173
0.0137322405353189
0.0105433724820614
0.0112615860998631
0.00996880233287811
0.00827381853014231
0.0151973962783813
0.0207707323133945
0.0164183583110571
0.00956660229712725
0.0121808992698789
0.0222646165639162
0.027263380587101
0.0238590501248837
0.0196215901523829
0.0188459195196629
0.071648970246315
0.176623046398163
0.13259656727314
0.0517113655805588
0.0185586344450712
0.0130283916369081
0.0189321059733629
0.0137322405353189
0.0093655027449131
0.0103710014373064
0.0135167762637138
0.0117787001654506
0.00564515730366111
0.00357670290395617
0.00439546629786491
0.00660756323486567
0.00568825006484985
0.00847491808235645
0.00794344022870064
0.00794344022870064
0.00827381853014231
0.00731141259893775
0.0102848159149289
0.00711031258106232
0.00384962395764887
0.0101268095895648
0.0108737507835031
0.00721086282283068
0.00530041521415114
0.00583189306780696
0.00764179090037942
0.00991134531795978
0.0071964985691011
0.00564515730366111
0.0071246768347919
0.0161741655319929
0.027435751631856
0.0166194587945938
0.00636337092146277
0.00610481388866901
0.0175100434571505
0.0660181790590286
0.0609619542956352
0.0161741655319929
0.00705285556614399
0.00729704834520817
0.010155538097024
0.00509931519627571
0.00382089545018971
0.00386398821137846
0.00492694415152073
0.00374907394871116
0.00291594653390348
0.00337560311891139
0.00347615289501846
0.00282976077869534
0.00455347308889031
0.00792907644063234
0.00646392069756985
0.00349051714874804
0.0045678373426199
0.00374907394871116
0.00330378161743283
0.0016806194325909
0.00396453822031617
0.0103997299447656
0.0111466720700264
0.00438110204413533
0.00259993248619139
0.00370598118752241
0.003332510124892
0.0048694871366024
0.00488385139033198
0.00458220159634948
0.00415127351880074
0.00560206454247236
0.0106008304283023
0.00647828495129943
0.00229828292503953
0.00288721802644432
0.011821792460978
0.034747164696455
0.0328367166221142
0.00892021041363478
0.00310268183238804
0.0021259116474539
0.00409381650388241
0.00367725268006325
0.00238446844741702
0.00211154739372432
0.00331814587116241
0.00328941736370325
0.00215464015491307
0.00126405560877174
0.0011204129550606
0.00116350571624935
0.00215464015491307
0.00383525970391929
0.00344742438755929
0.00225519016385078
0.00228391867130995
0.00114914146251976
0.00185299059376121
0.00106295582372695
0.00175244070123881
0.0016806194325909
0.00257120397873223
0.00225519016385078
0.00180989783257246
0.00170934794005007
0.00132151262369007
0.00142206251621246
0.0016806194325909
0.0013933340087533
0.00150824815500528
0.00271484674885869
0.00397890247404575
0.0031745033338666
0.00241319695487618
0.00192481197882444
0.0132151264697313
0.0398608446121216
0.0348477140069008
0.00899203214794397
0.00307395332492888
0.00247065420262516
0.00301649631001055
0.0022408259101212
0.00149388390127569
0.00145079114008695
0.00178116920869797
0.00143642676994205
0.001220962847583
0.0011204129550606
0.00107732007745653
0.000545842165593058
0.00101986306253821
0.00173807644750923
0.00203972612507641
0.00163752655498683
0.00127841986250132
0.00130714836996049
0.00146515539381653
0.00159443379379809
0.00150824815500528
0.0019679048564285
0.00257120397873223
0.00126405560877174
0.00110604870133102
0.00107732007745653
0.00119223422370851
0.00117786996997893
0.00114914146251976
0.00183862634003162
0.00192481197882444
0.00175244070123881
0.00294467504136264
0.00284412503242493
0.00247065420262516
0.00621972838416696
0.0546847693622112
0.18866029381752
0.152462348341942
0.022796094417572
0.00303086056374013
0.00182426208630204
0.00203972612507641
0.00247065420262516
0.001666255062446
0.00185299059376121
0.00159443379379809
0.00133587699383497
0.00124969135504216
0.00103422731626779
0.00124969135504216
0.00158006954006851
0.00293031078763306
0.0037921667098999
0.00226955441758037
0.000919313170015812
0.00120659847743809
0.00117786996997893
0.0013933340087533
0.00124969135504216
0.00192481197882444
0.00459656585007906
0.00353360990993679
0.00130714836996049
0.00183862634003162
0.00172371219377965
0.00140769826248288
0.00137896975502372
0.00119223422370851
0.00114914146251976
0.00195354036986828
0.00216900440864265
0.0025137469638139
0.00261429673992097
0.00182426208630204
0.00192481197882444
0.0104571869596839
0.0207563675940037
0.0122383562847972
0.00259993248619139
0.00146515539381653
0.00176680495496839
0.0013933340087533
0.00140769826248288
0.0011204129550606
0.0011204129550606
0.00143642676994205
0.00160879804752767
0.00100549880880862
0.00103422731626779
0.000761306204367429
0.000962405989412218
0.00175244070123881
0.00175244070123881
0.00106295582372695
0.000890584604348987
0.00104859156999737
0.00140769826248288
0.000833127531222999
0.000646392058115453
0.00222646165639162
0.00692357728257775
0.00508495094254613
0.00127841986250132
0.000976770184934139
0.00117786996997893
0.00103422731626779
0.00103422731626779
0.00136460550129414
0.00116350571624935
0.00106295582372695
0.00100549880880862
0.000991134555079043
0.00130714836996049
0.00126405560877174
0.00163752655498683
0.00837436877191067
0.014536639675498
0.0115057788789272
0.00330378161743283
0.00142206251621246
0.00198226911015809
0.00231264717876911
0.00155134091619402
0.00090494891628623
0.000991134555079043
0.00114914146251976
0.00107732007745653
0.000790034770034254
0.000876220350619406
0.00110604870133102
0.00107732007745653
0.00142206251621246
0.00158006954006851
0.00124969135504216
0.000775670458097011
0.00132151262369007
0.00152261240873486
0.00103422731626779
0.000646392058115453
0.00218336866237223
0.00567388581112027
0.00412254501134157
0.00179553357884288
0.00137896975502372
0.00142206251621246
0.00165189080871642
0.00155134091619402
0.00160879804752767
0.00163752655498683
0.00152261240873486
0.00238446844741702
0.0025137469638139
0.00186735484749079
0.00117786996997893
0.00226955441758037
0.00756996916607022
0.0186735484749079
0.016087980940938
0.00415127351880074
0.001666255062446
0.00110604870133102
0.00146515539381653
0.00135024124756455
0.00101986306253821
0.000574570731259882
0.00113477720879018
0.00152261240873486
0.00126405560877174
0.000689484877511859
0.000474020838737488
0.00107732007745653
0.00193917623255402
0.0025137469638139
0.00169498368632048
0.00090494891628623
0.00116350571624935
0.0011204129550606
0.000517113658133894
0.000545842165593058
0.00186735484749079
0.00423745904117823
0.00321759609505534
0.00132151262369007
0.000933677423745394
0.00133587699383497
0.00123532710131258
0.00114914146251976
0.00101986306253821
0.000876220350619406
0.000703849131241441
0.00127841986250132
0.00247065420262516
0.00165189080871642
0.000790034770034254
0.00107732007745653
0.00383525970391929
0.00771361216902733
0.00613354239612818
0.00165189080871642
0.00106295582372695
0.00113477720879018
0.00110604870133102
0.00113477720879018
0.000818763277493417
0.000761306204367429
0.000804399023763835
0.000833127531222999
0.000588934984989464
0.000244192546233535
0.000229828292503953
0.0004165637656115
0.00107732007745653
0.0013933340087533
0.000560206477530301
0.000646392058115453
0.000517113658133894
0.00048838509246707
0.000574570731259882
0.000459656585007906
0.00104859156999737
0.00238446844741702
0.001666255062446
0.000833127531222999
0.000861856096889824
0.000517113658133894
0.000790034770034254
0.000775670458097011
0.000517113658133894
0.000517113658133894
0.000818763277493417
0.00137896975502372
0.00201099761761725
0.00133587699383497
0.000660756311845034
0.00110604870133102
0.00169498368632048
0.00574570707976818
0.00606172112748027
0.00176680495496839
0.000445292302174494
0.000459656585007906
0.000689484877511859
0.000617663550656289
0.000646392058115453
0.000675120623782277
0.000588934984989464
0.000588934984989464
0.00048838509246707
0.000531477911863476
0.000344742438755929
0.000301649619359523
0.000804399023763835
0.00143642676994205
0.00127841986250132
0.000833127531222999
0.000718213384971023
0.000660756311845034
0.000258556829066947
0.000560206477530301
0.000861856096889824
0.00186735484749079
0.00120659847743809
0.000502749404404312
0.0004165637656115
0.000502749404404312
0.000588934984989464
0.000574570731259882
0.000545842165593058
0.000545842165593058
0.000588934984989464
0.000948041677474976
0.000890584604348987
0.000746941950637847
0.000588934984989464
0.000948041677474976
0.00231264717876911
0.00632027816027403
0.00620536366477609
0.00201099761761725
0.0004165637656115
0.000330378155922517
0.000646392058115453
0.000603299238719046
0.000402199511881918
0.000373470975318924
0.00048838509246707
0.000531477911863476
0.000689484877511859
0.000833127531222999
0.000517113658133894
0.000474020838737488
0.000603299238719046
0.000861856096889824
0.00090494891628623
0.000560206477530301
0.000459656585007906
0.000344742438755929
0.000373470975318924
0.000316013902192935
0.000847491843160242
0.00152261240873486
0.00116350571624935
0.000517113658133894
0.000301649619359523
0.000517113658133894
0.000632027804385871
0.000718213384971023
0.000603299238719046
0.00048838509246707
0.000588934984989464
0.000847491843160242
0.000574570731259882
0.000746941950637847
0.000459656585007906
0.000531477911863476
0.00326068885624409
0.00610481388866901
0.00429491605609655
0.00104859156999737
0.000430928048444912
0.000359106692485511
0.000402199511881918
0.000287285365629941
0.000761306204367429
0.000603299238719046
0.000430928048444912
0.0004165637656115
0.000316013902192935
0.000258556829066947
0.000344742438755929
0.000502749404404312
0.000502749404404312
0.000459656585007906
0.000387835229048505
0.000258556829066947
0.000402199511881918
0.000373470975318924
0.000272921082796529
0.000402199511881918
0.000545842165593058
0.000632027804385871
0.000430928048444912
0.000474020838737488
0.000301649619359523
0.000316013902192935
0.000430928048444912
0.000359106692485511
0.000316013902192935
0.000430928048444912
0.000272921082796529
0.000402199511881918
0.000430928048444912
0.000459656585007906
0.000603299238719046
0.000703849131241441
0.00199663336388767
0.00287285353988409
0.00229828292503953
0.00120659847743809
0.000474020838737488
0.0004165637656115
0.000502749404404312
0.000459656585007906
0.000402199511881918
0.000459656585007906
0.000359106692485511
0.0004165637656115
0.000430928048444912
0.000387835229048505
0.000430928048444912
0.000301649619359523
0.000502749404404312
0.000574570731259882
0.000359106692485511
0.000373470975318924
0.0004165637656115
0.000344742438755929
0.000244192546233535
0.000229828292503953
0.000617663550656289
0.000890584604348987
0.000603299238719046
0.000373470975318924
0.000387835229048505
0.000201099755940959
0.000445292302174494
0.00048838509246707
0.000387835229048505
0.000387835229048505
0.000474020838737488
0.000258556829066947
0.000244192546233535
0.000316013902192935
0.000373470975318924
0.000818763277493417
0.00129278411623091
0.00160879804752767
0.00104859156999737
0.000373470975318924
0.000287285365629941
0.000244192546233535
0.000373470975318924
0.000373470975318924
0.000359106692485511
0.000201099755940959
0.000287285365629941
0.000344742438755929
0.000186735487659462
0.000158006951096468
0.000172371219377965
0.000201099755940959
0.000272921082796529
0.000272921082796529
0.000201099755940959
0.000172371219377965
0.000129278414533474
0.000229828292503953
0.000301649619359523
0.000172371219377965
0.000359106692485511
0.000474020838737488
0.000258556829066947
0.000244192546233535
0.000287285365629941
0.000186735487659462
0.000301649619359523
0.000502749404404312
0.000545842165593058
0.000703849131241441
0.000775670458097011
0.000833127531222999
0.00090494891628623
0.000790034770034254
0.00109168433118612
0.00205409037880599
0.00392144545912743
0.00367725268006325
0.00209718313999474
0.00117786996997893
0.000948041677474976
0.00117786996997893
0.000876220350619406
0.000933677423745394
0.00133587699383497
0.00123532710131258
0.00116350571624935
0.001220962847583
0.000818763277493417
0.00116350571624935
0.00090494891628623
0.00137896975502372
0.00221209740266204
0.00189608335494995
0.00176680495496839
0.00202536187134683
0.00211154739372432
0.00173807644750923
0.00147951964754611
0.001220962847583
0.00208281888626516
0.00241319695487618
0.00241319695487618
0.00264302524738014
0.00202536187134683
0.00100549880880862
0.00163752655498683
0.00211154739372432
0.00277230376377702
0.00237010419368744
0.00145079114008695
0.00285848928615451
0.00310268183238804
0.00226955441758037
0.00288721802644432
0.00300213205628097
0.00621972838416696
0.00629154965281486
0.00369161693379283
0.00222646165639162
0.00135024124756455
0.00116350571624935
0.00106295582372695
0.00114914146251976
0.001666255062446
0.001666255062446
0.00149388390127569
0.00160879804752767
0.00137896975502372
0.00185299059376121
0.00159443379379809
0.000804399023763835
0.00170934794005007
0.00109168433118612
0.00170934794005007
0.00176680495496839
0.00160879804752767
0.00152261240873486
0.00140769826248288
0.00143642676994205
0.00159443379379809
0.00146515539381653
0.00219773314893246
0.00280103227123618
0.00214027590118349
0.000775670458097011
0.00147951964754611
0.000976770184934139
0.00129278411623091
0.00159443379379809
0.00163752655498683
0.00300213205628097
0.00267175398766994
0.00271484674885869
0.00303086056374013
0.00294467504136264
0.00590371433645487
0.00785725470632315
0.00614790664985776
0.0025137469638139
0.001666255062446
0.00158006954006851
0.00143642676994205
0.00178116920869797
0.00130714836996049
0.00165189080871642
0.00156570528633893
0.00209718313999474
0.00185299059376121
0.00182426208630204
0.00201099761761725
0.00120659847743809
0.0021259116474539
0.00226955441758037
0.0022408259101212
0.00156570528633893
0.00135024124756455
0.0016806194325909
0.00238446844741702
0.00231264717876911
0.00198226911015809
0.00270048249512911
0.00277230376377702
0.00274357525631785
0.00163752655498683
0.00178116920869797
0.00238446844741702
0.00130714836996049
0.00103422731626779
0.00232701143249869
0.0023988327011466
0.00249938271008432
0.00254247547127306
0.00225519016385078
0.00288721802644432
0.00386398821137846
0.00695230579003692
0.0110173933207989
0.00794344022870064
0.00410818075761199
0.00372034544125199
0.00343306013382971
0.00304522481746972
0.00275793951004744
0.00170934794005007
0.00258556823246181
0.00249938271008432
0.00301649631001055
0.00262866099365056
0.00331814587116241
0.00412254501134157
0.00364852417260408
0.00373470969498158
0.00211154739372432
0.00211154739372432
0.0031745033338666
0.0033612388651818
0.00326068885624409
0.00390708073973656
0.00382089545018971
0.00459656585007906
0.00597553560510278
0.00620536366477609
0.0058749858289957
0.00326068885624409
0.00347615289501846
0.00498440116643906
0.00324632460251451
0.00425182329490781
0.00656447047367692
0.0043380088172853
0.00584625732153654
0.00802962575107813
0.00831691175699234
0.00481202965602279
0.00679429899901152
0.00988261681050062
0.012425092048943
0.00853237509727478
0.0041800020262599
0.00301649631001055
0.0041800020262599
0.00370598118752241
0.00300213205628097
0.00343306013382971
0.00327505310997367
0.00420873053371906
0.00303086056374013
0.00214027590118349
0.00341869588010013
0.00393580971285701
0.00343306013382971
0.00314577482640743
0.00244192569516599
0.00199663336388767
0.0022408259101212
0.0023988327011466
0.0016806194325909
0.00155134091619402
0.00203972612507641
0.00285848928615451
0.00270048249512911
0.00258556823246181
0.00235573993995786
0.00110604870133102
0.00163752655498683
0.00169498368632048
0.00225519016385078
0.00244192569516599
0.00271484674885869
0.00183862634003162
0.00272921100258827
0.00232701143249869
0.00247065420262516
0.00106295582372695
0.00374907394871116
0.00466838711872697
0.00466838711872697
0.0041800020262599
0.00287285353988409
0.00188171910122037
0.00162316230125725
0.00135024124756455
0.00203972612507641
0.00215464015491307
0.00137896975502372
0.00140769826248288
0.00120659847743809
0.000588934984989464
0.000962405989412218
0.000646392058115453
0.00129278411623091
0.00129278411623091
0.001220962847583
0.000703849131241441
0.000861856096889824
0.00107732007745653
0.001666255062446
0.00159443379379809
0.00114914146251976
0.00135024124756455
0.00147951964754611
0.00104859156999737
0.00101986306253821
0.000933677423745394
0.000818763277493417
0.000991134555079043
0.000933677423745394
0.000818763277493417
0.000991134555079043
0.00103422731626779
0.00156570528633893
0.00129278411623091
0.000761306204367429
0.00147951964754611
0.00140769826248288
0.00173807644750923
0.00300213205628097
0.0029015822801739
0.00159443379379809
0.000890584604348987
0.000833127531222999
0.000861856096889824
0.000718213384971023
0.000588934984989464
0.000660756311845034
0.000933677423745394
0.000703849131241441
0.000574570731259882
0.00106295582372695
0.000646392058115453
0.000344742438755929
0.000517113658133894
0.000790034770034254
0.000603299238719046
0.000861856096889824
0.000588934984989464
0.000761306204367429
0.00090494891628623
0.000732577696908265
0.000560206477530301
0.000703849131241441
0.000890584604348987
0.000660756311845034
0.000646392058115453
0.00107732007745653
0.000962405989412218
0.000373470975318924
0.000402199511881918
0.000646392058115453
0.000933677423745394
0.000876220350619406
0.000847491843160242
0.000588934984989464
0.00104859156999737
0.00124969135504216
0.00282976077869534
0.0040219952352345
0.00282976077869534
0.00165189080871642
0.000890584604348987
0.000459656585007906
0.000646392058115453
0.000603299238719046
0.000574570731259882
0.000790034770034254
0.00104859156999737
0.000775670458097011
0.000703849131241441
0.000948041677474976
0.000632027804385871
0.000790034770034254
0.000790034770034254
0.000689484877511859
0.000531477911863476
0.000560206477530301
0.000718213384971023
0.000804399023763835
0.000689484877511859
0.000373470975318924
0.000574570731259882
0.000574570731259882
0.000560206477530301
0.000402199511881918
0.000517113658133894
0.000833127531222999
0.000818763277493417
0.000646392058115453
0.000689484877511859
0.000962405989412218
0.000761306204367429
0.00150824815500528
0.00101986306253821
0.000948041677474976
0.00117786996997893
0.001666255062446
0.00340433162637055
0.00268611824139953
0.00191044772509486
