% Type: Spectrum
% Date: 10-DEC-24 16:35:44
% NoOfItems: = 1601
% Unit_Y: = mm/s
% Unit_X: = Hz
% Min_X: = 0
% Max_X: = 1000
% MinDisplay_X: = 0
% MaxDisplay_X: = 1000
0
0
0
0
0.013640065677464
0.0096577936783433
0.00849760416895151
0.00862303003668785
0.00689842412248254
0.00475050555542111
0.00275936955586076
0.0032453949097544
0.00269665662199259
0.00283776083961129
0.00208520540036261
0.00244580488651991
0.00301022129133344
0.00578526919707656
0.0042801583185792
0.00841921288520098
0.0065848589874804
0.00286911730654538
0.00321403844282031
0.0147845763713121
0.0163367222994566
0.00573823461309075
0.00243012653663754
0.00354328146204352
0.00487593142315745
0.00473482720553875
0.00319836009293795
0.00406066328287125
0.0059577296487987
0.00780776143074036
0.00874845590442419
0.00835649948567152
0.00841921288520098
0.00666325027123094
0.0111001916229725
0.551105678081512
1.02747321128845
0.47914257645607
0.00675731990486383
0.00594205129891634
0.00409201951697469
0.00565984332934022
0.00790183059871197
0.00634968560189009
0.00565984332934022
0.0042801583185792
0.00647511146962643
0.00473482720553875
0.00195977953262627
0.00186571013182402
0.00246148300357163
0.00228902255184948
0.00117586774285883
0.00217927480116487
0.00202249246649444
0.00105044187512249
0.00241444841958582
0.00443694088608026
0.0111158695071936
0.0219338517636061
0.00934422854334116
0.00100340717472136
0.000940694182645529
0.00117586774285883
0.000736877089366317
0.000956372416112572
0.00122290244325995
0.00134832831099629
0.00134832831099629
0.00131697184406221
0.00238309195265174
0.00294750835746527
0.00352760311216116
0.00457804510369897
0.00487593142315745
0.0854934230446815
0.153631031513214
0.0705834180116653
0.00495432270690799
0.00391955906525254
0.00548738287761807
0.00567552167922258
0.00224198773503304
0.00087798124877736
0.00122290244325995
0.00125425891019404
0.00100340717472136
0.00114451127592474
0.00159918004646897
0.00155214534606785
0.0016462147468701
0.00192842306569219
0.00144239771179855
0.00126993714366108
0.00232037901878357
0.00376277673058212
0.00573823461309075
0.0133578572422266
0.0100497491657734
0.00401362869888544
0.00594205129891634
0.0046564363874495
0.00221063126809895
0.00246148300357163
0.00191274483222514
0.0022576660849154
0.00230470066890121
0.00170892779715359
0.00210088375024498
0.00210088375024498
0.00384116778150201
0.00743148382753134
0.0051424615085125
0.00572255626320839
0.0105671314522624
0.147767379879951
0.23733714222908
0.0981614366173744
0.00882684718817473
0.00611451221629977
0.00443694088608026
0.00348056852817535
0.00213224021717906
0.00169324956368655
0.00105044187512249
0.000799590023234487
0.000736877089366317
0.00111315480899066
0.00142671947833151
0.00106612010858953
0.00087798124877736
0.000956372416112572
0.0011288330424577
0.000736877089366317
0.00100340717472136
0.00108179834205657
0.000987728824838996
0.00238309195265174
0.00139536301139742
0.00228902255184948
0.00269665662199259
0.00147375417873263
0.00125425891019404
0.00134832831099629
0.00108179834205657
0.00106612010858953
0.00109747657552361
0.00145807594526559
0.00126993714366108
0.00185003189835697
0.00194410129915923
0.00274369143880904
0.00355895957909524
0.00396659364923835
0.00503271399065852
0.0318111404776573
0.048727959394455
0.0173871647566557
0.00757258804515004
0.0051894960924983
0.00321403844282031
0.00243012653663754
0.00119154597632587
0.000533060054294765
0.000611451221629977
0.000752555322833359
0.000956372416112572
0.000533060054294765
0.00056441652122885
0.000454668857855722
0.000580094754695892
0.00068984238896519
0.00068984238896519
0.00120722420979291
0.00145807594526559
0.00134832831099629
0.00108179834205657
0.0010190854081884
0.000799590023234487
0.00106612010858953
0.00117586774285883
0.00062712945509702
0.00037627766141668
0.000674164155498147
0.0010190854081884
0.00116018950939178
0.00126993714366108
0.00106612010858953
0.00117586774285883
0.00141104124486446
0.00228902255184948
0.00275936955586076
0.00203817081637681
0.00147375417873263
0.00279072602279484
0.0276250522583723
0.0402773879468441
0.0162112955003977
0.0032924294937402
0.00221063126809895
0.00362167251296341
0.0037941331975162
0.00120722420979291
0.00181867543142289
0.00241444841958582
0.00145807594526559
0.00120722420979291
0.00152078887913376
0.00219495315104723
0.00205384893342853
0.00128561537712812
0.00185003189835697
0.00137968477793038
0.00233605713583529
0.00424880208447576
0.00395091529935598
0.00244580488651991
0.00374709838069975
0.00354328146204352
0.00277504790574312
0.00829378701746464
0.00834082160145044
0.00598908634856343
0.00652214605361223
0.00945397652685642
0.0095166889950633
0.0144396554678678
0.0190647356212139
0.0121976677328348
0.0174812339246273
0.0163210444152355
0.0119938505813479
0.00870142132043838
0.0148629676550627
0.0164621472358704
0.093457967042923
0.124155953526497
0.0988826379179955
0.0461096912622452
0.0152706019580364
0.0157566275447607
0.0223414860665798
0.0105044180527329
0.00531492196023464
0.00791750941425562
0.00757258804515004
0.00592637341469526
0.00473482720553875
0.00586366048082709
0.00573823461309075
0.00724334502592683
0.0169324949383736
0.0140320211648941
0.00830946490168572
0.00738444924354553
0.00796454399824142
0.00854463875293732
0.00860735215246677
0.00559713039547205
0.00987728871405125
0.0187041349709034
0.0157252717763186
0.0119938505813479
0.00661621568724513
0.00446829712018371
0.00459372298792005
0.00928151607513428
0.0082153957337141
0.00551873911172152
0.00738444924354553
0.00983025413006544
0.00909337680786848
0.00967347156256437
0.0125739453360438
0.0129502229392529
0.0935833901166916
0.118292294442654
0.0420176722109318
0.0236114244908094
0.0110061215236783
0.00634968560189009
0.00675731990486383
0.00641239853575826
0.00387252424843609
0.00509542692452669
0.00493864435702562
0.00370006379671395
0.00486025307327509
0.00531492196023464
0.0067729982547462
0.0090776989236474
0.00700817164033651
0.00406066328287125
0.00669460697099566
0.0065378244034946
0.00526788737624884
0.00915609020739794
0.0137968482449651
0.0059577296487987
0.00529924407601356
0.00525220902636647
0.00269665662199259
0.00376277673058212
0.00370006379671395
0.0052835657261312
0.00457804510369897
0.00370006379671395
0.00399795034900308
0.00355895957909524
0.00476618390530348
0.012370128184557
0.0175125896930695
0.0113667212426662
0.00997135788202286
0.0145650813356042
0.0889426320791245
0.177681446075439
0.188374012708664
0.0648608654737473
0.0105828093364835
0.0119468159973621
0.0104887401685119
0.00567552167922258
0.00371574191376567
0.00727470172569156
0.00736877089366317
0.00664757238700986
0.00769801391288638
0.00569119956344366
0.00517381774261594
0.00652214605361223
0.00523653067648411
0.00860735215246677
0.0108336610719562
0.00925015937536955
0.00556577369570732
0.018939308822155
0.0313407927751541
0.0185316745191813
0.0149256810545921
0.012370128184557
0.012903188355267
0.0259004458785057
0.0231724325567484
0.0186414234340191
0.0196291524916887
0.0223414860665798
0.0258377324789762
0.025194926187396
0.0351349264383316
0.0422685258090496
0.0564259737730026
0.0370163172483444
0.028471676632762
0.0864184349775314
0.191337198019028
0.176317438483238
0.133296370506287
0.0852112174034119
0.0520517453551292
0.0274996254593134
0.0419079251587391
0.0272644534707069
0.0119624938815832
0.0171049553900957
0.02922423183918
0.0201622117310762
0.00534627865999937
0.0110061215236783
0.00945397652685642
0.00964211486279964
0.0106298439204693
0.00796454399824142
0.00769801391288638
0.0101438192650676
0.00652214605361223
0.00460940133780241
0.00843489076942205
0.00672596320509911
0.0110061215236783
0.00959508027881384
0.00647511146962643
0.00895227305591106
0.00978321954607964
0.0065378244034946
0.00802725739777088
0.0132794659584761
0.0109904436394572
0.00757258804515004
0.0144082987681031
0.0261669754981995
0.0347116142511368
0.0211185850203037
0.00979889743030071
0.00559713039547205
0.058276005089283
0.0707088485360146
0.0388820245862007
0.0493707656860352
0.0294123720377684
0.0160231571644545
0.0177320856601
0.0164307914674282
0.0154273845255375
0.0162269752472639
0.01163325086236
0.0100027145817876
0.00757258804515004
0.00813700444996357
0.0079331872984767
0.00766665767878294
0.00573823461309075
0.00418608915060759
0.00663189403712749
0.00680435448884964
0.0052835657261312
0.00804293528199196
0.0106455227360129
0.00837217830121517
0.00559713039547205
0.00423312373459339
0.00602044258266687
0.00752555346116424
0.00686706742271781
0.00763530097901821
0.00771369226276874
0.00899930763989687
0.00633400725200772
0.0103633143007755
0.0163680780678987
0.0313251167535782
0.0361540131270885
0.0152862807735801
0.0164621472358704
0.0213380791246891
0.0401989966630936
0.0358561277389526
0.0237211715430021
0.0269352104514837
0.00873277802020311
0.0102692451328039
0.0161172263324261
0.0118057122454047
0.0067729982547462
0.00707088457420468
0.00445261923596263
0.00398227199912071
0.00501703564077616
0.00512678315863013
0.00522085279226303
0.00418608915060759
0.00219495315104723
0.00191274483222514
0.00297886482439935
0.00374709838069975
0.00221063126809895
0.00743148382753134
0.00713359750807285
0.00246148300357163
0.00471914932131767
0.00533060031011701
0.00457804510369897
0.00415473245084286
0.00376277673058212
0.00318268197588623
0.00310429069213569
0.00307293422520161
0.0032453949097544
0.00423312373459339
0.00359031604602933
0.0112726520746946
0.0125739453360438
0.0105514526367187
0.0116489296779037
0.0149413589388132
0.0246461872011423
0.0206639152020216
0.0111472262069583
0.0151451760903001
0.00724334502592683
0.0104887401685119
0.00987728871405125
0.00410769786685705
0.00362167251296341
0.00520517444238067
0.00471914932131767
0.00608315551653504
0.00573823461309075
0.00307293422520161
0.00301022129133344
0.00291615189053118
0.00233605713583529
0.00235173548571765
0.00214791833423078
0.00219495315104723
0.0018970665987581
0.00186571013182402
0.00311996904201806
0.00318268197588623
0.00561280874535441
0.00523653067648411
0.00457804510369897
0.00492296600714326
0.00291615189053118
0.00203817081637681
0.00274369143880904
0.00268097850494087
0.00228902255184948
0.00152078887913376
0.00236741360276937
0.00661621568724513
0.00870142132043838
0.0119624938815832
0.0128404758870602
0.022513946518302
0.0576018393039703
0.0468779280781746
0.0177164077758789
0.0102535663172603
0.00523653067648411
0.0140947345644236
0.00956372451037169
0.00291615189053118
0.00349624664522707
0.00391955906525254
0.00558145204558969
0.00515813985839486
0.00322971655987203
0.00145807594526559
0.00282208248972893
0.00417041080072522
0.00216359668411314
0.00238309195265174
0.0028847954235971
0.00246148300357163
0.00247716135345399
0.00260258722119033
0.00216359668411314
0.00194410129915923
0.0025241959374398
0.00318268197588623
0.00340217724442482
0.00249283947050571
0.00186571013182402
0.00120722420979291
0.00318268197588623
0.00460940133780241
0.00424880208447576
0.00268097850494087
0.00696113705635071
0.0202719587832689
0.0188922751694918
0.00787047483026981
0.00790183059871197
0.0170579217374325
0.0397600084543228
0.0358404479920864
0.0162740088999271
0.00627129431813955
0.00431151501834393
0.0107866264879704
0.00873277802020311
0.0045623667538166
0.00495432270690799
0.00388820259831846
0.00421744538471103
0.00431151501834393
0.00318268197588623
0.00395091529935598
0.00368438544683158
0.00222630961798131
0.00221063126809895
0.00236741360276937
0.00167757133021951
0.00131697184406221
0.00194410129915923
0.00257123075425625
0.00294750835746527
0.00183435366488993
0.00402930658310652
0.00340217724442482
0.00261826533824205
0.00161485827993602
0.00163053651340306
0.0015364671126008
0.00264962203800678
0.00377845484763384
0.00357463792897761
0.0028847954235971
0.00263394368812442
0.00581662543118
0.00752555346116424
0.00741580594331026
0.00870142132043838
0.0221376698464155
0.0484771057963371
0.0380667559802532
0.0114921471104026
0.00608315551653504
0.00363735086284578
0.00785479601472616
0.00609883386641741
0.00301022129133344
0.00217927480116487
0.00241444841958582
0.0034335337113589
0.00354328146204352
0.00351192499510944
0.00285343895666301
0.00313564715906978
0.00291615189053118
0.00250851782038808
0.00258690887130797
0.00203817081637681
0.00175596249755472
0.0017873189644888
0.00213224021717906
0.00268097850494087
0.00253987428732216
0.00285343895666301
0.00279072602279484
0.00156782357953489
0.00221063126809895
0.00087798124877736
0.0032453949097544
0.00462507968768477
0.00495432270690799
0.00327675137668848
0.00385684613138437
0.00310429069213569
0.00355895957909524
0.00719631044194102
0.00808996986597776
0.0103633143007755
0.0475834459066391
0.112162098288536
0.0786577090620995
0.0134676052257419
0.01163325086236
0.00813700444996357
0.0130442921072245
0.00713359750807285
0.00335514266043901
0.00304157775826752
0.00409201951697469
0.00507974857464433
0.00313564715906978
0.00296318670734763
0.00282208248972893
0.00393523741513491
0.00634968560189009
0.00423312373459339
0.00279072602279484
0.00344921206124127
0.00344921206124127
0.00238309195265174
0.00407634163275361
0.00453101005405188
0.00395091529935598
0.00385684613138437
0.0043742279522121
0.00454668840393424
0.00435854960232973
0.00387252424843609
0.00291615189053118
0.00619290350005031
0.00765097932890058
0.00500135729089379
0.0043742279522121
0.00644375523552298
0.00890523847192526
0.00678867613896728
0.0097048282623291
0.0079802218824625
0.0695956870913506
0.180879816412926
0.116128697991371
0.0133892139419913
0.0175439454615116
0.0117429988458753
0.0142515171319246
0.00870142132043838
0.00923448149114847
0.00426448043435812
0.00823107361793518
0.0111472262069583
0.00641239853575826
0.00544034782797098
0.00691410200670361
0.00755690969526768
0.00904634222388268
0.00636536395177245
0.00570687791332602
0.00647511146962643
0.00619290350005031
0.00716495374217629
0.00940694194287062
0.0105357747524977
0.00768233556300402
0.00843489076942205
0.0121976677328348
0.0132010746747255
0.0114294346421957
0.00628697266802192
0.00978321954607964
0.0126993712037802
0.014988393522799
0.0149100022390485
0.00959508027881384
0.012526910752058
0.0259945150464773
0.0245050825178623
0.0250538215041161
0.0205071326345205
0.0816365778446198
0.199834793806076
0.120738096535206
0.0140320211648941
0.0106925573199987
0.0172617379575968
0.0178731884807348
0.0108650177717209
0.00638104230165482
0.00647511146962643
0.00246148300357163
0.00509542692452669
0.00370006379671395
0.00255555240437388
0.00413905456662178
0.00520517444238067
0.00711791915819049
0.00827810913324356
0.00498567894101143
0.00540899159386754
0.00547170452773571
0.0037941331975162
0.00454668840393424
0.00487593142315745
0.00507974857464433
0.00457804510369897
0.00699249329045415
0.00572255626320839
0.00559713039547205
0.00570687791332602
0.00890523847192526
0.0119311381131411
0.00849760416895151
0.00511110480874777
0.00470347097143531
0.0108023043721914
0.0296945795416832
0.0268254615366459
0.0118370680138469
0.00663189403712749
0.0232821814715862
0.0561280846595764
0.0338806696236134
0.0102535663172603
0.0113196866586804
0.00500135729089379
0.0104417055845261
0.00680435448884964
0.00216359668411314
0.00236741360276937
0.00330810784362257
0.00380981131456792
0.00144239771179855
0.00181867543142289
0.00175596249755472
0.00313564715906978
0.00418608915060759
0.00404498493298888
0.00283776083961129
0.00286911730654538
0.00109747657552361
0.00125425891019404
0.00282208248972893
0.00275936955586076
0.00203817081637681
0.00228902255184948
0.00230470066890121
0.0018970665987581
0.00188138836529106
0.00177164073102176
0.00311996904201806
0.00454668840393424
0.00318268197588623
0.00175596249755472
0.0017873189644888
0.00326107302680612
0.00639672018587589
0.00462507968768477
0.00286911730654538
0.0030258996412158
0.0139379519969225
0.025931803509593
0.0126366587355733
0.00363735086284578
0.00304157775826752
0.0028847954235971
0.00478186225518584
0.00344921206124127
0.00174028426408768
0.0021165618672967
0.00200681434944272
0.00222630961798131
0.00128561537712812
0.0011288330424577
0.000799590023234487
0.000783911789767444
0.00156782357953489
0.00199113599956036
0.00147375417873263
0.00087798124877736
0.000815268256701529
0.000768233556300402
0.001238580676727
0.0010190854081884
0.000721198855899274
0.00136400654446334
0.00172460603062063
0.00100340717472136
0.00120722420979291
0.00130129361059517
0.00103476364165545
0.00136400654446334
0.000752555322833359
0.000830946548376232
0.00133265007752925
0.00105044187512249
0.00351192499510944
0.00307293422520161
0.00195977953262627
0.00373142026364803
0.00862303003668785
0.0155371325090528
0.00972050614655018
0.00239877006970346
0.00250851782038808
0.00186571013182402
0.00244580488651991
0.00166189309675246
0.000595772988162935
0.000846624781843275
0.00148943241219968
0.00119154597632587
0.000580094754695892
0.000909337715711445
0.000972050649579614
0.000736877089366317
0.000580094754695892
0.000972050649579614
0.00068984238896519
0.000486025324789807
0.00062712945509702
0.000909337715711445
0.00105044187512249
0.000830946548376232
0.000752555322833359
0.000830946548376232
0.000972050649579614
0.000893659482244402
0.0011288330424577
0.00120722420979291
0.000799590023234487
0.00117586774285883
0.00111315480899066
0.000846624781843275
0.000846624781843275
0.00133265007752925
0.00183435366488993
0.0026653001550585
0.00423312373459339
0.00432719336822629
0.0501076430082321
0.168807566165924
0.13484850525856
0.0177164077758789
0.00544034782797098
0.00493864435702562
0.00322971655987203
0.00145807594526559
0.00137968477793038
0.00126993714366108
0.000972050649579614
0.000705520622432232
0.000705520622432232
0.000705520622432232
0.00056441652122885
0.000454668857855722
0.000595772988162935
0.000799590023234487
0.000658485922031105
0.000470347091322765
0.000721198855899274
0.000925015949178487
0.000533060054294765
0.000721198855899274
0.00068984238896519
0.000830946548376232
0.00108179834205657
0.000658485922031105
0.000642807688564062
0.000705520622432232
0.000454668857855722
0.000533060054294765
0.00056441652122885
0.000548738287761807
0.000595772988162935
0.00062712945509702
0.00087798124877736
0.00133265007752925
0.00134832831099629
0.00152078887913376
0.0112726520746946
0.0314035080373287
0.0224825907498598
0.00233605713583529
0.00119154597632587
0.00105044187512249
0.000642807688564062
0.00050170358736068
0.000799590023234487
0.000799590023234487
0.000486025324789807
0.000517381820827723
0.00062712945509702
0.000611451221629977
0.000407634128350765
0.00050170358736068
0.000470347091322765
0.000297886494081467
0.00037627766141668
0.00043899062438868
0.000768233556300402
0.000642807688564062
0.000235173545661382
0.000266530027147382
0.00050170358736068
0.000909337715711445
0.000972050649579614
0.000548738287761807
0.000407634128350765
0.000266530027147382
0.000391955894883722
0.000329242961015552
0.00037627766141668
0.000344921194482595
0.00021949531219434
0.00056441652122885
0.000721198855899274
0.00037627766141668
0.000391955894883722
0.00062712945509702
0.00305725610814989
0.0126993712037802
0.0131853967905045
0.00307293422520161
0.000595772988162935
0.00056441652122885
0.00068984238896519
0.000407634128350765
0.000391955894883722
0.000344921194482595
0.000360599427949637
0.00043899062438868
0.000533060054294765
0.000297886494081467
0.00031356472754851
0.00037627766141668
0.000282208260614425
0.000391955894883722
0.00037627766141668
0.00037627766141668
0.000423312390921637
0.000329242961015552
0.00025085179368034
0.000329242961015552
0.00031356472754851
0.000815268256701529
0.000956372416112572
0.00056441652122885
0.000454668857855722
0.000407634128350765
0.000407634128350765
0.000580094754695892
0.000486025324789807
0.000486025324789807
0.000360599427949637
0.000893659482244402
0.00181867543142289
0.00126993714366108
0.000611451221629977
0.0011288330424577
0.00313564715906978
0.0052835657261312
0.00319836009293795
0.00128561537712812
0.000783911789767444
0.000297886494081467
0.000642807688564062
0.000486025324789807
0.000470347091322765
0.000360599427949637
0.000344921194482595
0.00043899062438868
0.000423312390921637
0.000407634128350765
0.000548738287761807
0.000768233556300402
0.000799590023234487
0.000846624781843275
0.000454668857855722
0.000517381820827723
0.000470347091322765
0.000297886494081467
0.000407634128350765
0.00050170358736068
0.000391955894883722
0.000909337715711445
0.000987728824838996
0.000611451221629977
0.00062712945509702
0.000423312390921637
0.000517381820827723
0.000752555322833359
0.000658485922031105
0.000548738287761807
0.000595772988162935
0.00136400654446334
0.00236741360276937
0.00167757133021951
0.00109747657552361
0.00131697184406221
0.00501703564077616
0.006820032838732
0.00283776083961129
0.00150511064566672
0.000972050649579614
0.000658485922031105
0.00103476364165545
0.000752555322833359
0.000705520622432232
0.000548738287761807
0.000423312390921637
0.000580094754695892
0.000580094754695892
0.000486025324789807
0.000329242961015552
0.00018813883070834
0.00025085179368034
0.000329242961015552
0.000344921194482595
0.000344921194482595
0.00031356472754851
0.000407634128350765
0.000391955894883722
0.000297886494081467
0.000329242961015552
0.000391955894883722
0.000423312390921637
0.000329242961015552
0.00050170358736068
0.000423312390921637
0.000266530027147382
0.000235173545661382
0.000266530027147382
0.00031356472754851
0.00025085179368034
0.000846624781843275
0.00148943241219968
0.00100340717472136
0.000611451221629977
0.000642807688564062
0.00180299719795585
0.00249283947050571
0.00131697184406221
0.000736877089366317
0.000423312390921637
0.000391955894883722
0.00050170358736068
0.000360599427949637
0.000282208260614425
0.000203817064175382
0.000203817064175382
0.00018813883070834
0.000172460597241297
0.000203817064175382
0.000156782363774255
0.000297886494081467
0.000344921194482595
0.000360599427949637
0.000282208260614425
0.000203817064175382
0.00018813883070834
0.00021949531219434
0.00018813883070834
0.000172460597241297
0.000266530027147382
0.000423312390921637
0.000282208260614425
0.000360599427949637
0.00037627766141668
0.000329242961015552
0.000235173545661382
0.000297886494081467
0.000282208260614425
0.000297886494081467
0.000423312390921637
0.000548738287761807
0.000768233556300402
0.00050170358736068
0.000235173545661382
0.00050170358736068
0.00221063126809895
0.00294750835746527
0.001238580676727
0.000721198855899274
0.000423312390921637
0.000360599427949637
0.000486025324789807
0.000266530027147382
0.000172460597241297
0.000203817064175382
0.00025085179368034
0.00043899062438868
0.000329242961015552
0.000297886494081467
0.00025085179368034
0.000172460597241297
0.00043899062438868
0.00037627766141668
0.00021949531219434
0.000235173545661382
0.000235173545661382
0.00021949531219434
0.00018813883070834
0.00018813883070834
0.00018813883070834
0.000344921194482595
0.00031356472754851
0.00031356472754851
0.000360599427949637
0.000344921194482595
0.00012542589684017
0.00025085179368034
0.000344921194482595
0.000282208260614425
0.000266530027147382
0.00021949531219434
0.000329242961015552
0.00037627766141668
0.000407634128350765
0.000344921194482595
0.00139536301139742
0.00199113599956036
0.00105044187512249
0.000580094754695892
0.000391955894883722
0.00037627766141668
0.000407634128350765
0.00031356472754851
0.000282208260614425
0.000235173545661382
0.000297886494081467
0.000344921194482595
0.000344921194482595
0.000235173545661382
0.00021949531219434
0.000235173545661382
0.000282208260614425
0.00031356472754851
0.000203817064175382
0.000156782363774255
0.000172460597241297
0.000172460597241297
0.000172460597241297
0.000156782363774255
0.000203817064175382
0.000360599427949637
0.000360599427949637
0.000297886494081467
0.00018813883070834
0.000156782363774255
0.000172460597241297
0.000282208260614425
0.00025085179368034
0.000203817064175382
0.000172460597241297
0.000172460597241297
0.000344921194482595
0.00031356472754851
0.00031356472754851
0.000486025324789807
0.00139536301139742
0.00145807594526559
0.00050170358736068
0.00031356472754851
0.000203817064175382
0.00021949531219434
0.00012542589684017
0.000297886494081467
0.000329242961015552
0.000282208260614425
0.00021949531219434
0.000141104130307212
0.000156782363774255
0.000172460597241297
0.00025085179368034
0.000203817064175382
0.00012542589684017
0.000282208260614425
0.000344921194482595
0.000282208260614425
0.000329242961015552
0.00037627766141668
0.000344921194482595
0.00025085179368034
0.00021949531219434
0.000266530027147382
0.000282208260614425
0.00021949531219434
0.000156782363774255
0.000235173545661382
0.000172460597241297
0.000266530027147382
0.000391955894883722
0.00025085179368034
0.00021949531219434
0.00018813883070834
0.00031356472754851
0.00018813883070834
0.000266530027147382
0.000533060054294765
0.000517381820827723
0.000642807688564062
0.000329242961015552
0.00021949531219434
0.00025085179368034
0.000297886494081467
0.000329242961015552
0.00031356472754851
0.00021949531219434
0.000156782363774255
0.00021949531219434
0.000235173545661382
0.000156782363774255
0.000156782363774255
0.00025085179368034
0.000344921194482595
0.000344921194482595
0.000203817064175382
0.00031356472754851
0.000360599427949637
0.000297886494081467
0.000172460597241297
0.000141104130307212
0.00018813883070834
0.00018813883070834
0.000235173545661382
0.000235173545661382
0.000156782363774255
0.000156782363774255
0.00018813883070834
0.000282208260614425
0.000203817064175382
0.000360599427949637
0.000360599427949637
0.00037627766141668
0.000925015949178487
0.00103476364165545
0.000611451221629977
0.000611451221629977
0.00139536301139742
0.00327675137668848
0.00271233497187495
0.000909337715711445
0.000533060054294765
0.000595772988162935
0.00062712945509702
0.000658485922031105
0.000423312390921637
0.000611451221629977
0.00108179834205657
0.00155214534606785
0.00103476364165545
0.00087798124877736
0.00109747657552361
0.000721198855899274
0.000830946548376232
0.000987728824838996
0.00087798124877736
0.000799590023234487
0.00116018950939178
0.00111315480899066
0.001238580676727
0.0010190854081884
0.000611451221629977
0.00106612010858953
0.00117586774285883
0.00119154597632587
0.000909337715711445
0.00068984238896519
0.00116018950939178
0.00125425891019404
0.00137968477793038
0.00141104124486446
0.00137968477793038
0.00145807594526559
0.00137968477793038
0.00152078887913376
0.00130129361059517
0.00224198773503304
0.00274369143880904
0.00470347097143531
0.00402930658310652
0.000799590023234487
0.000925015949178487
0.000517381820827723
0.000893659482244402
0.000893659482244402
0.00111315480899066
0.00111315480899066
0.0010190854081884
0.00087798124877736
0.00100340717472136
0.000987728824838996
0.000940694182645529
0.00117586774285883
0.00148943241219968
0.00131697184406221
0.000956372416112572
0.00122290244325995
0.00106612010858953
0.00145807594526559
0.00144239771179855
0.000611451221629977
0.000940694182645529
0.00103476364165545
0.00133265007752925
0.00155214534606785
0.00106612010858953
0.00100340717472136
0.00117586774285883
0.000846624781843275
0.000736877089366317
0.000642807688564062
0.000846624781843275
0.00106612010858953
0.00152078887913376
0.00183435366488993
0.00150511064566672
0.00142671947833151
0.00197545764967799
0.00609883386641741
0.00522085279226303
0.0026653001550585
0.00275936955586076
0.00169324956368655
0.000925015949178487
0.00116018950939178
0.00126993714366108
0.00117586774285883
0.0011288330424577
0.00137968477793038
0.00109747657552361
0.00103476364165545
0.000658485922031105
0.00108179834205657
0.00147375417873263
0.00120722420979291
0.00108179834205657
0.00148943241219968
0.00120722420979291
0.00126993714366108
0.00106612010858953
0.000799590023234487
0.000642807688564062
0.0015364671126008
0.00131697184406221
0.0015364671126008
0.000987728824838996
0.00217927480116487
0.00233605713583529
0.00161485827993602
0.001238580676727
0.00119154597632587
0.00109747657552361
0.0015364671126008
0.00199113599956036
0.00224198773503304
0.00144239771179855
0.000909337715711445
0.00249283947050571
0.00711791915819049
0.00749419676139951
0.00315132550895214
0.00286911730654538
0.00235173548571765
0.0021165618672967
0.00186571013182402
0.00150511064566672
0.00147375417873263
0.00128561537712812
0.00161485827993602
0.00174028426408768
0.00133265007752925
0.00145807594526559
0.00130129361059517
0.00163053651340306
0.00175596249755472
0.00181867543142289
0.00169324956368655
0.00163053651340306
0.00181867543142289
0.00116018950939178
0.00103476364165545
0.00125425891019404
0.00156782357953489
0.00205384893342853
0.00186571013182402
0.00167757133021951
0.00244580488651991
0.00374709838069975
0.00308861257508397
0.00177164073102176
0.00169324956368655
0.00197545764967799
0.0026653001550585
0.00531492196023464
0.00644375523552298
0.00346489017829299
0.00340217724442482
0.00501703564077616
0.00854463875293732
0.00722766667604446
0.00537763489410281
0.00475050555542111
0.00238309195265174
0.0018970665987581
0.0015364671126008
0.001238580676727
0.00125425891019404
0.00119154597632587
0.000862303015310317
0.00100340717472136
0.00144239771179855
0.0016462147468701
0.00137968477793038
0.00131697184406221
0.000940694182645529
0.00043899062438868
0.000721198855899274
0.000736877089366317
0.000642807688564062
0.000642807688564062
0.0010190854081884
0.000987728824838996
0.000595772988162935
0.0011288330424577
0.00131697184406221
0.00126993714366108
0.00100340717472136
0.000721198855899274
0.000783911789767444
0.000815268256701529
0.00106612010858953
0.000783911789767444
0.000893659482244402
0.00224198773503304
0.00232037901878357
0.00109747657552361
0.000658485922031105
0.00158350181300193
0.00493864435702562
0.00429583666846156
0.00263394368812442
0.00203817081637681
0.00122290244325995
0.00120722420979291
0.00111315480899066
0.000611451221629977
0.000580094754695892
0.00062712945509702
0.00068984238896519
0.00025085179368034
0.000486025324789807
0.000548738287761807
0.00050170358736068
0.000642807688564062
0.000548738287761807
0.000423312390921637
0.00031356472754851
0.000423312390921637
0.000611451221629977
0.000674164155498147
0.000486025324789807
0.000548738287761807
0.000282208260614425
0.000407634128350765
0.000533060054294765
0.000642807688564062
0.000705520622432232
0.00062712945509702
0.000517381820827723
0.000517381820827723
0.000533060054294765
0.000470347091322765
0.000470347091322765
0.00144239771179855
0.00148943241219968
0.00087798124877736
0.00139536301139742
0.00194410129915923
0.00352760311216116
0.00333946431055665
0.00147375417873263
0.00109747657552361
0.00062712945509702
0.00087798124877736
0.00068984238896519
0.000297886494081467
0.00031356472754851
0.000235173545661382
0.000297886494081467
0.000470347091322765
0.00062712945509702
0.000470347091322765
0.000282208260614425
0.000423312390921637
0.000266530027147382
0.00031356472754851
0.000297886494081467
0.000235173545661382
0.00021949531219434
0.000329242961015552
0.000282208260614425
0.000360599427949637
0.00018813883070834
0.00031356472754851
0.00037627766141668
0.000282208260614425
0.000266530027147382
0.000297886494081467
0.000266530027147382
0.000344921194482595
0.00037627766141668
0.00025085179368034
0.00037627766141668
0.000862303015310317
0.00108179834205657
0.000940694182645529
0.000987728824838996
0.00188138836529106
0.00232037901878357
0.00205384893342853
0.00136400654446334
0.000940694182645529
0.000595772988162935
0.000705520622432232
0.000642807688564062
0.000344921194482595
0.000235173545661382
0.000486025324789807
0.000548738287761807
0.00043899062438868
0.00043899062438868
0.000580094754695892
0.000925015949178487
0.000721198855899274
0.000423312390921637
0.000658485922031105
0.00050170358736068
0.000548738287761807
0.000486025324789807
0.00062712945509702
0.000893659482244402
0.00068984238896519
0.000470347091322765
0.00025085179368034
0.000470347091322765
0.000595772988162935
0.000423312390921637
0.00050170358736068
0.000611451221629977
0.00056441652122885
0.000893659482244402
0.000956372416112572
0.00111315480899066
0.00216359668411314
0.0021165618672967
0.00139536301139742
0.00109747657552361
0.00275936955586076
0.00475050555542111
0.00241444841958582
0.00156782357953489
