% Type: Spectrum
% Date: 11-DEC-24 13:57:01
% NoOfItems: = 1601
% Unit_Y: = dB
% Unit_X: = Hz
% Min_X: = 0
% Max_X: = 1000
% MinDisplay_X: = 0
% MaxDisplay_X: = 1000
0
0
0
0
0.0995917171239853
0.0602258592844009
0.085965670645237
0.0919368118047714
0.0761904716491699
0.0419694595038891
0.0388513691723347
0.037354689091444
0.0277821607887745
0.0333323553204536
0.033581804484129
0.0215459857136011
0.0136572234332561
0.0143743837252259
0.0140625750645995
0.0111471628770232
0.00971284229308367
0.00675065955147147
0.00748341018334031
0.0107262209057808
0.0107574015855789
0.0115525145083666
0.0106170885264874
0.00919835828244686
0.0102585079148412
0.00742104835808277
0.00829411298036575
0.00826293230056763
0.00675065955147147
0.0100402422249317
0.00949457660317421
0.0198310371488333
0.107979372143745
0.819012463092804
1.0217193365097
0.296327441930771
0.0273612178862095
0.0101337842643261
0.0158710647374392
0.00971284229308367
0.00581523310393095
0.00495775928720832
0.00353902927599847
0.0040223328396678
0.00366375292651355
0.00349225802347064
0.00494216894730926
0.00503571145236492
0.00416264683008194
0.0027595073916018
0.00155904376879334
0.00210470915772021
0.00277509796433151
0.00271273613907397
0.00355461984872818
0.00207352824509144
0.00194880471099168
0.00183967163320631
0.00612704223021865
0.00863710232079029
0.0027595073916018
0.00205793767236173
0.00296218320727348
0.00339871551841497
0.00205793767236173
0.000841883651446551
0.00183967163320631
0.00251006055623293
0.00194880471099168
0.00690656388178468
0.0329893678426743
0.138100102543831
0.147641450166702
0.0393034927546978
0.0096972519531846
0.00413146615028381
0.00707805855199695
0.00459917914122343
0.00159022468142211
0.00257242214865983
0.00620499439537525
0.00453681731596589
0.00185526208952069
0.00325840152800083
0.0020891185849905
0.00196439516730607
0.00233856565319002
0.00236974656581879
0.00372611451894045
0.00509807327762246
0.0034298961982131
0.0061894035898149
0.00774844735860825
0.00288423104211688
0.00505130179226398
0.00375729543156922
0.00922953896224499
0.00996228959411383
0.00416264683008194
0.00341430585831404
0.00433414150029421
0.00346107711084187
0.00352343893609941
0.00634530838578939
0.0134701384231448
0.0211562234908342
0.0273300372064114
0.0333479456603527
0.416404992341995
0.822442352771759
0.407175451517105
0.0554707758128643
0.0503415241837502
0.0182719938457012
0.00916717760264874
0.00656357407569885
0.00338312494568527
0.00135636806953698
0.00682861171662807
0.00681302137672901
0.00608027074486017
0.00394438067451119
0.00876182597130537
0.00960370991379023
0.00498893996700644
0.0033675346057862
0.00282186921685934
0.00494216894730926
0.0044900462962687
0.00430296082049608
0.00330517278052866
0.00313367787748575
0.00233856565319002
0.00297777354717255
0.0027595073916018
0.00307131628505886
0.00213589007034898
0.0045679984614253
0.0078419903293252
0.00533192977309227
0.004178237169981
0.00667270738631487
0.00492657814174891
0.00715601071715355
0.00982197560369968
0.0183967165648937
0.116382621228695
0.173646301031113
0.130694642663002
0.0473169796168804
0.0110068488866091
0.00748341018334031
0.0126594351604581
0.00595554709434509
0.00219825166277587
0.0164323206990957
0.0434973202645779
0.0282966438680887
0.0047706738114357
0.00366375292651355
0.00212029949761927
0.00357021018862724
0.00420941831544042
0.00400674249976873
0.0055190147832036
0.00182408117689192
0.00586200458928943
0.00659475522115827
0.00318044936284423
0.00427178014069796
0.00313367787748575
0.00218266132287681
0.0020891185849905
0.00180849072057754
0.00155904376879334
0.0038820190820843
0.005441062618047
0.00466154096648097
0.00439650332555175
0.00556578626856208
0.00360139110125601
0.00525397760793567
0.00629853690043092
0.0282654631882906
0.0888499021530151
0.102039411664009
0.063920795917511
0.0372143760323524
0.0178666412830353
0.00438091298565269
0.00634530838578939
0.00416264683008194
0.0053631104528904
0.00434973230585456
0.00395997101441026
0.0033675346057862
0.0038040669169277
0.00450563663616776
0.00371052417904139
0.00377288600429893
0.00400674249976873
0.00358580076135695
0.00902686361223459
0.00791994202882051
0.0168376732617617
0.0149200493469834
0.00455240765586495
0.00673506921157241
0.00615822291001678
0.00537870079278946
0.00726514402776957
0.0053631104528904
0.00378847634419799
0.00498893996700644
0.00706246821209788
0.00876182597130537
0.0110536199063063
0.0105235455557704
0.0154189430177212
0.0176171939820051
0.0137195847928524
0.114480584859848
0.335007339715958
0.527502477169037
0.284291625022888
0.0211250428110361
0.0130336061120033
0.0136416330933571
0.00912040565162897
0.00615822291001678
0.00929190125316381
0.00793553236871958
0.0052383872680366
0.00846560765057802
0.0103676412254572
0.00564373843371868
0.0059087760746479
0.00573728093877435
0.00430296082049608
0.00492657814174891
0.00494216894730926
0.00668829772621393
0.00882418733090162
0.00849678833037615
0.0118019618093967
0.0145926494151354
0.00916717760264874
0.0071716015227139
0.00787317100912333
0.00712483003735542
0.00721837254241109
0.00676624989137053
0.0103364605456591
0.0144211547449231
0.0236506946384907
0.0193945039063692
0.016931215301156
0.03825893253088
0.0371676050126553
0.121808089315891
0.191279083490372
0.162218511104584
0.10889920592308
0.0759721994400024
0.0226217247545719
0.010882125236094
0.0111627532169223
0.00654798373579979
0.0089489109814167
0.00756136234849691
0.00690656388178468
0.00537870079278946
0.00815379898995161
0.00712483003735542
0.00743663869798183
0.0144211547449231
0.0103364605456591
0.0127217974513769
0.00977520458400249
0.00502012111246586
0.00714042037725449
0.00908922497183084
0.011646056547761
0.0119266845285892
0.00593995675444603
0.00760813383385539
0.005441062618047
0.0103364605456591
0.00777962850406766
0.00659475522115827
0.0105391358956695
0.00821616034954786
0.00802907533943653
0.00400674249976873
0.00855915062129498
0.015060362406075
0.0350473038852215
0.137850657105446
0.365299552679062
0.3157998919487
0.0743663907051086
0.0159178376197815
0.0156839806586504
0.0107106305658817
0.00656357407569885
0.0114277908578515
0.010211736895144
0.00612704223021865
0.00838765595108271
0.0085903313010931
0.00526956794783473
0.00600231857970357
0.00732750585302711
0.00629853690043092
0.00522279646247625
0.00913599692285061
0.0118799135088921
0.011209525167942
0.00539429159834981
0.00530074862763286
0.00714042037725449
0.00715601071715355
0.00413146615028381
0.00498893996700644
0.00576846208423376
0.00473949313163757
0.006423260550946
0.0143743837252259
0.0228088106960058
0.0170715302228928
0.0122696748003364
0.0137663567438722
0.0186929348856211
0.031196465715766
0.131037622690201
0.279224753379822
0.284166902303696
0.159786403179169
0.0510898642241955
0.025490365922451
0.0328490510582924
0.0219981074333191
0.00802907533943653
0.0128932921215892
0.0120202274993062
0.0095413476228714
0.0167597196996212
0.0128932921215892
0.0052383872680366
0.0102429175749421
0.00829411298036575
0.00643885089084506
0.00908922497183084
0.0105703165754676
0.0110692111775279
0.0139690320938826
0.00944780558347702
0.0123476264998317
0.0183655358850956
0.00781080918386579
0.00548783410340548
0.0061114514246583
0.00910481531172991
0.00731191551312804
0.00533192977309227
0.00743663869798183
0.00826293230056763
0.0112562961876392
0.00682861171662807
0.01032087020576
0.0166505873203278
0.0432634651660919
0.140750467777252
0.167909011244774
0.134794920682907
0.07904352247715
0.0449472330510616
0.0154345333576202
0.011100391857326
0.0137819470837712
0.0091827679425478
0.0103988219052553
0.00654798373579979
0.00743663869798183
0.0116616478189826
0.00738986767828465
0.00681302137672901
0.00936985295265913
0.00869946461170912
0.0113030672073364
0.0106482692062855
0.0089800925925374
0.00957252830266953
0.0132830524817109
0.01099125854671
0.0152942193672061
0.020875595510006
0.0138287181034684
0.00643885089084506
0.00947898626327515
0.0102740982547402
0.0105859069153666
0.00656357407569885
0.00896450132131577
0.0145146977156401
0.013610452413559
0.00498893996700644
0.0200337115675211
0.0257398132234812
0.0539896860718727
0.149075761437416
0.21614582836628
0.158102631568909
0.0861059874296188
0.0443080253899097
0.0200960747897625
0.00880859699100256
0.010882125236094
0.0145458783954382
0.0108197638764977
0.00539429159834981
0.0089489109814167
0.00687538320198655
0.00550342444330454
0.0099311089143157
0.0108509445562959
0.00578405242413282
0.00495775928720832
0.00866828300058842
0.00841883663088083
0.00667270738631487
0.0077640381641686
0.00885536894202232
0.00791994202882051
0.0072495536878705
0.00522279646247625
0.00257242214865983
0.0038040669169277
0.00547224376350641
0.00695333536714315
0.00473949313163757
0.00550342444330454
0.00690656388178468
0.0067818402312696
0.00887095928192139
0.00860592164099216
0.0184434875845909
0.0424683541059494
0.0618628561496735
0.115883722901344
0.141233772039413
0.0892084836959839
0.020018121227622
0.0131427394226193
0.00768608599901199
0.00420941831544042
0.00327399186789989
0.0026036030612886
0.00324281095527112
0.00218266132287681
0.00400674249976873
0.00500453030690551
0.00425618933513761
0.00221384223550558
0.00353902927599847
0.00308690662495792
0.00353902927599847
0.00395997101441026
0.00349225802347064
0.0038040669169277
0.00584641424939036
0.00587759492918849
0.00363257201388478
0.00371052417904139
0.00430296082049608
0.00565932877361774
0.00777962850406766
0.00826293230056763
0.00537870079278946
0.00706246821209788
0.00857474096119404
0.0059087760746479
0.0101649649441242
0.0156372096389532
0.019550409168005
0.0436688177287579
0.0645288228988647
0.0595866516232491
0.0394438058137894
0.0202831588685513
0.0124099887907505
0.00935426261276007
0.00570610025897622
0.00406910432502627
0.00403792317956686
0.00439650332555175
0.0038820190820843
0.00297777354717255
0.00266596488654613
0.0028374595567584
0.00229179440066218
0.0028374595567584
0.00299336411990225
0.00222943257540464
0.00274391705170274
0.00366375292651355
0.00358580076135695
0.00305572571232915
0.00265037431381643
0.00308690662495792
0.00297777354717255
0.00330517278052866
0.00424059899523854
0.00360139110125601
0.00419382797554135
0.00247887964360416
0.00352343893609941
0.00545665342360735
0.00519161578267813
0.00578405242413282
0.00932308193296194
0.0103052789345384
0.0238845497369766
0.0746781975030899
0.0693618580698967
0.0620343498885632
0.0521032437682152
0.0196127705276012
0.015278629027307
0.00760813383385539
0.00589318526908755
0.00634530838578939
0.00441209366545081
0.00494216894730926
0.00517602544277906
0.00375729543156922
0.00355461984872818
0.00522279646247625
0.00700010638684034
0.00519161578267813
0.00422500865533948
0.00419382797554135
0.00439650332555175
0.005441062618047
0.0057528717443347
0.00617381324991584
0.00974402390420437
0.00636089872568846
0.00371052417904139
0.00530074862763286
0.00316485879011452
0.00614263257011771
0.00636089872568846
0.0046927216462791
0.00710923969745636
0.00885536894202232
0.00759254302829504
0.00771726667881012
0.0102896885946393
0.0131271481513977
0.0499829426407814
0.0964736267924309
0.0839700996875763
0.070344053208828
0.042858112603426
0.0296997837722301
0.01912946626544
0.0123008554801345
0.00908922497183084
0.00636089872568846
0.00424059899523854
0.00430296082049608
0.00481744529679418
0.0026815552264452
0.00475508347153664
0.00930749159306288
0.00726514402776957
0.00637648906558752
0.0060334992595017
0.00400674249976873
0.00526956794783473
0.00547224376350641
0.0033675346057862
0.00608027074486017
0.00601790891960263
0.00512925395742059
0.00430296082049608
0.0034298961982131
0.00553460558876395
0.00503571145236492
0.0038820190820843
0.00661034556105733
0.00793553236871958
0.00732750585302711
0.00798230431973934
0.00938544329255819
0.0157619323581457
0.0246484819799662
0.061332780867815
0.0838765576481819
0.0965827628970146
0.0546600744128227
0.0358580052852631
0.0237754173576832
0.0281875114887953
0.0156527999788523
0.010211736895144
0.00522279646247625
0.00550342444330454
0.00698451604694128
0.00572169059887528
0.00400674249976873
0.00767049519345164
0.00770167633891106
0.00394438067451119
0.00550342444330454
0.00570610025897622
0.00383524759672582
0.00528515828773379
0.00463035982102156
0.00673506921157241
0.0117863705381751
0.0123943984508514
0.00718719186261296
0.00662593590095639
0.0065012127161026
0.00475508347153664
0.0048486259765923
0.00710923969745636
0.0062673557549715
0.00565932877361774
0.00888654962182045
0.00494216894730926
0.00999347027391195
0.0183967165648937
0.0459138378500938
0.0971596091985703
0.121543049812317
0.120030783116817
0.0603194050490856
0.0500453040003777
0.0321007110178471
0.0146238310262561
0.0112562961876392
0.00671947887167335
0.00436532264575362
0.00491098780184984
0.00813820865005255
0.0065791648812592
0.00525397760793567
0.00556578626856208
0.00573728093877435
0.00455240765586495
0.00480185495689511
0.00562814809381962
0.00395997101441026
0.00425618933513761
0.00534752011299133
0.00508248247206211
0.00623617507517338
0.00511366361752152
0.00450563663616776
0.0061114514246583
0.00632971758022904
0.00403792317956686
0.00586200458928943
0.00579964276403189
0.00556578626856208
0.00565932877361774
0.00737427687272429
0.0091827679425478
0.00838765595108271
0.0132986437529325
0.0156216183677316
0.0351408459246159
0.0270649995654821
0.0241651777178049
0.0341430604457855
0.0378535836935043
0.0187708865851164
0.0122229028493166
0.00891773030161858
0.005441062618047
0.00581523310393095
0.00352343893609941
0.00327399186789989
0.00411587534472346
0.00400674249976873
0.00333635369315743
0.00420941831544042
0.00319603970274329
0.00383524759672582
0.00494216894730926
0.00377288600429893
0.00397556181997061
0.00494216894730926
0.00516043510288
0.00509807327762246
0.00314926845021546
0.00291541195474565
0.00442768447101116
0.00425618933513761
0.00310249719768763
0.00361698144115508
0.00464595062658191
0.00450563663616776
0.00391319999471307
0.00450563663616776
0.00587759492918849
0.0100870132446289
0.0135948620736599
0.0198466274887323
0.0343769155442715
0.0504662469029427
0.0419070981442928
0.0302922204136848
0.0190671049058437
0.0154189430177212
0.0114745618775487
0.00665711704641581
0.0065012127161026
0.00494216894730926
0.00274391705170274
0.00344548677094281
0.00364816235378385
0.00240092747844756
0.00350784859620035
0.00377288600429893
0.00322722061537206
0.0040223328396678
0.00289982138201594
0.0028374595567584
0.00311808753758669
0.00369493383914232
0.00420941831544042
0.0026815552264452
0.00318044936284423
0.00505130179226398
0.00617381324991584
0.00452122697606683
0.00413146615028381
0.00424059899523854
0.0044900462962687
0.00478626415133476
0.0038820190820843
0.00517602544277906
0.00665711704641581
0.0120981801301241
0.0179913658648729
0.0173677485436201
0.0621902570128441
0.0708117708563805
0.0434349589049816
0.0248511582612991
0.0205481965094805
0.0167441293597221
0.00852796901017427
0.00584641424939036
0.00386642850935459
0.00304013537243009
0.00445886515080929
0.00598672823980451
0.00505130179226398
0.00360139110125601
0.00282186921685934
0.00405351398512721
0.00430296082049608
0.00386642850935459
0.0046927216462791
0.00324281095527112
0.00346107711084187
0.00347666768357158
0.00391319999471307
0.0044900462962687
0.00593995675444603
0.00609586108475924
0.00526956794783473
0.00558137660846114
0.00495775928720832
0.00473949313163757
0.00542547227814794
0.00612704223021865
0.00517602544277906
0.00389760942198336
0.00703128753229976
0.0115057434886694
0.0214680321514606
0.0336597561836243
0.0477690994739532
0.0451654978096485
0.0282810535281897
0.0212809480726719
0.0142496600747108
0.0143743837252259
0.0103520508855581
0.00695333536714315
0.00721837254241109
0.00573728093877435
0.00732750585302711
0.00459917914122343
0.00427178014069796
0.00517602544277906
0.00358580076135695
0.00308690662495792
0.00369493383914232
0.004178237169981
0.00381965725682676
0.00558137660846114
0.00506689213216305
0.00450563663616776
0.0071716015227139
0.00514484429731965
0.00715601071715355
0.00601790891960263
0.00257242214865983
0.00472390279173851
0.00397556181997061
0.00311808753758669
0.00341430585831404
0.00277509796433151
0.00486421678215265
0.00553460558876395
0.0071716015227139
0.0141093460842967
0.0336441658437252
0.058245874941349
0.0521032437682152
0.0249758809804916
0.0252409186214209
0.0252097379416227
0.0186305735260248
0.0108353542163968
0.0065791648812592
0.00648562191054225
0.00547224376350641
0.00381965725682676
0.00512925395742059
0.00550342444330454
0.00441209366545081
0.00647003157064319
0.00519161578267813
0.00502012111246586
0.00341430585831404
0.00341430585831404
0.00439650332555175
0.00386642850935459
0.00598672823980451
0.00509807327762246
0.00550342444330454
0.0047706738114357
0.00516043510288
0.00346107711084187
0.00420941831544042
0.00425618933513761
0.00289982138201594
0.00305572571232915
0.00548783410340548
0.00272832671180367
0.00458358880132437
0.00781080918386579
0.00963489059358835
0.0169779863208532
0.0353279337286949
0.066430851817131
0.0517446622252464
0.0326775573194027
0.0257554035633802
0.0226684957742691
0.0155124859884381
0.00489539746195078
0.00751459086313844
0.00790435168892145
0.00617381324991584
0.00612704223021865
0.00506689213216305
0.00511366361752152
0.00687538320198655
0.00651680305600166
0.00569050991907716
0.0046927216462791
0.00255683180876076
0.0026815552264452
0.00392879033461213
0.00615822291001678
0.00779521884396672
0.00958811957389116
0.0065791648812592
0.00431855116039515
0.00480185495689511
0.00491098780184984
0.00350784859620035
0.00503571145236492
0.00587759492918849
0.00534752011299133
0.00553460558876395
0.00606468040496111
0.00757695268839598
0.00851237867027521
0.0127685684710741
0.0221696030348539
0.0350161232054234
0.0375573635101318
0.0386486947536469
0.033425897359848
0.023510379716754
0.0187085252255201
0.0140625750645995
0.0109133068472147
0.00767049519345164
0.00434973230585456
0.0058308239094913
0.00679743103682995
0.00578405242413282
0.0070936493575573
0.00855915062129498
0.00804466567933559
0.00804466567933559
0.00561255775392056
0.00522279646247625
0.00491098780184984
0.00598672823980451
0.00406910432502627
0.00296218320727348
0.00453681731596589
0.00779521884396672
0.00957252830266953
0.00528515828773379
0.00394438067451119
0.00495775928720832
0.0055969669483602
0.0061114514246583
0.0047706738114357
0.00659475522115827
0.00921394862234592
0.00857474096119404
0.0113030672073364
0.0137663567438722
0.0218733847141266
0.0268467329442501
0.0148265063762665
0.0217486601322889
0.0304793063551188
0.0195192284882069
0.0177419185638428
0.0110068488866091
0.00891773030161858
0.0065012127161026
0.00671947887167335
0.00581523310393095
0.00416264683008194
0.0053631104528904
0.00651680305600166
0.00609586108475924
0.005441062618047
0.00539429159834981
0.00341430585831404
0.00419382797554135
0.00433414150029421
0.00508248247206211
0.00406910432502627
0.00505130179226398
0.00511366361752152
0.00495775928720832
0.00364816235378385
0.00344548677094281
0.00445886515080929
0.00442768447101116
0.00505130179226398
0.00361698144115508
0.00383524759672582
0.00625176541507244
0.0060334992595017
0.00367934326641262
0.00472390279173851
0.0135948620736599
0.0356397405266762
0.0603817664086819
0.0513704940676689
0.031414732336998
0.0229023527354002
0.0137975374236703
0.011209525167942
0.00740545801818371
0.00720278220251203
0.00598672823980451
0.00392879033461213
0.00453681731596589
0.00509807327762246
0.00318044936284423
0.00392879033461213
0.00812261831015348
0.0079978946596384
0.00399115215986967
0.0033675346057862
0.00483303563669324
0.00620499439537525
0.00622058473527431
0.00676624989137053
0.00732750585302711
0.00640766974538565
0.0060334992595017
0.00389760942198336
0.00436532264575362
0.00689097354188561
0.00579964276403189
0.0062673557549715
0.00452122697606683
0.00796671397984028
0.0101493746042252
0.00743663869798183
0.006423260550946
0.0136416330933571
0.0185526218265295
0.0289670340716839
0.0579340681433678
0.0465998165309429
0.0308378860354424
0.0177419185638428
0.0139846224337816
0.0131895104423165
0.00996228959411383
0.00687538320198655
0.00556578626856208
0.00738986767828465
0.00824734196066856
0.00608027074486017
0.00553460558876395
0.00573728093877435
0.00537870079278946
0.00461476948112249
0.00313367787748575
0.00459917914122343
0.00363257201388478
0.00539429159834981
0.00595554709434509
0.00385083816945553
0.0038040669169277
0.00414705649018288
0.00517602544277906
0.00517602544277906
0.00548783410340548
0.00509807327762246
0.0040223328396678
0.0038820190820843
0.0044900462962687
0.00662593590095639
0.00659475522115827
0.00319603970274329
0.00578405242413282
0.0110380295664072
0.0174612905830145
0.0311029236763716
0.0297309644520283
0.0237442366778851
0.014171707443893
0.0106014972552657
0.00631412724032998
0.00528515828773379
0.00452122697606683
0.00350784859620035
0.00247887964360416
0.00266596488654613
0.0020891185849905
0.00265037431381643
0.00325840152800083
0.00258801272138953
0.00247887964360416
0.00174612901173532
0.00185526208952069
0.0020891185849905
0.0027595073916018
0.00224502314813435
0.00183967163320631
0.00230738474056125
0.00266596488654613
0.00233856565319002
0.0016058151377365
0.00165258639026433
0.00222943257540464
0.00204234733246267
0.00182408117689192
0.00224502314813435
0.00221384223550558
0.00254124123603106
0.00210470915772021
0.0016058151377365
0.003211630275473
0.0048486259765923
0.0106014972552657
0.0145146977156401
0.012643844820559
0.0108041735365987
0.00885536894202232
0.00558137660846114
0.00325840152800083
0.00232297531329095
0.00229179440066218
0.00183967163320631
0.00194880471099168
0.00279068830423057
0.00294659263454378
0.0020891185849905
0.00124723499175161
0.00151227251626551
0.00140313943848014
0.000951016729231924
0.000779521884396672
0.000592436641454697
0.00182408117689192
0.00196439516730607
0.00188644300214946
0.0016837673028931
0.0016837673028931
0.00138754898216575
0.00138754898216575
0.00102896883618087
0.00107574020512402
0.00113810191396624
0.000857474049553275
0.00148109160363674
0.00179290038067847
0.00204234733246267
0.00188644300214946
0.0020111664198339
0.00302454503253102
0.00514484429731965
0.00512925395742059
0.00706246821209788
0.00676624989137053
0.00408469466492534
0.004178237169981
0.00258801272138953
0.00213589007034898
0.00166817684657872
0.00180849072057754
0.00190203345846385
0.00127841590438038
0.0013407776132226
0.00121605419553816
0.00130959681700915
0.00146550114732236
0.00176171946804971
0.00148109160363674
0.00109133066143841
0.000841883651446551
0.00135636806953698
0.00130959681700915
0.000982197583653033
0.001262825448066
0.00116928282659501
0.00132518715690821
0.000919835816603154
0.000654798408504575
0.0010133784962818
0.000810702738817781
0.000654798408504575
0.00102896883618087
0.000951016729231924
0.000608027097769082
0.000919835816603154
0.000810702738817781
0.00120046373922378
0.00204234733246267
0.00272832671180367
0.00411587534472346
0.00483303563669324
0.00352343893609941
0.00358580076135695
0.00289982138201594
0.00121605419553816
0.00162140547763556
0.00138754898216575
0.00143432023469359
0.00140313943848014
0.000966607127338648
0.000623617495875806
0.000685979262925684
0.000779521884396672
0.00113810191396624
0.00130959681700915
0.00104455929249525
0.000919835816603154
0.000717160117346793
0.000951016729231924
0.000982197583653033
0.00127841590438038
0.000919835816603154
0.000810702738817781
0.000795112340711057
0.000888654962182045
0.000748341029975563
0.000763931428082287
0.000841883651446551
0.000810702738817781
0.000483303563669324
0.000420941825723276
0.000919835816603154
0.00107574020512402
0.000639207952190191
0.000966607127338648
0.00174612901173532
0.00416264683008194
0.00463035982102156
0.0027595073916018
0.0026036030612886
0.00285305012948811
0.00252565089613199
0.00215148041024804
0.00127841590438038
0.00116928282659501
0.000639207952190191
0.000608027097769082
0.000576846185140312
0.000280627893516794
0.000545665330719203
0.000358580058673397
0.000966607127338648
0.000919835816603154
0.000623617495875806
0.000561255787033588
0.000826293195132166
0.00106014974880964
0.000982197583653033
0.000748341029975563
0.000576846185140312
0.00043653225293383
0.00043653225293383
0.0006703888066113
0.000841883651446551
0.000623617495875806
0.000530074874404818
0.000826293195132166
0.000639207952190191
0.000623617495875806
0.000592436641454697
0.000654798408504575
0.000904245360288769
0.00112251157406718
0.000857474049553275
0.00221384223550558
0.00254124123603106
0.00215148041024804
0.00171494809910655
0.00132518715690821
0.00140313943848014
0.00148109160363674
0.000982197583653033
0.0006703888066113
0.000358580058673397
0.000342989631462842
0.00043653225293383
0.000389760942198336
0.00043653225293383
0.000592436641454697
0.000701569719240069
0.000623617495875806
0.000545665330719203
0.000514484418090433
0.000576846185140312
0.000701569719240069
0.000639207952190191
0.000327399204252288
0.000296218320727348
0.000389760942198336
0.000452122680144385
0.000701569719240069
0.000795112340711057
0.000530074874404818
0.000342989631462842
0.000249447009991854
0.000561255787033588
0.000374170514987782
0.000717160117346793
0.000795112340711057
0.000982197583653033
0.000857474049553275
0.0016837673028931
0.00194880471099168
0.00202675699256361
0.00246328907087445
0.00171494809910655
0.00176171946804971
0.00157463422510773
0.0013407776132226
0.00155904376879334
0.00116928282659501
0.000623617495875806
0.000795112340711057
0.000545665330719203
0.000498894019983709
0.000576846185140312
0.000545665330719203
0.000498894019983709
0.000561255787033588
0.00043653225293383
0.000265037437202409
0.000701569719240069
0.0006703888066113
0.000389760942198336
0.000795112340711057
0.000795112340711057
0.000576846185140312
0.000530074874404818
0.000685979262925684
0.000654798408504575
0.000483303563669324
0.000545665330719203
0.000467713136458769
0.000483303563669324
0.000483303563669324
0.000654798408504575
0.000576846185140312
0.000389760942198336
0.000576846185140312
0.000888654962182045
0.00154345331247896
0.0020111664198339
0.00229179440066218
0.00157463422510773
0.00154345331247896
0.0016837673028931
0.00146550114732236
0.00154345331247896
0.00109133066143841
0.00104455929249525
0.000561255787033588
0.000623617495875806
0.0006703888066113
0.000685979262925684
0.000530074874404818
0.000405351369408891
0.000530074874404818
0.000576846185140312
0.000452122680144385
0.00043653225293383
0.000296218320727348
0.000405351369408891
0.000483303563669324
0.000467713136458769
0.000342989631462842
0.000374170514987782
0.000265037437202409
0.00043653225293383
0.000608027097769082
0.000623617495875806
0.000342989631462842
0.000342989631462842
0.000561255787033588
0.000623617495875806
0.000576846185140312
0.000639207952190191
0.00113810191396624
0.00202675699256361
0.00135636806953698
0.0016058151377365
0.0014187297783792
0.00187085254583508
0.00152786285616457
0.000748341029975563
0.000608027097769082
0.000857474049553275
0.000841883651446551
0.000732750573661178
0.000514484418090433
0.000311808747937903
0.000389760942198336
0.000420941825723276
0.000498894019983709
0.000530074874404818
0.000389760942198336
0.000342989631462842
0.000420941825723276
0.000467713136458769
0.000202675684704445
0.000342989631462842
0.000342989631462842
0.000420941825723276
0.000374170514987782
0.000327399204252288
0.000249447009991854
0.000327399204252288
0.000467713136458769
0.000374170514987782
0.000265037437202409
0.000576846185140312
0.000342989631462842
0.000280627893516794
0.000498894019983709
0.000545665330719203
0.000608027097769082
0.000888654962182045
0.00148109160363674
0.00233856565319002
0.00118487328290939
0.00113810191396624
0.000732750573661178
0.000514484418090433
0.000452122680144385
0.000296218320727348
0.000202675684704445
0.000296218320727348
0.000342989631462842
0.000389760942198336
0.000342989631462842
0.000420941825723276
0.000483303563669324
0.000358580058673397
0.000233856568229385
0.000233856568229385
0.000280627893516794
0.000140313946758397
0.000155904373968951
0.000280627893516794
0.000452122680144385
0.000467713136458769
0.000296218320727348
0.000389760942198336
0.000405351369408891
0.000342989631462842
0.000296218320727348
0.000233856568229385
0.000187085257493891
0.000311808747937903
0.000420941825723276
0.000358580058673397
0.00043653225293383
0.000639207952190191
0.000779521884396672
0.00102896883618087
0.0016058151377365
0.0016837673028931
0.000904245360288769
0.000717160117346793
0.000592436641454697
0.000530074874404818
0.00043653225293383
0.000530074874404818
0.000561255787033588
0.000545665330719203
0.000218266126466915
0.000342989631462842
0.000405351369408891
0.000498894019983709
0.000514484418090433
0.000420941825723276
0.000342989631462842
0.000140313946758397
0.000202675684704445
0.000280627893516794
0.00043653225293383
0.000498894019983709
0.000467713136458769
0.00043653225293383
0.000358580058673397
0.000374170514987782
0.000265037437202409
0.000296218320727348
0.000311808747937903
0.000280627893516794
0.000249447009991854
0.000296218320727348
0.000389760942198336
0.000342989631462842
0.000389760942198336
0.000857474049553275
0.00127841590438038
0.00121605419553816
0.00113810191396624
0.000701569719240069
0.000919835816603154
0.000826293195132166
0.000608027097769082
0.000561255787033588
0.000514484418090433
0.000389760942198336
0.000342989631462842
0.000358580058673397
0.000342989631462842
0.000265037437202409
0.000218266126466915
0.000187085257493891
0.000218266126466915
0.000171494815731421
0.000124723504995927
0.000342989631462842
0.000608027097769082
0.000374170514987782
0.000249447009991854
0.000187085257493891
0.000124723504995927
0.000233856568229385
0.000171494815731421
0.000202675684704445
0.000187085257493891
0.000171494815731421
0.000202675684704445
0.000202675684704445
0.000202675684704445
0.000265037437202409
0.000187085257493891
0.000202675684704445
0.000249447009991854
0.000561255787033588
0.000763931428082287
0.000779521884396672
0.000779521884396672
0.000717160117346793
0.000795112340711057
0.000810702738817781
0.000608027097769082
0.000592436641454697
0.000514484418090433
0.000452122680144385
0.000389760942198336
0.000327399204252288
0.000249447009991854
0.000171494815731421
0.000233856568229385
0.000327399204252288
0.000249447009991854
0.000296218320727348
0.000265037437202409
0.000280627893516794
0.000342989631462842
0.00043653225293383
0.000342989631462842
0.000171494815731421
0.000187085257493891
0.000296218320727348
0.000265037437202409
0.000218266126466915
0.000187085257493891
0.000249447009991854
0.000280627893516794
0.000389760942198336
0.000452122680144385
0.000374170514987782
0.000405351369408891
0.000311808747937903
0.000358580058673397
0.0006703888066113
0.000763931428082287
0.000592436641454697
0.00087306450586766
0.000904245360288769
0.000717160117346793
0.000608027097769082
0.00043653225293383
0.000530074874404818
0.000483303563669324
0.000498894019983709
0.00043653225293383
0.000327399204252288
0.000202675684704445
0.000187085257493891
0.000187085257493891
0.000296218320727348
0.00043653225293383
0.000405351369408891
0.000280627893516794
0.000358580058673397
0.000374170514987782
0.000389760942198336
0.000420941825723276
0.000389760942198336
0.000405351369408891
0.000483303563669324
0.000342989631462842
0.000342989631462842
0.000296218320727348
0.000280627893516794
0.000311808747937903
0.000280627893516794
0.000514484418090433
0.000358580058673397
0.000452122680144385
0.000498894019983709
0.000467713136458769
0.000717160117346793
0.000919835816603154
0.000779521884396672
0.000966607127338648
0.000779521884396672
0.000763931428082287
0.000732750573661178
0.000779521884396672
0.000592436641454697
0.000280627893516794
0.000685979262925684
0.000467713136458769
0.000592436641454697
0.000639207952190191
0.000608027097769082
0.0006703888066113
0.000685979262925684
0.000498894019983709
0.000342989631462842
