% Type: Spectrum
% Date: 11-DEC-24 14:00:39
% NoOfItems: = 1601
% Unit_Y: = dB
% Unit_X: = Hz
% Min_X: = 0
% Max_X: = 1000
% MinDisplay_X: = 0
% MaxDisplay_X: = 1000
0
0
0
0
0.12367545068264
0.0761674866080284
0.0501541718840599
0.0227790623903275
0.0215874947607517
0.0146392611786723
0.0246979501098394
0.0184460878372192
0.00730415573343635
0.017718767747283
0.0298820436000824
0.0313676372170448
0.0426643155515194
0.0460842698812485
0.0449700765311718
0.038780115544796
0.025997843593359
0.0174092706292868
0.0109252836555243
0.00722678145393729
0.00495197018608451
0.00461152195930481
0.00591141451150179
0.00922304391860962
0.0137571915984154
0.0159236788749695
0.015088033862412
0.0146083114668727
0.0132929449900985
0.0188639108091593
0.0123489750549197
0.0260287933051586
0.0997667238116264
0.812633752822876
1.01414799690247
0.289984285831451
0.0298046693205833
0.00736605562269688
0.0120085272938013
0.0069172834046185
0.00242956029251218
0.00376040232367814
0.00389967649243772
0.0023831354919821
0.00371397752314806
0.0039461012929678
0.00399252586066723
0.00362112815491855
0.00289380759932101
0.00208911229856312
0.00193436327390373
0.00154749059583992
0.00119156774599105
0.00261525926180184
0.00309498119167984
0.00143916625529528
0.00156296556815505
0.00229028612375259
0.00453414767980576
0.00708750728517771
0.003373529529199
0.00244503514841199
0.00326520530506968
0.00267715891823173
0.00187246373388916
0.00171771459281445
0.0021355370990932
0.00286285765469074
0.00408537546172738
0.0057721403427422
0.0258430931717157
0.129169046878815
0.140063375234604
0.0357160829007626
0.00971824117004871
0.00786125287413597
0.00801600143313408
0.00482817087322474
0.003373529529199
0.00309498119167984
0.00507576949894428
0.00541621726006269
0.00326520530506968
0.00393062643706799
0.00318783079273999
0.00287833251059055
0.00281643308699131
0.00212006224319339
0.00171771459281445
0.00371397752314806
0.00315688084810972
0.00725773116573691
0.00778387812897563
0.00482817087322474
0.00543169211596251
0.00646851072087884
0.00851119868457317
0.00513766892254353
0.00406990060582757
0.00396157614886761
0.00323425536043942
0.00280095799826086
0.00413180002942681
0.00755175435915589
0.0142369139939547
0.0187091622501612
0.0245432015508413
0.0201638024300337
0.389704555273056
0.789529740810394
0.400119185447693
0.0340912193059921
0.0357006080448627
0.0121787516400218
0.00939326826483011
0.00615901267156005
0.00405442528426647
0.00600426364690065
0.00550906686112285
0.00448772311210632
0.00566381588578224
0.00332710496149957
0.00351280369795859
0.00524599337950349
0.00519956881180406
0.00450319796800613
0.00448772311210632
0.00348185398615897
0.00292475731112063
0.00307950633578002
0.00301760667935014
0.00250693480484188
0.00318783079273999
0.00326520530506968
0.00277000828646123
0.00162486522458494
0.00164034008048475
0.00300213182345033
0.00247598509304225
0.00164034008048475
0.0023831354919821
0.00550906686112285
0.0097027663141489
0.00693275826051831
0.0121478019282222
0.0179199408739805
0.111372902989388
0.166525468230247
0.123102881014347
0.0314604863524437
0.0136333927512169
0.00586498947814107
0.00838739890605211
0.00436392379924655
0.00346637913025916
0.01253467425704
0.0419679470360279
0.030841488391161
0.00366755272261798
0.00280095799826086
0.00188793858978897
0.00204268773086369
0.00246051023714244
0.00250693480484188
0.00464247213676572
0.0034509040415287
0.0057721403427422
0.00694823311641812
0.00277000828646123
0.00122251757420599
0.00184151390567422
0.00233671092428267
0.00188793858978897
0.00157844042405486
0.00191888841800392
0.00365207786671817
0.0051067192107439
0.00335805467329919
0.00343542918562889
0.00484364572912455
0.00719583174213767
0.0109252836555243
0.010569361038506
0.0276381839066744
0.0854833871126175
0.0923697203397751
0.0516861863434315
0.0305784158408642
0.0153511073440313
0.0052614682354033
0.00903734564781189
0.00611258810386062
0.00546264182776213
0.00683990865945816
0.00645303586497903
0.00654588546603918
0.00533884251490235
0.00255335960537195
0.00154749059583992
0.00355922849848866
0.00430202390998602
0.00711845699697733
0.00849572382867336
0.00775292795151472
0.0198233556002378
0.0181211158633232
0.00371397752314806
0.00428654905408621
0.00431749876588583
0.00557096628472209
0.00761365378275514
0.00422464963048697
0.00405442528426647
0.00572571530938148
0.00731963058933616
0.0103681869804859
0.0118537787348032
0.011575230397284
0.0128751220181584
0.0217731930315495
0.023568281903863
0.119559124112129
0.352456480264664
0.532893896102905
0.280591011047363
0.0166509989649057
0.00701013254001737
0.00540074240416288
0.00597331393510103
0.00614353781566024
0.00844929926097393
0.00925399363040924
0.0106157856062055
0.016047477722168
0.0115442806854844
0.00629828684031963
0.00535431783646345
0.0032033056486398
0.00498291989788413
0.00786125287413597
0.00999678950756788
0.00557096628472209
0.00747437961399555
0.00636018672958016
0.00636018672958016
0.00437939865514636
0.00365207786671817
0.00656136032193899
0.00637566158547997
0.0049364953301847
0.0108169596642256
0.0119466278702021
0.00999678950756788
0.00731963058933616
0.0179044660180807
0.0155213307589293
0.0171771459281445
0.0298046693205833
0.0340912193059921
0.13956817984581
0.225005134940147
0.18131947517395
0.103496171534061
0.0781947001814842
0.0194364823400974
0.0122097013518214
0.0136333927512169
0.0151035087183118
0.011869253590703
0.00960991717875004
0.00753627950325608
0.00550906686112285
0.00778387812897563
0.00770650338381529
0.00783030223101377
0.0138655165210366
0.0132619952782989
0.0148404352366924
0.00923851877450943
0.00766007881611586
0.00813980121165514
0.00499839475378394
0.011528804898262
0.0123489750549197
0.00758270407095551
0.00934684369713068
0.00818622577935457
0.00646851072087884
0.00628281198441982
0.00769102852791548
0.0102908127009869
0.0116526046767831
0.00662325974553823
0.00622091256082058
0.00982656516134739
0.0130608212202787
0.038780115544796
0.137680247426033
0.3342424929142
0.290680646896362
0.0720975920557976
0.0168057475239038
0.0109562333673239
0.00962539203464985
0.00832549948245287
0.0136798173189163
0.0102289132773876
0.00810885056853294
0.00841834954917431
0.00688633322715759
0.00389967649243772
0.00789220258593559
0.0104765119031072
0.00843382440507412
0.00363660301081836
0.00512219406664371
0.0102753378450871
0.0120859015733004
0.00795410200953484
0.00410085031762719
0.00973371602594852
0.00888259615749121
0.00366755272261798
0.00422464963048697
0.00536979269236326
0.00513766892254353
0.00371397752314806
0.00991941522806883
0.0181675404310226
0.0131072457879782
0.00817075092345476
0.0119311530143023
0.0182913392782211
0.0340912193059921
0.14879122376442
0.2826027572155
0.281720668077469
0.161387801170349
0.0586344189941883
0.029665395617485
0.0354684852063656
0.0158308297395706
0.00857309810817242
0.0115597555413842
0.00578761519864202
0.0112657323479652
0.015382057055831
0.0114359557628632
0.00914566963911057
0.0124108754098415
0.00824812520295382
0.0101360641419888
0.0067315842024982
0.00928494427353144
0.0115133300423622
0.0186782125383615
0.0141904894262552
0.0146702108904719
0.0151035087183118
0.00711845699697733
0.00561739085242152
0.00445677293464541
0.0057721403427422
0.0100741637870669
0.0101670138537884
0.0108479093760252
0.00902187079191208
0.0072422563098371
0.0117145041003823
0.0144845126196742
0.0239087305963039
0.0377432964742184
0.0998905226588249
0.155027613043785
0.11948174983263
0.0701632276177406
0.0708595961332321
0.0331936739385128
0.0251312479376793
0.00865047238767147
0.00646851072087884
0.00793862715363503
0.00535431783646345
0.00560191599652171
0.0135869681835175
0.00998131465166807
0.00699465768411756
0.00685538351535797
0.00792315229773521
0.00926946941763163
0.0052614682354033
0.0103681869804859
0.0135095929726958
0.019467432051897
0.0111109828576446
0.0133857941254973
0.0117609286680818
0.00484364572912455
0.00865047238767147
0.0102289132773876
0.0105538861826062
0.00843382440507412
0.0108324345201254
0.0157225057482719
0.0153046827763319
0.0126275233924389
0.0129524962976575
0.0257347691804171
0.0273905843496323
0.0447689034044743
0.148265078663826
0.213321581482887
0.17469622194767
0.129633292555809
0.0658921524882317
0.024403927847743
0.0161403268575668
0.0110026588663459
0.0157534554600716
0.014422613196075
0.0109871840104461
0.00818622577935457
0.00676253391429782
0.00515314377844334
0.00766007881611586
0.0106467353180051
0.00586498947814107
0.00632923655211926
0.00705655757337809
0.00708750728517771
0.00569476559758186
0.00711845699697733
0.0052614682354033
0.00600426364690065
0.00487459544092417
0.00454962253570557
0.00410085031762719
0.00569476559758186
0.00733510544523597
0.00628281198441982
0.00588046433404088
0.00793862715363503
0.00895997043699026
0.00430202390998602
0.0101824887096882
0.0131536703556776
0.0147321112453938
0.0339209958910942
0.0701787024736404
0.128751218318939
0.145340323448181
0.0831157192587852
0.011575230397284
0.0140976393595338
0.00696370797231793
0.00509124435484409
0.00552454171702266
0.00543169211596251
0.00498291989788413
0.00357470335438848
0.00281643308699131
0.00278548314236104
0.0042710741981864
0.00403895042836666
0.00431749876588583
0.0034509040415287
0.00360565329901874
0.00400800071656704
0.00376040232367814
0.0049364953301847
0.00471984641626477
0.00413180002942681
0.00301760667935014
0.00359017821028829
0.00222838646732271
0.0015165408840403
0.00368302781134844
0.00447224779054523
0.00422464963048697
0.00393062643706799
0.0070720324292779
0.0062518622726202
0.00880522187799215
0.0138809913769364
0.0136488676071167
0.0386563166975975
0.0586344189941883
0.0550906658172607
0.0335186459124088
0.017471170052886
0.0106157856062055
0.00787672773003578
0.00419369945302606
0.00369850266724825
0.0032033056486398
0.00467342184856534
0.00492102047428489
0.00498291989788413
0.00341995432972908
0.00199626293033361
0.00362112815491855
0.0032033056486398
0.0032033056486398
0.00283190794289112
0.00292475731112063
0.00236766063608229
0.00331162987276912
0.00343542918562889
0.00309498119167984
0.0019807880744338
0.00289380759932101
0.0019807880744338
0.00219743675552309
0.00318783079273999
0.00242956029251218
0.00323425536043942
0.00270810863003135
0.00391515111550689
0.00413180002942681
0.00386872654780746
0.00527694309130311
0.00866594724357128
0.0176723431795835
0.0569012314081192
0.0535896010696888
0.0431440398097038
0.0398788340389729
0.0192507840692997
0.0100896386429667
0.00810885056853294
0.00637566158547997
0.0049364953301847
0.00680895894765854
0.00600426364690065
0.00298665696755052
0.00513766892254353
0.00490554515272379
0.00506029464304447
0.00632923655211926
0.00492102047428489
0.00338900461792946
0.004116325173527
0.00321878050453961
0.00309498119167984
0.00280095799826086
0.00495197018608451
0.00718035642057657
0.00550906686112285
0.00341995432972908
0.00413180002942681
0.00416274974122643
0.00509124435484409
0.0069018080830574
0.00776840327307582
0.00832549948245287
0.00674705905839801
0.00518409349024296
0.00719583174213767
0.0110645582899451
0.0167593229562044
0.0473222658038139
0.0982037559151649
0.084168016910553
0.0582784973084927
0.0518718883395195
0.0222219657152891
0.0154749061912298
0.0110490834340453
0.00533884251490235
0.00722678145393729
0.0102598629891872
0.00832549948245287
0.00704108225181699
0.00523051852360368
0.00504481932148337
0.00878974702209234
0.00447224779054523
0.00249145994894207
0.00442582322284579
0.00388420163653791
0.00326520530506968
0.00383777683600783
0.00359017821028829
0.00396157614886761
0.004596047103405
0.00617448752745986
0.00422464963048697
0.00246051023714244
0.00422464963048697
0.00552454171702266
0.00498291989788413
0.00656136032193899
0.00519956881180406
0.0064066112972796
0.00679348409175873
0.00728868087753654
0.00840287376195192
0.0219124667346478
0.0576285533607006
0.08941400796175
0.0945362001657486
0.0670218169689178
0.030176067724824
0.0247134249657393
0.0305474661290646
0.0100277392193675
0.00436392379924655
0.00554001657292247
0.0031259311363101
0.00575666502118111
0.00668515963479877
0.00405442528426647
0.00544716697186232
0.00588046433404088
0.00382230198010802
0.00283190794289112
0.00473532127216458
0.00388420163653791
0.00489007029682398
0.00606616353616118
0.00827907491475344
0.00863499753177166
0.00940874312072992
0.00769102852791548
0.00611258810386062
0.00561739085242152
0.00676253391429782
0.00744342990219593
0.00646851072087884
0.00422464963048697
0.00662325974553823
0.00615901267156005
0.00889807101339102
0.0131072457879782
0.013200094923377
0.0277619827538729
0.0663254484534264
0.109655186533928
0.129942789673805
0.0935303345322609
0.0557715632021427
0.040466882288456
0.0115597555413842
0.0100432140752673
0.00826360005885363
0.0111264577135444
0.00909924507141113
0.00801600143313408
0.00631376169621944
0.00600426364690065
0.00566381588578224
0.00564834102988243
0.00566381588578224
0.0051067192107439
0.00529241794720292
0.00656136032193899
0.00803147628903389
0.0083719240501523
0.00827907491475344
0.00550906686112285
0.004596047103405
0.00600426364690065
0.0051067192107439
0.00462699681520462
0.00546264182776213
0.00439487351104617
0.00414727488532662
0.00362112815491855
0.00400800071656704
0.00442582322284579
0.00470437156036496
0.00883617158979177
0.016790272668004
0.0346018895506859
0.0491018779575825
0.0243575032800436
0.0261680670082569
0.0345245152711868
0.034864965826273
0.0202411785721779
0.00696370797231793
0.00697918282821774
0.00501386960968375
0.00512219406664371
0.00634471187368035
0.00523051852360368
0.00294023216702044
0.00360565329901874
0.00436392379924655
0.00379135203547776
0.0047662709839642
0.00618996238335967
0.00541621726006269
0.00451867282390594
0.00501386960968375
0.00442582322284579
0.00441034836694598
0.00454962253570557
0.00414727488532662
0.00399252586066723
0.00269263377413154
0.0044412980787456
0.00431749876588583
0.00405442528426647
0.00341995432972908
0.00275453343056142
0.00414727488532662
0.00396157614886761
0.00495197018608451
0.013122720643878
0.0267406385391951
0.0273441597819328
0.027669133618474
0.0346792638301849
0.0455890744924545
0.0307641141116619
0.0162022262811661
0.0083719240501523
0.00422464963048697
0.00566381588578224
0.00642208615317941
0.00388420163653791
0.0042710741981864
0.00506029464304447
0.00317235593684018
0.00297118211165071
0.00266168382950127
0.00272358348593116
0.0030485566239804
0.0044412980787456
0.003373529529199
0.00527694309130311
0.0039461012929678
0.00229028612375259
0.00224386155605316
0.00162486522458494
0.00227481126785278
0.0034509040415287
0.00383777683600783
0.00263073411770165
0.00470437156036496
0.00386872654780746
0.00255335960537195
0.00275453343056142
0.00357470335438848
0.00303308176808059
0.00594236422330141
0.0118383038789034
0.0117454538121819
0.0224695634096861
0.0613889545202255
0.0578916259109974
0.0406680554151535
0.0277155581861734
0.0169140733778477
0.0150725590065122
0.00909924507141113
0.00812432635575533
0.00527694309130311
0.00416274974122643
0.00311045628041029
0.00501386960968375
0.00454962253570557
0.00366755272261798
0.00501386960968375
0.00512219406664371
0.00420917477458715
0.00406990060582757
0.00273905834183097
0.00484364572912455
0.00458057224750519
0.00255335960537195
0.00540074240416288
0.00448772311210632
0.00400800071656704
0.00383777683600783
0.00629828684031963
0.00543169211596251
0.00441034836694598
0.00346637913025916
0.00235218578018248
0.00283190794289112
0.00405442528426647
0.00611258810386062
0.00940874312072992
0.0111419325694442
0.0211077723652124
0.0406525805592537
0.0439332611858845
0.0461152195930481
0.0320794805884361
0.022732637822628
0.0201328527182341
0.0116216549649835
0.006081638392061
0.00433297362178564
0.00402347557246685
0.00473532127216458
0.00391515111550689
0.0039461012929678
0.0032806801609695
0.00233671092428267
0.00352827878668904
0.00659231003373861
0.00798505172133446
0.00533884251490235
0.00406990060582757
0.00473532127216458
0.00430202390998602
0.00575666502118111
0.00566381588578224
0.00403895042836666
0.00711845699697733
0.0062518622726202
0.00623638741672039
0.00518409349024296
0.00424012448638678
0.00283190794289112
0.00529241794720292
0.0073970053344965
0.00549359200522304
0.00649946089833975
0.0104146124795079
0.01838418841362
0.0358863063156605
0.0509124435484409
0.0453105270862579
0.0336579233407974
0.031352162361145
0.0250848233699799
0.0134322186931968
0.00855762325227261
0.00631376169621944
0.00567929074168205
0.00795410200953484
0.00750532979145646
0.00549359200522304
0.00504481932148337
0.00492102047428489
0.00742795504629612
0.00775292795151472
0.00512219406664371
0.00315688084810972
0.00479722116142511
0.00447224779054523
0.00448772311210632
0.00321878050453961
0.00442582322284579
0.00629828684031963
0.00552454171702266
0.00400800071656704
0.00567929074168205
0.00502934446558356
0.00385325169190764
0.00471984641626477
0.00581856491044164
0.00773745309561491
0.0055864411406219
0.00377587717957795
0.00628281198441982
0.011234781704843
0.0124418251216412
0.032853227108717
0.0585106201469898
0.0480960085988045
0.0382694453001022
0.0291392486542463
0.0221445914357901
0.0142988134175539
0.00979561544954777
0.00919209420681
0.0065768351778388
0.00812432635575533
0.00840287376195192
0.00352827878668904
0.00425559934228659
0.00471984641626477
0.00581856491044164
0.0057411901652813
0.00530789280310273
0.00371397752314806
0.004116325173527
0.00492102047428489
0.00509124435484409
0.0042710741981864
0.00496744504198432
0.0055864411406219
0.004596047103405
0.0034509040415287
0.00465794699266553
0.00408537546172738
0.00329615501686931
0.00549359200522304
0.004596047103405
0.00572571530938148
0.00434844894334674
0.00561739085242152
0.00827907491475344
0.00865047238767147
0.0135250678285956
0.0235373321920633
0.0336269736289978
0.0366910025477409
0.0319402068853378
0.0225159898400307
0.0214636959135532
0.0125191994011402
0.00776840327307582
0.00957896746695042
0.00925399363040924
0.00536979269236326
0.00524599337950349
0.00617448752745986
0.00561739085242152
0.00770650338381529
0.00699465768411756
0.00416274974122643
0.00250693480484188
0.0023057609796524
0.00456509739160538
0.00546264182776213
0.00550906686112285
0.00410085031762719
0.0032806801609695
0.00475079612806439
0.00631376169621944
0.00728868087753654
0.00536979269236326
0.00441034836694598
0.00447224779054523
0.00622091256082058
0.00713393185287714
0.00632923655211926
0.00722678145393729
0.00523051852360368
0.00801600143313408
0.0104146124795079
0.020055478438735
0.0284738279879093
0.0249300748109818
0.0278084073215723
0.0238623060286045
0.0219279415905476
0.0183377638459206
0.0101515389978886
0.0088671213015914
0.00953254196792841
0.00516861863434315
0.00420917477458715
0.00433297362178564
0.00462699681520462
0.00513766892254353
0.00406990060582757
0.0055864411406219
0.00544716697186232
0.00428654905408621
0.00280095799826086
0.00374492746777833
0.00388420163653791
0.00439487351104617
0.00512219406664371
0.00484364572912455
0.00431749876588583
0.00341995432972908
0.00499839475378394
0.00437939865514636
0.00225933641195297
0.00188793858978897
0.0023831354919821
0.00546264182776213
0.00660778488963842
0.00665420992299914
0.00851119868457317
0.00865047238767147
0.0110490834340453
0.0255335960537195
0.0416120253503323
0.0433452129364014
0.0263692401349545
0.0212006215006113
0.0138655165210366
0.00855762325227261
0.00753627950325608
0.00671610934659839
0.00509124435484409
0.00451867282390594
0.00524599337950349
0.00405442528426647
0.00541621726006269
0.0044412980787456
0.00287833251059055
0.00544716697186232
0.00547811668366194
0.00372945237904787
0.0031259311363101
0.00346637913025916
0.0062518622726202
0.00589593918994069
0.00318783079273999
0.00329615501686931
0.00244503514841199
0.00382230198010802
0.00389967649243772
0.0031259311363101
0.00405442528426647
0.00471984641626477
0.00420917477458715
0.00382230198010802
0.00546264182776213
0.0077219782397151
0.00973371602594852
0.0165890995413065
0.0205042511224747
0.0267096888273954
0.0504636690020561
0.0425869412720203
0.0222838651388884
0.0194829069077969
0.0187401119619608
0.0108479093760252
0.00663873506709933
0.006081638392061
0.00410085031762719
0.00284738279879093
0.0044412980787456
0.00199626293033361
0.00321878050453961
0.00417822459712625
0.00538526754826307
0.00693275826051831
0.00575666502118111
0.00346637913025916
0.00281643308699131
0.00419369945302606
0.00481269601732492
0.00501386960968375
0.00331162987276912
0.00355922849848866
0.00249145994894207
0.00338900461792946
0.00379135203547776
0.00355922849848866
0.00343542918562889
0.00482817087322474
0.0069172834046185
0.00663873506709933
0.00524599337950349
0.00583403976634145
0.00663873506709933
0.00699465768411756
0.0088671213015914
0.0177497174590826
0.0288142766803503
0.0212470460683107
0.0112966820597649
0.00713393185287714
0.00538526754826307
0.00496744504198432
0.0049364953301847
0.00283190794289112
0.00269263377413154
0.00235218578018248
0.00290928245522082
0.00281643308699131
0.00229028612375259
0.00256883446127176
0.00275453343056142
0.00263073411770165
0.00140821654349566
0.00126894237473607
0.00266168382950127
0.00283190794289112
0.00119156774599105
0.00174866442102939
0.00145464122761041
0.00142369139939547
0.00145464122761041
0.00157844042405486
0.00143916625529528
0.00177961424924433
0.00145464122761041
0.00187246373388916
0.00324973044916987
0.00297118211165071
0.00278548314236104
0.0034509040415287
0.00391515111550689
0.00499839475378394
0.00458057224750519
0.00769102852791548
0.0142523888498545
0.00882069673389196
0.00538526754826307
0.00318783079273999
0.00359017821028829
0.00194983824621886
0.00204268773086369
0.00142369139939547
0.000789220212027431
0.00133084191475064
0.00170223973691463
0.00148559105582535
0.00125346740242094
0.00143916625529528
0.00187246373388916
0.00140821654349566
0.00109871837776154
0.00134631688706577
0.00137726671528071
0.00136179174296558
0.000928494380787015
0.000742795527912676
0.00105229369364679
0.000835644954349846
0.000897544552572072
0.00111419323366135
0.00153201573994011
0.00116061803419143
0.000851119868457317
0.00125346740242094
0.00139274157118052
0.00137726671528071
0.0022129116114229
0.00224386155605316
0.00275453343056142
0.00297118211165071
0.00377587717957795
0.00722678145393729
0.00529241794720292
0.00360565329901874
0.00269263377413154
0.00143916625529528
0.00143916625529528
0.000928494380787015
0.00165581493638456
0.00125346740242094
0.00145464122761041
0.000959444209001958
0.000649946101475507
0.000820170040242374
0.00103681872133166
0.000773745297919959
0.000448772276286036
0.000572571530938148
0.000727320613805205
0.000943969294894487
0.00116061803419143
0.00102134386543185
0.000464247190393507
0.000928494380787015
0.00137726671528071
0.00120704271830618
0.000913019466679543
0.000928494380787015
0.000897544552572072
0.00100586889311671
0.0011451430618763
0.00100586889311671
0.000557096616830677
0.000448772276286036
0.000727320613805205
0.000959444209001958
0.00229028612375259
0.00416274974122643
0.00468889670446515
0.00502934446558356
0.00419369945302606
0.00386872654780746
0.00215101195499301
0.00111419323366135
0.00125346740242094
0.00111419323366135
0.000634471187368035
0.000711845699697733
0.000541621702723205
0.000324973050737754
0.000448772276286036
0.000804695126134902
0.00111419323366135
0.000943969294894487
0.000882069696672261
0.000665420957375318
0.000618996273260564
0.000464247190393507
0.000990394037216902
0.000541621702723205
0.000464247190393507
0.000526146846823394
0.000851119868457317
0.000804695126134902
0.000758270442020148
0.000526146846823394
0.000727320613805205
0.000572571530938148
0.00058804644504562
0.000324973050737754
0.000510671932715923
0.000773745297919959
0.000758270442020148
0.00153201573994011
0.00263073411770165
0.00430202390998602
0.00436392379924655
0.0034509040415287
0.00281643308699131
0.00244503514841199
0.00247598509304225
0.00174866442102939
0.00157844042405486
0.00129989220295101
0.000959444209001958
0.000541621702723205
0.000758270442020148
0.000649946101475507
0.000634471187368035
0.000618996273260564
0.000557096616830677
0.000727320613805205
0.000665420957375318
0.000371397763956338
0.000433297391282395
0.000913019466679543
0.000897544552572072
0.000618996273260564
0.000557096616830677
0.000634471187368035
0.000603521359153092
0.000464247190393507
0.000324973050737754
0.000618996273260564
0.000742795527912676
0.00068089587148279
0.000665420957375318
0.000557096616830677
0.00068089587148279
0.000928494380787015
0.000789220212027431
0.00126894237473607
0.00150106591172516
0.00266168382950127
0.00290928245522082
0.00184151390567422
0.00235218578018248
0.00263073411770165
0.00187246373388916
0.000913019466679543
0.00102134386543185
0.000820170040242374
0.000835644954349846
0.000634471187368035
0.000665420957375318
0.000526146846823394
0.000324973050737754
0.000170223967870697
0.000340447935741395
0.000495197018608451
0.000526146846823394
0.000495197018608451
0.00058804644504562
0.000943969294894487
0.000618996273260564
0.000572571530938148
0.000572571530938148
0.000649946101475507
0.000479722104500979
0.000495197018608451
0.000371397763956338
0.000495197018608451
0.00058804644504562
0.000402347563067451
0.000433297391282395
0.000495197018608451
0.000557096616830677
0.000758270442020148
0.000510671932715923
0.00058804644504562
0.00133084191475064
0.00202721264213324
0.00252240966074169
0.00218196189962327
0.00201173778623343
0.00157844042405486
0.00120704271830618
0.000789220212027431
0.000711845699697733
0.000742795527912676
0.000649946101475507
0.00068089587148279
0.000386872648959979
0.000278548308415338
0.000433297391282395
0.000263073423411697
0.000417822477174923
0.000510671932715923
0.000402347563067451
0.000386872648959979
0.000417822477174923
0.000417822477174923
0.000464247190393507
0.000355922849848866
0.000371397763956338
0.000618996273260564
0.000696370785590261
0.00058804644504562
0.000355922849848866
0.000479722104500979
0.000448772276286036
0.000386872648959979
0.000355922849848866
0.000479722104500979
0.00068089587148279
0.000851119868457317
0.000618996273260564
0.00112966820597649
0.00133084191475064
0.00145464122761041
0.0023057609796524
0.00202721264213324
0.00225933641195297
0.00139274157118052
0.00116061803419143
0.00103681872133166
0.000928494380787015
0.000804695126134902
0.000386872648959979
0.000355922849848866
0.000433297391282395
0.000541621702723205
0.000324973050737754
0.000185698881978169
0.000464247190393507
0.000634471187368035
0.000557096616830677
0.000324973050737754
0.000340447935741395
0.000386872648959979
0.000649946101475507
0.000541621702723205
0.000557096616830677
0.000572571530938148
0.000572571530938148
0.000448772276286036
0.000355922849848866
0.000355922849848866
0.000448772276286036
0.000355922849848866
0.000634471187368035
0.000696370785590261
0.000665420957375318
0.000851119868457317
0.00058804644504562
0.00120704271830618
0.0021355370990932
0.00222838646732271
0.00199626293033361
0.00117609289009124
0.0011451430618763
0.00147011608351022
0.000789220212027431
0.000913019466679543
0.000897544552572072
0.000897544552572072
0.000634471187368035
0.00029402322252281
0.000309498136630282
0.000340447935741395
0.000309498136630282
0.000371397763956338
0.000386872648959979
0.00029402322252281
0.00029402322252281
0.00029402322252281
0.000371397763956338
0.000216648695641197
0.000355922849848866
0.000278548308415338
0.000263073423411697
0.000340447935741395
0.000309498136630282
0.000247598509304225
0.000324973050737754
0.000448772276286036
0.000371397763956338
0.000309498136630282
0.000324973050737754
0.000247598509304225
0.000402347563067451
0.000495197018608451
0.000340447935741395
0.000464247190393507
0.000789220212027431
0.00179508910514414
0.00181056407745928
0.000711845699697733
0.000928494380787015
0.000541621702723205
0.000247598509304225
0.000417822477174923
0.000386872648959979
0.000402347563067451
0.000154749068315141
0.000402347563067451
0.000355922849848866
0.00029402322252281
0.000139274154207669
0.000278548308415338
0.000340447935741395
0.000309498136630282
0.000247598509304225
0.00029402322252281
0.000386872648959979
0.000232123595196754
0.000247598509304225
0.000278548308415338
0.000263073423411697
0.000402347563067451
0.000247598509304225
0.000263073423411697
0.000371397763956338
0.000355922849848866
0.000247598509304225
0.000433297391282395
0.000448772276286036
0.000201173781533726
0.000309498136630282
0.000309498136630282
0.000433297391282395
0.00058804644504562
0.000789220212027431
0.00153201573994011
0.00147011608351022
0.000727320613805205
0.000851119868457317
0.000510671932715923
0.000386872648959979
0.000263073423411697
0.000402347563067451
0.000402347563067451
0.000355922849848866
0.000355922849848866
0.000232123595196754
0.000340447935741395
0.000324973050737754
0.000448772276286036
0.000324973050737754
0.000278548308415338
0.000309498136630282
0.000309498136630282
0.000340447935741395
0.000278548308415338
0.000340447935741395
0.000340447935741395
0.000278548308415338
0.000309498136630282
0.000371397763956338
0.000309498136630282
0.000386872648959979
0.000324973050737754
0.000386872648959979
0.000278548308415338
0.000185698881978169
0.00029402322252281
0.000386872648959979
0.000402347563067451
0.000618996273260564
0.000882069696672261
0.00097491912310943
0.00097491912310943
0.00058804644504562
0.000557096616830677
0.000510671932715923
0.000417822477174923
0.000541621702723205
0.000464247190393507
0.00029402322252281
0.000216648695641197
0.000278548308415338
0.000201173781533726
0.000247598509304225
0.000170223967870697
0.000139274154207669
0.000185698881978169
0.000201173781533726
0.000123799254652113
0.000278548308415338
0.000433297391282395
0.000526146846823394
0.000278548308415338
0.000247598509304225
0.000170223967870697
0.000232123595196754
0.000170223967870697
0.000170223967870697
0.000201173781533726
0.000185698881978169
0.000247598509304225
0.000340447935741395
0.000324973050737754
0.000263073423411697
0.000355922849848866
0.000340447935741395
0.000278548308415338
0.000835644954349846
0.000773745297919959
0.000804695126134902
0.000882069696672261
0.000433297391282395
0.000541621702723205
0.000479722104500979
0.000510671932715923
0.000789220212027431
0.000572571530938148
0.000201173781533726
0.000232123595196754
0.000355922849848866
0.000340447935741395
0.000340447935741395
0.000247598509304225
0.000386872648959979
0.000417822477174923
0.000201173781533726
0.00029402322252281
0.000402347563067451
0.000247598509304225
0.000232123595196754
0.000448772276286036
0.000433297391282395
0.000278548308415338
0.000170223967870697
0.000216648695641197
0.000263073423411697
0.000201173781533726
0.000154749068315141
0.000371397763956338
0.000464247190393507
0.000340447935741395
0.000170223967870697
0.000263073423411697
0.000340447935741395
0.000696370785590261
0.00109871837776154
0.00058804644504562
0.000386872648959979
0.000495197018608451
0.000340447935741395
0.000572571530938148
0.000495197018608451
0.000402347563067451
0.000448772276286036
0.000433297391282395
0.000340447935741395
0.000309498136630282
0.000232123595196754
0.000309498136630282
0.000340447935741395
0.000324973050737754
0.000479722104500979
0.000479722104500979
0.000247598509304225
0.000371397763956338
0.000417822477174923
0.000371397763956338
0.000417822477174923
0.000464247190393507
0.00029402322252281
0.000355922849848866
0.00029402322252281
0.000340447935741395
0.000417822477174923
0.000371397763956338
0.000309498136630282
0.000324973050737754
0.000340447935741395
0.000309498136630282
0.000247598509304225
0.000309498136630282
0.000371397763956338
0.000479722104500979
0.000742795527912676
0.000990394037216902
0.000851119868457317
0.000789220212027431
0.000913019466679543
0.00111419323366135
0.000943969294894487
0.000479722104500979
0.000634471187368035
0.000789220212027431
0.000804695126134902
0.000603521359153092
0.000386872648959979
0.000711845699697733
0.000851119868457317
0.000665420957375318
0.000510671932715923
0.00029402322252281
0.000263073423411697
