% Type: Spectrum
% Date: 11-DEC-24 14:08:00
% NoOfItems: = 1601
% Unit_Y: = dB
% Unit_X: = Hz
% Min_X: = 0
% Max_X: = 1000
% MinDisplay_X: = 0
% MaxDisplay_X: = 1000
0
0
0
0
0.172640740871429
0.0943448692560196
0.044012937694788
0.0283097494393587
0.020324544981122
0.0123550603166223
0.0122607462108135
0.0122135896235704
0.0105473855510354
0.0115062389522791
0.0141312964260578
0.0190670322626829
0.0260147899389267
0.0555820502340794
0.0705778896808624
0.0353360995650291
0.00690059969201684
0.00436985585838556
0.00677484832704067
0.0038039751816541
0.00231067906133831
0.00179195532109588
0.00210633338429034
0.002577900653705
0.00374109949916601
0.00419694790616632
0.00333240814507008
0.00216920906677842
0.00194914429448545
0.00429126108065248
0.00624040560796857
0.0202459506690502
0.101921387016773
0.82407933473587
1.03013849258423
0.2909255027771
0.0337956473231316
0.00834673922508955
0.010940358042717
0.011223298497498
0.0130466921254992
0.0118992114439607
0.0129680968821049
0.0117734605446458
0.0111918607726693
0.0115691144019365
0.0072621344588697
0.00385113200172782
0.00339528359472752
0.00246786815114319
0.000518723914865404
0.00146185827907175
0.00110032339580357
0.00268793292343616
0.00430698040872812
0.00273508951067925
0.00271937064826488
0.0030180299654603
0.00630328105762601
0.00790660921484232
0.00372538063675165
0.0013832637341693
0.00157189054880291
0.00111604225821793
0.00130466918926686
0.000817383115645498
0.00103744782973081
0.00174479850102216
0.00312806223519146
0.0060360599309206
0.0464493669569492
0.189035564661026
0.177780821919441
0.040727686136961
0.00825242511928082
0.00723069673404098
0.00804807990789413
0.00394544517621398
0.00194914429448545
0.00199630111455917
0.00242071156390011
0.00187054974958301
0.00207489565946162
0.00289227860048413
0.0021220522467047
0.00185483088716865
0.00139898259658366
0.00198058201931417
0.00238927360624075
0.00460563926026225
0.00433841813355684
0.00488857971504331
0.004432731308043
0.00356819154694676
0.0055016172118485
0.00289227860048413
0.00169764179736376
0.0021220522467047
0.00265649519860744
0.00556449266150594
0.00545446015894413
0.00449560722336173
0.00419694790616632
0.00589458970353007
0.0122450273483992
0.0112704550847411
0.0174951422959566
0.0305575523525476
0.475952744483948
0.92439740896225
0.461365610361099
0.0361534841358662
0.0475496910512447
0.0138955125585198
0.0113176126033068
0.00889690034091473
0.00561164924874902
0.0042441044934094
0.00451132608577609
0.0033638458698988
0.00370966177433729
0.00303374882787466
0.0029237165581435
0.00433841813355684
0.00344244041480124
0.00284512201324105
0.00399260222911835
0.00399260222911835
0.00275080860592425
0.00383541290648282
0.00416551018133759
0.0035524726845324
0.00234211701899767
0.00260933837853372
0.0022163656540215
0.0017290796386078
0.00220064679160714
0.00377253745682538
0.00331668904982507
0.00157189054880291
0.00193342543207109
0.00534442812204361
0.00427554221823812
0.00501433108001947
0.0122135896235704
0.0176208931952715
0.0897706747055054
0.138750776648521
0.10891629755497
0.0392029508948326
0.0131567241623998
0.00581599492579699
0.00884974375367165
0.00358391064219177
0.0026722140610218
0.0106731373816729
0.0212676804512739
0.0115062389522791
0.00358391064219177
0.0022163656540215
0.00199630111455917
0.00260933837853372
0.00322237564250827
0.00317521905526519
0.00521867675706744
0.00333240814507008
0.00559593038633466
0.00641331356018782
0.00256218155846
0.00237355474382639
0.00246786815114319
0.0016819229349494
0.0017762363422662
0.00268793292343616
0.00243643042631447
0.00396116403862834
0.00628756219521165
0.00427554221823812
0.00378825631923974
0.00358391064219177
0.00273508951067925
0.00850392784923315
0.0117891794070601
0.0307933371514082
0.11309752613306
0.101685598492622
0.0580499209463596
0.042110949754715
0.0143985180184245
0.0052343956194818
0.00774942059069872
0.00723069673404098
0.00705778878182173
0.00616181129589677
0.00348959700204432
0.00433841813355684
0.00339528359472752
0.00487286085262895
0.00353675382211804
0.00375681859441102
0.00363106722943485
0.0060360599309206
0.00993434805423021
0.00971428398042917
0.0199787300080061
0.0178252384066582
0.00341100245714188
0.00407119654119015
0.00405547767877579
0.00397688336670399
0.00323809450492263
0.00449560722336173
0.0038982885889709
0.00364678609184921
0.00364678609184921
0.0046999529004097
0.00781229604035616
0.00991862919181585
0.0122135896235704
0.0179195534437895
0.0237669851630926
0.133327752351761
0.344291180372238
0.508836686611176
0.258245915174484
0.0111447041854262
0.00801664218306541
0.00984003487974405
0.00771798286587
0.00532870925962925
0.00900693330913782
0.0112547362223268
0.00886546261608601
0.0145871443673968
0.0133453514426947
0.00598890334367752
0.00591030856594443
0.0077965771779418
0.00583171425387263
0.00694775627925992
0.0071835401467979
0.00446416903287172
0.00840961467474699
0.00653906492516398
0.00595746515318751
0.01031160261482
0.00740360468626022
0.00606749765574932
0.00492001743987203
0.00828386377543211
0.00635043811053038
0.00570596288889647
0.00734072923660278
0.0123550603166223
0.0262820105999708
0.0225094724446535
0.017510861158371
0.0323023498058319
0.0365150198340416
0.0705464482307434
0.150304183363914
0.190371662378311
0.118441954255104
0.0565880611538887
0.0164262559264898
0.0113804880529642
0.00963568966835737
0.012386498041451
0.0103744780644774
0.00886546261608601
0.00837817694991827
0.00888118147850037
0.00881830602884293
0.00793804787099361
0.00902265217155218
0.0129366591572762
0.00911696534603834
0.00974572170525789
0.00884974375367165
0.0100600998848677
0.0141155775636435
0.00768654514104128
0.0116634285077453
0.01284234598279
0.00636615697294474
0.00752935605123639
0.00837817694991827
0.00842533353716135
0.00595746515318751
0.01024872623384
0.00954137556254864
0.00892833806574345
0.00668053515255451
0.00619324902072549
0.0125908432528377
0.0211262088268995
0.0409791879355907
0.137744769454002
0.357479363679886
0.310291200876236
0.0730457529425621
0.0175737366080284
0.0116162709891796
0.00741932354867458
0.0106416996568441
0.0151687441393733
0.00976144056767225
0.00688488082960248
0.00482570426538587
0.00594174629077315
0.004432731308043
0.0063818758353591
0.00735644809901714
0.00721497787162662
0.00834673922508955
0.00682200491428375
0.00894405785948038
0.00837817694991827
0.0061146542429924
0.00561164924874902
0.00999722443521023
0.00944706238806248
0.00581599492579699
0.00509292539209127
0.00476282835006714
0.0046999529004097
0.00600462220609188
0.0146028632298112
0.0216606520116329
0.00991862919181585
0.0109717966988683
0.0153259327635169
0.0168506670743227
0.0275395233184099
0.0893305391073227
0.223837211728096
0.290862619876862
0.130199700593948
0.0394544526934624
0.0241913963109255
0.0320665687322617
0.0193656925112009
0.0082209873944521
0.012150714173913
0.0102958837524056
0.00916412193328142
0.0172593593597412
0.0151373064145446
0.00729357218369842
0.00792232807725668
0.0074507612735033
0.00834673922508955
0.00576883833855391
0.00710494536906481
0.0158132184296846
0.0195857565850019
0.0143827991560102
0.0123236225917935
0.0143827991560102
0.00977715943008661
0.00828386377543211
0.00679056718945503
0.00514008197933435
0.00569024402648211
0.00757651263847947
0.00578455720096827
0.00696347514167428
0.00867683626711369
0.00826814491301775
0.0105631044134498
0.00639759469777346
0.0271308310329914
0.132526099681854
0.187557980418205
0.153165012598038
0.0914840325713158
0.0463864915072918
0.0157031863927841
0.0103273214772344
0.0126851573586464
0.0113490503281355
0.00858252216130495
0.00818954966962337
0.00922699738293886
0.0137854805216193
0.0111604230478406
0.00770226400345564
0.00631899992004037
0.00653906492516398
0.00627184333279729
0.0068377242423594
0.00888118147850037
0.00837817694991827
0.0115848332643509
0.00952565670013428
0.0138797936961055
0.0143356425687671
0.00782801490277052
0.0105473855510354
0.0102330073714256
0.00554877379909158
0.00690059969201684
0.0108774825930595
0.0110818287357688
0.00980859715491533
0.0134553834795952
0.00600462220609188
0.0203559827059507
0.0289856623858213
0.0596060901880264
0.150917217135429
0.240011975169182
0.202428072690964
0.127590358257294
0.0537272207438946
0.0137540427967906
0.0129680968821049
0.0078751714900136
0.0116005521267653
0.0111132664605975
0.0112547362223268
0.00859824102371931
0.00803236104547977
0.00466851517558098
0.00587887084111571
0.00724641559645534
0.00650762720033526
0.00482570426538587
0.0077965771779418
0.00784373376518488
0.00712066423147917
0.0047785472124815
0.00528155220672488
0.00586315197870135
0.00729357218369842
0.00529727106913924
0.00510864425450563
0.00496717402711511
0.00633471924811602
0.00773370172828436
0.00672769173979759
0.00762366922572255
0.00622468674555421
0.00608321651816368
0.00589458970353007
0.00980859715491533
0.0123393414542079
0.0414664745330811
0.108947739005089
0.180563077330589
0.186536252498627
0.0977401584386826
0.014917241409421
0.0171964820474386
0.0100915376096964
0.0034581592772156
0.0063818758353591
0.00556449266150594
0.00608321651816368
0.00559593038633466
0.00506148766726255
0.00372538063675165
0.00449560722336173
0.00378825631923974
0.0043541369959712
0.0033638458698988
0.00465279631316662
0.00729357218369842
0.00707350764423609
0.00510864425450563
0.00449560722336173
0.00576883833855391
0.00438557472079992
0.00284512201324105
0.00185483088716865
0.00375681859441102
0.00507720652967691
0.0055802115239203
0.00630328105762601
0.00652334606274962
0.00600462220609188
0.00449560722336173
0.00602034106850624
0.00870827399194241
0.00765510695055127
0.0221636574715376
0.0594017468392849
0.0687387734651566
0.038228377699852
0.0219907499849796
0.0105002289637923
0.00954137556254864
0.0038039751816541
0.00403975881636143
0.00452704494819045
0.00350531609728932
0.0031123433727771
0.00488857971504331
0.00408691540360451
0.00209061452187598
0.00304946769028902
0.00243643042631447
0.00289227860048413
0.00391400745138526
0.00339528359472752
0.00352103495970368
0.00388256972655654
0.00278224633075297
0.0031123433727771
0.0016819229349494
0.00209061452187598
0.00273508951067925
0.00204345770180225
0.00279796519316733
0.00289227860048413
0.00363106722943485
0.00447988836094737
0.00447988836094737
0.00457420153543353
0.00554877379909158
0.00697919400408864
0.00968284625560045
0.012386498041451
0.042032353579998
0.0486657321453094
0.0366722084581852
0.0447674430906773
0.0181710552424192
0.0108303260058165
0.00949421897530556
0.00789089035242796
0.0072621344588697
0.00608321651816368
0.00597318401560187
0.00594174629077315
0.00575311947613955
0.00361534836702049
0.00353675382211804
0.00482570426538587
0.00580027606338263
0.00306518655270338
0.00405547767877579
0.00245214928872883
0.0046999529004097
0.00679056718945503
0.00806379877030849
0.0111132664605975
0.00705778878182173
0.00525011448189616
0.0047785472124815
0.00367822404950857
0.00463707698509097
0.00650762720033526
0.00776513945311308
0.00675912946462631
0.00455848267301917
0.00569024402648211
0.00633471924811602
0.00730929104611278
0.011459082365036
0.0323023498058319
0.0773527324199677
0.0924271643161774
0.0659408122301102
0.0561793707311153
0.0293471980839968
0.0167720727622509
0.00971428398042917
0.00715210195630789
0.00526583334431052
0.00317521905526519
0.00353675382211804
0.00446416903287172
0.00436985585838556
0.00463707698509097
0.0068377242423594
0.00446416903287172
0.00578455720096827
0.00591030856594443
0.00414979131892323
0.0038982885889709
0.00617753015831113
0.00498289335519075
0.00484142312780023
0.0055016172118485
0.00370966177433729
0.00367822404950857
0.00532870925962925
0.00463707698509097
0.00534442812204361
0.00462135812267661
0.00363106722943485
0.00559593038633466
0.00891261920332909
0.00674341060221195
0.00358391064219177
0.0115533955395222
0.0199158545583487
0.0469366535544395
0.0820369720458984
0.0727785304188728
0.0642588883638382
0.0441858433187008
0.0245372112840414
0.0199944488704205
0.0108146071434021
0.00763938808813691
0.00674341060221195
0.00451132608577609
0.00658622151240706
0.00658622151240706
0.00512436311691999
0.00473139062523842
0.00675912946462631
0.00545446015894413
0.00746648013591766
0.00751363718882203
0.00620896788313985
0.00606749765574932
0.00682200491428375
0.00485714199021459
0.00474710948765278
0.00504576880484819
0.00304946769028902
0.00319093791767955
0.00356819154694676
0.00628756219521165
0.00688488082960248
0.00561164924874902
0.00411835312843323
0.00592602742835879
0.0101701319217682
0.0113018937408924
0.0108460448682308
0.0187526550143957
0.0313592180609703
0.0810938328504562
0.080779455602169
0.105835393071175
0.0810466781258583
0.027413772419095
0.0319879725575447
0.0154202468693256
0.00968284625560045
0.00554877379909158
0.0061146542429924
0.00553305493667722
0.00756079377606511
0.00597318401560187
0.00352103495970368
0.00721497787162662
0.00798520445823669
0.00465279631316662
0.00636615697294474
0.00517152016982436
0.00372538063675165
0.00536014698445797
0.00680628605186939
0.00391400745138526
0.00315949996002018
0.00447988836094737
0.00479426607489586
0.00518723903223872
0.00372538063675165
0.00422838563099504
0.00572168175131083
0.00496717402711511
0.00419694790616632
0.00628756219521165
0.00719925900921226
0.00756079377606511
0.00952565670013428
0.0125122489407659
0.0333555191755295
0.0626241192221642
0.0739417299628258
0.047219593077898
0.0412935651838779
0.0246786829084158
0.018894124776125
0.0117577416822314
0.00818954966962337
0.00576883833855391
0.00520295789465308
0.0060360599309206
0.00476282835006714
0.00416551018133759
0.00370966177433729
0.0046999529004097
0.00361534836702049
0.002577900653705
0.0055016172118485
0.00578455720096827
0.00479426607489586
0.00479426607489586
0.00328525132499635
0.00232639815658331
0.00454276381060481
0.00630328105762601
0.00547017902135849
0.00315949996002018
0.00358391064219177
0.00416551018133759
0.00418122904375196
0.00422838563099504
0.00375681859441102
0.00367822404950857
0.00364678609184921
0.00509292539209127
0.00732500990852714
0.013298193924129
0.0195385999977589
0.0499704033136368
0.0656578689813614
0.054874699562788
0.0351474732160568
0.0195700377225876
0.0159704089164734
0.0074507612735033
0.00279796519316733
0.00427554221823812
0.00476282835006714
0.00402403995394707
0.00344244041480124
0.00358391064219177
0.00262505724094808
0.0026722140610218
0.00284512201324105
0.00284512201324105
0.00447988836094737
0.00441701244562864
0.00223208451643586
0.00282940315082669
0.00347387813962996
0.00485714199021459
0.00303374882787466
0.00286084087565541
0.00287655973806977
0.00331668904982507
0.00278224633075297
0.00220064679160714
0.00303374882787466
0.00407119654119015
0.0043541369959712
0.00438557472079992
0.00432269927114248
0.0047785472124815
0.00564308697357774
0.00943134352564812
0.0166148841381073
0.0474396571516991
0.0408377163112164
0.0333555191755295
0.0219593122601509
0.0162847861647606
0.0112861739471555
0.00782801490277052
0.00636615697294474
0.004432731308043
0.00330097018741071
0.00227924133650959
0.00289227860048413
0.00363106722943485
0.00425982335582376
0.00441701244562864
0.00388256972655654
0.00411835312843323
0.00476282835006714
0.00526583334431052
0.0052343956194818
0.00591030856594443
0.00521867675706744
0.00598890334367752
0.00452704494819045
0.0031123433727771
0.00476282835006714
0.00414979131892323
0.00427554221823812
0.00438557472079992
0.00416551018133759
0.00388256972655654
0.0038982885889709
0.00476282835006714
0.00569024402648211
0.00836245808750391
0.00715210195630789
0.0173065159469843
0.0277910251170397
0.0269579235464334
0.0416865386068821
0.0315478444099426
0.0181238986551762
0.0137854805216193
0.0145557066425681
0.00814239308238029
0.00364678609184921
0.00278224633075297
0.00460563926026225
0.00748219899833202
0.00754507491365075
0.00625612447038293
0.00562736811116338
0.00583171425387263
0.00666481629014015
0.00572168175131083
0.00521867675706744
0.00463707698509097
0.00730929104611278
0.00627184333279729
0.00697919400408864
0.00587887084111571
0.00353675382211804
0.0046999529004097
0.00514008197933435
0.00369394291192293
0.00215349020436406
0.00366250495426357
0.00366250495426357
0.00466851517558098
0.0055802115239203
0.00705778878182173
0.00908552762120962
0.00734072923660278
0.0153102139011025
0.0342043377459049
0.0426925495266914
0.0440286546945572
0.0552833899855614
0.0445788167417049
0.0292686019092798
0.01802958548069
0.0128580648452044
0.0101701319217682
0.00831530150026083
0.00663337809965014
0.00617753015831113
0.00358391064219177
0.0031123433727771
0.00402403995394707
0.00413407245650887
0.00430698040872812
0.00394544517621398
0.00617753015831113
0.00452704494819045
0.00572168175131083
0.00836245808750391
0.00589458970353007
0.00416551018133759
0.0052343956194818
0.0033638458698988
0.00405547767877579
0.00492001743987203
0.00561164924874902
0.00534442812204361
0.00485714199021459
0.00583171425387263
0.00392972631379962
0.00463707698509097
0.00466851517558098
0.00518723903223872
0.00817383080720901
0.0163319427520037
0.0370808988809586
0.0563679970800877
0.0641488581895828
0.0431641153991222
0.0252759996801615
0.011694866232574
0.00973000284284353
0.0141312964260578
0.0107045751065016
0.00374109949916601
0.00701063219457865
0.00930559262633324
0.00609893538057804
0.00432269927114248
0.00515580130741
0.0043541369959712
0.00289227860048413
0.00403975881636143
0.00594174629077315
0.00490429857745767
0.00509292539209127
0.0063818758353591
0.00504576880484819
0.0089754955843091
0.00518723903223872
0.00517152016982436
0.00569024402648211
0.00658622151240706
0.00396116403862834
0.00458992039784789
0.00528155220672488
0.00713638309389353
0.00570596288889647
0.00418122904375196
0.00465279631316662
0.00507720652967691
0.0111604230478406
0.0169606991112232
0.0170235745608807
0.027067955583334
0.0478483475744724
0.0367665216326714
0.0241913963109255
0.0141941718757153
0.0108774825930595
0.00927415397018194
0.00708922650665045
0.00306518655270338
0.00613037310540676
0.00749791786074638
0.00496717402711511
0.00433841813355684
0.00633471924811602
0.00501433108001947
0.00594174629077315
0.00619324902072549
0.00532870925962925
0.00556449266150594
0.00650762720033526
0.00466851517558098
0.00440129358321428
0.00520295789465308
0.00411835312843323
0.00704206991940737
0.0065705026499927
0.00452704494819045
0.00378825631923974
0.00388256972655654
0.00594174629077315
0.00719925900921226
0.00658622151240706
0.00770226400345564
0.00785945262759924
0.00853536557406187
0.0121978707611561
0.0153102139011025
0.0165362898260355
0.0193971302360296
0.033638458698988
0.0374738723039627
0.0246000867336988
0.0168506670743227
0.011977806687355
0.00985575374215841
0.0072621344588697
0.00418122904375196
0.00361534836702049
0.00485714199021459
0.0068377242423594
0.00473139062523842
0.00386685086414218
0.0017290796386078
0.00498289335519075
0.00658622151240706
0.00495145516470075
0.00748219899833202
0.00795376673340797
0.00293943542055786
0.00675912946462631
0.00686916196718812
0.00542302243411541
0.00466851517558098
0.00312806223519146
0.00391400745138526
0.00597318401560187
0.0071835401467979
0.00650762720033526
0.00418122904375196
0.00567452516406775
0.00569024402648211
0.00622468674555421
0.0072621344588697
0.0146971773356199
0.0212519615888596
0.0276181176304817
0.0334969870746136
0.0281839985400438
0.023609796538949
0.0172279216349125
0.0136911673471332
0.00606749765574932
0.00751363718882203
0.00584743311628699
0.00374109949916601
0.00506148766726255
0.00413407245650887
0.00366250495426357
0.00427554221823812
0.00583171425387263
0.00372538063675165
0.00399260222911835
0.00432269927114248
0.00427554221823812
0.0055016172118485
0.00245214928872883
0.00444845017045736
0.00517152016982436
0.00339528359472752
0.00304946769028902
0.00413407245650887
0.00447988836094737
0.00399260222911835
0.00488857971504331
0.00653906492516398
0.0052343956194818
0.00369394291192293
0.00419694790616632
0.00463707698509097
0.00367822404950857
0.00793804787099361
0.00888118147850037
0.0105473855510354
0.0426139533519745
0.0414507538080215
0.0255589410662651
0.0215506199747324
0.0224151592701674
0.0152944950386882
0.00732500990852714
0.00911696534603834
0.00600462220609188
0.00548589834943414
0.00452704494819045
0.00425982335582376
0.00631899992004037
0.00540730357170105
0.00330097018741071
0.00341100245714188
0.00487286085262895
0.00337956473231316
0.00363106722943485
0.00381969404406846
0.00554877379909158
0.00322237564250827
0.00375681859441102
0.00309662451036274
0.00341100245714188
0.00347387813962996
0.00364678609184921
0.00589458970353007
0.0038039751816541
0.00421266676858068
0.00591030856594443
0.00509292539209127
0.00427554221823812
0.00572168175131083
0.00458992039784789
0.00671197287738323
0.00774942059069872
0.0132353184744716
0.0306833032518625
0.0273194573819637
0.0182968061417341
0.0114905200898647
0.0115376766771078
0.00969856511801481
0.00608321651816368
0.00381969404406846
0.00353675382211804
0.00262505724094808
0.00201201997697353
0.00227924133650959
0.00275080860592425
0.00207489565946162
0.00136754475533962
0.0018233930459246
0.00119463680312037
0.000833102036267519
0.00223208451643586
0.00216920906677842
0.00204345770180225
0.00110032339580357
0.00190198759082705
0.0013361070305109
0.00113176123704761
0.00185483088716865
0.00218492792919278
0.00150901498273015
0.00125751248560846
0.00161904725246131
0.00158760952763259
0.00165048509370536
0.00152473384514451
0.00187054974958301
0.00381969404406846
0.00545446015894413
0.00278224633075297
0.0119620868936181
0.0203088261187077
0.0168349482119083
0.00847249012440443
0.00408691540360451
0.00392972631379962
0.00243643042631447
0.00265649519860744
0.00190198759082705
0.00127323134802282
0.00102172885090113
0.000770226411987096
0.00143042043782771
0.000974572147242725
0.000754507491365075
0.0013832637341693
0.0017290796386078
0.00202773883938789
0.00191770645324141
0.0017762363422662
0.00144613930024207
0.00176051747985184
0.00224780361168087
0.00135182589292526
0.00103744782973081
0.00116319907829165
0.00119463680312037
0.00102172885090113
0.0013832637341693
0.00144613930024207
0.00105316669214517
0.00125751248560846
0.000974572147242725
0.00176051747985184
0.00259361951611936
0.00298659200780094
0.00386685086414218
0.00669625401496887
0.00800092332065105
0.00773370172828436
0.00536014698445797
0.00427554221823812
0.00273508951067925
0.00229496019892395
0.00223208451643586
0.00155617168638855
0.00150901498273015
0.000848820898681879
0.0008645398193039
0.000691631867084652
0.000974572147242725
0.00127323134802282
0.00108460453338921
0.000958853226620704
0.00102172885090113
0.000943134364206344
0.000754507491365075
0.000785945274401456
0.00111604225821793
0.0013361070305109
0.00111604225821793
0.000990291009657085
0.00169764179736376
0.00127323134802282
0.000785945274401456
0.0008645398193039
0.00141470157541335
0.000974572147242725
0.000534442777279764
0.000613037322182208
0.000943134364206344
0.00103744782973081
0.0012889503268525
0.00226352247409523
0.00353675382211804
0.00457420153543353
0.00348959700204432
0.00364678609184921
0.00411835312843323
0.00383541290648282
0.00215349020436406
0.00124179350677878
0.00147757714148611
0.00147757714148611
0.000707350787706673
0.000817383115645498
0.00130466918926686
0.00103744782973081
0.000990291009657085
0.000675912946462631
0.000455848261481151
0.000723069650121033
0.0008645398193039
0.000738788570743054
0.000880258739925921
0.00100600998848677
0.000613037322182208
0.000675912946462631
0.0008645398193039
0.000738788570743054
0.00116319907829165
0.00130466918926686
0.00110032339580357
0.000943134364206344
0.00114748009946197
0.000817383115645498
0.000738788570743054
0.000770226411987096
0.000927415443584323
0.00105316669214517
0.000754507491365075
0.00176051747985184
0.00447988836094737
0.00576883833855391
0.00457420153543353
0.002577900653705
0.00141470157541335
0.001634766231291
0.00155617168638855
0.00150901498273015
0.00161904725246131
0.00116319907829165
0.00064447516342625
0.000974572147242725
0.000801664195023477
0.000770226411987096
0.000487286073621362
0.000723069650121033
0.000565880618523806
0.000613037322182208
0.000895977660547942
0.000958853226620704
0.000911696522962302
0.000880258739925921
0.000628756242804229
0.00064447516342625
0.00044012936996296
0.000565880618523806
0.00066019402584061
0.00103744782973081
0.000943134364206344
0.000770226411987096
0.000628756242804229
0.000518723914865404
0.000455848261481151
0.000581599539145827
0.00066019402584061
0.000754507491365075
0.00102172885090113
0.00143042043782771
0.00334812700748444
0.00344244041480124
0.00234211701899767
0.002577900653705
0.0026722140610218
0.0017290796386078
0.00106888555455953
0.00114748009946197
0.00110032339580357
0.000675912946462631
0.000534442777279764
0.00044012936996296
0.000392972637200728
0.000613037322182208
0.000581599539145827
0.000503004994243383
0.000628756242804229
0.000707350787706673
0.000534442777279764
0.000628756242804229
0.000675912946462631
0.00044012936996296
0.000471567182103172
0.000503004994243383
0.000361534825060517
0.000518723914865404
0.00044012936996296
0.00042441044934094
0.000392972637200728
0.000408691557822749
0.000581599539145827
0.00064447516342625
0.000455848261481151
0.000581599539145827
0.000770226411987096
0.00100600998848677
0.000848820898681879
0.00171336077619344
0.00202773883938789
0.00185483088716865
0.00251502497121692
0.00254646269604564
0.00240499270148575
0.00169764179736376
0.00141470157541335
0.00155617168638855
0.00130466918926686
0.00103744782973081
0.000738788570743054
0.000503004994243383
0.000330097012920305
0.000565880618523806
0.000927415443584323
0.000628756242804229
0.000298659200780094
0.000675912946462631
0.00066019402584061
0.000565880618523806
0.000455848261481151
0.000597318401560187
0.000785945274401456
0.000503004994243383
0.000565880618523806
0.000723069650121033
0.000487286073621362
0.000298659200780094
0.000550161697901785
0.00066019402584061
0.000613037322182208
0.000628756242804229
0.000723069650121033
0.000817383115645498
0.000801664195023477
0.000817383115645498
0.000848820898681879
0.00146185827907175
0.00169764179736376
0.00264077610336244
0.00227924133650959
0.00251502497121692
0.00183911202475429
0.00132038805168122
0.00124179350677878
0.000770226411987096
0.000880258739925921
0.000895977660547942
0.00066019402584061
0.000628756242804229
0.000707350787706673
0.000377253745682538
0.00044012936996296
0.00022006468498148
0.00042441044934094
0.000754507491365075
0.000723069650121033
0.000377253745682538
0.000361534825060517
0.000345815933542326
0.000204345778911375
0.000251502497121692
0.000613037322182208
0.000628756242804229
0.000534442777279764
0.000550161697901785
0.000518723914865404
0.000518723914865404
0.000455848261481151
0.000408691557822749
0.000345815933542326
0.000597318401560187
0.000534442777279764
0.000471567182103172
0.000817383115645498
0.000833102036267519
0.0018233930459246
0.00237355474382639
0.00199630111455917
0.00218492792919278
0.00132038805168122
0.000723069650121033
0.000723069650121033
0.000707350787706673
0.000833102036267519
0.000927415443584323
0.000377253745682538
0.000251502497121692
0.000267221388639882
0.00022006468498148
0.000267221388639882
0.000188626872841269
0.00042441044934094
0.000345815933542326
0.000345815933542326
0.000282940309261903
0.000455848261481151
0.000581599539145827
0.000487286073621362
0.00042441044934094
0.000392972637200728
0.00044012936996296
0.000471567182103172
0.000282940309261903
0.00022006468498148
0.000330097012920305
0.000377253745682538
0.000455848261481151
0.000298659200780094
0.000330097012920305
0.000125751248560846
0.000345815933542326
0.000377253745682538
0.000628756242804229
0.00141470157541335
0.00158760952763259
0.0013832637341693
0.00171336077619344
0.000911696522962302
0.000550161697901785
0.000471567182103172
0.000392972637200728
0.000330097012920305
0.000392972637200728
0.00042441044934094
0.000361534825060517
0.000235783591051586
0.000345815933542326
0.000267221388639882
0.000251502497121692
0.000188626872841269
0.000235783591051586
0.000314378121402115
0.000377253745682538
0.000471567182103172
0.000345815933542326
0.000314378121402115
0.000267221388639882
0.000282940309261903
0.000408691557822749
0.000408691557822749
0.000282940309261903
0.000157189060701057
0.000251502497121692
0.000345815933542326
0.000330097012920305
0.000267221388639882
0.000251502497121692
0.000345815933542326
0.000361534825060517
0.000487286073621362
0.000550161697901785
0.0013361070305109
0.00121035578195006
0.00106888555455953
0.0008645398193039
0.000738788570743054
0.000518723914865404
0.000613037322182208
0.000314378121402115
0.00042441044934094
0.00042441044934094
0.000392972637200728
0.00044012936996296
0.000330097012920305
0.000455848261481151
0.00044012936996296
0.000361534825060517
0.000408691557822749
0.000314378121402115
0.000361534825060517
0.000345815933542326
0.00042441044934094
0.00044012936996296
0.000392972637200728
0.000282940309261903
0.000204345778911375
0.00042441044934094
0.000392972637200728
0.000235783591051586
0.000251502497121692
0.000235783591051586
0.000330097012920305
0.000298659200780094
0.000330097012920305
0.000267221388639882
0.000345815933542326
0.000345815933542326
0.000738788570743054
0.000738788570743054
0.000848820898681879
0.000597318401560187
0.000581599539145827
0.000471567182103172
0.000487286073621362
0.00042441044934094
0.000361534825060517
0.000298659200780094
0.000298659200780094
0.000204345778911375
0.000141470154630952
0.000204345778911375
0.000235783591051586
0.00022006468498148
0.000251502497121692
0.000172907966771163
0.000172907966771163
0.000141470154630952
0.000157189060701057
0.00022006468498148
0.000251502497121692
0.000188626872841269
0.000188626872841269
0.000298659200780094
0.000298659200780094
0.000251502497121692
0.000267221388639882
0.000314378121402115
0.000267221388639882
0.000251502497121692
0.000172907966771163
0.000188626872841269
0.000235783591051586
0.000392972637200728
0.00044012936996296
0.000785945274401456
0.000974572147242725
0.000675912946462631
0.000880258739925921
0.00064447516342625
0.0008645398193039
0.000943134364206344
0.000550161697901785
0.000613037322182208
0.000487286073621362
0.000267221388639882
0.000282940309261903
0.000204345778911375
0.00022006468498148
0.000267221388639882
0.000251502497121692
0.000188626872841269
0.000345815933542326
0.000377253745682538
0.000314378121402115
0.000298659200780094
0.000392972637200728
0.000282940309261903
0.000408691557822749
0.000471567182103172
0.000188626872841269
0.000330097012920305
0.000330097012920305
0.000282940309261903
0.000345815933542326
0.000251502497121692
0.000314378121402115
0.000314378121402115
0.000251502497121692
0.000392972637200728
0.00042441044934094
0.000298659200780094
0.00042441044934094
0.000613037322182208
0.000361534825060517
0.000392972637200728
0.000471567182103172
0.000581599539145827
0.000377253745682538
0.000597318401560187
0.000503004994243383
0.000361534825060517
0.000361534825060517
0.000188626872841269
0.00042441044934094
0.000251502497121692
0.000298659200780094
0.000392972637200728
0.000330097012920305
0.000267221388639882
0.000141470154630952
0.000330097012920305
0.000298659200780094
0.000361534825060517
0.000361534825060517
0.000408691557822749
0.000455848261481151
0.000267221388639882
0.000503004994243383
0.00042441044934094
0.000314378121402115
0.000361534825060517
0.000345815933542326
0.000314378121402115
0.000267221388639882
0.000188626872841269
0.000235783591051586
0.00044012936996296
0.00044012936996296
0.000518723914865404
0.000707350787706673
0.00111604225821793
0.000785945274401456
0.000848820898681879
0.00158760952763259
0.000817383115645498
0.000503004994243383
0.000707350787706673
0.000377253745682538
0.000833102036267519
0.000848820898681879
0.000628756242804229
0.000723069650121033
0.000675912946462631
0.000550161697901785
0.000707350787706673
0.000880258739925921
0.000785945274401456
0.00042441044934094
0.000345815933542326
