% Type: Spectrum
% Date: 11-DEC-24 13:55:34
% NoOfItems: = 1601
% Unit_Y: = dB
% Unit_X: = Hz
% Min_X: = 0
% Max_X: = 1000
% MinDisplay_X: = 0
% MaxDisplay_X: = 1000
0
0
0
0
0.0475203953683376
0.0376929193735123
0.0471750199794769
0.0337054133415222
0.0287916772067547
0.0181635599583387
0.0104711279273033
0.00660921260714531
0.0251024477183819
0.0368294827640057
0.0253693293780088
0.0231086947023869
0.0251966416835785
0.0352438986301422
0.0323396138846874
0.0156831424683332
0.00794361438602209
0.00615394627675414
0.00540040154010057
0.00503932824358344
0.0057300771586597
0.00759823946282268
0.00527481082826853
0.00204084953293204
0.00458406191319227
0.00427008513361216
0.00320256385020912
0.00270020077005029
0.00309267197735608
0.00923091918230057
0.0133597142994404
0.0200003255158663
0.102152362465858
0.822854816913605
1.02882361412048
0.295201033353806
0.0290585570037365
0.00921521987766027
0.0134696066379547
0.00824189186096191
0.00111461780034006
0.00232342863455415
0.00255891121923923
0.00199375301599503
0.00150708889123052
0.00178966799285263
0.00459976075217128
0.00643652537837625
0.00271589960902929
0.00108322012238204
0.00194665638264269
0.00196235533803701
0.00144429341889918
0.00287288799881935
0.00469395378604531
0.00255891121923923
0.00147569109685719
0.00158558308612555
0.00554169109091163
0.00701738242059946
0.00213504256680608
0.00175827031489462
0.00204084953293204
0.00293568335473537
0.00215074140578508
0.00127160619013011
0.0017111737979576
0.00185246334876865
0.00351654062978923
0.00594986137002707
0.0337839089334011
0.134853050112724
0.144523546099663
0.037064965814352
0.00935650989413261
0.0046468572691083
0.00505502708256245
0.00346944411285222
0.00135010038502514
0.00324966036714613
0.00540040154010057
0.00350084179081023
0.00243332050740719
0.0027472972869873
0.00290428567677736
0.00233912747353315
0.0021978379227221
0.00226063327863812
0.00364213134162128
0.00483524333685637
0.00489803869277239
0.00781802367419004
0.00788081903010607
0.0036892278585583
0.00557308876886964
0.00417589209973812
0.00877565238624811
0.0119468187913299
0.00453696539625525
0.00488233985379338
0.00475674914196134
0.00398750603199005
0.00583996903151274
0.00723716616630554
0.0145842246711254
0.0145371276885271
0.0218056924641132
0.0373004488646984
0.392580956220627
0.814251840114594
0.402455508708954
0.0380696915090084
0.0467825494706631
0.0118997227400541
0.0101728495210409
0.00510212359949946
0.00436427816748619
0.00398750603199005
0.00634233234450221
0.0068603940308094
0.00624813931062818
0.00648362189531326
0.00981177669018507
0.00576147483661771
0.00298278010450304
0.00384621624834836
0.00229203095659614
0.00414449442178011
0.00301417778246105
0.00436427816748619
0.00265310425311327
0.00320256385020912
0.00241762166842818
0.00233912747353315
0.00196235533803701
0.00163267960306257
0.00262170657515526
0.00326535920612514
0.00298278010450304
0.00296708103269339
0.00196235533803701
0.00452126655727625
0.00736275687813759
0.00645222421735525
0.00794361438602209
0.0250710509717464
0.124303430318832
0.164806440472603
0.122482366859913
0.034301970154047
0.0144586339592934
0.00703308125957847
0.00888554472476244
0.00425438629463315
0.00321826268918812
0.020722471177578
0.0483367331326008
0.0284933988004923
0.0041130967438221
0.00270020077005029
0.00177396915387362
0.00235482631251216
0.00241762166842818
0.00200945185497403
0.00367352901957929
0.00277869496494532
0.0043956758454442
0.00678189983591437
0.0031554673332721
0.00257461005821824
0.00279439380392432
0.00199375301599503
0.00235482631251216
0.00318686501123011
0.00197805417701602
0.00381481857039034
0.00533760618418455
0.00516491895541549
0.0043956758454442
0.00395610835403204
0.00350084179081023
0.00624813931062818
0.0127317607402802
0.0330146662890911
0.0909590944647789
0.0892479196190834
0.061084195971489
0.0354165881872177
0.0132184252142906
0.00560448644682765
0.00640512770041823
0.00494513520970941
0.00472535146400332
0.00394040951505303
0.00329675688408315
0.0041130967438221
0.00496083404868841
0.00359503482468426
0.00296708103269339
0.00500793056562543
0.00654641725122929
0.00651501957327127
0.00744125107303262
0.00745694991201162
0.016986146569252
0.0158244334161282
0.00518061779439449
0.00789651740342379
0.00714297313243151
0.00467825494706631
0.00530620850622654
0.00348514295183122
0.00425438629463315
0.00571437831968069
0.00747264875099063
0.00582427019253373
0.0100629581138492
0.0115386489778757
0.0120567111298442
0.0163895916193724
0.0224179457873106
0.127176314592361
0.366473764181137
0.552363753318787
0.284996777772903
0.0159814208745956
0.0098588727414608
0.00623244047164917
0.00737845571711659
0.00734705803915858
0.00324966036714613
0.00772383017465472
0.00915242452174425
0.0147726107388735
0.0125433746725321
0.00378342089243233
0.00378342089243233
0.00676620099693537
0.0076767336577177
0.0079279150813818
0.0087913516908884
0.0034223475959152
0.00825759116560221
0.00835178419947624
0.0100315604358912
0.00945070292800665
0.00470965262502432
0.00836748257279396
0.0111461775377393
0.00588706554844975
0.00599695788696408
0.00981177669018507
0.0110205868259072
0.00690749054774642
0.0118997227400541
0.0168762560933828
0.0119782164692879
0.0314290821552277
0.0403617210686207
0.137019500136375
0.198087990283966
0.155340045690536
0.0933924093842506
0.0701110288500786
0.0165622774511576
0.00913672614842653
0.0115072512999177
0.0112089728936553
0.00740985339507461
0.00755114294588566
0.0071115754544735
0.00714297313243151
0.00750404642894864
0.00516491895541549
0.00627953698858619
0.0102356448769569
0.00894834008067846
0.0128102554008365
0.00890124309808016
0.00896403845399618
0.0113031659275293
0.00777092669159174
0.0131085328757763
0.0120881088078022
0.0065778149291873
0.00596556020900607
0.00508642476052046
0.00605975324288011
0.00463115843012929
0.00594986137002707
0.0087913516908884
0.00924661755561829
0.0106595139950514
0.0109263937920332
0.00849307328462601
0.0175356063991785
0.0337996073067188
0.147726103663445
0.380163162946701
0.3183254301548
0.0656682550907135
0.0286660864949226
0.0102042471989989
0.00951349828392267
0.0043956758454442
0.00858726631850004
0.00816339813172817
0.00626383814960718
0.0071115754544735
0.00888554472476244
0.00615394627675414
0.00709587661549449
0.00612254859879613
0.00667200796306133
0.00612254859879613
0.00609115092083812
0.0113973589614034
0.0105339232832193
0.00607545208185911
0.00340664875693619
0.00784942135214806
0.00913672614842653
0.00772383017465472
0.00736275687813759
0.00420728977769613
0.00594986137002707
0.0052120154723525
0.0103769348934293
0.0216644015163183
0.0135010043159127
0.00908962916582823
0.0125747723504901
0.0186345260590315
0.0312877930700779
0.114632941782475
0.263332366943359
0.279596388339996
0.141368076205254
0.0645065456628799
0.0351183079183102
0.0305185485631227
0.0179751738905907
0.00912102684378624
0.0117427334189415
0.00945070292800665
0.0121352048590779
0.020722471177578
0.0135637996718287
0.00799071043729782
0.00913672614842653
0.00751974526792765
0.00560448644682765
0.00786511972546577
0.00943500362336636
0.00987457204610109
0.0170646421611309
0.0110362861305475
0.010518223978579
0.012198000214994
0.00599695788696408
0.00538470270112157
0.0087442547082901
0.0093251122161746
0.00742555223405361
0.00560448644682765
0.00643652537837625
0.0131242321804166
0.0176611971110106
0.0134382089599967
0.0131399305537343
0.0359660461544991
0.0546319708228111
0.134491980075836
0.16433547437191
0.126155897974968
0.095197781920433
0.0599067807197571
0.0183833446353674
0.0159186255186796
0.0117427334189415
0.0126375677064061
0.010298440232873
0.00670340564101934
0.0102513441815972
0.0111932745203376
0.00723716616630554
0.00891694240272045
0.00923091918230057
0.00869715865701437
0.00949779897928238
0.00841457955539227
0.00510212359949946
0.0109420930966735
0.0141446562483907
0.00756684178486466
0.0100943557918072
0.00719006964936852
0.00555738992989063
0.00802210811525583
0.0118840234354138
0.00642082653939724
0.0057300771586597
0.00948210060596466
0.0102042471989989
0.0212248340249062
0.0240663252770901
0.00968618597835302
0.0210835449397564
0.0358247570693493
0.0678189992904663
0.156690135598183
0.248732447624207
0.224336460232735
0.136061862111092
0.0415862314403057
0.0163895916193724
0.0119311204180121
0.0130300391465425
0.0154319619759917
0.0114444559440017
0.010267042554915
0.00981177669018507
0.00764533597975969
0.0110833821818233
0.0138777764514089
0.010329837910831
0.00770813133567572
0.00579287251457572
0.00525911198928952
0.00717437081038952
0.00649932073429227
0.00731566036120057
0.00759823946282268
0.00562018528580666
0.00664061028510332
0.00610684975981712
0.0057300771586597
0.0054788957349956
0.00748834758996964
0.00773952901363373
0.00690749054774642
0.00629523582756519
0.00769243249669671
0.00577717367559671
0.00838318187743425
0.0127945560961962
0.0203456990420818
0.0342234745621681
0.0625912845134735
0.125575035810471
0.15986131131649
0.0951349809765816
0.0116642396897078
0.0127788577228785
0.0043799770064652
0.00854017026722431
0.00690749054774642
0.00500793056562543
0.00268450193107128
0.00276299612596631
0.00354793830774724
0.00469395378604531
0.00486664101481438
0.00386191508732736
0.00403460254892707
0.00353223946876824
0.00508642476052046
0.00529050966724753
0.00532190734520555
0.00428578397259116
0.00381481857039034
0.00414449442178011
0.00551029341295362
0.0054631968960166
0.00491373753175139
0.00543179921805859
0.0060440544039011
0.00675050215795636
0.00480384565889835
0.00494513520970941
0.00731566036120057
0.00788081903010607
0.00813200045377016
0.00984317436814308
0.00777092669159174
0.0367666892707348
0.0573007725179195
0.0462487898766994
0.0394197925925255
0.0204869881272316
0.00968618597835302
0.00645222421735525
0.00618534395471215
0.00654641725122929
0.00642082653939724
0.00392471067607403
0.00538470270112157
0.00324966036714613
0.00312406965531409
0.00304557546041906
0.00431718165054917
0.00356363714672625
0.00224493443965912
0.00208794604986906
0.00210364488884807
0.0021978379227221
0.00299847894348204
0.00276299612596631
0.00452126655727625
0.00453696539625525
0.00427008513361216
0.00373632437549531
0.00251181470230222
0.00257461005821824
0.00178966799285263
0.00248041702434421
0.00365783018060029
0.00536900386214256
0.00447417004033923
0.00298278010450304
0.00557308876886964
0.0124177839607
0.019246781244874
0.0614295676350594
0.0537685342133045
0.049938015639782
0.0539883188903332
0.0174257140606642
0.0100315604358912
0.00637373002246022
0.00698598474264145
0.00535330502316356
0.00524341315031052
0.00637373002246022
0.00279439380392432
0.00282579148188233
0.00337525107897818
0.0024647181853652
0.00428578397259116
0.00540040154010057
0.00445847120136023
0.00354793830774724
0.00422298861667514
0.00667200796306133
0.00590276438742876
0.0051963166333735
0.00956059526652098
0.00494513520970941
0.00549459457397461
0.00759823946282268
0.00565158296376467
0.00459976075217128
0.00609115092083812
0.00379911973141134
0.00562018528580666
0.00544749805703759
0.00828898884356022
0.0079279150813818
0.0115857450291514
0.0170803405344486
0.0455423407256603
0.0968461558222771
0.0712099447846413
0.0600166730582714
0.0544749833643436
0.0254007261246443
0.0135324019938707
0.0100315604358912
0.00618534395471215
0.00660921260714531
0.00662491144612432
0.00367352901957929
0.00356363714672625
0.00535330502316356
0.00398750603199005
0.00416019326075912
0.00306127429939806
0.0054631968960166
0.00356363714672625
0.0046468572691083
0.00452126655727625
0.00514922011643648
0.0049294363707304
0.00756684178486466
0.00667200796306133
0.00576147483661771
0.00689179170876741
0.00667200796306133
0.00441137468442321
0.00563588412478566
0.00660921260714531
0.00538470270112157
0.00441137468442321
0.00337525107897818
0.00819479580968618
0.0071115754544735
0.0137207880616188
0.025808896869421
0.0484466254711151
0.0762335807085037
0.0804722607135773
0.0522771440446377
0.0369236767292023
0.0282893124967813
0.0251966416835785
0.0140033671632409
0.00703308125957847
0.00481954449787736
0.00505502708256245
0.00488233985379338
0.00693888822570443
0.00758254062384367
0.00516491895541549
0.00477244798094034
0.00453696539625525
0.0068603940308094
0.00733135920017958
0.00505502708256245
0.00475674914196134
0.00643652537837625
0.00668770680204034
0.0085087725892663
0.0082261934876442
0.00751974526792765
0.00566728180274367
0.00626383814960718
0.00569867948070168
0.00671910447999835
0.00543179921805859
0.00587136670947075
0.00965478830039501
0.0107380077242851
0.0116956373676658
0.0158401317894459
0.030440054833889
0.0411623641848564
0.0827485993504524
0.107207395136356
0.119421094655991
0.0843498781323433
0.0448829904198647
0.0242861080914736
0.0144115369766951
0.00924661755561829
0.00828898884356022
0.00780232436954975
0.00996876507997513
0.0079750120639801
0.00817909650504589
0.00675050215795636
0.00359503482468426
0.00378342089243233
0.0043799770064652
0.00441137468442321
0.00511782243847847
0.00346944411285222
0.00687609286978841
0.00755114294588566
0.00491373753175139
0.00689179170876741
0.0049294363707304
0.00357933598570526
0.00389331276528537
0.00500793056562543
0.00467825494706631
0.00463115843012929
0.00507072592154145
0.00896403845399618
0.00871285703033209
0.00596556020900607
0.0090268338099122
0.0134853050112724
0.0146941160783172
0.025353629142046
0.0508171506226063
0.0474418997764587
0.032433807849884
0.0330460630357265
0.0293254368007183
0.0173629187047482
0.00868145935237408
0.00857156794518232
0.00405030138790607
0.00514922011643648
0.00609115092083812
0.00571437831968069
0.00648362189531326
0.00361073366366327
0.00271589960902929
0.00431718165054917
0.00436427816748619
0.00255891121923923
0.00530620850622654
0.00485094217583537
0.00452126655727625
0.00529050966724753
0.00419159093871713
0.00356363714672625
0.00450556771829724
0.00568298064172268
0.00379911973141134
0.00268450193107128
0.00357933598570526
0.00513352127745748
0.00427008513361216
0.00605975324288011
0.00488233985379338
0.00580857135355473
0.0046625561080873
0.0109263937920332
0.0102356448769569
0.0180379692465067
0.0381010882556438
0.0497810281813145
0.0503147877752781
0.0378813073039055
0.0144115369766951
0.0136422934010625
0.00817909650504589
0.0068603940308094
0.00499223172664642
0.00367352901957929
0.00425438629463315
0.00406600022688508
0.00211934372782707
0.00263740541413426
0.00230772979557514
0.00447417004033923
0.00362643250264227
0.00409739790484309
0.00390901183709502
0.00524341315031052
0.00624813931062818
0.00558878760784864
0.00467825494706631
0.00372062553651631
0.00324966036714613
0.0041130967438221
0.00423868745565414
0.00383051740936935
0.00277869496494532
0.00270020077005029
0.00337525107897818
0.00583996903151274
0.00163267960306257
0.00444277236238122
0.00579287251457572
0.0144900316372514
0.0221353676170111
0.0304086562246084
0.0606132298707962
0.0602207593619823
0.0291213523596525
0.0220882706344128
0.0237209498882294
0.018147861585021
0.00896403845399618
0.00926231686025858
0.00558878760784864
0.00277869496494532
0.00251181470230222
0.00285718915984035
0.00282579148188233
0.00328105804510415
0.00339094991795719
0.00313976849429309
0.00296708103269339
0.00433288048952818
0.00431718165054917
0.0043956758454442
0.00376772205345333
0.00516491895541549
0.00459976075217128
0.00163267960306257
0.00334385340102017
0.00295138219371438
0.00383051740936935
0.00397180719301105
0.00357933598570526
0.00522771431133151
0.00756684178486466
0.00794361438602209
0.00472535146400332
0.00489803869277239
0.00827328953891993
0.0138934748247266
0.0255106184631586
0.0318215526640415
0.0478500723838806
0.0563431456685066
0.0326535925269127
0.0129358461126685
0.0102513441815972
0.00989027041941881
0.00723716616630554
0.00576147483661771
0.00596556020900607
0.00627953698858619
0.00448986887931824
0.00367352901957929
0.00403460254892707
0.0031554673332721
0.00306127429939806
0.00450556771829724
0.00427008513361216
0.0037049266975373
0.00302987662144005
0.00485094217583537
0.00679759867489338
0.00926231686025858
0.0068603940308094
0.0027472972869873
0.00373632437549531
0.00549459457397461
0.00301417778246105
0.00287288799881935
0.00499223172664642
0.00442707352340221
0.0046625561080873
0.00704878009855747
0.00643652537837625
0.00824189186096191
0.00998446345329285
0.014254548586905
0.0248512662947178
0.05149220302701
0.064412347972393
0.0436427816748619
0.039262805134058
0.0348043330013752
0.0221353676170111
0.00690749054774642
0.00582427019253373
0.00610684975981712
0.0037049266975373
0.00536900386214256
0.00610684975981712
0.00503932824358344
0.00700168358162045
0.00475674914196134
0.00414449442178011
0.00312406965531409
0.00175827031489462
0.00350084179081023
0.00321826268918812
0.00486664101481438
0.00562018528580666
0.00532190734520555
0.00532190734520555
0.00510212359949946
0.00507072592154145
0.0052120154723525
0.00552599225193262
0.00530620850622654
0.00651501957327127
0.00544749805703759
0.00788081903010607
0.00913672614842653
0.00654641725122929
0.00968618597835302
0.0132498228922486
0.0188229121267796
0.0291841477155685
0.0472378171980381
0.0459976084530354
0.0144743323326111
0.0138620771467686
0.0109734907746315
0.00747264875099063
0.00488233985379338
0.00616964511573315
0.00616964511573315
0.0046625561080873
0.0041130967438221
0.00538470270112157
0.00540040154010057
0.00405030138790607
0.00745694991201162
0.00843027792870998
0.00637373002246022
0.00532190734520555
0.00755114294588566
0.00897973775863647
0.0054788957349956
0.00566728180274367
0.00583996903151274
0.00508642476052046
0.00507072592154145
0.00499223172664642
0.00416019326075912
0.00296708103269339
0.00444277236238122
0.00408169906586409
0.00279439380392432
0.0057300771586597
0.00843027792870998
0.00726856384426355
0.00692318938672543
0.016154108569026
0.0260443780571222
0.0303458608686924
0.0421042926609516
0.0442550368607044
0.0274415761232376
0.0187758151441813
0.0165151823312044
0.00926231686025858
0.00863436330109835
0.00733135920017958
0.00675050215795636
0.00532190734520555
0.00524341315031052
0.00290428567677736
0.00376772205345333
0.00667200796306133
0.00690749054774642
0.00601265672594309
0.00613824743777514
0.00719006964936852
0.00409739790484309
0.00748834758996964
0.00536900386214256
0.00587136670947075
0.00723716616630554
0.00576147483661771
0.00733135920017958
0.00695458706468344
0.00803780741989613
0.00558878760784864
0.00469395378604531
0.00764533597975969
0.00761393830180168
0.00588706554844975
0.00321826268918812
0.0071115754544735
0.00929371453821659
0.0132341235876083
0.0195293594151735
0.0181007646024227
0.0312720946967602
0.0422455854713917
0.0303615611046553
0.0211149416863918
0.016216903924942
0.0117898304015398
0.00651501957327127
0.00759823946282268
0.00507072592154145
0.00508642476052046
0.00423868745565414
0.00313976849429309
0.00400320487096906
0.00613824743777514
0.00544749805703759
0.00568298064172268
0.00560448644682765
0.00503932824358344
0.00510212359949946
0.00533760618418455
0.00320256385020912
0.00470965262502432
0.00500793056562543
0.00387761392630637
0.00331245572306216
0.00386191508732736
0.00433288048952818
0.00499223172664642
0.00582427019253373
0.00422298861667514
0.0034223475959152
0.00708017777651548
0.00565158296376467
0.00682899635285139
0.00525911198928952
0.0116485403850675
0.022072572261095
0.050832848995924
0.0475203953683376
0.0175199080258608
0.0107851047068834
0.0090268338099122
0.00981177669018507
0.00624813931062818
0.00431718165054917
0.00569867948070168
0.00629523582756519
0.00507072592154145
0.0060440544039011
0.00706447893753648
0.00607545208185911
0.00742555223405361
0.00615394627675414
0.0043799770064652
0.00329675688408315
0.00549459457397461
0.00538470270112157
0.00408169906586409
0.00555738992989063
0.0057300771586597
0.00525911198928952
0.00508642476052046
0.00540040154010057
0.00481954449787736
0.00577717367559671
0.00448986887931824
0.00510212359949946
0.00590276438742876
0.00670340564101934
0.00620104279369116
0.00877565238624811
0.00602835556492209
0.00863436330109835
0.0182891506701708
0.0363271199166775
0.0627168715000153
0.034301970154047
0.0251181479543447
0.0203143022954464
0.0173001233488321
0.0112403705716133
0.00668770680204034
0.00422298861667514
0.00442707352340221
0.00613824743777514
0.00491373753175139
0.00620104279369116
0.0041287955828011
0.00555738992989063
0.00588706554844975
0.00505502708256245
0.00518061779439449
0.00328105804510415
0.00378342089243233
0.00408169906586409
0.00524341315031052
0.00453696539625525
0.00365783018060029
0.00255891121923923
0.00395610835403204
0.00307697313837707
0.00337525107897818
0.0027472972869873
0.00216644024476409
0.00263740541413426
0.00353223946876824
0.00463115843012929
0.00458406191319227
0.00555738992989063
0.00499223172664642
0.00729996152222157
0.0135324019938707
0.0262484643608332
0.0301260780543089
0.0140347648411989
0.0160128194838762
0.00855586864054203
0.00453696539625525
0.0036892278585583
0.00527481082826853
0.00244901934638619
0.00367352901957929
0.00164837844204158
0.00216644024476409
0.00284149032086134
0.00271589960902929
0.00251181470230222
0.0027315984480083
0.0021978379227221
0.0024647181853652
0.00205654837191105
0.00177396915387362
0.00167977611999959
0.00196235533803701
0.00175827031489462
0.00116171431727707
0.00144429341889918
0.00213504256680608
0.00155418540816754
0.00163267960306257
0.00182106567081064
0.00135010038502514
0.00144429341889918
0.00169547495897859
0.00145999225787818
0.00222923560068011
0.00237052515149117
0.00346944411285222
0.00496083404868841
0.00951349828392267
0.0168134607374668
0.0124020855873823
0.00744125107303262
0.00788081903010607
0.00516491895541549
0.0046468572691083
0.00193095754366368
0.00240192282944918
0.00174257147591561
0.00119311199523509
0.00164837844204158
0.00204084953293204
0.00175827031489462
0.00117741315625608
0.00138149806298316
0.00130300386808813
0.000973328191321343
0.00147569109685719
0.00177396915387362
0.00189955986570567
0.00120881083421409
0.00128730502910912
0.00106752128340304
0.00102042476646602
0.00133440154604614
0.00102042476646602
0.00100472592748702
0.00150708889123052
0.00138149806298316
0.00098902708850801
0.00127160619013011
0.00164837844204158
0.00139719690196216
0.00109891896136105
0.00166407728102058
0.00186816218774766
0.0024647181853652
0.00472535146400332
0.00613824743777514
0.00598125904798508
0.00453696539625525
0.00345374527387321
0.00287288799881935
0.00241762166842818
0.00211934372782707
0.00135010038502514
0.00102042476646602
0.000722146709449589
0.000800640962552279
0.00116171431727707
0.000627953675575554
0.00116171431727707
0.00150708889123052
0.00120881083421409
0.000832038640510291
0.00106752128340304
0.000957629352342337
0.00100472592748702
0.00102042476646602
0.00128730502910912
0.00111461780034006
0.00108322012238204
0.0012245096731931
0.000973328191321343
0.000690749031491578
0.00117741315625608
0.00163267960306257
0.00142859457992017
0.00133440154604614
0.00128730502910912
0.00120881083421409
0.00138149806298316
0.00196235533803701
0.00193095754366368
0.00290428567677736
0.00351654062978923
0.00350084179081023
0.00317116617225111
0.00488233985379338
0.00381481857039034
0.00249611586332321
0.00156988424714655
0.00100472592748702
0.000737845548428595
0.000863436318468302
0.000361073354724795
0.000596555997617543
0.000706447870470583
0.000753544445615262
0.00091053283540532
0.000832038640510291
0.000941930513363332
0.000800640962552279
0.00098902708850801
0.00098902708850801
0.000816339801531285
0.000596555997617543
0.000627953675575554
0.000596555997617543
0.000769243284594268
0.000659351353533566
0.000329675676766783
0.000784942123573273
0.00105182244442403
0.000753544445615262
0.000596555997617543
0.000722146709449589
0.000973328191321343
0.00108322012238204
0.00130300386808813
0.00155418540816754
0.00232342863455415
0.00502362940460443
0.00496083404868841
0.00376772205345333
0.00306127429939806
0.00229203095659614
0.00213504256680608
0.00158558308612555
0.000769243284594268
0.000973328191321343
0.000879135157447308
0.000565158319659531
0.00045526641770266
0.000706447870470583
0.000470965256681666
0.000486664095660672
0.000518061802722514
0.000675050192512572
0.000439567578723654
0.000329675676766783
0.000722146709449589
0.000675050192512572
0.000298277998808771
0.000533760641701519
0.000533760641701519
0.000502362963743508
0.000737845548428595
0.000690749031491578
0.000502362963743508
0.000627953675575554
0.000894833996426314
0.00105182244442403
0.00105182244442403
0.000737845548428595
0.000518061802722514
0.000879135157447308
0.00100472592748702
0.000784942123573273
0.00182106567081064
0.00340664875693619
0.00277869496494532
0.00298278010450304
0.00153848656918854
0.00155418540816754
0.00185246334876865
0.00113031663931906
0.00119311199523509
0.00106752128340304
0.000722146709449589
0.000863436318468302
0.000470965256681666
0.000580857158638537
0.000565158319659531
0.000502362963743508
0.000502362963743508
0.000549459480680525
0.000329675676766783
0.000612254836596549
0.000659351353533566
0.000533760641701519
0.000659351353533566
0.000423868739744648
0.000565158319659531
0.000549459480680525
0.000769243284594268
0.000486664095660672
0.000361073354724795
0.000612254836596549
0.000565158319659531
0.000361073354724795
0.000596555997617543
0.000502362963743508
0.000518061802722514
0.000533760641701519
0.00125590735115111
0.00102042476646602
0.00149139005225152
0.00227633211761713
0.00301417778246105
0.00210364488884807
0.00103612360544503
0.00150708889123052
0.00142859457992017
0.00119311199523509
0.0012402085121721
0.000706447870470583
0.000345374515745789
0.000565158319659531
0.000439567578723654
0.000502362963743508
0.000784942123573273
0.000769243284594268
0.000565158319659531
0.000423868739744648
0.000518061802722514
0.000470965256681666
0.000549459480680525
0.000753544445615262
0.000879135157447308
0.000549459480680525
0.000832038640510291
0.000800640962552279
0.000565158319659531
0.000345374515745789
0.000345374515745789
0.000439567578723654
0.000313976837787777
0.000361073354724795
0.000439567578723654
0.000659351353533566
0.000675050192512572
0.000423868739744648
0.000800640962552279
0.000816339801531285
0.000879135157447308
0.00164837844204158
0.00262170657515526
0.00185246334876865
0.00227633211761713
0.00191525870468467
0.00136579922400415
0.00136579922400415
0.00113031663931906
0.00113031663931906
0.00108322012238204
0.00064365251455456
0.000659351353533566
0.000518061802722514
0.000580857158638537
0.000518061802722514
0.000486664095660672
0.000518061802722514
0.000549459480680525
0.000486664095660672
0.000313976837787777
0.000470965256681666
0.000533760641701519
0.00045526641770266
0.00045526641770266
0.00045526641770266
0.000470965256681666
0.000549459480680525
0.000565158319659531
0.000675050192512572
0.000565158319659531
0.000392471061786637
0.000376772222807631
0.000361073354724795
0.000329675676766783
0.000533760641701519
0.000737845548428595
0.00105182244442403
0.00167977611999959
0.00210364488884807
0.00191525870468467
0.00141289574094117
0.00174257147591561
0.00136579922400415
0.00116171431727707
0.000627953675575554
0.000486664095660672
0.000690749031491578
0.000941930513363332
0.000596555997617543
0.00045526641770266
0.000345374515745789
0.000329675676766783
0.000329675676766783
0.000235482628340833
0.000313976837787777
0.000329675676766783
0.00045526641770266
0.000470965256681666
0.000408169900765643
0.000298277998808771
0.000439567578723654
0.000408169900765643
0.000486664095660672
0.00045526641770266
0.000518061802722514
0.000486664095660672
0.000361073354724795
0.000502362963743508
0.000361073354724795
0.000282579159829766
0.000423868739744648
0.000329675676766783
0.000423868739744648
0.00064365251455456
0.000627953675575554
0.00114601547829807
0.00166407728102058
0.00200945185497403
0.00125590735115111
0.000941930513363332
0.000753544445615262
0.000612254836596549
0.00045526641770266
0.000518061802722514
0.000439567578723654
0.000784942123573273
0.000518061802722514
0.000251181481871754
0.000313976837787777
0.000313976837787777
0.000392471061786637
0.000361073354724795
0.000329675676766783
0.000235482628340833
0.00026688032085076
0.000345374515745789
0.000345374515745789
0.000235482628340833
0.000219783789361827
0.000156988418893889
0.000345374515745789
0.000408169900765643
0.000282579159829766
0.000361073354724795
0.000251181481871754
0.000251181481871754
0.000376772222807631
0.000423868739744648
0.000282579159829766
0.000486664095660672
0.000659351353533566
0.000816339801531285
0.00100472592748702
0.00142859457992017
0.00153848656918854
0.00128730502910912
0.000847737479489297
0.000659351353533566
0.000580857158638537
0.000361073354724795
0.000423868739744648
0.000533760641701519
0.000392471061786637
0.000282579159829766
0.000329675676766783
0.000188386111403815
0.000235482628340833
0.000361073354724795
0.000361073354724795
0.000235482628340833
0.000298277998808771
0.000298277998808771
0.00026688032085076
0.000235482628340833
0.000251181481871754
0.000329675676766783
0.000298277998808771
0.000235482628340833
0.000141289579914883
0.000251181481871754
0.000282579159829766
0.000313976837787777
0.000251181481871754
0.000188386111403815
0.000313976837787777
0.000329675676766783
0.000282579159829766
0.000313976837787777
0.000518061802722514
0.000627953675575554
0.00098902708850801
0.00125590735115111
0.000879135157447308
0.000298277998808771
0.000518061802722514
0.000376772222807631
0.000235482628340833
0.000219783789361827
0.000313976837787777
0.000376772222807631
0.000361073354724795
0.000298277998808771
0.000188386111403815
0.000156988418893889
0.000172687257872894
0.000172687257872894
0.000141289579914883
0.000141289579914883
0.000219783789361827
0.000502362963743508
0.000486664095660672
0.000172687257872894
0.000204084950382821
0.00026688032085076
0.000156988418893889
9.41930557019077E-5
0.000125590740935877
0.000188386111403815
0.000251181481871754
0.000251181481871754
0.000251181481871754
0.000219783789361827
0.000125590740935877
0.000251181481871754
0.000251181481871754
0.000251181481871754
0.000282579159829766
0.000486664095660672
0.000847737479489297
0.00100472592748702
0.000973328191321343
0.000282579159829766
0.000502362963743508
0.000392471061786637
0.000345374515745789
0.000408169900765643
0.000502362963743508
0.000376772222807631
0.000439567578723654
0.000251181481871754
0.000282579159829766
0.000361073354724795
0.000235482628340833
0.000251181481871754
0.000219783789361827
0.000329675676766783
0.000376772222807631
0.000392471061786637
0.000235482628340833
0.00026688032085076
0.00026688032085076
0.000361073354724795
0.000235482628340833
0.000313976837787777
0.000345374515745789
0.000345374515745789
0.000423868739744648
0.000580857158638537
0.000518061802722514
0.000361073354724795
0.000313976837787777
0.000156988418893889
0.000313976837787777
0.000408169900765643
0.000298277998808771
0.000518061802722514
0.000941930513363332
0.00105182244442403
0.000926231674384326
0.000596555997617543
0.000753544445615262
0.000565158319659531
0.00026688032085076
0.00045526641770266
0.000313976837787777
0.000313976837787777
0.000392471061786637
0.00026688032085076
0.000251181481871754
0.000329675676766783
0.000235482628340833
0.000156988418893889
0.00026688032085076
0.000376772222807631
0.000423868739744648
0.000298277998808771
0.000376772222807631
0.000282579159829766
0.000329675676766783
0.000486664095660672
0.000376772222807631
0.000361073354724795
0.000251181481871754
0.000251181481871754
0.000361073354724795
0.000345374515745789
0.000298277998808771
0.000298277998808771
0.000235482628340833
0.000282579159829766
0.000470965256681666
0.000392471061786637
0.000612254836596549
0.00064365251455456
0.000784942123573273
0.000753544445615262
0.000722146709449589
0.000627953675575554
0.000847737479489297
0.000769243284594268
0.000533760641701519
0.000722146709449589
0.000832038640510291
0.000800640962552279
0.000580857158638537
0.000612254836596549
0.000753544445615262
0.000502362963743508
0.000565158319659531
0.000439567578723654
0.000376772222807631
0.000376772222807631
