% Type: Spectrum
% Date: 10-DEC-24 17:02:44
% NoOfItems: = 1601
% Unit_Y: = mm/s
% Unit_X: = Hz
% Min_X: = 0
% Max_X: = 1000
% MinDisplay_X: = 0
% MaxDisplay_X: = 1000
0
0
0
0
0.0112354466691613
0.0150067843496799
0.0097426250576973
0.00609699729830027
0.00702411821112037
0.00424275593832135
0.00425846967846155
0.00397561956197023
0.0036299133207649
0.0044313226826489
0.00287564564496279
0.00491845421493053
0.00447846436873078
0.00479274289682508
0.00318992394022644
0.0056570079177618
0.00400704704225063
0.00155567715410143
0.00281278998591006
0.0106383180245757
0.0150539269670844
0.00526416022330523
0.00350420200265944
0.00529558816924691
0.00378705258481204
0.00581414718180895
0.00353562994860113
0.00309564033523202
0.00538987154141068
0.00681983726099133
0.0105597479268909
0.0213866326957941
0.0219994746148586
0.0165624618530273
0.0126182707026601
0.55262678861618
1.02981114387512
0.479258567094803
0.0117068635299802
0.00738553795963526
0.00479274289682508
0.00765267433598638
0.0106068896129727
0.0122568504884839
0.0148653592914343
0.0186366979032755
0.0164996068924665
0.00964834168553352
0.00667841220274568
0.00532701564952731
0.00334706297144294
0.00417990004643798
0.00438418099656701
0.00454132026061416
0.00482417084276676
0.00424275593832135
0.00333134899847209
0.005358443595469
0.0156510546803474
0.0226280316710472
0.00853265356272459
0.0020270945969969
0.00289135961793363
0.000927120738197118
0.00160281895659864
0.00249851192347705
0.00172853015828878
0.00183852761983871
0.00142996583599597
0.00163424666970968
0.00263993698172271
0.00334706297144294
0.00501273758709431
0.00428989762440324
0.00504416553303599
0.0885635986924171
0.157091960310936
0.0694554820656776
0.00366134126670659
0.00295421527698636
0.00452560652047396
0.00540558528155088
0.00317420996725559
0.00157139112707227
0.00215280568227172
0.00135139632038772
0.00111568765714765
0.00109997380059212
0.00108425982762128
0.000864265079144388
0.000974262482486665
0.00175995798781514
0.00226280326023698
0.00147710763849318
0.00238851434551179
0.00278136227279902
0.00400704704225063
0.011141162365675
0.00787266902625561
0.00483988458290696
0.00760553264990449
0.00394419161602855
0.00120997114572674
0.00240422831848264
0.00243565626442432
0.00130425463430583
0.00194852496497333
0.00199566665105522
0.00153996329754591
0.00166567449923605
0.00304849864915013
0.00620699487626553
0.00549986865371466
0.00411704462021589
0.00961691327393055
0.157814800739288
0.256105303764343
0.104701787233353
0.0126968398690224
0.0121939945966005
0.00584557466208935
0.00796695239841938
0.00474560121074319
0.00163424666970968
0.00174424413125962
0.00197995267808437
0.00113140163011849
0.00171281630173326
0.00240422831848264
0.00128854066133499
0.00182281364686787
0.00276564829982817
0.00180709979031235
0.00163424666970968
0.00224708928726614
0.00229423097334802
0.00238851434551179
0.00388133595697582
0.00290707359090447
0.00579843297600746
0.00466703157871962
0.00304849864915013
0.00216851965524256
0.00240422831848264
0.00102140416856855
0.00161853281315416
0.00141425197944045
0.00106854597106576
0.00130425463430583
0.00127282680477947
0.00210566399618983
0.00295421527698636
0.00150853546801954
0.00186995533294976
0.0015871049836278
0.0240265689790249
0.0437789559364319
0.0237594339996576
0.00680412352085113
0.00507559301331639
0.00256136734969914
0.00224708928726614
0.000989976339042187
0.000628556415904313
0.000817123334854841
0.00105283199809492
0.00109997380059212
0.00108425982762128
0.00108425982762128
0.000864265079144388
0.00103711814153939
0.00116282934322953
0.000927120738197118
0.000911406823433936
0.0015871049836278
0.00174424413125962
0.00105283199809492
0.00157139112707227
0.00130425463430583
0.00163424666970968
0.00237280060537159
0.00180709979031235
0.00139853800646961
0.0009428346529603
0.00116282934322953
0.000911406823433936
0.00100569031201303
0.00172853015828878
0.00177567196078598
0.00171281630173326
0.00389704992994666
0.00521701853722334
0.00259279529564083
0.00405418919399381
0.00342563260346651
0.0211194958537817
0.0343191809952259
0.0371476858854294
0.0188724063336849
0.0043998952023685
0.00384990824386477
0.0029699292499572
0.00131996849086136
0.00237280060537159
0.00575129128992558
0.00417990004643798
0.0025299396365881
0.00450989231467247
0.00340991863049567
0.00617556693032384
0.00674126762896776
0.00740125216543674
0.0115340100601316
0.010056902654469
0.00765267433598638
0.0121154254302382
0.0113297300413251
0.0106226038187742
0.0110940206795931
0.0348377414047718
0.0564915090799332
0.0425846986472607
0.0255979597568512
0.0122411362826824
0.0112511599436402
0.011141162365675
0.0127911232411861
0.0294321551918983
0.0233508720993996
0.0189038347452879
0.0383890829980373
0.042018998414278
0.0329992137849331
0.0501588024199009
0.0511173531413078
0.113375864923
0.184277027845383
0.201263770461082
0.110547363758087
0.0263679418712854
0.017568152397871
0.0164996068924665
0.00378705258481204
0.00771553022786975
0.0140325222164392
0.0157767664641142
0.00956977158784866
0.00705554615706205
0.00488702626898885
0.00652127293869853
0.008799790404737
0.0118797169998288
0.0158239081501961
0.0124139897525311
0.00639556162059307
0.00700840400531888
0.00887835957109928
0.00713411532342434
0.00617556693032384
0.0091297822073102
0.0133568244054914
0.0112197324633598
0.00732268253341317
0.00705554615706205
0.00546844117343426
0.00419561425223947
0.00864265114068985
0.00960119906812906
0.00608128355816007
0.0044313226826489
0.00667841220274568
0.00817123334854841
0.00562557997182012
0.00410133088007569
0.00765267433598638
0.0566643625497818
0.0760081857442856
0.0537258610129356
0.0276407692581415
0.00859550945460796
0.00809266418218613
0.00881550367921591
0.00576700503006578
0.00322135165333748
0.00542129902169108
0.00416418630629778
0.00303278467617929
0.00410133088007569
0.00373991066589951
0.00414847256615758
0.00655270088464022
0.00678840931504965
0.00615985319018364
0.00419561425223947
0.00359848560765386
0.00496559590101242
0.00675698183476925
0.00760553264990449
0.00455703400075436
0.00372419692575932
0.00342563260346651
0.00432132557034492
0.00400704704225063
0.0044313226826489
0.00487131252884865
0.00419561425223947
0.00633270619437098
0.00571986334398389
0.00432132557034492
0.00466703157871962
0.0100726168602705
0.0132782543078065
0.00582986092194915
0.00714982952922583
0.0200352370738983
0.0948020219802856
0.126481264829636
0.141488045454025
0.0652284473180771
0.014582509174943
0.00727554084733129
0.00650555919855833
0.00573557754978538
0.00557843828573823
0.00406990293413401
0.00611271150410175
0.0103554669767618
0.0122725646942854
0.010088331066072
0.00636413367465138
0.00791981071233749
0.00568843586370349
0.00686697894707322
0.0127911232411861
0.0156824830919504
0.012838264927268
0.0196109600365162
0.0238851439207792
0.0167981702834368
0.0137339578941464
0.0207266490906477
0.0168767403811216
0.0288821682333946
0.0221094731241465
0.0125239873304963
0.0172853022813797
0.0212766360491514
0.0220780447125435
0.0240265689790249
0.0209309291094542
0.0486031249165535
0.0641284734010696
0.0401176139712334
0.0455232001841068
0.0980705171823502
0.330526411533356
0.373472511768341
0.18462273478508
0.131195440888405
0.0659827142953873
0.0424904152750969
0.0630913525819778
0.0434489622712135
0.0195323918014765
0.0125554148107767
0.0131839709356427
0.0139382388442755
0.00834408681839705
0.00619128067046404
0.0081555200740695
0.012838264927268
0.0137653863057494
0.0106540312990546
0.0108268847689033
0.00925549305975437
0.00551558285951614
0.0127754090353847
0.0178510025143623
0.0120368553325534
0.0143153723329306
0.0122411362826824
0.0108897397294641
0.0164996068924665
0.0116597218438983
0.00620699487626553
0.00716554326936603
0.0115340100601316
0.00872122030705214
0.00498130964115262
0.00889407377690077
0.0303121339529753
0.0409033112227917
0.0178195741027594
0.00925549305975437
0.0255822464823723
0.091376394033432
0.092052087187767
0.0305164139717817
0.0399761907756329
0.0304849874228239
0.0196423884481192
0.0214494876563549
0.0136082470417023
0.0124454172328115
0.0119740003719926
0.00870550703257322
0.00683555100113153
0.00384990824386477
0.00505987927317619
0.00856408104300499
0.00823408924043178
0.00736982421949506
0.00919263809919357
0.00903549883514643
0.00626985030248761
0.00582986092194915
0.0132625410333276
0.0168295986950398
0.00738553795963526
0.00593985849991441
0.00543701322749257
0.00474560121074319
0.00663127051666379
0.00703983195126057
0.00771553022786975
0.00824980344623327
0.00776267191395164
0.0063012782484293
0.00408561667427421
0.00666269799694419
0.028253611177206
0.0320563763380051
0.011376871727407
0.0149596426635981
0.0203966554254293
0.0545429848134518
0.0533330142498016
0.0159967616200447
0.0319149531424046
0.0181024260818958
0.0138125279918313
0.0173795856535435
0.0124611314386129
0.0100097609683871
0.00779409985989332
0.00271850661374629
0.00504416553303599
0.00468274531885982
0.0037713386118412
0.0029856429900974
0.00512273469939828
0.00576700503006578
0.00485559832304716
0.00259279529564083
0.00224708928726614
0.00212137796916068
0.00740125216543674
0.00925549305975437
0.00458846194669604
0.00306421262212098
0.00205852231010795
0.00339420465752482
0.0034727742895484
0.00493416795507073
0.00593985849991441
0.00477702869102359
0.00238851434551179
0.00227851700037718
0.00333134899847209
0.00667841220274568
0.015415346249938
0.0163581818342209
0.00791981071233749
0.011549724265933
0.0170338787138462
0.0645998865365982
0.0599485710263252
0.0190766882151365
0.0307206958532333
0.016766743734479
0.0107954563573003
0.0093969190493226
0.00399133330211043
0.00312706828117371
0.00446275062859058
0.00339420465752482
0.00281278998591006
0.00373991066589951
0.00303278467617929
0.0029699292499572
0.00395990535616875
0.00372419692575932
0.00593985849991441
0.00498130964115262
0.00510702095925808
0.00366134126670659
0.00417990004643798
0.00397561956197023
0.00322135165333748
0.0043998952023685
0.00477702869102359
0.00348848826251924
0.00438418099656701
0.00502845132723451
0.0043998952023685
0.00485559832304716
0.00579843297600746
0.00460417568683624
0.0029699292499572
0.00604985561221838
0.0178195741027594
0.0204437971115112
0.0148025043308735
0.0129639767110348
0.0200666636228561
0.0684812217950821
0.059932854026556
0.0163738951086998
0.00938120484352112
0.00457274820655584
0.0137653863057494
0.0115025825798512
0.0047141732648015
0.00450989231467247
0.00400704704225063
0.00460417568683624
0.00531130190938711
0.00340991863049567
0.00399133330211043
0.00413275836035609
0.00452560652047396
0.00699269026517868
0.00711840158328414
0.00355134392157197
0.00340991863049567
0.00350420200265944
0.00488702626898885
0.00468274531885982
0.00212137796916068
0.00427418388426304
0.00328420731239021
0.00317420996725559
0.00512273469939828
0.00300135696306825
0.00450989231467247
0.00579843297600746
0.00606556935235858
0.00422704219818115
0.00458846194669604
0.00549986865371466
0.0137653863057494
0.0138753829523921
0.00934977736324072
0.0126025564968586
0.0157924797385931
0.04153186455369
0.0332820639014244
0.0128539791330695
0.0160439033061266
0.00711840158328414
0.0116597218438983
0.0103868953883648
0.00356705766171217
0.00359848560765386
0.0036141995806247
0.00395990535616875
0.00421132799237967
0.00455703400075436
0.00300135696306825
0.00304849864915013
0.00281278998591006
0.00196423893794417
0.00237280060537159
0.00223137531429529
0.00224708928726614
0.00166567449923605
0.00259279529564083
0.00402276124805212
0.00329992128536105
0.00411704462021589
0.00400704704225063
0.00417990004643798
0.00224708928726614
0.00212137796916068
0.00223137531429529
0.0046984595246613
0.00733839627355337
0.00708697363734245
0.00608128355816007
0.00595557224005461
0.017960999161005
0.0186681263148785
0.00853265356272459
0.00573557754978538
0.0107011729851365
0.0302492789924145
0.0224866066128016
0.0103868953883648
0.00856408104300499
0.00458846194669604
0.00642698956653476
0.00496559590101242
0.00289135961793363
0.00421132799237967
0.0028285039588809
0.00411704462021589
0.0026713649276644
0.00257708132266998
0.00307992659509182
0.0025299396365881
0.00306421262212098
0.00293850130401552
0.00323706562630832
0.00219994760118425
0.00138282414991409
0.00172853015828878
0.00168138847220689
0.00164996064268053
0.0020270945969969
0.00240422831848264
0.00232565868645906
0.00285993167199194
0.00419561425223947
0.00460417568683624
0.00359848560765386
0.0037713386118412
0.00348848826251924
0.00531130190938711
0.00485559832304716
0.00597128598019481
0.00933406315743923
0.00950691569596529
0.0102140419185162
0.0102768978103995
0.0251579713076353
0.0778781399130821
0.056130088865757
0.0171910189092159
0.0113297300413251
0.00870550703257322
0.0117225777357817
0.00581414718180895
0.00240422831848264
0.00370848295278847
0.00372419692575932
0.00527987396344543
0.00520130433142185
0.00406990293413401
0.00421132799237967
0.00394419161602855
0.00488702626898885
0.00289135961793363
0.00317420996725559
0.00355134392157197
0.00417990004643798
0.00229423097334802
0.0029856429900974
0.00326849333941937
0.00290707359090447
0.00392847787588835
0.0026713649276644
0.00617556693032384
0.00933406315743923
0.00780981360003352
0.00802980829030275
0.0127754090353847
0.013293968513608
0.0101511860266328
0.00787266902625561
0.0108268847689033
0.0209623575210571
0.0216851960867643
0.0153210628777742
0.015446774661541
0.0557686686515808
0.1279426664114
0.066532701253891
0.0236965771764517
0.0279236193746328
0.0169553104788065
0.0179295726120472
0.0136868162080646
0.00834408681839705
0.0123668480664492
0.0132311126217246
0.00941263232380152
0.011581152677536
0.0120211420580745
0.0123511338606477
0.0118325743824244
0.0109840240329504
0.00999404769390822
0.00950691569596529
0.00925549305975437
0.00955405738204718
0.0100726168602705
0.01667245849967
0.0160439033061266
0.00768410228192806
0.0121468529105186
0.0131839709356427
0.0106854597106576
0.016735315322876
0.0155410580337048
0.0131368292495608
0.0254093930125237
0.0230680201202631
0.0164053235203028
0.0146453650668263
0.0146925067529082
0.0555015318095684
0.0521230436861515
0.0475502945482731
0.0387347899377346
0.0666741207242012
0.15112067759037
0.134856775403023
0.0546058416366577
0.0213552042841911
0.0174267273396254
0.0267607904970646
0.0183852761983871
0.00688269315287471
0.00652127293869853
0.00890978705137968
0.0081555200740695
0.00419561425223947
0.0098054800182581
0.00975833833217621
0.00751124927774072
0.00798266660422087
0.00773124396800995
0.00934977736324072
0.00832837261259556
0.0106854597106576
0.00617556693032384
0.00798266660422087
0.00760553264990449
0.00490274000912905
0.0043998952023685
0.00757410516962409
0.00538987154141068
0.00505987927317619
0.00468274531885982
0.00829694513231516
0.00884693209081888
0.00801409408450127
0.0082183750346303
0.00906692631542683
0.0121311387047172
0.0283636096864939
0.0213237777352333
0.00708697363734245
0.0134196793660522
0.0411547310650349
0.080690935254097
0.0724097043275833
0.0297464337199926
0.018888121470809
0.00626985030248761
0.0097740525379777
0.00614413898438215
0.00403847498819232
0.00520130433142185
0.00344134657643735
0.00262422300875187
0.00174424413125962
0.0029856429900974
0.0036141995806247
0.00287564564496279
0.00502845132723451
0.00857979524880648
0.00626985030248761
0.00339420465752482
0.0047141732648015
0.00263993698172271
0.00326849333941937
0.00263993698172271
0.00172853015828878
0.00359848560765386
0.00493416795507073
0.00328420731239021
0.00380276632495224
0.00329992128536105
0.00326849333941937
0.00499702384695411
0.00394419161602855
0.00241994229145348
0.00323706562630832
0.00573557754978538
0.0115968659520149
0.00903549883514643
0.00340991863049567
0.00274993432685733
0.0119425719603896
0.0443132296204567
0.0461203269660473
0.0158239081501961
0.00465131737291813
0.00340991863049567
0.00381848029792309
0.00312706828117371
0.00262422300875187
0.00243565626442432
0.00160281895659864
0.00155567715410143
0.00163424666970968
0.00163424666970968
0.00191709713544697
0.00141425197944045
0.00183852761983871
0.00433703931048512
0.00322135165333748
0.00194852496497333
0.00136711029335856
0.00169710232876241
0.00193281099200249
0.00114711548667401
0.000832837249618024
0.00191709713544697
0.00372419692575932
0.0029699292499572
0.00278136227279902
0.00251422566361725
0.00152424932457507
0.00183852761983871
0.00201138062402606
0.00160281895659864
0.00166567449923605
0.00284421793185174
0.00551558285951614
0.00411704462021589
0.00219994760118425
0.00212137796916068
0.00955405738204718
0.0341149009764194
0.0316478163003922
0.0104183228686452
0.00549986865371466
0.00273422058671713
0.00318992394022644
0.00210566399618983
0.00128854066133499
0.00113140163011849
0.00100569031201303
0.00130425463430583
0.000989976339042187
0.000785695563536137
0.00138282414991409
0.00125711283180863
0.00160281895659864
0.0026870786678046
0.00199566665105522
0.00120997114572674
0.00117854331620038
0.00106854597106576
0.00131996849086136
0.000911406823433936
0.000707125989720225
0.000769981648772955
0.00177567196078598
0.00193281099200249
0.00172853015828878
0.00241994229145348
0.00174424413125962
0.00223137531429529
0.0026870786678046
0.00152424932457507
0.00128854066133499
0.00205852231010795
0.00314278225414455
0.00259279529564083
0.00166567449923605
0.00334706297144294
0.0246236976236105
0.0945034623146057
0.0828280225396156
0.0151639236137271
0.00317420996725559
0.00274993432685733
0.00262422300875187
0.00207423628307879
0.00191709713544697
0.0020428083371371
0.00243565626442432
0.00249851192347705
0.00229423097334802
0.00234137265942991
0.00257708132266998
0.00130425463430583
0.00157139112707227
0.00193281099200249
0.00152424932457507
0.00142996583599597
0.00152424932457507
0.00193281099200249
0.00212137796916068
0.00160281895659864
0.00109997380059212
0.00278136227279902
0.00257708132266998
0.00216851965524256
0.00454132026061416
0.00520130433142185
0.00424275593832135
0.00281278998591006
0.00311135430820286
0.00205852231010795
0.00136711029335856
0.0015871049836278
0.00218423362821341
0.00270279264077544
0.00197995267808437
0.0026713649276644
0.0225808899849653
0.0630442127585411
0.0509602129459381
0.00999404769390822
0.0026713649276644
0.00120997114572674
0.00103711814153939
0.00160281895659864
0.00260850926861167
0.00232565868645906
0.00240422831848264
0.00394419161602855
0.00386562198400497
0.00219994760118425
0.00240422831848264
0.00223137531429529
0.00460417568683624
0.00575129128992558
0.00243565626442432
0.00227851700037718
0.00284421793185174
0.00259279529564083
0.00138282414991409
0.00160281895659864
0.00103711814153939
0.00284421793185174
0.00391276367008686
0.00193281099200249
0.0036299133207649
0.00526416022330523
0.00444703688845038
0.00256136734969914
0.00172853015828878
0.00131996849086136
0.000864265079144388
0.00120997114572674
0.00216851965524256
0.00229423097334802
0.00232565868645906
0.00300135696306825
0.021873764693737
0.0622585155069828
0.0481317080557346
0.00617556693032384
0.00172853015828878
0.000974262482486665
0.00116282934322953
0.00144567980896682
0.0018856693059206
0.00183852761983871
0.00136711029335856
0.00182281364686787
0.00210566399618983
0.00157139112707227
0.00141425197944045
0.00152424932457507
0.00241994229145348
0.00287564564496279
0.00109997380059212
0.000927120738197118
0.00168138847220689
0.00177567196078598
0.00113140163011849
0.000911406823433936
0.00080140947829932
0.00221566134132445
0.00155567715410143
0.00105283199809492
0.00120997114572674
0.00186995533294976
0.00205852231010795
0.00183852761983871
0.00150853546801954
0.000754267734009773
0.00073855381924659
0.00153996329754591
0.00270279264077544
0.00146139366552234
0.00168138847220689
0.00375562463887036
0.00864265114068985
0.0173010155558586
0.014126805588603
0.00432132557034492
0.00175995798781514
0.00113140163011849
0.00113140163011849
0.0014928214950487
0.0015871049836278
0.00113140163011849
0.000974262482486665
0.00106854597106576
0.00114711548667401
0.00144567980896682
0.00146139366552234
0.00169710232876241
0.00260850926861167
0.0025299396365881
0.00117854331620038
0.000565700815059245
0.00122568500228226
0.00141425197944045
0.00103711814153939
0.0009428346529603
0.000597128586377949
0.00102140416856855
0.00102140416856855
0.00073855381924659
0.0011942571727559
0.00152424932457507
0.000879978993907571
0.00117854331620038
0.00111568765714765
0.000455703411716968
0.000722839904483408
0.00153996329754591
0.00257708132266998
0.0020270945969969
0.00152424932457507
0.00364562729373574
0.0104026086628437
0.0162167567759752
0.00999404769390822
0.00208995002321899
0.00138282414991409
0.00146139366552234
0.00111568765714765
0.000864265079144388
0.000785695563536137
0.000974262482486665
0.000817123334854841
0.000722839904483408
0.000895692908670753
0.00103711814153939
0.00144567980896682
0.00161853281315416
0.00130425463430583
0.000864265079144388
0.000502845156006515
0.000377133867004886
0.000408561667427421
0.000565700815059245
0.000597128586377949
0.000612842501141131
0.000785695563536137
0.00106854597106576
0.00105283199809492
0.000518559070769697
0.000691412074957043
0.000848551164381206
0.000549986900296062
0.000722839904483408
0.000707125989720225
0.000628556415904313
0.000439989496953785
0.0009428346529603
0.00164996064268053
0.000911406823433936
0.000832837249618024
0.0014928214950487
0.00403847498819232
0.00571986334398389
0.00306421262212098
0.000927120738197118
0.000864265079144388
0.000879978993907571
0.000754267734009773
0.000628556415904313
0.000754267734009773
0.00073855381924659
0.000502845156006515
0.000377133867004886
0.000502845156006515
0.000581414671614766
0.00114711548667401
0.00103711814153939
0.00080140947829932
0.000581414671614766
0.000377133867004886
0.000424275582190603
0.000408561667427421
0.000612842501141131
0.000581414671614766
0.00053427298553288
0.00047141732648015
0.00111568765714765
0.00141425197944045
0.00103711814153939
0.00053427298553288
0.00073855381924659
0.000864265079144388
0.000785695563536137
0.000644270330667496
0.000565700815059245
0.000298564293188974
0.000597128586377949
0.00102140416856855
0.00067569816019386
0.00122568500228226
0.00196423893794417
0.00259279529564083
0.00402276124805212
0.0047298870049417
0.00292278733104467
0.000659984245430678
0.000864265079144388
0.000644270330667496
0.000864265079144388
0.000879978993907571
0.000817123334854841
0.000581414671614766
0.000439989496953785
0.000958548567723483
0.0011942571727559
0.00169710232876241
0.0013356824638322
0.00113140163011849
0.00117854331620038
0.00120997114572674
0.000989976339042187
0.0009428346529603
0.00127282680477947
0.000911406823433936
0.000644270330667496
0.000644270330667496
0.0015871049836278
0.00152424932457507
0.0011942571727559
0.000879978993907571
0.00108425982762128
0.00105283199809492
0.000644270330667496
0.000864265079144388
0.000848551164381206
0.000565700815059245
0.000958548567723483
0.00136711029335856
0.00150853546801954
0.00229423097334802
0.00301707093603909
0.00499702384695411
0.00779409985989332
0.0111883040517569
0.00757410516962409
0.00124139897525311
0.00193281099200249
0.00138282414991409
0.00130425463430583
0.00146139366552234
0.00136711029335856
0.00106854597106576
0.00131996849086136
0.00128854066133499
0.000974262482486665
0.00135139632038772
0.00146139366552234
0.00171281630173326
0.00194852496497333
0.00127282680477947
0.00136711029335856
0.00161853281315416
0.000974262482486665
0.000989976339042187
0.000817123334854841
0.0013356824638322
0.00153996329754591
0.00122568500228226
0.000989976339042187
0.00113140163011849
0.00100569031201303
0.000989976339042187
0.00128854066133499
0.00138282414991409
0.000597128586377949
0.000597128586377949
0.00105283199809492
0.00109997380059212
0.000974262482486665
0.00113140163011849
0.000565700815059245
0.000895692908670753
0.00150853546801954
0.00186995533294976
0.00219994760118425
0.00116282934322953
0.00131996849086136
0.000502845156006515
0.000282850407529622
0.000597128586377949
0.0009428346529603
0.000581414671614766
0.000927120738197118
0.000769981648772955
0.00106854597106576
0.00199566665105522
0.00157139112707227
0.00142996583599597
0.00139853800646961
0.000864265079144388
0.000989976339042187
0.00100569031201303
0.000848551164381206
0.00053427298553288
0.000518559070769697
0.000974262482486665
0.00122568500228226
0.000597128586377949
0.00080140947829932
0.000581414671614766
0.00067569816019386
0.000722839904483408
0.000864265079144388
0.000989976339042187
0.000785695563536137
0.000848551164381206
0.000879978993907571
0.000707125989720225
0.000502845156006515
0.00102140416856855
0.00144567980896682
0.00172853015828878
0.00373991066589951
0.00384990824386477
0.00234137265942991
0.000958548567723483
0.000769981648772955
0.000549986900296062
0.000502845156006515
0.000659984245430678
0.000659984245430678
0.00073855381924659
0.000707125989720225
0.000377133867004886
0.000644270330667496
0.00127282680477947
0.00136711029335856
0.000989976339042187
0.00073855381924659
0.000974262482486665
0.000864265079144388
0.000518559070769697
0.000439989496953785
0.00047141732648015
0.000408561667427421
0.000565700815059245
0.000927120738197118
0.000958548567723483
0.000817123334854841
0.0009428346529603
0.000722839904483408
0.00067569816019386
0.000769981648772955
0.000659984245430678
0.000565700815059245
0.000659984245430678
0.000817123334854841
0.00142996583599597
0.00106854597106576
0.00128854066133499
0.00174424413125962
0.00322135165333748
0.00364562729373574
0.00278136227279902
0.00155567715410143
0.000974262482486665
0.000707125989720225
0.000769981648772955
0.000424275582190603
0.000455703411716968
0.000424275582190603
0.000707125989720225
0.00073855381924659
0.000581414671614766
0.000597128586377949
0.000581414671614766
0.000565700815059245
0.000487131241243333
0.00073855381924659
0.0009428346529603
0.000769981648772955
0.000879978993907571
0.0009428346529603
0.000848551164381206
0.000518559070769697
0.000549986900296062
0.000581414671614766
0.000707125989720225
0.000879978993907571
0.00100569031201303
0.000612842501141131
0.000644270330667496
0.00067569816019386
0.000581414671614766
0.000487131241243333
0.000439989496953785
0.00116282934322953
0.00163424666970968
0.00114711548667401
0.00169710232876241
0.000927120738197118
0.00430561136454344
0.0044313226826489
0.0026870786678046
0.00171281630173326
0.00144567980896682
0.000989976339042187
0.000848551164381206
0.000565700815059245
0.000518559070769697
0.000424275582190603
0.000581414671614766
0.000785695563536137
0.000722839904483408
0.000879978993907571
0.000644270330667496
0.00047141732648015
0.000549986900296062
0.000848551164381206
0.000722839904483408
0.000722839904483408
0.000848551164381206
0.000785695563536137
0.000644270330667496
0.000424275582190603
0.000361419952241704
0.000408561667427421
0.000487131241243333
0.000487131241243333
0.000581414671614766
0.000628556415904313
0.000644270330667496
0.00047141732648015
0.000628556415904313
0.000518559070769697
0.000848551164381206
0.00127282680477947
0.00111568765714765
0.000691412074957043
0.00116282934322953
0.00135139632038772
0.0037713386118412
0.00455703400075436
0.00306421262212098
0.00128854066133499
0.00116282934322953
0.000989976339042187
0.000691412074957043
0.000549986900296062
0.000455703411716968
0.000518559070769697
0.000581414671614766
0.00080140947829932
0.000549986900296062
0.00067569816019386
0.000408561667427421
0.000581414671614766
0.00080140947829932
0.000832837249618024
0.000785695563536137
0.000691412074957043
0.000895692908670753
0.000832837249618024
0.000565700815059245
0.00067569816019386
0.000455703411716968
0.00053427298553288
0.000345706037478521
0.000754267734009773
0.000612842501141131
0.000565700815059245
0.000644270330667496
0.000722839904483408
0.00108425982762128
0.000911406823433936
0.000911406823433936
0.00127282680477947
0.0011942571727559
0.000974262482486665
0.00100569031201303
0.00141425197944045
0.00322135165333748
0.00358277163468301
0.0025299396365881
0.000879978993907571
0.00113140163011849
0.000958548567723483
0.000927120738197118
0.000722839904483408
0.000691412074957043
0.000691412074957043
0.000597128586377949
0.00147710763849318
0.00111568765714765
0.000659984245430678
0.000895692908670753
0.00122568500228226
0.00146139366552234
0.00120997114572674
0.000754267734009773
0.00122568500228226
0.0014928214950487
0.00144567980896682
0.00113140163011849
0.00174424413125962
0.0018856693059206
0.00113140163011849
0.00130425463430583
0.00197995267808437
0.00197995267808437
0.00174424413125962
0.00168138847220689
0.00160281895659864
0.00207423628307879
0.00289135961793363
0.00273422058671713
0.00587700260803103
0.00606556935235858
0.00496559590101242
0.00603414187207818
0.00581414718180895
0.0126496981829405
0.0170495938509703
0.0134668219834566
0.00798266660422087
0.0029856429900974
0.00433703931048512
0.00433703931048512
0.00421132799237967
0.00367705523967743
0.00433703931048512
0.00292278733104467
0.0053741573356092
0.00350420200265944
0.00454132026061416
0.00432132557034492
0.00373991066589951
0.00447846436873078
0.00333134899847209
0.00273422058671713
0.00309564033523202
0.00251422566361725
0.00340991863049567
0.0034727742895484
0.00238851434551179
0.0033156352583319
0.00405418919399381
0.0036141995806247
0.0043998952023685
0.00463560363277793
0.00303278467617929
0.00105283199809492
0.00157139112707227
0.00146139366552234
0.00243565626442432
0.00256136734969914
0.00611271150410175
0.00548415491357446
0.00221566134132445
0.00408561667427421
0.00446275062859058
0.00843837019056082
0.0151482103392482
0.0139853805303574
0.005358443595469
0.00265565095469356
0.00246708397753537
0.00194852496497333
0.00213709194213152
0.00212137796916068
0.00227851700037718
0.00147710763849318
0.0015871049836278
0.00128854066133499
0.00246708397753537
0.00219994760118425
0.00153996329754591
0.00179138581734151
0.00067569816019386
0.000958548567723483
0.00102140416856855
0.000659984245430678
0.00122568500228226
0.00103711814153939
0.000502845156006515
0.00144567980896682
0.00139853800646961
0.00164996064268053
0.00219994760118425
0.0026713649276644
0.00180709979031235
0.00117854331620038
0.00067569816019386
0.00108425982762128
0.00117854331620038
0.00180709979031235
0.00353562994860113
0.00241994229145348
0.00175995798781514
0.00234137265942991
0.00281278998591006
0.00411704462021589
0.00493416795507073
0.0047141732648015
0.0025299396365881
0.00193281099200249
0.00164996064268053
0.00100569031201303
0.000989976339042187
0.00127282680477947
0.00122568500228226
0.00139853800646961
0.00169710232876241
0.0015871049836278
0.00175995798781514
0.00160281895659864
0.00146139366552234
0.00146139366552234
0.000848551164381206
0.00105283199809492
0.00113140163011849
0.0011942571727559
0.000927120738197118
0.00130425463430583
0.000581414671614766
0.000879978993907571
0.00114711548667401
0.00153996329754591
0.00136711029335856
0.00141425197944045
0.000974262482486665
0.00125711283180863
0.00108425982762128
0.00153996329754591
0.00161853281315416
0.00182281364686787
0.00293850130401552
0.0014928214950487
0.0020270945969969
0.00139853800646961
0.00197995267808437
0.0026870786678046
0.00600271392613649
0.0047141732648015
0.0029699292499572
0.00213709194213152
0.00212137796916068
0.00120997114572674
0.000958548567723483
0.00136711029335856
0.00113140163011849
0.00160281895659864
0.0015871049836278
0.000691412074957043
0.0013356824638322
0.00147710763849318
0.00111568765714765
0.00131996849086136
0.000691412074957043
0.00127282680477947
0.00152424932457507
0.00135139632038772
0.000785695563536137
0.00114711548667401
0.000911406823433936
0.00135139632038772
0.00152424932457507
0.00179138581734151
0.00160281895659864
0.00180709979031235
0.00124139897525311
0.00113140163011849
0.00127282680477947
0.00147710763849318
0.00160281895659864
0.00161853281315416
0.00270279264077544
0.0020270945969969
0.00166567449923605
0.0025299396365881
0.00175995798781514
0.00507559301331639
0.00743267964571714
0.00575129128992558
