% Type: Spectrum
% Date: 10-DEC-24 17:06:30
% NoOfItems: = 1601
% Unit_Y: = mm/s
% Unit_X: = Hz
% Min_X: = 0
% Max_X: = 1000
% MinDisplay_X: = 0
% MaxDisplay_X: = 1000
0
0
0
0
0.0122034652158618
0.00736590381711721
0.00711306976154447
0.00836038496345282
0.00601745443418622
0.00664111226797104
0.00414648139849305
0.00404534768313169
0.00320256687700748
0.00257890904322267
0.00283174333162606
0.00293287704698741
0.00257890904322267
0.00210695178247988
0.00183726206887513
0.0020900962408632
0.00126417109277099
0.00200581829994917
0.00559606403112412
0.0224179681390524
0.0250642988830805
0.00679281307384372
0.00161813909653574
0.00286545464769006
0.00542750814929605
0.00456787180155516
0.00242720847018063
0.00268004275858402
0.00325313373468816
0.00497240666300058
0.00697822449728847
0.00901775434613228
0.01291140075773
0.0129451127722859
0.0129956789314747
0.592828810214996
1.10463273525238
0.514534533023834
0.00868064165115356
0.00455101625993848
0.00404534768313169
0.00797270610928535
0.00743332644924521
0.00525895180180669
0.00428132619708776
0.00620286632329226
0.00763559341430664
0.00640513375401497
0.00551178632304072
0.00418019248172641
0.00284859887324274
0.00397792505100369
0.00306772184558213
0.00261262035928667
0.00257890904322267
0.00252834218554199
0.00256205350160599
0.00487127294763923
0.0178500972688198
0.0239349734038115
0.00869749765843153
0.00134844915010035
0.000809069548267871
0.000809069548267871
0.000792213890235871
0.000741647090762854
0.00082592514809221
0.0010619037784636
0.00084278074791655
0.000758502690587193
0.00123045989312232
0.00246091978624463
0.00477013923227787
0.00679281307384372
0.00514096254482865
0.0738107413053513
0.129956796765327
0.056921411305666
0.0050398288294673
0.00492183957248926
0.00738275935873389
0.00561292003840208
0.00124731555115432
0.000876492005772889
0.000657368975225836
0.00055623531807214
0.000724791432730854
0.00121360423509032
0.00117989303544164
0.00082592514809221
0.000943914463277906
0.00136530480813235
0.00220808549784124
0.00185411761049181
0.00247777532786131
0.00300029944628477
0.00576462037861347
0.0143609838560224
0.0101639358326793
0.0020900962408632
0.00300029944628477
0.00150014972314239
0.00150014972314239
0.0016687058378011
0.00116303749382496
0.00114618183579296
0.0016855614958331
0.00278117647394538
0.00266318721696734
0.00323627819307148
0.00246091978624463
0.00294973258860409
0.00394421396777034
0.00448359362781048
0.00800641719251871
0.137592390179634
0.220808550715446
0.0856096670031548
0.00989424623548985
0.0087986309081316
0.0101639358326793
0.00997852440923452
0.00387679156847298
0.00173612835351378
0.00131473795045167
0.00126417109277099
0.00117989303544164
0.00244406424462795
0.0026968983002007
0.00107875932008028
0.000623657775577158
0.00148329418152571
0.00207324069924653
0.00153386092279106
0.00197210698388517
0.00165185029618442
0.00165185029618442
0.00418019248172641
0.00316885556094348
0.00372509099543095
0.00532637443393469
0.00224179681390524
0.00161813909653574
0.00133159360848367
0.000809069548267871
0.00176983955316246
0.0017024171538651
0.000893347605597228
0.00126417109277099
0.0010450481204316
0.00153386092279106
0.00323627819307148
0.00296658836305141
0.00225865235552192
0.00237664161249995
0.022401113063097
0.0353462249040604
0.0154060320928693
0.00468586105853319
0.00330370059236884
0.00138216046616435
0.00131473795045167
0.000960770063102245
0.00055623531807214
0.000606802117545158
0.000893347605597228
0.00082592514809221
0.000522524060215801
0.000353967916453257
0.000792213890235871
0.00082592514809221
0.000741647090762854
0.00109561497811228
0.00119674869347364
0.00138216046616435
0.00156757223885506
0.000606802117545158
0.000573090917896479
0.00084278074791655
0.000741647090762854
0.000775358290411532
0.000741647090762854
0.000910203205421567
0.000691080233082175
0.000927058805245906
0.000707935832906514
0.00126417109277099
0.00183726206887513
0.00158442778047174
0.00128102675080299
0.00158442778047174
0.00298344390466809
0.00237664161249995
0.00195525144226849
0.00259576481766999
0.0169736035168171
0.0307277869433165
0.0404703319072723
0.0175466947257519
0.0050398288294673
0.00394421396777034
0.00298344390466809
0.00214066309854388
0.0027306096162647
0.00527580734342337
0.00389364711008966
0.00320256687700748
0.00455101625993848
0.00409591430798173
0.00455101625993848
0.00601745443418622
0.00517467362806201
0.010619037784636
0.00938857719302177
0.00554549740627408
0.00606802152469754
0.00588260963559151
0.0104673365131021
0.00950656644999981
0.0290927924215794
0.0588598065078259
0.0382791012525558
0.0191985461860895
0.0186085999011993
0.0160802565515041
0.0187771543860435
0.0262947604060173
0.0281825885176659
0.0341831892728806
0.0283511448651552
0.0270869731903076
0.0285534113645554
0.0242720860987902
0.0294130481779575
0.0408748649060726
0.166449204087257
0.408698111772537
0.500089228153229
0.180725902318954
0.0279634650796652
0.0310311876237392
0.0229910593479872
0.0177995301783085
0.0113269733265042
0.0118663534522057
0.0130968131124973
0.0112426951527596
0.0149172190576792
0.00906832050532103
0.00660740118473768
0.00795585010200739
0.00809069536626339
0.00916945468634367
0.00758502678945661
0.00505668437108398
0.00402849214151502
0.00478699477389455
0.00524209626019001
0.00352282356470823
0.0113775404170156
0.0242552310228348
0.0199907589703798
0.0105684706941247
0.00728162564337254
0.00401163659989834
0.00423075957223773
0.00627028895542026
0.0037588020786643
0.00647255638614297
0.00512410700321198
0.00620286632329226
0.00573090929538012
0.00665796780958772
0.00839409604668617
0.0162488128989935
0.111179634928703
0.152728721499443
0.0784628912806511
0.0236989948898554
0.0181029308587313
0.00846151914447546
0.00443302653729916
0.00271375407464802
0.00332055613398552
0.00429818173870444
0.00556235294789076
0.00470271660014987
0.00308457762002945
0.00434874882921577
0.00500611774623394
0.00628714449703693
0.00670853490009904
0.00675910152494907
0.0061017326079309
0.0060343099758029
0.00574776483699679
0.00655683409422636
0.00841095205396414
0.00463529396802187
0.00527580734342337
0.00814126245677471
0.00632085558027029
0.0023092192132026
0.00485441694036126
0.00549493031576276
0.00466900551691651
0.00401163659989834
0.00367452413775027
0.00436560437083244
0.00224179681390524
0.00699508003890514
0.0107033159583807
0.010366203263402
0.0126248560845852
0.0139227379113436
0.0589609406888485
0.10676346719265
0.129973649978638
0.0473137125372887
0.0189457107335329
0.0181534979492426
0.0158274229615927
0.00836038496345282
0.00704564712941647
0.00635456666350365
0.00726477010175586
0.00733219273388386
0.00509039591997862
0.00601745443418622
0.00569719774648547
0.00541065260767937
0.00756817124783993
0.0105516146868467
0.00743332644924521
0.00691080233082175
0.0114786736667156
0.012018053792417
0.0237832721322775
0.0170915946364403
0.017007315531373
0.0218111667782068
0.0192322563380003
0.0188108664005995
0.0198896266520023
0.0181029308587313
0.0163162350654602
0.0252497121691704
0.0250137336552143
0.0225696694105864
0.0216931775212288
0.0243395082652569
0.0417176485061646
0.0401669293642044
0.0269352737814188
0.0744175389409065
0.218853309750557
0.265475928783417
0.200851514935493
0.155897587537766
0.087042398750782
0.0775526836514473
0.0711138397455215
0.0262104813009501
0.0182546302676201
0.0261599142104387
0.0286039784550667
0.0188614334911108
0.0128776896744966
0.0121191870421171
0.0172432940453291
0.0125068668276072
0.0109898606315255
0.00753446016460657
0.0116809410974383
0.0173949953168631
0.0113438293337822
0.0107538821175694
0.0116977971047163
0.00571405328810215
0.00734904827550054
0.00493869511410594
0.0105347596108913
0.0149846421554685
0.0134507808834314
0.0137878935784101
0.0087986309081316
0.00795585010200739
0.00621972186490893
0.00509039591997862
0.00854579731822014
0.018018651753664
0.0339303538203239
0.0220808554440737
0.0195019468665123
0.0211706534028053
0.0450719147920609
0.0442797020077705
0.0399140976369381
0.058050736784935
0.0377734340727329
0.0305423736572266
0.0167544819414616
0.00613544369116425
0.0099279573187232
0.017041027545929
0.0161813907325268
0.0131979463621974
0.00822554063051939
0.00623657740652561
0.00817497354000807
0.00753446016460657
0.00648941192775965
0.0055286418646574
0.00655683409422636
0.00967512279748917
0.00547807477414608
0.00765244942158461
0.0108213052153587
0.00707935821264982
0.00628714449703693
0.00864693056792021
0.0100122354924679
0.00830981787294149
0.00696136895567179
0.00874806381762028
0.00755131570622325
0.00675910152494907
0.0067422459833324
0.0105516146868467
0.0116977971047163
0.0131305241957307
0.0191985461860895
0.0122877433896065
0.0171927269548178
0.0191142670810223
0.102313585579395
0.104268833994865
0.0292276367545128
0.017041027545929
0.0139227379113436
0.0268172845244408
0.0213897749781609
0.007938995026052
0.00579833146184683
0.00832667388021946
0.00380936893634498
0.00497240666300058
0.00431503728032112
0.00423075957223773
0.00401163659989834
0.00318571133539081
0.00288231018930674
0.00190468446817249
0.00237664161249995
0.00342168984934688
0.00262947590090334
0.00293287704698741
0.00369137967936695
0.00359024596400559
0.00547807477414608
0.00537694105878472
0.00527580734342337
0.00332055613398552
0.00451730471104383
0.00397792505100369
0.00222494127228856
0.00298344390466809
0.00409591430798173
0.0047532832249999
0.00465214997529984
0.00600059889256954
0.0115629518404603
0.00895033124834299
0.00916945468634367
0.012928256765008
0.0360541604459286
0.0315368548035622
0.0136193372309208
0.0165690705180168
0.00913574360311031
0.0095739895477891
0.0125068668276072
0.00778729422017932
0.00483756139874458
0.0033374116756022
0.00305086630396545
0.00438245991244912
0.0043993154540658
0.00448359362781048
0.00471957214176655
0.00394421396777034
0.00271375407464802
0.00190468446817249
0.00251148664392531
0.0020900962408632
0.00176983955316246
0.00374194653704762
0.00424761511385441
0.00278117647394538
0.0041127703152597
0.00424761511385441
0.00362395728006959
0.00274746515788138
0.00370823522098362
0.00394421396777034
0.00247777532786131
0.00453416025266051
0.00495555065572262
0.00286545464769006
0.00584889855235815
0.0127091333270073
0.0207492616027594
0.00948971137404442
0.00864693056792021
0.0273060966283083
0.100324623286724
0.0866378620266914
0.0184906106442213
0.00859636347740889
0.0066748233512044
0.00832667388021946
0.00950656644999981
0.00569719774648547
0.0027643209323287
0.00335426745004952
0.00549493031576276
0.00509039591997862
0.00335426745004952
0.00219122995622456
0.00278117647394538
0.00345540116541088
0.00316885556094348
0.00330370059236884
0.00330370059236884
0.00308457762002945
0.00342168984934688
0.00298344390466809
0.00274746515788138
0.00294973258860409
0.00296658836305141
0.00121360423509032
0.00345540116541088
0.00222494127228856
0.00338797853328288
0.00350596802309155
0.00291602150537074
0.00396106950938702
0.00389364711008966
0.00291602150537074
0.0023429305292666
0.00505668437108398
0.00583204301074147
0.00444988254457712
0.0067422459833324
0.0225865244865417
0.0590789318084717
0.046083252876997
0.0139395939186215
0.00802327319979668
0.00868064165115356
0.0112764062359929
0.00687709078192711
0.00372509099543095
0.00416333694010973
0.00434874882921577
0.00530951889231801
0.00473642768338323
0.00217437441460788
0.00288231018930674
0.00353967910632491
0.00345540116541088
0.00235978607088327
0.00161813909653574
0.00220808549784124
0.00365766836330295
0.00293287704698741
0.00131473795045167
0.00247777532786131
0.00242720847018063
0.00514096254482865
0.00428132619708776
0.0054612192325294
0.00431503728032112
0.00364081282168627
0.00249463110230863
0.00241035292856395
0.00407905876636505
0.00434874882921577
0.00458472734317183
0.0033711229916662
0.0061691552400589
0.00706250267103314
0.0033374116756022
0.0048207058571279
0.0135856261476874
0.042088471353054
0.0322953574359417
0.00930429995059967
0.00595003226771951
0.00463529396802187
0.0041127703152597
0.00401163659989834
0.00419704802334309
0.00264633167535067
0.00261262035928667
0.0016855614958331
0.00121360423509032
0.00214066309854388
0.00246091978624463
0.00296658836305141
0.00219122995622456
0.00143272732384503
0.00163499463815242
0.00268004275858402
0.00266318721696734
0.00183726206887513
0.00298344390466809
0.00313514447771013
0.0017024171538651
0.00220808549784124
0.00313514447771013
0.00249463110230863
0.00182040641084313
0.00284859887324274
0.00288231018930674
0.00220808549784124
0.00429818173870444
0.00451730471104383
0.00370823522098362
0.00450044916942716
0.00402849214151502
0.00825925171375275
0.00733219273388386
0.0102145029231906
0.0253845565021038
0.0673550367355347
0.049032986164093
0.0151363424956799
0.00675910152494907
0.00394421396777034
0.00839409604668617
0.00497240666300058
0.00434874882921577
0.0037588020786643
0.0044667380861938
0.0051072514615953
0.00544436369091272
0.00407905876636505
0.00203952938318253
0.0038262247107923
0.0051072514615953
0.00399478059262037
0.00365766836330295
0.00396106950938702
0.00471957214176655
0.00490498403087258
0.00308457762002945
0.00293287704698741
0.00313514447771013
0.00402849214151502
0.00505668437108398
0.00532637443393469
0.00342168984934688
0.00332055613398552
0.00315200001932681
0.00372509099543095
0.0103156361728907
0.0103999143466353
0.00399478059262037
0.0034048343077302
0.0167039148509502
0.0237664170563221
0.0143946949392557
0.0168724711984396
0.0525220967829227
0.140272423624992
0.101740494370461
0.0304749514907598
0.0142429945990443
0.0127597004175186
0.021979721263051
0.0153217539191246
0.0113775404170156
0.0124394437298179
0.00852894131094217
0.00734904827550054
0.00739961490035057
0.00714678084477782
0.00771987158805132
0.00729848118498921
0.0101639358326793
0.00923687685281038
0.00777043867856264
0.00886605307459831
0.0113438293337822
0.011765219271183
0.00620286632329226
0.00477013923227787
0.00729848118498921
0.00657369010150433
0.00460158288478851
0.011630374006927
0.0151194864884019
0.0125237219035625
0.00925373286008835
0.00952342245727778
0.014209283515811
0.0104504814371467
0.0101807918399572
0.0123383104801178
0.0614555738866329
0.0690911635756493
0.0190299898386002
0.0107033159583807
0.0410434231162071
0.0578147582709789
0.0502802990376949
0.0442291349172592
0.0269015617668629
0.0270869731903076
0.030828919261694
0.02096838504076
0.0150014972314239
0.011883208528161
0.00579833146184683
0.00642198929563165
0.0054612192325294
0.00595003226771951
0.00891662016510963
0.00960770063102245
0.00483756139874458
0.00684337969869375
0.0037925133947283
0.00804012827575207
0.00901775434613228
0.00623657740652561
0.00790528394281864
0.00927058793604374
0.00777043867856264
0.00579833146184683
0.0048207058571279
0.00783786084502935
0.0100122354924679
0.00809069536626339
0.00571405328810215
0.00534322997555137
0.0050398288294673
0.0068096686154604
0.00822554063051939
0.00699508003890514
0.0217100325971842
0.0186591651290655
0.00895033124834299
0.0128271235153079
0.0384476594626904
0.0951836556196213
0.0616241283714771
0.0184568986296654
0.0158948451280594
0.0148835079744458
0.0148160858079791
0.0110067166388035
0.00653997855260968
0.00498926220461726
0.00650626746937633
0.00426447065547109
0.0023429305292666
0.0026968983002007
0.00385993579402566
0.00284859887324274
0.0038262247107923
0.00404534768313169
0.0017024171538651
0.00321942241862416
0.00229236367158592
0.00227550812996924
0.00374194653704762
0.00293287704698741
0.00242720847018063
0.00254519795998931
0.00165185029618442
0.00165185029618442
0.00254519795998931
0.00364081282168627
0.00274746515788138
0.0021238075569272
0.00241035292856395
0.00281488779000938
0.00219122995622456
0.00278117647394538
0.00559606403112412
0.00502297328785062
0.00293287704698741
0.00529266335070133
0.00736590381711721
0.010231357999146
0.0133665027096868
0.0100122354924679
0.00591632071882486
0.00353967910632491
0.00185411761049181
0.00246091978624463
0.00219122995622456
0.00195525144226849
0.00195525144226849
0.00128102675080299
0.00146643852349371
0.000657368975225836
0.000876492005772889
0.000960770063102245
0.0010450481204316
0.00146643852349371
0.00139901600778103
0.00185411761049181
0.00131473795045167
0.000943914463277906
0.00121360423509032
0.00138216046616435
0.00160128343850374
0.0016855614958331
0.00155071658082306
0.00129788240883499
0.00102819257881492
0.00109561497811228
0.00107875932008028
0.00144958286546171
0.00144958286546171
0.00111247063614428
0.00163499463815242
0.00138216046616435
0.00332055613398552
0.00359024596400559
0.00207324069924653
0.00178669521119446
0.00588260963559151
0.0125911440700293
0.00760188233107328
0.00347225670702755
0.00350596802309155
0.00148329418152571
0.00197210698388517
0.00117989303544164
0.00114618183579296
0.00126417109277099
0.00146643852349371
0.000977625721134245
0.00124731555115432
0.00107875932008028
0.000606802117545158
0.0010450481204316
0.00123045989312232
0.00111247063614428
0.000893347605597228
0.00151700538117439
0.0010619037784636
0.00102819257881492
0.00129788240883499
0.000943914463277906
0.000893347605597228
0.000960770063102245
0.000758502690587193
0.00114618183579296
0.00128102675080299
0.000758502690587193
0.00055623531807214
0.00126417109277099
0.0023092192132026
0.00160128343850374
0.00153386092279106
0.00155071658082306
0.00576462037861347
0.0053937966004014
0.00313514447771013
0.00419704802334309
0.0316379889845848
0.100678585469723
0.0783448964357376
0.0110404277220368
0.00497240666300058
0.00210695178247988
0.00163499463815242
0.00151700538117439
0.00151700538117439
0.00148329418152571
0.000960770063102245
0.000691080233082175
0.000724791432730854
0.00053937966004014
0.000623657775577158
0.000353967916453257
0.000438246002886444
0.000303401058772579
0.000691080233082175
0.000927058805245906
0.00082592514809221
0.000573090917896479
0.000758502690587193
0.00055623531807214
0.000657368975225836
0.00112932617776096
0.00119674869347364
0.000691080233082175
0.000960770063102245
0.00112932617776096
0.000960770063102245
0.00144958286546171
0.00175298401154578
0.000893347605597228
0.000741647090762854
0.000573090917896479
0.00182040641084313
0.00148329418152571
0.000859636347740889
0.000741647090762854
0.00466900551691651
0.0121866101399064
0.00825925171375275
0.00202267384156585
0.00111247063614428
0.00109561497811228
0.00155071658082306
0.00124731555115432
0.000640513375401497
0.000505668460391462
0.00084278074791655
0.00109561497811228
0.00107875932008028
0.000741647090762854
0.000589946517720819
0.000370823545381427
0.000657368975225836
0.00102819257881492
0.00131473795045167
0.00128102675080299
0.000859636347740889
0.000657368975225836
0.000370823545381427
0.000455101602710783
0.000674224575050175
0.00215751864016056
0.0023092192132026
0.000792213890235871
0.000606802117545158
0.000505668460391462
0.000455101602710783
0.000724791432730854
0.000910203205421567
0.000623657775577158
0.00055623531807214
0.000438246002886444
0.000741647090762854
0.000691080233082175
0.000640513375401497
0.000977625721134245
0.0021238075569272
0.00743332644924521
0.0066748233512044
0.00197210698388517
0.000927058805245906
0.000943914463277906
0.000758502690587193
0.00055623531807214
0.000640513375401497
0.000573090917896479
0.000792213890235871
0.000741647090762854
0.000505668460391462
0.00053937966004014
0.000691080233082175
0.000488812860567123
0.000505668460391462
0.000876492005772889
0.00134844915010035
0.00109561497811228
0.00082592514809221
0.000674224575050175
0.000589946517720819
0.000623657775577158
0.00053937966004014
0.000741647090762854
0.000707935832906514
0.000606802117545158
0.000758502690587193
0.000488812860567123
0.000320256687700748
0.000353967916453257
0.00026968983002007
0.000387679145205766
0.000606802117545158
0.000707935832906514
0.00124731555115432
0.000505668460391462
0.000522524060215801
0.000741647090762854
0.00210695178247988
0.00252834218554199
0.00176983955316246
0.00111247063614428
0.00109561497811228
0.000606802117545158
0.00055623531807214
0.000505668460391462
0.000219123001443222
0.000438246002886444
0.000589946517720819
0.000488812860567123
0.000387679145205766
0.000370823545381427
0.000320256687700748
0.000387679145205766
0.000606802117545158
0.000707935832906514
0.000792213890235871
0.000657368975225836
0.000573090917896479
0.000488812860567123
0.000387679145205766
0.000370823545381427
0.000421390373958275
0.000927058805245906
0.0010450481204316
0.000455101602710783
0.000235978615819477
0.000421390373958275
0.000488812860567123
0.000455101602710783
0.000421390373958275
0.000168556143762544
0.000353967916453257
0.00084278074791655
0.00126417109277099
0.000657368975225836
0.000691080233082175
0.000960770063102245
0.00210695178247988
0.00343854539096355
0.00281488779000938
0.00150014972314239
0.00117989303544164
0.000792213890235871
0.00082592514809221
0.000589946517720819
0.000421390373958275
0.000606802117545158
0.000471957231638953
0.000185411772690713
0.000235978615819477
0.000353967916453257
0.00053937966004014
0.000404534774133936
0.000438246002886444
0.00055623531807214
0.000775358290411532
0.000640513375401497
0.000438246002886444
0.000573090917896479
0.000573090917896479
0.00028654545894824
0.000438246002886444
0.000640513375401497
0.000573090917896479
0.000455101602710783
0.000522524060215801
0.000674224575050175
0.00053937966004014
0.000455101602710783
0.000471957231638953
0.000252834230195731
0.000421390373958275
0.000775358290411532
0.00114618183579296
0.000623657775577158
0.00053937966004014
0.000522524060215801
0.00180355086922646
0.00249463110230863
0.00161813909653574
0.000775358290411532
0.000640513375401497
0.000606802117545158
0.000471957231638953
0.000303401058772579
0.00026968983002007
0.000252834230195731
0.000370823545381427
0.000320256687700748
0.000303401058772579
0.000235978615819477
0.000202267387066968
0.000168556143762544
0.000303401058772579
0.000404534774133936
0.000421390373958275
0.000303401058772579
0.000252834230195731
0.000471957231638953
0.000488812860567123
0.000320256687700748
0.000320256687700748
0.00053937966004014
0.000522524060215801
0.000353967916453257
0.000438246002886444
0.000353967916453257
0.000421390373958275
0.000606802117545158
0.00053937966004014
0.000488812860567123
0.00055623531807214
0.000707935832906514
0.00101133692078292
0.000522524060215801
0.000438246002886444
0.00082592514809221
0.00151700538117439
0.00391050288453698
0.00470271660014987
0.00242720847018063
0.000505668460391462
0.000640513375401497
0.000522524060215801
0.000387679145205766
0.000370823545381427
0.000421390373958275
0.000471957231638953
0.000455101602710783
0.000505668460391462
0.000353967916453257
0.000455101602710783
0.000370823545381427
0.000337112287525088
0.000404534774133936
0.000522524060215801
0.000387679145205766
0.000589946517720819
0.000471957231638953
0.000455101602710783
0.000589946517720819
0.000758502690587193
0.00143272732384503
0.00173612835351378
0.00126417109277099
0.000876492005772889
0.000707935832906514
0.000707935832906514
0.000943914463277906
0.00101133692078292
0.000640513375401497
0.000606802117545158
0.00082592514809221
0.00133159360848367
0.0017024171538651
0.00146643852349371
0.00116303749382496
0.0060343099758029
0.01038305927068
0.0124900108203292
0.00771987158805132
0.00247777532786131
0.00161813909653574
0.00150014972314239
0.00187097326852381
0.00161813909653574
0.00134844915010035
0.00151700538117439
0.00150014972314239
0.00185411761049181
0.000994481262750924
0.00123045989312232
0.00158442778047174
0.00128102675080299
0.00136530480813235
0.00232607498764992
0.00136530480813235
0.000876492005772889
0.000876492005772889
0.00121360423509032
0.000792213890235871
0.00143272732384503
0.00161813909653574
0.00214066309854388
0.00193839578423649
0.00133159360848367
0.00141587166581303
0.00153386092279106
0.00190468446817249
0.00160128343850374
0.00102819257881492
0.00112932617776096
0.000775358290411532
0.00112932617776096
0.000876492005772889
0.00101133692078292
0.00193839578423649
0.00261262035928667
0.00293287704698741
0.00171927269548178
0.0017024171538651
0.00112932617776096
0.000927058805245906
0.000775358290411532
0.000657368975225836
0.000606802117545158
0.00055623531807214
0.000421390373958275
0.000421390373958275
0.000623657775577158
0.00055623531807214
0.00084278074791655
0.00084278074791655
0.000505668460391462
0.000353967916453257
0.000691080233082175
0.000960770063102245
0.000623657775577158
0.000522524060215801
0.000438246002886444
0.000505668460391462
0.000589946517720819
0.000758502690587193
0.00117989303544164
0.000758502690587193
0.000691080233082175
0.000707935832906514
0.000775358290411532
0.000893347605597228
0.000691080233082175
0.000640513375401497
0.000303401058772579
0.000589946517720819
0.000674224575050175
0.000758502690587193
0.000809069548267871
0.000741647090762854
0.00178669521119446
0.00247777532786131
0.00300029944628477
0.00202267384156585
0.000674224575050175
0.000505668460391462
0.000573090917896479
0.000573090917896479
0.000522524060215801
0.00028654545894824
0.000455101602710783
0.000337112287525088
0.000606802117545158
0.000606802117545158
0.000657368975225836
0.000471957231638953
0.000320256687700748
0.000370823545381427
0.000353967916453257
0.000724791432730854
0.00053937966004014
0.000370823545381427
0.000438246002886444
0.000387679145205766
0.000303401058772579
0.000471957231638953
0.000893347605597228
0.000792213890235871
0.000657368975225836
0.000691080233082175
0.000674224575050175
0.000724791432730854
0.000522524060215801
0.000674224575050175
0.00053937966004014
0.000589946517720819
0.000809069548267871
0.000758502690587193
0.000707935832906514
0.000674224575050175
0.00244406424462795
0.00318571133539081
0.00256205350160599
0.00129788240883499
0.000505668460391462
0.000775358290411532
0.000910203205421567
0.000691080233082175
0.000455101602710783
0.000438246002886444
0.00026968983002007
0.000438246002886444
0.000522524060215801
0.000404534774133936
0.000353967916453257
0.000353967916453257
0.000606802117545158
0.000775358290411532
0.000589946517720819
0.000488812860567123
0.000573090917896479
0.000657368975225836
0.000758502690587193
0.00055623531807214
0.000707935832906514
0.000741647090762854
0.000640513375401497
0.000438246002886444
0.000471957231638953
0.000455101602710783
0.000674224575050175
0.000606802117545158
0.000438246002886444
0.000623657775577158
0.000691080233082175
0.000674224575050175
0.000455101602710783
0.000707935832906514
0.00123045989312232
0.000876492005772889
0.00112932617776096
0.00232607498764992
0.00237664161249995
0.00192154012620449
0.00111247063614428
0.000876492005772889
0.000741647090762854
0.00028654545894824
0.000606802117545158
0.000640513375401497
0.000573090917896479
0.000573090917896479
0.000404534774133936
0.000252834230195731
0.000387679145205766
0.000505668460391462
0.000455101602710783
0.000691080233082175
0.000471957231638953
0.000353967916453257
0.000421390373958275
0.000606802117545158
0.000370823545381427
0.000455101602710783
0.000438246002886444
0.000455101602710783
0.000370823545381427
0.000303401058772579
0.000471957231638953
0.000741647090762854
0.00082592514809221
0.000623657775577158
0.000421390373958275
0.000455101602710783
0.000387679145205766
0.000657368975225836
0.000657368975225836
0.000488812860567123
0.000792213890235871
0.0010619037784636
0.00136530480813235
0.00160128343850374
0.00195525144226849
0.00141587166581303
0.000893347605597228
0.000707935832906514
0.000505668460391462
0.000387679145205766
0.000252834230195731
0.000573090917896479
0.000623657775577158
0.000320256687700748
0.000370823545381427
0.000353967916453257
0.000522524060215801
0.000404534774133936
0.000455101602710783
0.000792213890235871
0.000657368975225836
0.000320256687700748
0.000522524060215801
0.000455101602710783
0.000370823545381427
0.000421390373958275
0.000370823545381427
0.00028654545894824
0.000404534774133936
0.000505668460391462
0.00055623531807214
0.000522524060215801
0.000455101602710783
0.000387679145205766
0.000471957231638953
0.000471957231638953
0.000488812860567123
0.000792213890235871
0.0010619037784636
0.000893347605597228
0.000674224575050175
0.00114618183579296
0.00214066309854388
0.00338797853328288
0.00294973258860409
0.00156757223885506
0.00101133692078292
0.000775358290411532
0.000623657775577158
0.000370823545381427
0.000353967916453257
0.000387679145205766
0.000488812860567123
0.000623657775577158
0.000657368975225836
0.000387679145205766
0.000657368975225836
0.000691080233082175
0.000404534774133936
0.000674224575050175
0.000691080233082175
0.000775358290411532
0.00102819257881492
0.000994481262750924
0.000792213890235871
0.000623657775577158
0.000876492005772889
0.000910203205421567
0.00109561497811228
0.00121360423509032
0.000522524060215801
0.000775358290411532
0.00116303749382496
0.000707935832906514
0.000657368975225836
0.000707935832906514
0.00082592514809221
0.00123045989312232
0.00139901600778103
0.00136530480813235
0.00146643852349371
0.0023429305292666
0.00409591430798173
0.00473642768338323
0.0050398288294673
0.00414648139849305
0.00355653488077223
0.00220808549784124
0.00136530480813235
0.00126417109277099
0.00107875932008028
0.00124731555115432
0.00215751864016056
0.00261262035928667
0.00261262035928667
0.00176983955316246
0.00241035292856395
0.00188782892655581
0.00200581829994917
0.00357339042238891
0.00306772184558213
0.0027643209323287
0.00305086630396545
0.00200581829994917
0.00220808549784124
0.00207324069924653
0.00171927269548178
0.00455101625993848
0.00495555065572262
0.00235978607088327
0.0027306096162647
0.00313514447771013
0.00214066309854388
0.00300029944628477
0.00289916573092341
0.00310143316164613
0.0033374116756022
0.00367452413775027
0.00293287704698741
0.00305086630396545
0.0027643209323287
0.00480385031551123
0.007804149761796
0.00670853490009904
0.00461843842640519
0.00450044916942716
0.00401163659989834
0.00246091978624463
0.00262947590090334
0.00291602150537074
0.00129788240883499
0.00141587166581303
0.00156757223885506
0.00171927269548178
0.00183726206887513
0.00182040641084313
0.00161813909653574
0.00123045989312232
0.00143272732384503
0.00123045989312232
0.00133159360848367
0.00112932617776096
0.00163499463815242
0.00153386092279106
0.00126417109277099
0.00116303749382496
0.0017024171538651
0.00146643852349371
0.00163499463815242
0.00128102675080299
0.00109561497811228
0.00123045989312232
0.00156757223885506
0.000927058805245906
0.000809069548267871
0.000758502690587193
0.00214066309854388
0.0027306096162647
0.00205638515762985
0.00156757223885506
0.00244406424462795
0.00384308025240898
0.0044667380861938
0.0041127703152597
0.00305086630396545
0.00195525144226849
0.00121360423509032
0.00126417109277099
0.00129788240883499
0.00131473795045167
0.00114618183579296
0.000691080233082175
0.0010450481204316
0.000674224575050175
0.000859636347740889
0.000943914463277906
0.000927058805245906
0.000606802117545158
0.000505668460391462
0.000691080233082175
0.000893347605597228
0.00116303749382496
0.00111247063614428
0.00082592514809221
0.000691080233082175
0.000724791432730854
0.000876492005772889
0.00084278074791655
0.0010619037784636
0.00111247063614428
0.00102819257881492
0.00129788240883499
0.00171927269548178
0.00143272732384503
0.000589946517720819
0.00116303749382496
0.00112932617776096
0.0021238075569272
0.00232607498764992
0.00129788240883499
0.00133159360848367
0.00306772184558213
0.00525895180180669
0.00527580734342337
0.0033374116756022
0.00185411761049181
0.00150014972314239
0.00128102675080299
0.00123045989312232
0.00129788240883499
0.000893347605597228
0.000960770063102245
0.00111247063614428
0.00128102675080299
0.0010619037784636
0.000927058805245906
0.00114618183579296
0.00129788240883499
0.0010619037784636
0.000775358290411532
0.00112932617776096
0.00114618183579296
0.00109561497811228
0.00129788240883499
0.00133159360848367
0.00124731555115432
0.00111247063614428
0.00082592514809221
0.00082592514809221
0.00131473795045167
0.00141587166581303
0.0017024171538651
0.00219122995622456
0.00171927269548178
0.00114618183579296
0.00153386092279106
0.00219122995622456
0.00301715498790145
0.00232607498764992
0.00148329418152571
0.00215751864016056
0.00283174333162606
0.00313514447771013
0.00321942241862416
0.0027306096162647
