% Type: Spectrum
% Date: 10-DEC-24 17:07:24
% NoOfItems: = 1601
% Unit_Y: = mm/s
% Unit_X: = Hz
% Min_X: = 0
% Max_X: = 1000
% MinDisplay_X: = 0
% MaxDisplay_X: = 1000
0
0
0
0
0.0525300204753876
0.0392308570444584
0.0242484696209431
0.0106326621025801
0.00896610133349895
0.00649958988651633
0.00529966549947858
0.0050330157391727
0.00449971621856093
0.00219986122101545
0.00156656780745834
0.00279982341453433
0.00176655524410307
0.00141657725907862
0.00164989591576159
0.00133324926719069
0.000833280733786523
0.00128325237892568
0.00343311671167612
0.0187654830515385
0.0202487222850323
0.00499968463554978
0.00296647939831018
0.00346644804812968
0.00543299037963152
0.00283315451815724
0.00131658359896392
0.00156656780745834
0.00306647317484021
0.00496635353192687
0.00528299994766712
0.0106326621025801
0.0153823625296354
0.0119659118354321
0.0115826027467847
0.586929619312286
1.09218108654022
0.508167922496796
0.00811615493148565
0.00421640044078231
0.00428306311368942
0.00724954251199961
0.00713288318365812
0.00474970042705536
0.00383309158496559
0.00486635975539684
0.00513300951570272
0.00311647006310523
0.00238318298943341
0.00228318921290338
0.00206653634086251
0.000899943232070655
0.00131658359896392
0.00121658993884921
0.00123325549066067
0.00121658993884921
0.0014332429273054
0.00439972244203091
0.0171155873686075
0.0228652246296406
0.00751619227230549
0.0014332429273054
0.000749952683690935
0.000749952683690935
0.000599962135311216
0.000799949513748288
0.000816615123767406
0.000999936950393021
0.000699955853633583
0.000699955853633583
0.00141657725907862
0.00163323024753481
0.0031831325031817
0.00391641957685351
0.0060329525731504
0.0756785571575165
0.133941546082497
0.0623793974518776
0.0060329525731504
0.00609961524605751
0.00868278555572033
0.00564964348450303
0.0012665867106989
0.00133324926719069
0.00153323658742011
0.000583296525292099
0.000449971616035327
0.0012665867106989
0.00156656780745834
0.00106659939046949
0.00129991793073714
0.00131658359896392
0.00158323347568512
0.00164989591576159
0.00241651409305632
0.00294981384649873
0.00358310714364052
0.0113159529864788
0.00786617025732994
0.00228318921290338
0.00279982341453433
0.00263316719792783
0.00228318921290338
0.00278315762989223
0.002183195669204
0.00181655201595277
0.00111659616231918
0.00254983920603991
0.00213319878093898
0.00243317987769842
0.00194987701252103
0.00466637220233679
0.00553298415616155
0.00441638799384236
0.00764951715245843
0.142374351620674
0.233401939272881
0.0981271415948868
0.00801616068929434
0.00633293390274048
0.00638293055817485
0.00576630281284451
0.00423306645825505
0.00186654890421778
0.00108326494228095
0.000999936950393021
0.00121658993884921
0.00246651098132133
0.00278315762989223
0.00108326494228095
0.000766618293710053
0.000766618293710053
0.00193321134429425
0.00168322713579983
0.00111659616231918
0.00108326494228095
0.00149990536738187
0.00411640712991357
0.00293314829468727
0.00353311048820615
0.00508301239460707
0.00268316408619285
0.00253317342139781
0.00219986122101545
0.00148323969915509
0.00149990536738187
0.000949940062128007
0.00104993372224271
0.000866612012032419
0.000649958965368569
0.000949940062128007
0.00224985810928047
0.00186654890421778
0.00131658359896392
0.00188321445602924
0.00959939416497946
0.015232372097671
0.00859945733100176
0.00378309469670057
0.0037164322566241
0.00189988012425601
0.00164989591576159
0.00121658993884921
0.000616627745330334
0.000833280733786523
0.000649958965368569
0.000666624633595347
0.000633293355349451
0.000599962135311216
0.00043330600601621
0.000749952683690935
0.000966605672147125
0.000866612012032419
0.000883277622051537
0.00113326183054596
0.00104993372224271
0.000549965305253863
0.000999936950393021
0.00109993061050773
0.00119992427062243
0.00144990847911686
0.00109993061050773
0.00104993372224271
0.00093327445210889
0.00168322713579983
0.00113326183054596
0.00124992115888745
0.00169989268761128
0.00173322402406484
0.00114992749877274
0.00149990536738187
0.00374976336024702
0.00311647006310523
0.00123325549066067
0.001849883235991
0.0178822055459023
0.0384309068322182
0.0464804023504257
0.0202820543199778
0.00354977604001761
0.00169989268761128
0.001849883235991
0.00279982341453433
0.00203320500440896
0.00316646695137024
0.00309980451129377
0.00296647939831018
0.00504968129098415
0.00459970999509096
0.00338311982341111
0.00594962481409311
0.00799949560314417
0.00679957075044513
0.00856612622737885
0.00639959610998631
0.00533299706876278
0.00544965593144298
0.0100327003747225
0.0130991730839014
0.0328645929694176
0.0687456652522087
0.0577463582158089
0.0405974388122559
0.0245317853987217
0.0198154170066118
0.0258483681827784
0.0414140522480011
0.0467137210071087
0.0410640761256218
0.0351311154663563
0.0327645987272263
0.0213153213262558
0.0257650408893824
0.0205153729766607
0.0362477116286755
0.147973999381065
0.322113007307053
0.505418121814728
0.226952344179153
0.0259483624249697
0.0167489424347878
0.0215819720178843
0.0146824065595865
0.0103660123422742
0.0090660946443677
0.00936607550829649
0.0115159396082163
0.016998928040266
0.00846613291651011
0.00733287073671818
0.00591629324480891
0.00626627122983336
0.0109326438978314
0.012199230492115
0.00824947934597731
0.0038664226885885
0.00366643536835909
0.00458304397761822
0.00659958366304636
0.0105493348091841
0.0208820160478354
0.0163323022425175
0.00963272526860237
0.00336645427159965
0.00234985165297985
0.00448305066674948
0.00739953294396401
0.00728287361562252
0.00563297793269157
0.00614961190149188
0.00613294634968042
0.00536632817238569
0.00436639133840799
0.0067329085431993
0.01613231562078
0.112709552049637
0.140541136264801
0.0680457055568695
0.0317646637558937
0.0145990792661905
0.00584963103756309
0.0037164322566241
0.00233318610116839
0.00353311048820615
0.00536632817238569
0.00416640378534794
0.00316646695137024
0.00438305689021945
0.00321646360680461
0.00424973201006651
0.00523300329223275
0.00608294969424605
0.00633293390274048
0.00511634396389127
0.00331645738333464
0.00291648274287581
0.00559964682906866
0.0100826974958181
0.00549965305253863
0.00598295591771603
0.00793283246457577
0.00449971621856093
0.00169989268761128
0.00296647939831018
0.00288315140642226
0.00211653322912753
0.00404974445700645
0.00583296548575163
0.00563297793269157
0.0037164322566241
0.00718288030475378
0.0132991606369615
0.00913275685161352
0.00874944776296616
0.0150657156482339
0.0716788098216057
0.123108901083469
0.135474786162376
0.0564297735691071
0.00739953294396401
0.0219986122101545
0.018648823723197
0.00798282958567143
0.00811615493148565
0.0115659367293119
0.0109659750014544
0.00754952384158969
0.00584963103756309
0.0065495865419507
0.00728287361562252
0.00748286116868258
0.00798282958567143
0.00594962481409311
0.00571630615741014
0.00779950805008411
0.00846613291651011
0.0189321395009756
0.0285148676484823
0.0146324103698134
0.0214986428618431
0.0254150629043579
0.0182321835309267
0.0136658046394587
0.0129825137555599
0.0136658046394587
0.0194487720727921
0.0229985490441322
0.0241318102926016
0.0210486724972725
0.0160989835858345
0.0302980877459049
0.0478636473417282
0.0233651921153069
0.0482469573616982
0.115859359502792
0.25575053691864
0.268933027982712
0.173955693840981
0.126208707690239
0.0774451121687889
0.0432639382779598
0.0594629161059856
0.0318146608769894
0.0135324792936444
0.0242984667420387
0.0211486648768187
0.00794949848204851
0.00746619561687112
0.0107993185520172
0.00793283246457577
0.00754952384158969
0.00933274440467358
0.0106159970164299
0.00918275397270918
0.0133491577580571
0.012632536701858
0.00901609752327204
0.0121325673535466
0.00751619227230549
0.00649958988651633
0.00599962146952748
0.00626627122983336
0.0112992869690061
0.0120325740426779
0.00831614155322313
0.0045497128739953
0.00663291476666927
0.00934941042214632
0.0083994697779417
0.00388308824039996
0.0189988017082214
0.0407140962779522
0.0351477824151516
0.0202153902500868
0.0203320495784283
0.0249317605048418
0.0404307805001736
0.0435972474515438
0.0539799258112907
0.027464933693409
0.0278649087995291
0.0163822993636131
0.0122158955782652
0.00466637220233679
0.009916041046381
0.00948273483663797
0.00713288318365812
0.00784950517117977
0.0089161042124033
0.00813282001763582
0.00831614155322313
0.00938274152576923
0.00848279800266027
0.00799949560314417
0.00989937502890825
0.0050330157391727
0.00711621763184667
0.0106493281200528
0.00624960567802191
0.00493302196264267
0.00653292099013925
0.00721621140837669
0.0114326123148203
0.0112492898479104
0.00793283246457577
0.00683290231972933
0.0060329525731504
0.00714954873546958
0.00733287073671818
0.00844946689903736
0.00664958031848073
0.0224819146096706
0.0242818016558886
0.0184321701526642
0.029831450432539
0.109859734773636
0.0988770946860313
0.0211319997906685
0.0183321759104729
0.0175988897681236
0.0212986562401056
0.0117992553859949
0.00504968129098415
0.00561631238088012
0.00786617025732994
0.00543299037963152
0.00543299037963152
0.00343311671167612
0.00159989902749658
0.00296647939831018
0.00234985165297985
0.00244984542950988
0.00353311048820615
0.0038664226885885
0.00411640712991357
0.00268316408619285
0.00358310714364052
0.00509967841207981
0.00404974445700645
0.00579963391646743
0.00594962481409311
0.0052163377404213
0.0045497128739953
0.00409974111244082
0.00349977915175259
0.00373309780843556
0.005549649707973
0.00408307556062937
0.00234985165297985
0.0031831325031817
0.00513300951570272
0.0139991166070104
0.0148990601301193
0.0113159529864788
0.0146490754559636
0.0387142226099968
0.0329979173839092
0.0165489558130503
0.0232485327869654
0.0083994697779417
0.0107659874483943
0.0119159147143364
0.00631626835092902
0.00344978226348758
0.00456637842580676
0.0065495865419507
0.00606628367677331
0.00368310092017055
0.00254983920603991
0.00363310403190553
0.00321646360680461
0.00231652054935694
0.00233318610116839
0.00206653634086251
0.00241651409305632
0.00334978871978819
0.00506634684279561
0.00771617982536554
0.00494968751445413
0.0028498200699687
0.00256650475785136
0.00444971909746528
0.00358310714364052
0.003699766471982
0.00249984231777489
0.00261650164611638
0.0037164322566241
0.00291648274287581
0.00209986744448543
0.00336645427159965
0.0107826525345445
0.0187488161027431
0.0131658362224698
0.012199230492115
0.0298814475536346
0.0967438966035843
0.0799449533224106
0.0155656840652227
0.0111659625545144
0.00618294300511479
0.00901609752327204
0.0100327003747225
0.00319979805499315
0.00448305066674948
0.00579963391646743
0.00363310403190553
0.00354977604001761
0.00453304732218385
0.00279982341453433
0.00259983586147428
0.00289981695823371
0.0031831325031817
0.00258317030966282
0.00324979494325817
0.00399974780157208
0.00406641000881791
0.00191654579248279
0.00293314829468727
0.00243317987769842
0.00208320189267397
0.00288315140642226
0.0021665298845619
0.00193321134429425
0.00333312293514609
0.00323312939144671
0.0037164322566241
0.00324979494325817
0.00263316719792783
0.00359977292828262
0.00439972244203091
0.00349977915175259
0.00431639421731234
0.00593295879662037
0.00704955542460084
0.0206486973911524
0.054779876023531
0.0425473153591156
0.0137158008292317
0.00553298415616155
0.0106159970164299
0.0128325233235955
0.00824947934597731
0.00483302818611264
0.00576630281284451
0.00444971909746528
0.00214986433275044
0.0028664858546108
0.0028664858546108
0.00194987701252103
0.00308313872665167
0.00299981073476374
0.00213319878093898
0.00149990536738187
0.00244984542950988
0.00263316719792783
0.00278315762989223
0.00283315451815724
0.00309980451129377
0.00249984231777489
0.00456637842580676
0.00426639756187797
0.00306647317484021
0.00289981695823371
0.00236651743762195
0.00211653322912753
0.00314980116672814
0.00356644159182906
0.00234985165297985
0.00268316408619285
0.00321646360680461
0.00613294634968042
0.0108326496556401
0.00929941330105066
0.00413307268172503
0.0154323596507311
0.0394475124776363
0.0292814858257771
0.0135491453111172
0.00646625878289342
0.00553298415616155
0.00729953963309526
0.00533299706876278
0.00326646049506962
0.0037164322566241
0.00276649207808077
0.00298314518295228
0.0028498200699687
0.00296647939831018
0.00248317676596344
0.0020165394525975
0.00349977915175259
0.00268316408619285
0.00194987701252103
0.00253317342139781
0.00193321134429425
0.00123325549066067
0.00214986433275044
0.0030164762865752
0.002183195669204
0.00261650164611638
0.00339978537522256
0.00346644804812968
0.00256650475785136
0.00253317342139781
0.00219986122101545
0.00373309780843556
0.00541632482782006
0.00388308824039996
0.00328312627971172
0.00361643848009408
0.00684956787154078
0.00774951092898846
0.0086161233484745
0.00638293055817485
0.0304480791091919
0.0667291209101677
0.0492468923330307
0.0179155357182026
0.00734953628852963
0.00874944776296616
0.00726620806381106
0.00388308824039996
0.00394975068047643
0.00576630281284451
0.00538299372419715
0.00378309469670057
0.0026998296380043
0.00188321445602924
0.00306647317484021
0.0028498200699687
0.0026998296380043
0.00311647006310523
0.00348311359994113
0.00456637842580676
0.00388308824039996
0.00293314829468727
0.00294981384649873
0.00346644804812968
0.00446638464927673
0.00373309780843556
0.00351644470356405
0.00391641957685351
0.00541632482782006
0.00594962481409311
0.00609961524605751
0.00329979183152318
0.0093994066119194
0.0100993625819683
0.00388308824039996
0.00579963391646743
0.0139324543997645
0.015982324257493
0.0094660697504878
0.0104660065844655
0.0624627247452736
0.141324415802956
0.0926941484212875
0.0286315269768238
0.0190654639154673
0.018648823723197
0.0221819337457418
0.0150490505620837
0.00953273195773363
0.0116159338504076
0.00824947934597731
0.00619960902258754
0.00731620518490672
0.00671624299138784
0.0104326754808426
0.0107993185520172
0.00761618604883552
0.00701622385531664
0.00718288030475378
0.00678290519863367
0.00826614536345005
0.00813282001763582
0.00971605349332094
0.0104160094633698
0.0045497128739953
0.00821614824235439
0.00846613291651011
0.0138657921925187
0.0161489807069302
0.0107493214309216
0.00828281044960022
0.00724954251199961
0.0120825711637735
0.0144324228167534
0.0138324601575732
0.0166656151413918
0.0561464577913284
0.074295312166214
0.0240318179130554
0.0200320687144995
0.0375976264476776
0.0645125955343246
0.0626627132296562
0.0349144637584686
0.0230152141302824
0.0246484447270632
0.0212986562401056
0.00913275685161352
0.0127325300127268
0.0137657979503274
0.00813282001763582
0.00561631238088012
0.0070328894071281
0.0075828549452126
0.00661624921485782
0.00619960902258754
0.0047330348752439
0.0047330348752439
0.00523300329223275
0.00379976024851203
0.00309980451129377
0.00373309780843556
0.00678290519863367
0.00539965927600861
0.004033078905195
0.00618294300511479
0.00598295591771603
0.00423306645825505
0.00409974111244082
0.003699766471982
0.00504968129098415
0.00746619561687112
0.00626627122983336
0.00768284872174263
0.00751619227230549
0.0109826400876045
0.0247651040554047
0.0323646254837513
0.0192487854510546
0.0136824697256088
0.0488802492618561
0.0820781514048576
0.044697180390358
0.0216153021901846
0.01318250130862
0.0137991290539503
0.0176488868892193
0.0127825271338224
0.00754952384158969
0.00384975713677704
0.00653292099013925
0.0041830693371594
0.00414973823353648
0.00339978537522256
0.00349977915175259
0.00399974780157208
0.00259983586147428
0.0028498200699687
0.00363310403190553
0.00169989268761128
0.00114992749877274
0.00273316097445786
0.005549649707973
0.00484969420358539
0.00304980762302876
0.00329979183152318
0.00379976024851203
0.00324979494325817
0.003699766471982
0.00234985165297985
0.00213319878093898
0.0038664226885885
0.00429972866550088
0.00349977915175259
0.00154990225564688
0.00288315140642226
0.00624960567802191
0.00833280757069588
0.00601628702133894
0.00553298415616155
0.00766618316993117
0.00633293390274048
0.00996603816747665
0.00724954251199961
0.00528299994766712
0.00399974780157208
0.00463304109871387
0.003699766471982
0.00259983586147428
0.00194987701252103
0.002183195669204
0.00138324603904039
0.00146657414734364
0.00138324603904039
0.00148323969915509
0.0014332429273054
0.0012665867106989
0.00136658048722893
0.00156656780745834
0.00121658993884921
0.000799949513748288
0.00109993061050773
0.00131658359896392
0.00171655835583806
0.002183195669204
0.00154990225564688
0.00249984231777489
0.00196654256433249
0.00154990225564688
0.00131658359896392
0.00123325549066067
0.00158323347568512
0.00193321134429425
0.00139991170726717
0.00108326494228095
0.00109993061050773
0.00393308512866497
0.00474970042705536
0.00288315140642226
0.00293314829468727
0.00878277886658907
0.0145324161276221
0.00873278267681599
0.00506634684279561
0.00409974111244082
0.00238318298943341
0.00228318921290338
0.00204987055622041
0.00138324603904039
0.00114992749877274
0.00158323347568512
0.00109993061050773
0.000749952683690935
0.000599962135311216
0.000483302836073562
0.000583296525292099
0.000866612012032419
0.00119992427062243
0.000916608842089772
0.000749952683690935
0.000533299695234746
0.000699955853633583
0.00123325549066067
0.00138324603904039
0.00106659939046949
0.00124992115888745
0.00141657725907862
0.000916608842089772
0.000599962135311216
0.00043330600601621
0.000783283903729171
0.0012665867106989
0.00131658359896392
0.00113326183054596
0.000983271282166243
0.00123325549066067
0.00436639133840799
0.00443305354565382
0.00124992115888745
0.00401641335338354
0.0340645164251327
0.109526425600052
0.086911179125309
0.0133158266544342
0.00396641623228788
0.00256650475785136
0.00173322402406484
0.00159989902749658
0.0011665930505842
0.00128325237892568
0.000999936950393021
0.000683290243614465
0.000766618293710053
0.000883277622051537
0.000699955853633583
0.000483302836073562
0.000566630915272981
0.000549965305253863
0.000866612012032419
0.000649958965368569
0.00043330600601621
0.000816615123767406
0.000666624633595347
0.000833280733786523
0.000649958965368569
0.000899943232070655
0.000999936950393021
0.000533299695234746
0.000549965305253863
0.000533299695234746
0.000666624633595347
0.0007166214636527
0.000833280733786523
0.000666624633595347
0.000416640366893262
0.00106659939046949
0.00193321134429425
0.00176655524410307
0.00109993061050773
0.00136658048722893
0.00429972866550088
0.011999242939055
0.0112826218828559
0.00359977292828262
0.00139991170726717
0.000816615123767406
0.000883277622051537
0.000899943232070655
0.000849946343805641
0.000833280733786523
0.000749952683690935
0.000983271282166243
0.0007166214636527
0.000783283903729171
0.000666624633595347
0.000416640366893262
0.000566630915272981
0.00119992427062243
0.00101660250220448
0.000483302836073562
0.000466637226054445
0.00106659939046949
0.000816615123767406
0.000466637226054445
0.00043330600601621
0.00189988012425601
0.00204987055622041
0.000549965305253863
0.00043330600601621
0.000499968475196511
0.000633293355349451
0.000383309146855026
0.000733287073671818
0.000666624633595347
0.000449971616035327
0.000499968475196511
0.000516634085215628
0.000749952683690935
0.000583296525292099
0.00093327445210889
0.00478303153067827
0.0130991730839014
0.00999936927109957
0.00198320811614394
0.000816615123767406
0.000599962135311216
0.000799949513748288
0.000749952683690935
0.000633293355349451
0.000533299695234746
0.000549965305253863
0.000516634085215628
0.000566630915272981
0.000649958965368569
0.000633293355349451
0.000499968475196511
0.000333312316797674
0.000733287073671818
0.000883277622051537
0.000616627745330334
0.00043330600601621
0.000533299695234746
0.000366643536835909
0.000366643536835909
0.000649958965368569
0.000533299695234746
0.000616627745330334
0.000633293355349451
0.000566630915272981
0.000749952683690935
0.000516634085215628
0.000316646677674726
0.00043330600601621
0.000349977926816791
0.00028331545763649
0.000583296525292099
0.0017498895758763
0.00191654579248279
0.00104993372224271
0.0007166214636527
0.0017498895758763
0.00398308178409934
0.00379976024851203
0.00144990847911686
0.000966605672147125
0.000633293355349451
0.000816615123767406
0.000633293355349451
0.000299981067655608
0.000266649847617373
0.000349977926816791
0.000449971616035327
0.000349977926816791
0.000516634085215628
0.000499968475196511
0.000383309146855026
0.000399974756874144
0.000366643536835909
0.000466637226054445
0.000499968475196511
0.000299981067655608
0.000383309146855026
0.000566630915272981
0.000599962135311216
0.000533299695234746
0.000899943232070655
0.000883277622051537
0.000316646677674726
0.000349977926816791
0.000516634085215628
0.000666624633595347
0.000599962135311216
0.000599962135311216
0.000583296525292099
0.000483302836073562
0.000783283903729171
0.00169989268761128
0.00156656780745834
0.000883277622051537
0.0007166214636527
0.00193321134429425
0.0028498200699687
0.00253317342139781
0.00134991481900215
0.00139991170726717
0.00106659939046949
0.000766618293710053
0.000583296525292099
0.000483302836073562
0.000399974756874144
0.000349977926816791
0.00028331545763649
0.00028331545763649
0.000383309146855026
0.000333312316797674
0.000349977926816791
0.000366643536835909
0.000399974756874144
0.000549965305253863
0.000499968475196511
0.000449971616035327
0.000366643536835909
0.000533299695234746
0.000583296525292099
0.000399974756874144
0.000316646677674726
0.000149990533827804
0.00043330600601621
0.000383309146855026
0.000349977926816791
0.000466637226054445
0.000466637226054445
0.000766618293710053
0.000533299695234746
0.000366643536835909
0.000766618293710053
0.00158323347568512
0.00149990536738187
0.000733287073671818
0.00101660250220448
0.00178322079591453
0.0017498895758763
0.00108326494228095
0.000999936950393021
0.000533299695234746
0.000299981067655608
0.000316646677674726
0.000449971616035327
0.000533299695234746
0.000349977926816791
0.000249984237598255
0.00028331545763649
0.000233318613027222
0.000149990533827804
0.000199987378437072
0.000199987378437072
0.000333312316797674
0.000366643536835909
0.00028331545763649
0.000216653003008105
0.000449971616035327
0.000499968475196511
0.000516634085215628
0.000349977926816791
0.000216653003008105
0.000466637226054445
0.000499968475196511
0.000549965305253863
0.000449971616035327
0.000416640366893262
0.000266649847617373
0.000416640366893262
0.000349977926816791
0.000449971616035327
0.000349977926816791
0.000383309146855026
0.000866612012032419
0.000783283903729171
0.000766618293710053
0.0011665930505842
0.00156656780745834
0.00231652054935694
0.00304980762302876
0.00229985499754548
0.000799949513748288
0.000266649847617373
0.000349977926816791
0.000383309146855026
0.000299981067655608
0.000366643536835909
0.000483302836073562
0.000449971616035327
0.000633293355349451
0.000533299695234746
0.000249984237598255
0.000383309146855026
0.00028331545763649
0.000349977926816791
0.000549965305253863
0.000416640366893262
0.00043330600601621
0.000233318613027222
0.000249984237598255
0.000383309146855026
0.000666624633595347
0.00139991170726717
0.00141657725907862
0.000849946343805641
0.000416640366893262
0.000533299695234746
0.000766618293710053
0.000566630915272981
0.000683290243614465
0.00109993061050773
0.000549965305253863
0.0007166214636527
0.000949940062128007
0.00106659939046949
0.00128325237892568
0.00333312293514609
0.00766618316993117
0.00574963726103306
0.00846613291651011
0.00574963726103306
0.00144990847911686
0.000583296525292099
0.00129991793073714
0.00176655524410307
0.00171655835583806
0.0017498895758763
0.00148323969915509
0.00118325871881098
0.00173322402406484
0.0011665930505842
0.000833280733786523
0.000749952683690935
0.000966605672147125
0.00139991170726717
0.00164989591576159
0.00129991793073714
0.00129991793073714
0.0012665867106989
0.000849946343805641
0.000399974756874144
0.0011665930505842
0.00128325237892568
0.00148323969915509
0.00114992749877274
0.000749952683690935
0.00106659939046949
0.00121658993884921
0.00103326817043126
0.00131658359896392
0.0011665930505842
0.00104993372224271
0.0007166214636527
0.000733287073671818
0.00129991793073714
0.000733287073671818
0.00121658993884921
0.00259983586147428
0.00291648274287581
0.00251650786958635
0.00276649207808077
0.00139991170726717
0.000899943232070655
0.000899943232070655
0.000916608842089772
0.000699955853633583
0.000833280733786523
0.000766618293710053
0.000449971616035327
0.000449971616035327
0.000783283903729171
0.000583296525292099
0.000416640366893262
0.0007166214636527
0.000899943232070655
0.000783283903729171
0.000533299695234746
0.000616627745330334
0.000666624633595347
0.000549965305253863
0.000666624633595347
0.000816615123767406
0.000849946343805641
0.00104993372224271
0.00103326817043126
0.000649958965368569
0.000533299695234746
0.000416640366893262
0.000733287073671818
0.000799949513748288
0.000516634085215628
0.000483302836073562
0.000666624633595347
0.000866612012032419
0.000866612012032419
0.000749952683690935
0.00131658359896392
0.00244984542950988
0.00229985499754548
0.00231652054935694
0.00158323347568512
0.000966605672147125
0.000599962135311216
0.000383309146855026
0.000499968475196511
0.000516634085215628
0.000383309146855026
0.000616627745330334
0.000566630915272981
0.000599962135311216
0.000683290243614465
0.000399974756874144
0.00043330600601621
0.000599962135311216
0.000633293355349451
0.000649958965368569
0.000683290243614465
0.000549965305253863
0.000516634085215628
0.000399974756874144
0.000249984237598255
0.00043330600601621
0.000449971616035327
0.000499968475196511
0.000816615123767406
0.000599962135311216
0.000316646677674726
0.000516634085215628
0.000616627745330334
0.000383309146855026
0.000399974756874144
0.000449971616035327
0.000733287073671818
0.000583296525292099
0.000583296525292099
0.000416640366893262
0.000616627745330334
0.00163323024753481
0.0021665298845619
0.0028664858546108
0.00149990536738187
0.000866612012032419
0.0007166214636527
0.000749952683690935
0.000733287073671818
0.000566630915272981
0.000416640366893262
0.000566630915272981
0.000683290243614465
0.000466637226054445
0.000366643536835909
0.000516634085215628
0.000466637226054445
0.000649958965368569
0.000599962135311216
0.000533299695234746
0.000516634085215628
0.000549965305253863
0.000649958965368569
0.000799949513748288
0.0007166214636527
0.000449971616035327
0.000566630915272981
0.000766618293710053
0.000799949513748288
0.000449971616035327
0.000483302836073562
0.000449971616035327
0.000549965305253863
0.0007166214636527
0.000516634085215628
0.000416640366893262
0.000599962135311216
0.000783283903729171
0.00103326817043126
0.00136658048722893
0.00114992749877274
0.00108326494228095
0.00158323347568512
0.00231652054935694
0.00171655835583806
0.000599962135311216
0.000883277622051537
0.00093327445210889
0.000866612012032419
0.000649958965368569
0.000633293355349451
0.000383309146855026
0.000416640366893262
0.000483302836073562
0.00043330600601621
0.000583296525292099
0.000599962135311216
0.000566630915272981
0.000366643536835909
0.000483302836073562
0.000416640366893262
0.000549965305253863
0.000516634085215628
0.000299981067655608
0.000449971616035327
0.000583296525292099
0.000616627745330334
0.000633293355349451
0.000699955853633583
0.000499968475196511
0.000316646677674726
0.000349977926816791
0.000599962135311216
0.000616627745330334
0.000449971616035327
0.000466637226054445
0.000483302836073562
0.000749952683690935
0.000766618293710053
0.000799949513748288
0.00136658048722893
0.00204987055622041
0.00209986744448543
0.00158323347568512
0.00129991793073714
0.000499968475196511
0.000616627745330334
0.000816615123767406
0.0007166214636527
0.000583296525292099
0.000349977926816791
0.000399974756874144
0.000349977926816791
0.000483302836073562
0.000366643536835909
0.000533299695234746
0.000516634085215628
0.000349977926816791
0.000333312316797674
0.000416640366893262
0.000383309146855026
0.000516634085215628
0.000383309146855026
0.000199987378437072
0.000216653003008105
0.00043330600601621
0.000483302836073562
0.000416640366893262
0.000199987378437072
0.000183321768417954
0.000349977926816791
0.000516634085215628
0.000466637226054445
0.000699955853633583
0.000699955853633583
0.000499968475196511
0.000449971616035327
0.000649958965368569
0.000949940062128007
0.000999936950393021
0.00203320500440896
0.00223319232463837
0.00206653634086251
0.00244984542950988
0.00164989591576159
0.000966605672147125
0.000733287073671818
0.000666624633595347
0.000616627745330334
0.000599962135311216
0.000299981067655608
0.000583296525292099
0.000699955853633583
0.000449971616035327
0.000466637226054445
0.000599962135311216
0.000633293355349451
0.000383309146855026
0.000366643536835909
0.000483302836073562
0.000599962135311216
0.000366643536835909
0.000399974756874144
0.000583296525292099
0.000383309146855026
0.00114992749877274
0.00131658359896392
0.00103326817043126
0.000616627745330334
0.000749952683690935
0.000883277622051537
0.000966605672147125
0.000766618293710053
0.00119992427062243
0.00118325871881098
0.00118325871881098
0.00124992115888745
0.00119992427062243
0.00101660250220448
0.00114992749877274
0.00181655201595277
0.00259983586147428
0.00378309469670057
0.00453304732218385
0.0050330157391727
0.00411640712991357
0.0028664858546108
0.00203320500440896
0.00141657725907862
0.00193321134429425
0.00273316097445786
0.00203320500440896
0.00133324926719069
0.00156656780745834
0.00156656780745834
0.00173322402406484
0.00204987055622041
0.00204987055622041
0.00299981073476374
0.0028498200699687
0.00209986744448543
0.00223319232463837
0.00233318610116839
0.00251650786958635
0.00351644470356405
0.00331645738333464
0.00294981384649873
0.00306647317484021
0.003699766471982
0.00358310714364052
0.00308313872665167
0.00298314518295228
0.00444971909746528
0.00436639133840799
0.00331645738333464
0.00344978226348758
0.00491635641083121
0.00653292099013925
0.00581629946827889
0.00684956787154078
0.00568297458812594
0.00583296548575163
0.00711621763184667
0.00591629324480891
0.00526633439585567
0.00594962481409311
0.00519967172294855
0.00279982341453433
0.00231652054935694
0.00176655524410307
0.00199987390078604
0.00208320189267397
0.00241651409305632
0.00254983920603991
0.00191654579248279
0.0020165394525975
0.00161656469572335
0.00158323347568512
0.00178322079591453
0.0012665867106989
0.000883277622051537
0.0011665930505842
0.00118325871881098
0.000749952683690935
0.00203320500440896
0.00211653322912753
0.00224985810928047
0.00206653634086251
0.00141657725907862
0.0012665867106989
0.00146657414734364
0.00178322079591453
0.00161656469572335
0.000983271282166243
0.00136658048722893
0.00183321768417954
0.00311647006310523
0.00351644470356405
0.00268316408619285
0.00153323658742011
0.00303314183838665
0.00274982652626932
0.00171655835583806
0.00193321134429425
0.00213319878093898
0.00253317342139781
0.00163323024753481
0.00163323024753481
0.00153323658742011
0.00114992749877274
0.00156656780745834
0.00164989591576159
0.000899943232070655
0.000533299695234746
0.00128325237892568
0.00169989268761128
0.00131658359896392
0.00158323347568512
0.00128325237892568
0.00146657414734364
0.000966605672147125
0.00108326494228095
0.00146657414734364
0.00149990536738187
0.0014332429273054
0.00208320189267397
0.00213319878093898
0.0020165394525975
0.00173322402406484
0.00114992749877274
0.000516634085215628
0.00101660250220448
0.00169989268761128
0.00158323347568512
0.000783283903729171
0.00133324926719069
0.00154990225564688
0.00196654256433249
0.000999936950393021
0.00266649853438139
0.00423306645825505
0.00496635353192687
0.00491635641083121
0.00448305066674948
0.0031831325031817
0.00241651409305632
0.00254983920603991
0.00181655201595277
0.00118325871881098
0.00109993061050773
0.00128325237892568
0.00114992749877274
0.000799949513748288
0.00114992749877274
0.00139991170726717
0.00124992115888745
0.000916608842089772
0.00173322402406484
0.00148323969915509
0.00124992115888745
0.00153323658742011
0.00154990225564688
0.00169989268761128
0.00121658993884921
0.00136658048722893
0.0014332429273054
0.0012665867106989
0.00123325549066067
0.00156656780745834
0.00161656469572335
0.00119992427062243
0.00138324603904039
0.00139991170726717
0.00156656780745834
0.00164989591576159
0.00149990536738187
0.00276649207808077
0.00328312627971172
0.00266649853438139
0.00148323969915509
0.00151657091919333
0.00168322713579983
0.00233318610116839
0.00209986744448543
