% Type: Spectrum
% Date: 11-DEC-24 12:27:18
% NoOfItems: = 1601
% Unit_Y: = dB
% Unit_X: = Hz
% Min_X: = 0
% Max_X: = 1000
% MinDisplay_X: = 0
% MaxDisplay_X: = 1000
0
0
0
0
0.0112879695370793
0.0135747566819191
0.0138788502663374
0.00765100540593266
0.0056318212300539
0.00462222890928388
0.00433029886335135
0.00429380731657147
0.00244491593912244
0.00255438964813948
0.00223813182674348
0.00529123563319445
0.00575345847755671
0.00418433360755444
0.00509661575779319
0.00480468524619937
0.00300444872118533
0.0015447975602001
0.00353965419344604
0.0106311263516545
0.010983875952661
0.00330854277126491
0.00200702040456235
0.0036248005926609
0.00499930558726192
0.00384374824352562
0.00316257774829865
0.0019097103504464
0.00222596805542707
0.00351532688364387
0.00402620481327176
0.00417217006906867
0.00576562248170376
0.00707930838689208
0.00897685531526804
0.420051127672195
0.797152042388916
0.379849910736084
0.00430597132071853
0.00324772414751351
0.00169076269958168
0.00273684621788561
0.00198269286192954
0.0019097103504464
0.00233544199727476
0.00145965127740055
0.00109473848715425
0.00165427138563246
0.00153263378888369
0.0013623412232846
0.00124070351012051
0.00113122968468815
0.000936609576456249
0.000608188041951507
0.000717661867383868
0.000717661867383868
0.00205567548982799
0.00616702670231462
0.00661708554252982
0.00467088399454951
0.00165427138563246
0.000644679297693074
0.000717661867383868
0.000827135692816228
0.00080280820839107
0.000717661867383868
0.000912282033823431
0.000936609576456249
0.00114339345600456
0.000559532956685871
0.00057169672800228
0.000741989410016686
0.00132584990933537
0.00232327822595835
0.00165427138563246
0.0387415774166584
0.0781278312206268
0.0414176061749458
0.00370994699187577
0.00287064746953547
0.00116772099863738
0.000936609576456249
0.000973100832197815
0.000608188041951507
0.000729825638700277
0.000669006840325892
0.000729825638700277
0.00120421231258661
0.00181240029633045
0.00100959208793938
0.00111906591337174
0.00113122968468815
0.00092444580513984
0.000681170611642301
0.000973100832197815
0.00177590898238122
0.00222596805542707
0.00463439291343093
0.00357614550739527
0.00383158447220922
0.00385591201484203
0.00208000303246081
0.00131368613801897
0.00124070351012051
0.00211649434641004
0.00195836531929672
0.00116772099863738
0.000729825638700277
0.000900118262507021
0.00195836531929672
0.00162994395941496
0.00204351171851158
0.00439111748710275
0.0123948715627193
0.0207027196884155
0.307001143693924
0.535241961479187
0.241925030946732
0.025069510564208
0.0226245950907469
0.00720094610005617
0.00624000933021307
0.00402620481327176
0.00298012141138315
0.00249357079155743
0.00209216680377722
0.00222596805542707
0.00321123283356428
0.00424515223130584
0.00177590898238122
0.00153263378888369
0.0019097103504464
0.00242058839648962
0.00249357079155743
0.00425731623545289
0.00361263682134449
0.00270035490393639
0.0059602428227663
0.00390456710010767
0.00159345264546573
0.00215298566035926
0.0017150902422145
0.00145965127740055
0.00177590898238122
0.00153263378888369
0.00158128887414932
0.0017150902422145
0.00188538292422891
0.00210433057509363
0.00278550107032061
0.00318690529093146
0.0031017588917166
0.00256655341945589
0.0056926398538053
0.00818621087819338
0.0762667804956436
0.127901941537857
0.0537151657044888
0.0166643522679806
0.0158980358392
0.0059602428227663
0.00701848976314068
0.00424515223130584
0.00266386358998716
0.00285848369821906
0.00221380451694131
0.00141099619213492
0.0015447975602001
0.00173941778484732
0.00126503105275333
0.00182456406764686
0.00189754657912999
0.00183672783896327
0.00147181504871696
0.00176374521106482
0.00195836531929672
0.00108257471583784
0.00161778018809855
0.00133801368065178
0.0011920485412702
0.000875790778081864
0.000729825638700277
0.000632515526376665
0.000510877929627895
0.000887954491190612
0.000936609576456249
0.000620351755060256
0.000437895389040932
0.000450059131253511
0.000997428316622972
0.00135017745196819
0.00110690225847065
0.000766316894441843
0.00256655341945589
0.00299228518269956
0.00711579993367195
0.00947556924074888
0.00391673063859344
0.00897685531526804
0.0089282002300024
0.00165427138563246
0.00124070351012051
0.0013866686495021
0.00160561641678214
0.00126503105275333
0.00108257471583784
0.000985264545306563
0.00100959208793938
0.0015447975602001
0.00120421231258661
0.00131368613801897
0.00137450487818569
0.00145965127740055
0.00176374521106482
0.00130152236670256
0.000790644437074661
0.000912282033823431
0.00159345264546573
0.00107041094452143
0.00107041094452143
0.00105824717320502
0.000547369243577123
0.000620351755060256
0.000741989410016686
0.000729825638700277
0.00137450487818569
0.00100959208793938
0.00108257471583784
0.000705498096067458
0.00175158155616373
0.00189754657912999
0.00142315996345133
0.00173941778484732
0.00234760576859117
0.0037586020771414
0.0401525720953941
0.0614634826779366
0.0209824871271849
0.0186227168887854
0.01518037263304
0.00474386662244797
0.00958504341542721
0.00603322498500347
0.00233544199727476
0.00535205472260714
0.00513310683891177
0.00397754972800612
0.00316257774829865
0.00288281124085188
0.00156912510283291
0.00161778018809855
0.00156912510283291
0.00160561641678214
0.00121637608390301
0.000948773289564997
0.00139883242081851
0.00175158155616373
0.00335719785653055
0.00248140702024102
0.00429380731657147
0.00515743438154459
0.00122853985521942
0.00120421231258661
0.00122853985521942
0.00102175585925579
0.00116772099863738
0.000754153123125434
0.000498714158311486
0.000863627006765455
0.00194620166439563
0.00237193331122398
0.00132584990933537
0.00126503105275333
0.0020678392611444
0.00249357079155743
0.00835650321096182
0.014243763871491
0.00864843372255564
0.00542503735050559
0.00549801951274276
0.00113122968468815
0.000997428316622972
0.00102175585925579
0.00170292647089809
0.00184889161027968
0.000863627006765455
0.000632515526376665
0.00116772099863738
0.00108257471583784
0.000705498096067458
0.00107041094452143
0.000851463235449046
0.000839299464132637
0.000596024270635098
0.00144748750608414
0.0011920485412702
0.00183672783896327
0.00405053235590458
0.00265169981867075
0.0032963789999485
0.00429380731657147
0.00189754657912999
0.00162994395941496
0.00121637608390301
0.000839299464132637
0.00114339345600456
0.00126503105275333
0.00158128887414932
0.00108257471583784
0.000875790778081864
0.0015569613315165
0.00143532373476774
0.0019097103504464
0.00411135097965598
0.00367345567792654
0.0256168786436319
0.0372575968503952
0.0199120752513409
0.0076996604911983
0.00603322498500347
0.00306526757776737
0.00450059119611979
0.00250573456287384
0.00153263378888369
0.00137450487818569
0.00107041094452143
0.00104608340188861
0.00126503105275333
0.00141099619213492
0.00115555722732097
0.00256655341945589
0.00244491593912244
0.00167859892826527
0.00166643515694886
0.00195836531929672
0.00176374521106482
0.0017150902422145
0.00193403789307922
0.00126503105275333
0.00189754657912999
0.00181240029633045
0.00183672783896327
0.00214082188904285
0.00197052909061313
0.00125286728143692
0.00130152236670256
0.00149614259134978
0.00133801368065178
0.00209216680377722
0.00162994395941496
0.00225029559805989
0.00254222587682307
0.00308959512040019
0.00333287031389773
0.00542503735050559
0.0180510208010674
0.0229043606668711
0.0121029419824481
0.0112028233706951
0.00733474735170603
0.0044641001150012
0.00667790463194251
0.00339368917047977
0.00126503105275333
0.00165427138563246
0.00184889161027968
0.00186105538159609
0.00177590898238122
0.00172725401353091
0.00110690225847065
0.00122853985521942
0.00124070351012051
0.00108257471583784
0.000766316894441843
0.00125286728143692
0.00125286728143692
0.00114339345600456
0.00167859892826527
0.00152047001756728
0.000997428316622972
0.000948773289564997
0.00133801368065178
0.0015447975602001
0.00113122968468815
0.000669006840325892
0.000596024270635098
0.000437895389040932
0.000583860499318689
0.000705498096067458
0.000827135692816228
0.000997428316622972
0.00114339345600456
0.00184889161027968
0.00234760576859117
0.00474386662244797
0.0162264555692673
0.0213960539549589
0.00637381058186293
0.00667790463194251
0.0047925217077136
0.00244491593912244
0.00211649434641004
0.0017150902422145
0.00214082188904285
0.00212865811772645
0.00172725401353091
0.00200702040456235
0.00176374521106482
0.00166643515694886
0.00166643515694886
0.00135017745196819
0.00108257471583784
0.00130152236670256
0.00124070351012051
0.00108257471583784
0.000741989410016686
0.000936609576456249
0.0017150902422145
0.00133801368065178
0.00346667179837823
0.00353965419344604
0.0022016407456249
0.00368561944924295
0.00306526757776737
0.00117988476995379
0.0013866686495021
0.00161778018809855
0.00169076269958168
0.00289497501216829
0.00170292647089809
0.00135017745196819
0.000948773289564997
0.00256655341945589
0.00447626365348697
0.00490199541673064
0.0152898468077183
0.0179172195494175
0.00795509945601225
0.00709147239103913
0.00558316614478827
0.00243275216780603
0.00306526757776737
0.00225029559805989
0.00403836835175753
0.0036248005926609
0.000900118262507021
0.000693334324751049
0.000960937060881406
0.0013623412232846
0.00178807275369763
0.00253006210550666
0.0018732191529125
0.00122853985521942
0.00186105538159609
0.00189754657912999
0.00153263378888369
0.00216514943167567
0.00383158447220922
0.00225029559805989
0.0027246824465692
0.00351532688364387
0.00256655341945589
0.00306526757776737
0.00238409708254039
0.00120421231258661
0.000814971979707479
0.00117988476995379
0.00222596805542707
0.00233544199727476
0.00296795764006674
0.00302877626381814
0.00311392266303301
0.003430180484429
0.00346667179837823
0.00526690809056163
0.0109352208673954
0.0146938227117062
0.00885521806776524
0.0163237657397985
0.0120421228930354
0.00417217006906867
0.00785778928548098
0.00484117679297924
0.0087214158847928
0.00813755579292774
0.00249357079155743
0.00304094003513455
0.00398971326649189
0.00389240332879126
0.00265169981867075
0.00420866115018725
0.00391673063859344
0.00301661249250174
0.00215298566035926
0.00255438964813948
0.00255438964813948
0.00315041397698224
0.00463439291343093
0.00394105818122625
0.00678737834095955
0.00611837161704898
0.00302877626381814
0.00400187727063894
0.00347883556969464
0.00251789833419025
0.0032963789999485
0.00261520850472152
0.00232327822595835
0.00330854277126491
0.00302877626381814
0.00578995002433658
0.00422082468867302
0.00308959512040019
0.00532772717997432
0.0118110114708543
0.0502241663634777
0.059833537787199
0.0278428476303816
0.0150952264666557
0.0107284365221858
0.00799159053713083
0.0095607154071331
0.00377076584845781
0.00360047305002809
0.00400187727063894
0.00324772414751351
0.00339368917047977
0.00267602736130357
0.00237193331122398
0.00394105818122625
0.00418433360755444
0.00356398173607886
0.00385591201484203
0.00420866115018725
0.00262737227603793
0.00153263378888369
0.00182456406764686
0.00301661249250174
0.00276117352768779
0.00521825347095728
0.00508445175364614
0.00233544199727476
0.00199485663324594
0.00255438964813948
0.00364912813529372
0.00416000606492162
0.00268819113261998
0.00166643515694886
0.00214082188904285
0.00209216680377722
0.00347883556969464
0.0029071387834847
0.00322339660488069
0.0032355603761971
0.00821053795516491
0.0163480937480927
0.0166765153408051
0.0159831810742617
0.0179780386388302
0.0101810675114393
0.00298012141138315
0.00439111748710275
0.00218947697430849
0.00208000303246081
0.00216514943167567
0.00212865811772645
0.00240842462517321
0.00166643515694886
0.00132584990933537
0.00172725401353091
0.00248140702024102
0.00150830624625087
0.00143532373476774
0.00189754657912999
0.00159345264546573
0.00147181504871696
0.00218947697430849
0.00199485663324594
0.000851463235449046
0.00113122968468815
0.00125286728143692
0.00120421231258661
0.0017150902422145
0.000960937060881406
0.0013623412232846
0.00144748750608414
0.00170292647089809
0.00178807275369763
0.0019097103504464
0.00139883242081851
0.00120421231258661
0.0017150902422145
0.00184889161027968
0.0032963789999485
0.00473170261830091
0.00823486596345901
0.0108987297862768
0.0123218894004822
0.0103513598442078
0.00597240636125207
0.00340585294179618
0.00409918744117022
0.0015569613315165
0.00152047001756728
0.00181240029633045
0.00184889161027968
0.00232327822595835
0.00114339345600456
0.000960937060881406
0.00102175585925579
0.00102175585925579
0.00114339345600456
0.00080280820839107
0.000693334324751049
0.000413567846408114
0.000510877929627895
0.000985264545306563
0.000741989410016686
0.000741989410016686
0.00158128887414932
0.00104608340188861
0.00102175585925579
0.00178807275369763
0.00128935859538615
0.000875790778081864
0.00100959208793938
0.00113122968468815
0.00092444580513984
0.000705498096067458
0.00057169672800228
0.000851463235449046
0.00128935859538615
0.00222596805542707
0.00255438964813948
0.00273684621788561
0.00948773324489594
0.0118596665561199
0.00687252450734377
0.00251789833419025
0.00256655341945589
0.00148397882003337
0.00139883242081851
0.0010339196305722
0.000632515526376665
0.000669006840325892
0.000814971979707479
0.000596024270635098
0.000814971979707479
0.00107041094452143
0.00105824717320502
0.00107041094452143
0.000839299464132637
0.000620351755060256
0.000644679297693074
0.00100959208793938
0.00137450487818569
0.00121637608390301
0.0010339196305722
0.00139883242081851
0.00225029559805989
0.00182456406764686
0.00092444580513984
0.00149614259134978
0.00143532373476774
0.000900118262507021
0.000948773289564997
0.00144748750608414
0.000997428316622972
0.000741989410016686
0.00104608340188861
0.00165427138563246
0.00180023652501404
0.00248140702024102
0.00351532688364387
0.0038072569295764
0.0168589726090431
0.0163602586835623
0.00547369243577123
0.00283415615558624
0.00270035490393639
0.00132584990933537
0.00188538292422891
0.000997428316622972
0.00107041094452143
0.000766316894441843
0.00127719482406974
0.00128935859538615
0.000997428316622972
0.00109473848715425
0.00114339345600456
0.00173941778484732
0.00135017745196819
0.000997428316622972
0.00148397882003337
0.00132584990933537
0.00121637608390301
0.00110690225847065
0.00108257471583784
0.00117988476995379
0.00109473848715425
0.00159345264546573
0.00211649434641004
0.00144748750608414
0.00117988476995379
0.00111906591337174
0.00121637608390301
0.00145965127740055
0.00159345264546573
0.00126503105275333
0.000973100832197815
0.000754153123125434
0.00128935859538615
0.00233544199727476
0.00279766484163702
0.0047925217077136
0.0149370981380343
0.0140126524493098
0.00675088725984097
0.00780913420021534
0.00535205472260714
0.00484117679297924
0.00435462640598416
0.0015569613315165
0.000936609576456249
0.000912282033823431
0.000705498096067458
0.00104608340188861
0.000851463235449046
0.000839299464132637
0.00104608340188861
0.000717661867383868
0.000681170611642301
0.000656843069009483
0.000948773289564997
0.000741989410016686
0.000608188041951507
0.00057169672800228
0.000997428316622972
0.00108257471583784
0.00080280820839107
0.000729825638700277
0.000766316894441843
0.000960937060881406
0.00092444580513984
0.000693334324751049
0.000887954491190612
0.00057169672800228
0.00100959208793938
0.000596024270635098
0.000389240332879126
0.000948773289564997
0.00114339345600456
0.00111906591337174
0.00211649434641004
0.00451275520026684
0.0130882058292627
0.0113244606181979
0.00357614550739527
0.003430180484429
0.00182456406764686
0.000729825638700277
0.000364912819350138
0.000328421534504741
0.000437895389040932
0.000717661867383868
0.000401404104195535
0.000377076561562717
0.000364912819350138
0.000413567846408114
0.000377076561562717
0.000218947694520466
0.000474386644782498
0.000620351755060256
0.000608188041951507
0.000547369243577123
0.000425731617724523
0.000474386644782498
0.000450059131253511
0.000328421534504741
0.000644679297693074
0.000486550416098908
0.000279766478342935
0.000559532956685871
0.000644679297693074
0.000498714158311486
0.00080280820839107
0.000863627006765455
0.000729825638700277
0.000486550416098908
0.000583860499318689
0.000766316894441843
0.000851463235449046
0.00293146632611752
0.00338152539916337
0.00585076864808798
0.0184524245560169
0.015569613315165
0.00490199541673064
0.00648328429087996
0.00412351498380303
0.00156912510283291
0.0013623412232846
0.00100959208793938
0.00132584990933537
0.000973100832197815
0.000778480665758252
0.000656843069009483
0.000608188041951507
0.000535205472260714
0.000705498096067458
0.00108257471583784
0.000887954491190612
0.000644679297693074
0.00102175585925579
0.000948773289564997
0.000827135692816228
0.000596024270635098
0.000620351755060256
0.000644679297693074
0.00117988476995379
0.000705498096067458
0.00114339345600456
0.00150830624625087
0.000669006840325892
0.000912282033823431
0.000814971979707479
0.00109473848715425
0.00115555722732097
0.000985264545306563
0.000985264545306563
0.00109473848715425
0.00105824717320502
0.00276117352768779
0.00398971326649189
0.00426947977393866
0.0153141748160124
0.0141099616885185
0.00514527084305882
0.00617919024080038
0.0037586020771414
0.00178807275369763
0.000985264545306563
0.00145965127740055
0.00173941778484732
0.00212865811772645
0.00160561641678214
0.00231111445464194
0.00217731320299208
0.00177590898238122
0.00120421231258661
0.00164210761431605
0.0017150902422145
0.00188538292422891
0.00148397882003337
0.00173941778484732
0.00107041094452143
0.00102175585925579
0.00184889161027968
0.00227462314069271
0.00351532688364387
0.00198269286192954
0.00177590898238122
0.0025787171907723
0.00238409708254039
0.00229895068332553
0.00150830624625087
0.00170292647089809
0.0010339196305722
0.00133801368065178
0.00197052909061313
0.00143532373476774
0.00327205145731568
0.00779697066172957
0.00897685531526804
0.0121272690594196
0.041016198694706
0.0367345549166203
0.0114825898781419
0.00925662182271481
0.00655626691877842
0.00279766484163702
0.00158128887414932
0.00186105538159609
0.00280982861295342
0.00276117352768779
0.00172725401353091
0.00177590898238122
0.00280982861295342
0.00255438964813948
0.00208000303246081
0.0023962608538568
0.00266386358998716
0.00197052909061313
0.00137450487818569
0.00238409708254039
0.0017150902422145
0.0011920485412702
0.00216514943167567
0.00228678691200912
0.00338152539916337
0.00283415615558624
0.00218947697430849
0.00211649434641004
0.00232327822595835
0.00139883242081851
0.00135017745196819
0.00209216680377722
0.00222596805542707
0.00184889161027968
0.00232327822595835
0.00355181796476245
0.00518176192417741
0.0105946352705359
0.0113609526306391
0.0148762790486217
0.0420987755060196
0.0305188745260239
0.00846597738564014
0.00749287661164999
0.00559532968327403
0.00360047305002809
0.00195836531929672
0.00178807275369763
0.00246924348175526
0.00176374521106482
0.0022016407456249
0.00192187412176281
0.00181240029633045
0.00144748750608414
0.00194620166439563
0.00189754657912999
0.00228678691200912
0.00232327822595835
0.00214082188904285
0.00266386358998716
0.00204351171851158
0.00160561641678214
0.00160561641678214
0.00173941778484732
0.00218947697430849
0.00161778018809855
0.00107041094452143
0.00183672783896327
0.00216514943167567
0.00156912510283291
0.00193403789307922
0.00221380451694131
0.00227462314069271
0.00131368613801897
0.00325988791882992
0.00459790136665106
0.00525474455207586
0.0106676183640957
0.013708557933569
0.0168468076735735
0.0422082506120205
0.0298255402594805
0.0107770916074514
0.011701537296176
0.00538854580372572
0.00265169981867075
0.00261520850472152
0.00210433057509363
0.00173941778484732
0.0013866686495021
0.00142315996345133
0.00147181504871696
0.00108257471583784
0.00161778018809855
0.00143532373476774
0.00139883242081851
0.0013623412232846
0.00114339345600456
0.00137450487818569
0.00124070351012051
0.00107041094452143
0.00133801368065178
0.00139883242081851
0.00107041094452143
0.00127719482406974
0.00111906591337174
0.000839299464132637
0.00161778018809855
0.00222596805542707
0.00162994395941496
0.00105824717320502
0.00111906591337174
0.000985264545306563
0.00120421231258661
0.00175158155616373
0.00256655341945589
0.00341801671311259
0.00661708554252982
0.00806457363069057
0.0117866834625602
0.0292781721800566
0.0210189782083035
0.00756585923954844
0.00889170914888382
0.00532772717997432
0.00317474151961505
0.00322339660488069
0.00237193331122398
0.00270035490393639
0.00184889161027968
0.00177590898238122
0.00256655341945589
0.00141099619213492
0.00115555722732097
0.000875790778081864
0.00125286728143692
0.0013866686495021
0.00148397882003337
0.00170292647089809
0.00145965127740055
0.0013866686495021
0.00108257471583784
0.00147181504871696
0.00100959208793938
0.00122853985521942
0.00189754657912999
0.00234760576859117
0.00243275216780603
0.00150830624625087
0.00144748750608414
0.00122853985521942
0.00114339345600456
0.00116772099863738
0.0013866686495021
0.00126503105275333
0.00133801368065178
0.00170292647089809
0.00317474151961505
0.00391673063859344
0.00782129820436239
0.0141342896968126
0.00985264591872692
0.0061426991596818
0.00414784252643585
0.00182456406764686
0.00199485663324594
0.00223813182674348
0.00164210761431605
0.0015569613315165
0.00149614259134978
0.00121637608390301
0.0015569613315165
0.00132584990933537
0.00144748750608414
0.00153263378888369
0.00215298566035926
0.00197052909061313
0.00162994395941496
0.00148397882003337
0.0015569613315165
0.00105824717320502
0.00189754657912999
0.00142315996345133
0.00142315996345133
0.00198269286192954
0.00208000303246081
0.0029071387834847
0.00265169981867075
0.00159345264546573
0.00126503105275333
0.00114339345600456
0.00057169672800228
0.00121637608390301
0.00152047001756728
0.0013866686495021
0.00159345264546573
0.00162994395941496
0.00250573456287384
0.00346667179837823
0.0116163911297917
0.0252033118158579
0.0149249341338873
0.0058750961907208
0.00529123563319445
0.00361263682134449
0.0040748598985374
0.00293146632611752
0.00221380451694131
0.00192187412176281
0.00159345264546573
0.00149614259134978
0.00114339345600456
0.000960937060881406
0.00150830624625087
0.00176374521106482
0.00150830624625087
0.00175158155616373
0.00165427138563246
0.00116772099863738
0.00153263378888369
0.00210433057509363
0.0018732191529125
0.00145965127740055
0.00160561641678214
0.00216514943167567
0.00211649434641004
0.00143532373476774
0.0013623412232846
0.00108257471583784
0.00110690225847065
0.00128935859538615
0.00100959208793938
0.00133801368065178
0.00142315996345133
0.000912282033823431
0.000960937060881406
0.00092444580513984
0.00280982861295342
0.00307743134908378
0.00566831231117249
0.0118231754750013
0.00810106471180916
0.0047073750756681
0.00547369243577123
0.0020678392611444
0.0015447975602001
0.00162994395941496
0.00122853985521942
0.00120421231258661
0.00104608340188861
0.000754153123125434
0.000681170611642301
0.000717661867383868
0.00080280820839107
0.000887954491190612
0.000936609576456249
0.000474386644782498
0.000766316894441843
0.000778480665758252
0.000450059131253511
0.000401404104195535
0.000717661867383868
0.00080280820839107
0.000523041700944304
0.000656843069009483
0.000486550416098908
0.000851463235449046
0.00080280820839107
0.000669006840325892
0.000401404104195535
0.000389240332879126
0.000437895389040932
0.000377076561562717
0.000267602736130357
0.000304094020975754
0.000656843069009483
0.000790644437074661
0.000778480665758252
0.000936609576456249
0.0015447975602001
0.00243275216780603
0.00181240029633045
0.00143532373476774
0.00166643515694886
0.000766316894441843
0.000389240332879126
0.000401404104195535
0.000279766478342935
0.000425731617724523
0.000389240332879126
0.000498714158311486
0.00057169672800228
0.000437895389040932
0.000316257763188332
0.000218947694520466
0.000267602736130357
0.000279766478342935
0.000291930249659345
0.000243275208049454
0.000182456409675069
0.000340585305821151
0.000389240332879126
0.000364912819350138
0.000364912819350138
0.00046222290256992
0.000377076561562717
0.000523041700944304
0.000450059131253511
0.000218947694520466
0.000218947694520466
0.000267602736130357
0.000316257763188332
0.000340585305821151
0.000243275208049454
0.000279766478342935
0.000425731617724523
0.000377076561562717
0.000377076561562717
0.000620351755060256
0.00177590898238122
0.00322339660488069
0.00189754657912999
0.000887954491190612
0.000681170611642301
0.000523041700944304
0.000535205472260714
0.000498714158311486
0.000316257763188332
0.000255438964813948
0.000218947694520466
0.000194620166439563
0.000291930249659345
0.000279766478342935
0.000182456409675069
0.000133801368065178
0.000267602736130357
0.000304094020975754
0.00023111145128496
0.000218947694520466
0.000279766478342935
0.00023111145128496
0.000170292652910575
0.000194620166439563
0.000145965124829672
0.000291930249659345
0.00023111145128496
0.000401404104195535
0.000328421534504741
0.00023111145128496
0.000218947694520466
0.000255438964813948
0.000145965124829672
0.000279766478342935
0.000255438964813948
0.000304094020975754
0.000364912819350138
0.000425731617724523
0.000547369243577123
0.00057169672800228
0.00122853985521942
0.00189754657912999
0.00110690225847065
0.000705498096067458
0.000741989410016686
0.000377076561562717
0.000243275208049454
0.000267602736130357
0.00023111145128496
0.000218947694520466
0.000218947694520466
0.000304094020975754
0.000255438964813948
0.000206783923204057
0.000170292652910575
0.000218947694520466
0.000279766478342935
0.00023111145128496
0.000170292652910575
0.000218947694520466
0.000206783923204057
0.000194620166439563
0.000145965124829672
0.000158128881594166
0.000158128881594166
0.000243275208049454
0.000194620166439563
0.000121637604024727
0.000170292652910575
0.000170292652910575
0.000170292652910575
0.000206783923204057
0.000279766478342935
0.000267602736130357
0.000194620166439563
0.000194620166439563
0.000182456409675069
0.000243275208049454
0.000352749048033729
0.000547369243577123
0.00156912510283291
0.00233544199727476
0.00141099619213492
0.000948773289564997
0.000790644437074661
0.000364912819350138
0.000401404104195535
0.000425731617724523
0.00023111145128496
0.000133801368065178
0.000218947694520466
0.000255438964813948
0.000182456409675069
0.000182456409675069
0.000255438964813948
0.00023111145128496
0.000279766478342935
0.000291930249659345
0.000255438964813948
0.000206783923204057
0.00023111145128496
0.000170292652910575
0.000328421534504741
0.000364912819350138
0.000291930249659345
0.000352749048033729
0.000340585305821151
0.000218947694520466
0.000340585305821151
0.000352749048033729
0.000218947694520466
0.000182456409675069
0.000218947694520466
0.000243275208049454
0.000182456409675069
0.000206783923204057
0.000328421534504741
0.000377076561562717
0.000632515526376665
0.000729825638700277
0.00128935859538615
0.00210433057509363
0.00160561641678214
0.00111906591337174
0.000839299464132637
0.000583860499318689
0.00046222290256992
0.00023111145128496
0.000243275208049454
0.000243275208049454
0.000243275208049454
0.000279766478342935
0.000255438964813948
0.000255438964813948
0.000206783923204057
0.000121637604024727
0.000133801368065178
0.000182456409675069
0.000182456409675069
0.000158128881594166
0.000121637604024727
0.000182456409675069
0.000158128881594166
0.000182456409675069
0.000255438964813948
0.000316257763188332
0.000267602736130357
0.000206783923204057
0.000133801368065178
0.000158128881594166
0.000158128881594166
0.000121637604024727
0.000158128881594166
0.000291930249659345
0.000267602736130357
0.000352749048033729
0.000377076561562717
0.000425731617724523
0.000583860499318689
0.000693334324751049
0.00131368613801897
0.00165427138563246
0.00110690225847065
0.000936609576456249
0.000790644437074661
0.000559532956685871
0.000352749048033729
0.000279766478342935
0.000267602736130357
0.000243275208049454
0.000243275208049454
0.000206783923204057
0.000267602736130357
0.000243275208049454
0.000243275208049454
0.000267602736130357
0.000218947694520466
0.000182456409675069
0.000145965124829672
0.000218947694520466
0.000170292652910575
0.000133801368065178
0.000170292652910575
0.000133801368065178
0.000243275208049454
0.000182456409675069
0.000158128881594166
0.000182456409675069
0.000158128881594166
0.000145965124829672
0.000133801368065178
0.000206783923204057
0.000206783923204057
0.000170292652910575
0.000133801368065178
0.000170292652910575
0.000243275208049454
0.000352749048033729
0.000535205472260714
0.000450059131253511
0.00080280820839107
0.00117988476995379
0.000632515526376665
0.000656843069009483
0.000656843069009483
0.000401404104195535
0.000267602736130357
0.000158128881594166
0.000182456409675069
0.000170292652910575
0.000218947694520466
0.000182456409675069
0.000145965124829672
0.000170292652910575
0.000194620166439563
0.000133801368065178
0.000133801368065178
0.000145965124829672
0.000243275208049454
0.000243275208049454
0.000206783923204057
0.000133801368065178
8.51463264552876E-5
0.000121637604024727
0.000182456409675069
0.000145965124829672
8.51463264552876E-5
0.000121637604024727
0.000145965124829672
0.000170292652910575
0.000243275208049454
0.000121637604024727
0.000121637604024727
7.29825624148361E-5
0.000133801368065178
0.000158128881594166
0.000170292652910575
0.000243275208049454
0.000425731617724523
0.000340585305821151
0.000523041700944304
0.000973100832197815
0.000608188041951507
0.000474386644782498
0.000364912819350138
0.000194620166439563
0.000194620166439563
0.000170292652910575
0.000133801368065178
0.000194620166439563
0.000182456409675069
0.000121637604024727
0.000158128881594166
0.000170292652910575
0.000109473847260233
0.000133801368065178
0.000109473847260233
0.000121637604024727
0.000206783923204057
0.000182456409675069
0.000121637604024727
8.51463264552876E-5
0.000158128881594166
0.000170292652910575
0.000133801368065178
0.000145965124829672
0.000145965124829672
0.000145965124829672
0.000206783923204057
0.000218947694520466
0.000206783923204057
0.000109473847260233
7.29825624148361E-5
0.000133801368065178
0.000145965124829672
0.000145965124829672
0.000170292652910575
0.000158128881594166
0.000279766478342935
0.000328421534504741
0.000352749048033729
0.000596024270635098
0.00046222290256992
0.000352749048033729
0.000413567846408114
0.000304094020975754
0.000255438964813948
0.000206783923204057
0.000158128881594166
0.000206783923204057
0.000194620166439563
0.000133801368065178
0.000206783923204057
0.000182456409675069
0.000170292652910575
0.000182456409675069
0.000145965124829672
8.51463264552876E-5
0.000133801368065178
0.000145965124829672
0.000121637604024727
0.000194620166439563
0.000194620166439563
0.000145965124829672
0.000206783923204057
0.000206783923204057
0.000145965124829672
0.000158128881594166
0.000158128881594166
0.000109473847260233
9.73100832197815E-5
0.000133801368065178
0.000158128881594166
0.000121637604024727
9.73100832197815E-5
0.000109473847260233
0.000145965124829672
0.000194620166439563
0.000291930249659345
0.000267602736130357
0.000510877929627895
0.000620351755060256
0.000304094020975754
0.00023111145128496
0.000145965124829672
0.000279766478342935
0.000328421534504741
0.000243275208049454
0.000133801368065178
0.000133801368065178
0.000158128881594166
0.000133801368065178
0.000109473847260233
0.000121637604024727
0.000145965124829672
0.000170292652910575
0.000194620166439563
0.000145965124829672
0.000109473847260233
0.000194620166439563
0.000218947694520466
0.000206783923204057
0.00023111145128496
0.000218947694520466
0.000206783923204057
0.000194620166439563
0.000194620166439563
0.000182456409675069
0.000182456409675069
0.000206783923204057
0.000206783923204057
0.000158128881594166
0.000194620166439563
0.000133801368065178
0.000206783923204057
0.000243275208049454
0.000145965124829672
0.000145965124829672
0.000291930249659345
0.000206783923204057
0.000705498096067458
0.000900118262507021
0.000425731617724523
0.000437895389040932
0.000304094020975754
0.000170292652910575
0.000182456409675069
0.00023111145128496
0.000170292652910575
0.000170292652910575
0.000121637604024727
0.000145965124829672
0.000170292652910575
0.000170292652910575
8.51463264552876E-5
7.29825624148361E-5
0.000158128881594166
0.000194620166439563
0.000182456409675069
0.000182456409675069
0.000182456409675069
0.000194620166439563
0.000206783923204057
0.000158128881594166
6.08188020123634E-5
0.000145965124829672
0.000170292652910575
0.000145965124829672
0.000133801368065178
0.000170292652910575
0.000121637604024727
0.000194620166439563
0.000145965124829672
0.000145965124829672
0.000328421534504741
0.000389240332879126
0.000206783923204057
0.00023111145128496
0.000267602736130357
0.000304094020975754
0.000681170611642301
0.000705498096067458
0.000498714158311486
