% Type: Spectrum
% Date: 11-DEC-24 12:24:39
% NoOfItems: = 1601
% Unit_Y: = dB
% Unit_X: = Hz
% Min_X: = 0
% Max_X: = 1000
% MinDisplay_X: = 0
% MaxDisplay_X: = 1000
0
0
0
0
0.0092694666236639
0.00649358332157135
0.00592353567481041
0.00551458867266774
0.00442406348884106
0.00373009266331792
0.00162339583039284
0.00153664953541011
0.00252803624607623
0.00261478265747428
0.00189602712634951
0.0011648794170469
0.00133837212342769
0.00149947253521532
0.000966602121479809
0.00117727182805538
0.00184645783156157
0.00147468782961369
0.00672903750091791
0.0121320951730013
0.00615899031981826
0.00121444882825017
0.00114009482786059
0.000867463415488601
0.0017349268309772
0.0018712425371632
0.00198277342133224
0.00263956724666059
0.00185885012615472
0.0011648794170469
0.00246607465669513
0.00250325165688992
0.00381683907471597
0.00385401607491076
0.00570047367364168
0.423508018255234
0.812131643295288
0.388078361749649
0.00540305767208338
0.00273870583623648
0.00215626624412835
0.00220583565533161
0.00204473524354398
0.00210669683292508
0.00213148165494204
0.00178449612576514
0.00133837212342769
0.000842678768094629
0.000892248062882572
0.000842678768094629
0.00110291782766581
0.00135076441802084
0.00101617141626775
0.000793109415099025
0.000656793708913028
0.00115248712245375
0.00198277342133224
0.00552698131650686
0.00308569124899805
0.00479583349078894
0.00244128983467817
0.000855071062687784
0.000780717062298208
0.000545262708328664
0.000470908707939088
0.000582439708523452
0.000978994416072965
0.000966602121479809
0.000768324767705053
0.000632009061519057
0.000594832061324269
0.000669186061713845
0.000966602121479809
0.00247846683487296
0.00273870583623648
0.0296672489494085
0.0589379444718361
0.0321705006062984
0.00342028425075114
0.00257760565727949
0.000904640415683389
0.00061961670871824
0.00126401812303811
0.00104095612186939
0.000693970709107816
0.000656793708913028
0.000594832061324269
0.0013011951232329
0.00242889765650034
0.00141272612381727
0.00137554912362248
0.00185885012615472
0.00099138671066612
0.000830286415293813
0.00136315682902932
0.00135076441802084
0.00198277342133224
0.00488257966935635
0.00348224607296288
0.00313526066020131
0.00285023683682084
0.00149947253521532
0.00121444882825017
0.000681578414514661
0.000718755414709449
0.00106574082747102
0.00126401812303811
0.00168535753618926
0.00128880282863975
0.00110291782766581
0.00162339583039284
0.00152425712440163
0.0039779394865036
0.0093066431581974
0.0227647181600332
0.260053128004074
0.457066476345062
0.20760877430439
0.0232108421623707
0.0229134261608124
0.00546501949429512
0.00432492466643453
0.00379205425269902
0.00221822783350945
0.00184645783156157
0.00226779724471271
0.00215626624412835
0.00275109824724495
0.00330875325016677
0.00106574082747102
0.00190841953735799
0.00138794141821563
0.00154904183000326
0.00141272612381727
0.00288741383701563
0.0026643518358469
0.00146229541860521
0.00438688648864627
0.00365573866292834
0.00153664953541011
0.00147468782961369
0.000892248062882572
0.00169774983078241
0.0022430126555264
0.00151186482980847
0.00115248712245375
0.00190841953735799
0.00162339583039284
0.00234215124510229
0.00204473524354398
0.00304851424880326
0.00437449431046844
0.00670425314456224
0.0133093670010567
0.0127393202856183
0.0764235258102417
0.126513347029686
0.0483301058411598
0.0201995056122541
0.016989890486002
0.00529152667149901
0.00680339150130749
0.00411425484344363
0.00182167312595993
0.00122684112284333
0.000817894062492996
0.000941817415878177
0.00161100353579968
0.0022430126555264
0.00114009482786059
0.000830286415293813
0.000966602121479809
0.0010037791216746
0.000693970709107816
0.000669186061713845
0.00099138671066612
0.000669186061713845
0.0010037791216746
0.000594832061324269
0.00141272612381727
0.00182167312595993
0.00117727182805538
0.00117727182805538
0.00109052541665733
0.000718755414709449
0.00122684112284333
0.00121444882825017
0.000693970709107816
0.000681578414514661
0.00126401812303811
0.00128880282863975
0.00123923341743648
0.0010037791216746
0.00211908924393356
0.00149947253521532
0.0119586028158665
0.0186380706727505
0.00835243333131075
0.0108061153441668
0.0105210924521089
0.00345746125094593
0.00208191224373877
0.00144990312401205
0.00309808366000652
0.00262717483565211
0.00137554912362248
0.00105334841646254
0.00178449612576514
0.00199516583234072
0.00231736665591598
0.00281305983662605
0.00249085924588144
0.00268913665786386
0.00229258183389902
0.00120205641724169
0.00166057283058763
0.00193320424295962
0.00167296512518078
0.000793109415099025
0.0029617678374052
0.00333353807218373
0.00122684112284333
0.00099138671066612
0.000978994416072965
0.00114009482786059
0.000966602121479809
0.000458516384242103
0.000693970709107816
0.00137554912362248
0.00185885012615472
0.00157382653560489
0.00104095612186939
0.000607224414125085
0.00162339583039284
0.00418860884383321
0.0408451333642006
0.0620855949819088
0.021339600905776
0.0167544353753328
0.0148336244747043
0.00620855949819088
0.0152053944766521
0.00847635697573423
0.00314765307120979
0.00304851424880326
0.00302372965961695
0.00152425712440163
0.00158621883019805
0.00246607465669513
0.00226779724471271
0.0017349268309772
0.00104095612186939
0.00149947253521532
0.00156143412459642
0.00136315682902932
0.00189602712634951
0.00133837212342769
0.0028750216588378
0.00271392124705017
0.00384162366390228
0.00505607249215245
0.0020943044219166
0.00109052541665733
0.000805501767899841
0.00074354006210342
0.000842678768094629
0.000532870413735509
0.000594832061324269
0.000830286415293813
0.00131358741782606
0.0015986111247912
0.00151186482980847
0.00184645783156157
0.00178449612576514
0.0025404286570847
0.0127764968201518
0.0192205104976892
0.00950492080301046
0.0079930555075407
0.00537827331572771
0.000855071062687784
0.00114009482786059
0.00118966412264854
0.00174731912557036
0.00225540483370423
0.000904640415683389
0.000805501767899841
0.000594832061324269
0.000768324767705053
0.000830286415293813
0.000632009061519057
0.000904640415683389
0.000805501767899841
0.000879855768289417
0.00118966412264854
0.00137554912362248
0.00177210383117199
0.00325918407179415
0.00188363483175635
0.00229258183389902
0.0035318152513355
0.00127641041763127
0.00157382653560489
0.000731147709302604
0.0013011951232329
0.00104095612186939
0.000879855768289417
0.000978994416072965
0.00132597982883453
0.00110291782766581
0.00203234283253551
0.00199516583234072
0.00190841953735799
0.0032343992497772
0.00343267666175961
0.0156143419444561
0.0256025623530149
0.0194683577865362
0.00789391715079546
0.00661750650033355
0.00370530807413161
0.00501889549195766
0.00247846683487296
0.000780717062298208
0.000718755414709449
0.00105334841646254
0.00112770241685212
0.00121444882825017
0.00131358741782606
0.00175971153657883
0.00223062024451792
0.00195798883214593
0.000966602121479809
0.00132597982883453
0.00136315682902932
0.00148708012420684
0.00151186482980847
0.00168535753618926
0.00136315682902932
0.00201995042152703
0.00231736665591598
0.00105334841646254
0.00193320424295962
0.00201995042152703
0.00183406553696841
0.00239172065630555
0.00283784465864301
0.00161100353579968
0.00125162582844496
0.00158621883019805
0.00214387383311987
0.00267674424685538
0.00375487725250423
0.00516760349273682
0.00495693366974592
0.0111407088115811
0.0168783590197563
0.00978994462639093
0.0114753013476729
0.00962884351611137
0.0042753554880619
0.00821611750870943
0.00399033166468143
0.000917032768484205
0.00136315682902932
0.00175971153657883
0.0015986111247912
0.00203234283253551
0.00193320424295962
0.00161100353579968
0.00184645783156157
0.00146229541860521
0.000855071062687784
0.000644401414319873
0.00138794141821563
0.00156143412459642
0.00132597982883453
0.00198277342133224
0.000855071062687784
0.000632009061519057
0.00122684112284333
0.0010037791216746
0.00180928083136678
0.00131358741782606
0.000632009061519057
0.000830286415293813
0.000867463415488601
0.000706363061908633
0.000755932414904237
0.000879855768289417
0.00149947253521532
0.00125162582844496
0.00125162582844496
0.00304851424880326
0.00451080966740847
0.0147840548306704
0.0192576870322227
0.00572525849565864
0.00444884831085801
0.00354420766234398
0.00270152883604169
0.00312286824919283
0.00180928083136678
0.00403990084305406
0.00498171849176288
0.00349463825114071
0.00200755824334919
0.00128880282863975
0.000731147709302604
0.00107813312206417
0.00164818053599447
0.00194559653755277
0.00147468782961369
0.00133837212342769
0.0011648794170469
0.00135076441802084
0.00128880282863975
0.00128880282863975
0.00121444882825017
0.00452320231124759
0.00514281867071986
0.00294937565922737
0.00406468566507101
0.00288741383701563
0.00168535753618926
0.00168535753618926
0.00184645783156157
0.00122684112284333
0.0014375108294189
0.00199516583234072
0.00182167312595993
0.00204473524354398
0.00232975883409381
0.00292459083721042
0.0023669358342886
0.00933142751455307
0.0117603251710534
0.00623334432020783
0.00764607032760978
0.0055393734946847
0.00141272612381727
0.00252803624607623
0.00169774983078241
0.00394076248630881
0.00369291566312313
0.00122684112284333
0.00106574082747102
0.00107813312206417
0.00122684112284333
0.00169774983078241
0.00204473524354398
0.00171014212537557
0.00125162582844496
0.00135076441802084
0.00154904183000326
0.00142511841841042
0.00276349065825343
0.00394076248630881
0.00214387383311987
0.00280066765844822
0.00320961466059089
0.00252803624607623
0.003110476071015
0.00190841953735799
0.00189602712634951
0.00291219865903258
0.00244128983467817
0.00182167312595993
0.00263956724666059
0.00255282083526254
0.00208191224373877
0.00188363483175635
0.00211908924393356
0.00161100353579968
0.00433731731027365
0.00794348679482937
0.00936860498040915
0.00956688262522221
0.013123482465744
0.00805501732975245
0.00515521131455898
0.00883573479950428
0.00572525849565864
0.00579961249604821
0.00500650331377983
0.0020943044219166
0.0039779394865036
0.00327157624997199
0.00221822783350945
0.0026023902464658
0.004225785844028
0.00223062024451792
0.0017349268309772
0.00234215124510229
0.00265195965766907
0.00257760565727949
0.00417621666565537
0.00542784249410033
0.0031724376603961
0.00436210166662931
0.00459755631163716
0.00174731912557036
0.00306090665981174
0.00242889765650034
0.00228018965572119
0.00387880066409707
0.00363095407374203
0.00454798666760325
0.00449841748923063
0.00249085924588144
0.00261478265747428
0.00376726966351271
0.00403990084305406
0.00671664532274008
0.0068529611453414
0.0402007326483727
0.0555796213448048
0.0254910327494144
0.0198649130761623
0.00852592661976814
0.00644401414319873
0.0084639647975564
0.0029617678374052
0.00294937565922737
0.00283784465864301
0.00235454365611076
0.00339549966156483
0.00428774766623974
0.00280066765844822
0.00261478265747428
0.00286262924782932
0.00325918407179415
0.00211908924393356
0.00229258183389902
0.00299894507043064
0.00423817848786712
0.00389119307510555
0.00345746125094593
0.00249085924588144
0.00458516366779804
0.00452320231124759
0.0034078920725733
0.00320961466059089
0.00232975883409381
0.00293698324821889
0.00432492466643453
0.00366813107393682
0.00363095407374203
0.00226779724471271
0.00168535753618926
0.0035318152513355
0.00475865649059415
0.0032343992497772
0.00408947048708797
0.0055393734946847
0.010310422629118
0.0127888889983296
0.00755932414904237
0.013805060647428
0.0108061153441668
0.00355660007335246
0.00491975666955113
0.0028750216588378
0.0026643518358469
0.00118966412264854
0.00166057283058763
0.00174731912557036
0.00117727182805538
0.00158621883019805
0.00154904183000326
0.00180928083136678
0.00179688853677362
0.00127641041763127
0.00115248712245375
0.00126401812303811
0.00175971153657883
0.00162339583039284
0.00167296512518078
0.00111531012225896
0.00251564383506775
0.00188363483175635
0.00179688853677362
0.00247846683487296
0.0013011951232329
0.00109052541665733
0.00147468782961369
0.00132597982883453
0.00101617141626775
0.000978994416072965
0.000805501767899841
0.00149947253521532
0.00167296512518078
0.00211908924393356
0.00360616925172508
0.00428774766623974
0.00710080750286579
0.0110663548111916
0.00907118897885084
0.00970319751650095
0.00722473114728928
0.00210669683292508
0.00338310725055635
0.00192081183195114
0.00183406553696841
0.00115248712245375
0.00110291782766581
0.00179688853677362
0.00161100353579968
0.00133837212342769
0.000706363061908633
0.000793109415099025
0.000681578414514661
0.000557655061129481
0.000904640415683389
0.000879855768289417
0.000508085708133876
0.000978994416072965
0.00148708012420684
0.00121444882825017
0.00182167312595993
0.00162339583039284
0.00105334841646254
0.00157382653560489
0.00121444882825017
0.000978994416072965
0.00118966412264854
0.00117727182805538
0.00135076441802084
0.00131358741782606
0.00121444882825017
0.00110291782766581
0.00146229541860521
0.00164818053599447
0.00214387383311987
0.00344506907276809
0.0102608529850841
0.0126277888193727
0.00944295898079872
0.00451080966740847
0.00211908924393356
0.00122684112284333
0.000669186061713845
0.000978994416072965
0.00118966412264854
0.000842678768094629
0.000557655061129481
0.000483301060739905
0.000867463415488601
0.000879855768289417
0.000693970709107816
0.000867463415488601
0.000780717062298208
0.000954209768678993
0.000545262708328664
0.00135076441802084
0.00123923341743648
0.000917032768484205
0.00114009482786059
0.00117727182805538
0.00237932824529707
0.00239172065630555
0.00152425712440163
0.000892248062882572
0.00074354006210342
0.00120205641724169
0.00122684112284333
0.00133837212342769
0.00164818053599447
0.0013011951232329
0.000805501767899841
0.000830286415293813
0.00105334841646254
0.00201995042152703
0.00252803624607623
0.00401511648669839
0.0157754421234131
0.016580943018198
0.00910836551338434
0.00623334432020783
0.00293698324821889
0.00168535753618926
0.00107813312206417
0.000830286415293813
0.00107813312206417
0.000892248062882572
0.00049569335533306
0.000681578414514661
0.000780717062298208
0.00168535753618926
0.00174731912557036
0.00114009482786059
0.000731147709302604
0.00140033382922411
0.00112770241685212
0.00152425712440163
0.00149947253521532
0.000941817415878177
0.00123923341743648
0.00111531012225896
0.00112770241685212
0.0010037791216746
0.00126401812303811
0.00120205641724169
0.00126401812303811
0.000817894062492996
0.00074354006210342
0.00105334841646254
0.000817894062492996
0.000557655061129481
0.000805501767899841
0.00123923341743648
0.0015986111247912
0.00312286824919283
0.00470908731222153
0.00467191031202674
0.0127145349979401
0.0127393202856183
0.0049073644913733
0.00819133315235376
0.00546501949429512
0.00286262924782932
0.00304851424880326
0.000867463415488601
0.00152425712440163
0.00114009482786059
0.000879855768289417
0.000892248062882572
0.000830286415293813
0.00074354006210342
0.000917032768484205
0.00106574082747102
0.00061961670871824
0.000693970709107816
0.000892248062882572
0.000954209768678993
0.000855071062687784
0.000793109415099025
0.000855071062687784
0.000830286415293813
0.00115248712245375
0.0011648794170469
0.000632009061519057
0.000346985354553908
0.00049569335533306
0.000557655061129481
0.000632009061519057
0.00102856371086091
0.00120205641724169
0.000817894062492996
0.000693970709107816
0.000793109415099025
0.000941817415878177
0.00180928083136678
0.00225540483370423
0.00263956724666059
0.00614659814164042
0.00617138249799609
0.00218105083331466
0.00234215124510229
0.00121444882825017
0.00074354006210342
0.000718755414709449
0.000681578414514661
0.000557655061129481
0.00037177003105171
0.000446124031441286
0.000656793708913028
0.000793109415099025
0.000545262708328664
0.000508085708133876
0.000557655061129481
0.000458516384242103
0.000532870413735509
0.000594832061324269
0.000755932414904237
0.00061961670871824
0.000594832061324269
0.000594832061324269
0.000607224414125085
0.000532870413735509
0.000594832061324269
0.00074354006210342
0.000731147709302604
0.000483301060739905
0.000285023706965148
0.000656793708913028
0.000793109415099025
0.000508085708133876
0.000570047413930297
0.000632009061519057
0.000904640415683389
0.00102856371086091
0.00208191224373877
0.00312286824919283
0.00524195749312639
0.0172749143093824
0.0153045328333974
0.0032343992497772
0.00516760349273682
0.00278827524743974
0.00092942506307736
0.00121444882825017
0.000941817415878177
0.000941817415878177
0.000768324767705053
0.00074354006210342
0.000632009061519057
0.000644401414319873
0.000656793708913028
0.000892248062882572
0.000917032768484205
0.000669186061713845
0.000396554707549512
0.000731147709302604
0.000656793708913028
0.000867463415488601
0.0011648794170469
0.000731147709302604
0.000867463415488601
0.00121444882825017
0.000842678768094629
0.000978994416072965
0.00156143412459642
0.00125162582844496
0.000731147709302604
0.00121444882825017
0.00115248712245375
0.000780717062298208
0.000892248062882572
0.00141272612381727
0.0015986111247912
0.00213148165494204
0.00175971153657883
0.00241650524549186
0.00529152667149901
0.0179069228470325
0.0179936699569225
0.00733626214787364
0.00428774766623974
0.00220583565533161
0.00272631365805864
0.00220583565533161
0.00123923341743648
0.00123923341743648
0.00152425712440163
0.00169774983078241
0.00136315682902932
0.00107813312206417
0.00149947253521532
0.00149947253521532
0.00140033382922411
0.000545262708328664
0.00164818053599447
0.00152425712440163
0.00180928083136678
0.00144990312401205
0.00163578812498599
0.0014375108294189
0.000917032768484205
0.00158621883019805
0.00104095612186939
0.00175971153657883
0.00190841953735799
0.00144990312401205
0.00151186482980847
0.00114009482786059
0.0010037791216746
0.00136315682902932
0.00138794141821563
0.00235454365611076
0.00289980624802411
0.00198277342133224
0.00325918407179415
0.00614659814164042
0.0111654931679368
0.036148440092802
0.0334716960787773
0.0129499891772866
0.00902161933481693
0.00421339366585016
0.00157382653560489
0.00125162582844496
0.00255282083526254
0.00339549966156483
0.00242889765650034
0.0013011951232329
0.00268913665786386
0.00249085924588144
0.0018712425371632
0.00179688853677362
0.00208191224373877
0.00218105083331466
0.0026023902464658
0.00223062024451792
0.00318483007140458
0.00211908924393356
0.00265195965766907
0.00328396866098046
0.00219344324432313
0.00213148165494204
0.00179688853677362
0.00123923341743648
0.00193320424295962
0.00183406553696841
0.0014375108294189
0.00240411283448339
0.00192081183195114
0.00136315682902932
0.00152425712440163
0.00118966412264854
0.00225540483370423
0.00268913665786386
0.00517999567091465
0.00883573479950428
0.0151434326544404
0.0524195767939091
0.0500402450561523
0.0133837210014462
0.0106450151652098
0.00364334625191987
0.00210669683292508
0.00252803624607623
0.00223062024451792
0.00293698324821889
0.00210669683292508
0.0020943044219166
0.00246607465669513
0.00197038124315441
0.0017349268309772
0.00219344324432313
0.0029617678374052
0.00335832266137004
0.00294937565922737
0.00241650524549186
0.00252803624607623
0.00154904183000326
0.00265195965766907
0.00283784465864301
0.0017349268309772
0.00328396866098046
0.00342028425075114
0.00239172065630555
0.00189602712634951
0.00199516583234072
0.00189602712634951
0.00195798883214593
0.00135076441802084
0.00104095612186939
0.00251564383506775
0.00255282083526254
0.00258999783545732
0.00395315466448665
0.00593592831864953
0.00827807933092117
0.0179317072033882
0.0517875663936138
0.0435962341725826
0.0128632429987192
0.0113265933468938
0.0052047804929316
0.00277588283643126
0.0032343992497772
0.00188363483175635
0.00131358741782606
0.00125162582844496
0.00153664953541011
0.00158621883019805
0.00148708012420684
0.000941817415878177
0.00109052541665733
0.00125162582844496
0.00198277342133224
0.00177210383117199
0.00193320424295962
0.0018712425371632
0.00157382653560489
0.00167296512518078
0.00189602712634951
0.00110291782766581
0.00115248712245375
0.0017349268309772
0.00167296512518078
0.000966602121479809
0.000842678768094629
0.00141272612381727
0.00112770241685212
0.000892248062882572
0.00101617141626775
0.00112770241685212
0.00144990312401205
0.00180928083136678
0.00245368224568665
0.0037424850743264
0.00630769832059741
0.0110539626330137
0.0332982018589973
0.0281429924070835
0.0107441544532776
0.0121320951730013
0.005836789496243
0.00454798666760325
0.00354420766234398
0.00133837212342769
0.00174731912557036
0.0015986111247912
0.00117727182805538
0.00146229541860521
0.00121444882825017
0.00121444882825017
0.00122684112284333
0.00138794141821563
0.00178449612576514
0.0022430126555264
0.00146229541860521
0.000805501767899841
0.000755932414904237
0.00152425712440163
0.00161100353579968
0.00148708012420684
0.00135076441802084
0.00151186482980847
0.00106574082747102
0.00144990312401205
0.0015986111247912
0.00157382653560489
0.00123923341743648
0.000669186061713845
0.000532870413735509
0.00061961670871824
0.00107813312206417
0.00183406553696841
0.00178449612576514
0.00327157624997199
0.00500650331377983
0.00640683714300394
0.0140529070049524
0.0127021428197622
0.0063448753207922
0.00504368031397462
0.00293698324821889
0.00208191224373877
0.00197038124315441
0.000954209768678993
0.00127641041763127
0.00125162582844496
0.00141272612381727
0.00104095612186939
0.000830286415293813
0.00164818053599447
0.00188363483175635
0.00137554912362248
0.00131358741782606
0.00152425712440163
0.0014375108294189
0.00156143412459642
0.00105334841646254
0.00234215124510229
0.00285023683682084
0.00142511841841042
0.00154904183000326
0.00128880282863975
0.000917032768484205
0.00198277342133224
0.00189602712634951
0.00184645783156157
0.00169774983078241
0.00121444882825017
0.000830286415293813
0.00140033382922411
0.00174731912557036
0.0020943044219166
0.00221822783350945
0.00442406348884106
0.00573765067383647
0.00962884351611137
0.0221203174442053
0.0177458226680756
0.00650597549974918
0.00515521131455898
0.00221822783350945
0.00235454365611076
0.00303612207062542
0.00180928083136678
0.00154904183000326
0.00137554912362248
0.00151186482980847
0.00106574082747102
0.000892248062882572
0.000855071062687784
0.00120205641724169
0.00123923341743648
0.00144990312401205
0.000842678768094629
0.00158621883019805
0.00211908924393356
0.00162339583039284
0.00161100353579968
0.00166057283058763
0.00195798883214593
0.00177210383117199
0.00136315682902932
0.00138794141821563
0.00114009482786059
0.00074354006210342
0.00118966412264854
0.00106574082747102
0.000892248062882572
0.00118966412264854
0.00121444882825017
0.00137554912362248
0.00168535753618926
0.0011648794170469
0.00221822783350945
0.00242889765650034
0.00366813107393682
0.00848874915391207
0.0067662145011127
0.00434970948845148
0.00380444666370749
0.00148708012420684
0.00194559653755277
0.00169774983078241
0.000842678768094629
0.000780717062298208
0.000731147709302604
0.000768324767705053
0.000842678768094629
0.000780717062298208
0.000904640415683389
0.000768324767705053
0.000793109415099025
0.0010037791216746
0.000817894062492996
0.000582439708523452
0.000570047413930297
0.000557655061129481
0.000693970709107816
0.000520478060934693
0.000632009061519057
0.000718755414709449
0.000941817415878177
0.000941817415878177
0.000830286415293813
0.000458516384242103
0.000669186061713845
0.000644401414319873
0.0004337317077443
0.000346985354553908
0.00061961670871824
0.000644401414319873
0.00061961670871824
0.000532870413735509
0.000978994416072965
0.000917032768484205
0.00185885012615472
0.00328396866098046
0.00193320424295962
0.00132597982883453
0.00158621883019805
0.000656793708913028
0.000718755414709449
0.000632009061519057
0.000557655061129481
0.000607224414125085
0.000346985354553908
0.000421339384047315
0.000346985354553908
0.000272631354164332
0.000396554707549512
0.00030980835435912
0.000235454353969544
0.000334593030856922
0.000359377707354724
0.000396554707549512
0.000346985354553908
0.000408947031246498
0.000470908707939088
0.0004337317077443
0.000260239030467346
0.000557655061129481
0.000446124031441286
0.000223062015720643
0.000198277353774756
0.000297416030662134
0.000297416030662134
0.000396554707549512
0.000396554707549512
0.000285023706965148
0.000223062015720643
0.000272631354164332
0.000359377707354724
0.000458516384242103
0.000570047413930297
0.000793109415099025
0.00152425712440163
0.00283784465864301
0.00183406553696841
0.000817894062492996
0.00125162582844496
0.000632009061519057
0.00030980835435912
0.000297416030662134
0.000260239030467346
0.000421339384047315
0.000334593030856922
0.00030980835435912
0.000223062015720643
0.000260239030467346
0.000285023706965148
0.000297416030662134
0.000210669692023657
0.00024784667766653
0.000235454353969544
0.000161100353579968
0.000235454353969544
0.000161100353579968
0.000285023706965148
0.000285023706965148
0.000173492677276954
0.00037177003105171
0.00030980835435912
0.00030980835435912
0.00030980835435912
0.00024784667766653
0.000198277353774756
0.000161100353579968
0.000198277353774756
0.00030980835435912
0.00024784667766653
0.000235454353969544
0.000297416030662134
0.00030980835435912
0.000582439708523452
0.000805501767899841
0.00157382653560489
0.00283784465864301
0.00168535753618926
0.000731147709302604
0.00102856371086091
0.000408947031246498
0.000408947031246498
0.000396554707549512
0.000260239030467346
0.000322200707159936
0.000185885015525855
0.00024784667766653
0.000235454353969544
0.000297416030662134
0.000260239030467346
0.000198277353774756
0.000173492677276954
0.000260239030467346
0.000334593030856922
0.000223062015720643
0.000185885015525855
0.000260239030467346
0.000396554707549512
0.000334593030856922
0.000148708015331067
0.000421339384047315
0.00030980835435912
0.000198277353774756
0.000198277353774756
0.000235454353969544
0.000223062015720643
0.000148708015331067
0.000123923338833265
0.000111531007860322
0.000161100353579968
0.00024784667766653
0.000260239030467346
0.000285023706965148
0.000545262708328664
0.000656793708913028
0.00142511841841042
0.00247846683487296
0.00144990312401205
0.000842678768094629
0.00114009482786059
0.000669186061713845
0.000223062015720643
0.000185885015525855
0.000111531007860322
0.000272631354164332
0.000210669692023657
0.000198277353774756
0.000260239030467346
0.000272631354164332
0.000260239030467346
0.00024784667766653
0.000235454353969544
0.000136315677082166
0.000111531007860322
0.000272631354164332
0.000322200707159936
0.000297416030662134
0.000260239030467346
0.000198277353774756
0.000223062015720643
0.000198277353774756
0.000111531007860322
0.000111531007860322
0.000161100353579968
0.00024784667766653
0.000260239030467346
0.000210669692023657
0.000161100353579968
0.000123923338833265
0.000210669692023657
0.000235454353969544
0.000235454353969544
0.000198277353774756
0.000421339384047315
0.000520478060934693
0.00127641041763127
0.00262717483565211
0.00164818053599447
0.000693970709107816
0.000731147709302604
0.000532870413735509
0.000458516384242103
0.000359377707354724
0.00030980835435912
0.000285023706965148
0.000223062015720643
0.000223062015720643
0.000334593030856922
0.00024784667766653
0.000173492677276954
0.000223062015720643
0.000260239030467346
0.000185885015525855
0.000198277353774756
0.000123923338833265
0.000123923338833265
0.000173492677276954
0.000260239030467346
0.000210669692023657
0.000260239030467346
0.000421339384047315
0.000384162383852527
0.000198277353774756
0.000198277353774756
0.000173492677276954
0.000198277353774756
0.000223062015720643
0.000185885015525855
0.000297416030662134
0.000223062015720643
0.000235454353969544
0.000346985354553908
0.000285023706965148
0.000334593030856922
0.000458516384242103
0.00101617141626775
0.00218105083331466
0.00142511841841042
0.000632009061519057
0.00049569335533306
0.00030980835435912
0.000198277353774756
0.000161100353579968
0.000285023706965148
0.000408947031246498
0.000346985354553908
0.000235454353969544
0.000148708015331067
0.000148708015331067
0.000123923338833265
0.000123923338833265
0.000148708015331067
0.000260239030467346
0.000260239030467346
0.000260239030467346
0.000223062015720643
0.000185885015525855
0.000173492677276954
9.91386768873781E-5
0.000123923338833265
0.000148708015331067
7.43540076655336E-5
0.000123923338833265
0.000161100353579968
0.000148708015331067
0.000161100353579968
0.000111531007860322
0.000161100353579968
0.000123923338833265
0.000173492677276954
0.000148708015331067
0.00024784667766653
0.000322200707159936
0.000483301060739905
0.000508085708133876
0.00099138671066612
0.00200755824334919
0.00131358741782606
0.000644401414319873
0.000532870413735509
0.00024784667766653
0.000198277353774756
0.000111531007860322
0.000123923338833265
0.000161100353579968
0.000185885015525855
0.000148708015331067
0.000161100353579968
0.000161100353579968
0.000123923338833265
0.000148708015331067
0.000148708015331067
0.000210669692023657
0.000185885015525855
0.000148708015331067
0.000123923338833265
0.000185885015525855
0.00024784667766653
0.000111531007860322
0.000148708015331067
0.000123923338833265
9.91386768873781E-5
0.000123923338833265
0.000185885015525855
0.000185885015525855
0.000161100353579968
0.000148708015331067
0.000136315677082166
0.000136315677082166
0.000210669692023657
0.000185885015525855
0.000198277353774756
0.000223062015720643
0.000334593030856922
0.0004337317077443
0.000693970709107816
0.00133837212342769
0.000941817415878177
0.000421339384047315
0.000384162383852527
0.000173492677276954
0.000185885015525855
0.000185885015525855
0.000136315677082166
0.000111531007860322
0.000123923338833265
0.000161100353579968
0.000136315677082166
0.000185885015525855
0.000198277353774756
0.000210669692023657
0.000161100353579968
0.000161100353579968
0.000123923338833265
0.000111531007860322
0.000148708015331067
0.000223062015720643
0.000185885015525855
0.000161100353579968
0.000136315677082166
0.000123923338833265
0.000136315677082166
0.000161100353579968
0.000161100353579968
0.000210669692023657
0.000148708015331067
0.000123923338833265
0.000198277353774756
0.000161100353579968
6.19616694166325E-5
0.000111531007860322
0.000136315677082166
0.000148708015331067
0.000136315677082166
0.000123923338833265
0.000260239030467346
0.0004337317077443
0.000322200707159936
0.0004337317077443
0.00037177003105171
0.000235454353969544
0.00024784667766653
0.000161100353579968
0.000161100353579968
0.000223062015720643
0.000198277353774756
0.000136315677082166
0.000161100353579968
0.000173492677276954
0.000148708015331067
0.000235454353969544
0.000148708015331067
0.000223062015720643
0.000235454353969544
0.000161100353579968
0.000111531007860322
0.000173492677276954
0.000235454353969544
0.000161100353579968
0.000123923338833265
0.000136315677082166
0.000123923338833265
0.000148708015331067
0.000161100353579968
0.000173492677276954
0.000148708015331067
0.000161100353579968
0.000210669692023657
0.000123923338833265
7.43540076655336E-5
0.000111531007860322
0.000136315677082166
0.000161100353579968
0.00024784667766653
0.000297416030662134
0.000384162383852527
0.000520478060934693
0.000458516384242103
0.000272631354164332
0.000148708015331067
0.000198277353774756
0.000198277353774756
0.000161100353579968
0.000185885015525855
0.000173492677276954
0.000136315677082166
0.000198277353774756
0.000111531007860322
7.43540076655336E-5
0.000161100353579968
0.000148708015331067
9.91386768873781E-5
9.91386768873781E-5
0.000148708015331067
0.000185885015525855
0.000198277353774756
0.000161100353579968
0.000111531007860322
0.000185885015525855
0.000210669692023657
0.000148708015331067
0.000161100353579968
9.91386768873781E-5
0.000136315677082166
0.000161100353579968
0.000185885015525855
0.000161100353579968
0.000111531007860322
0.000148708015331067
0.000136315677082166
0.000123923338833265
0.000173492677276954
0.000198277353774756
0.000297416030662134
0.000322200707159936
0.000235454353969544
0.000421339384047315
0.000532870413735509
0.000334593030856922
0.00030980835435912
0.000272631354164332
0.000173492677276954
9.91386768873781E-5
0.000136315677082166
8.6746338638477E-5
0.000161100353579968
0.000185885015525855
0.000210669692023657
0.00024784667766653
0.000173492677276954
0.000161100353579968
0.000260239030467346
0.000285023706965148
0.000235454353969544
0.000148708015331067
0.000161100353579968
0.000173492677276954
0.000136315677082166
0.000123923338833265
0.000161100353579968
0.000210669692023657
0.000185885015525855
0.000161100353579968
0.000136315677082166
0.000173492677276954
0.000260239030467346
0.000173492677276954
0.000123923338833265
9.91386768873781E-5
0.000210669692023657
0.000285023706965148
0.000285023706965148
0.000272631354164332
0.000346985354553908
0.000210669692023657
0.000346985354553908
0.000644401414319873
0.000644401414319873
