% Type: Spectrum
% Date: 11-DEC-24 12:26:53
% NoOfItems: = 1601
% Unit_Y: = dB
% Unit_X: = Hz
% Min_X: = 0
% Max_X: = 1000
% MinDisplay_X: = 0
% MaxDisplay_X: = 1000
0
0
0
0
0.101851299405098
0.0587375238537788
0.0318412855267525
0.0303382892161608
0.0224058013409376
0.0108828172087669
0.00963959749788046
0.013072369620204
0.00757065555080771
0.00824793241918087
0.00576149160042405
0.00358121702447534
0.0086097652092576
0.0200306922197342
0.0224150791764259
0.0156608652323484
0.00513988127931952
0.00457393797114491
0.00476877065375447
0.00872109830379486
0.0100756520405412
0.00216171913780272
0.00259777391329408
0.00101127626840025
0.000983442994765937
0.000974165217485279
0.00285755144432187
0.00320082856342196
0.00155866437125951
0.0020225525368005
0.00635526841506362
0.00709748966619372
0.00235655205324292
0.00220810784958303
0.0015215533785522
0.137190297245979
0.262328773736954
0.125954926013947
0.00458321534097195
0.00379460561089218
0.00244005210697651
0.00345132825896144
0.00192049716133624
0.00169783085584641
0.00222666352055967
0.00187410833314061
0.00206894148141146
0.00204110820777714
0.00129888695664704
0.000890665338374674
0.00115972047206014
0.00190194172319025
0.00233799661509693
0.0015215533785522
0.00156794220674783
0.0018369973404333
0.00561304716393352
0.014890811406076
0.011680705472827
0.0050007151439786
0.00330288405530155
0.00130816479213536
0.00111333176027983
0.00157721992582083
0.00410077162086964
0.00468527106568217
0.00248644081875682
0.00206894148141146
0.00237510772421956
0.0015308310976252
0.00140094244852662
0.00166071974672377
0.00510277040302753
0.0124229267239571
0.00984370801597834
0.0882779285311699
0.169718146324158
0.0888717025518417
0.0127476481720805
0.00968598574399948
0.00267199613153934
0.00231944094412029
0.00313588441349566
0.00200399709865451
0.0018369973404333
0.00237510772421956
0.00157721992582083
0.00331216189078987
0.00527904788032174
0.00372038339264691
0.00663360161706805
0.00585426902398467
0.00261632958427072
0.00266271829605103
0.0072181005962193
0.00766343344002962
0.0167278088629246
0.0431044921278954
0.0304960105568171
0.0214223582297564
0.0222851894795895
0.00857265386730433
0.00547388102859259
0.00563160283491015
0.0122095374390483
0.0113559830933809
0.00855409819632769
0.00834070984274149
0.00709748966619372
0.00984370801597834
0.0127383703365922
0.0123672597110271
0.0117363715544343
0.0266828499734402
0.0638402923941612
0.164188593626022
0.262514352798462
0.108540564775467
0.0507400929927826
0.0380109995603561
0.0194925833493471
0.0129239251837134
0.00513988127931952
0.00580788031220436
0.00615115789696574
0.00754282251000404
0.00719954492524266
0.0104931509122252
0.0143527016043663
0.00732015585526824
0.00768198864534497
0.010780761949718
0.0129888700321317
0.0125899259001017
0.0263302940875292
0.0286033470183611
0.0173123087733984
0.034513283520937
0.0216264687478542
0.00936126429587603
0.0102519290521741
0.00652226805686951
0.00527904788032174
0.0046481597237289
0.00834070984274149
0.0103632630780339
0.0089530423283577
0.00584499165415764
0.00866543222218752
0.00984370801597834
0.0118755381554365
0.0141578679904342
0.0217192452400923
0.0477712079882622
0.0514730364084244
0.359624683856964
0.608018279075623
0.252958238124847
0.144705295562744
0.133442088961601
0.0345967821776867
0.0429096594452858
0.0232500769197941
0.0182864740490913
0.0203646924346685
0.0162639208137989
0.0119590377435088
0.0174050852656364
0.0277683492749929
0.0132208140566945
0.00500999251380563
0.0112353721633554
0.00900870934128761
0.00772837782278657
0.0126177594065666
0.0139630353078246
0.00614188006147742
0.0161154773086309
0.0134156467393041
0.00876748748123646
0.00957465264946222
0.00529760355129838
0.00887882057577372
0.00615115789696574
0.00559449195861816
0.00655010156333447
0.00694904522970319
0.0039987163618207
0.00671710120514035
0.00949115306138992
0.00820154324173927
0.00775621086359024
0.00769126648083329
0.0275549590587616
0.0191307496279478
0.0554253645241261
0.0918220356106758
0.0379553325474262
0.106425233185291
0.097277358174324
0.0160041432827711
0.0115229832008481
0.00545532535761595
0.00619754660874605
0.00686554564163089
0.0109663177281618
0.0101220412179828
0.00856337603181601
0.00844276510179043
0.00724593363702297
0.0111889839172363
0.00894376449286938
0.004954325966537
0.00425849389284849
0.00880459789186716
0.0122744822874665
0.00592849124222994
0.00689337868243456
0.00585426902398467
0.00552954757586122
0.00609549088403583
0.00455538230016828
0.0102890403941274
0.0127383703365922
0.00859120953828096
0.00689337868243456
0.00772837782278657
0.00670782336965203
0.00745004462078214
0.0140465348958969
0.0123023157939315
0.00870254263281822
0.0109663177281618
0.011652871966362
0.0142877567559481
0.129619643092155
0.203322201967239
0.0734242275357246
0.0718284472823143
0.0548872537910938
0.0146774230524898
0.0314330644905567
0.0150763671845198
0.0064758793450892
0.0105302622541785
0.00780259957537055
0.010307596065104
0.0129517586901784
0.0104467626661062
0.00717171188443899
0.0052604922093451
0.00736654503270984
0.00719954492524266
0.00418427167460322
0.00829432159662247
0.00750571116805077
0.00627176882699132
0.0161433089524508
0.0123765375465155
0.0187689177691936
0.0238624103367329
0.00995504111051559
0.00772837782278657
0.00782115571200848
0.00528832571581006
0.00527904788032174
0.00371110578998923
0.00559449195861816
0.00679132342338562
0.0077376551926136
0.00787682179361582
0.00407293858006597
0.0087396539747715
0.009908651933074
0.0147330900654197
0.0460826531052589
0.0644340738654137
0.0279353484511375
0.0224429108202457
0.0205409694463015
0.0102240964770317
0.0101405959576368
0.00764487776905298
0.0108178732916713
0.0102055408060551
0.00722737843170762
0.00459249317646027
0.00654082372784615
0.00800671055912971
0.00544604752212763
0.00695832306519151
0.00779332173988223
0.00590065820142627
0.00736654503270984
0.00954681914299726
0.00781187741085887
0.00710676750168204
0.0136197581887245
0.00941693037748337
0.0111240390688181
0.0149835888296366
0.00524193700402975
0.00458321534097195
0.00400799419730902
0.00473165977746248
0.00629032403230667
0.00359977246262133
0.00137310905847698
0.00329360621981323
0.00457393797114491
0.00330288405530155
0.00282044033519924
0.00476877065375447
0.00735726719722152
0.0052604922093451
0.0261076278984547
0.0439302138984203
0.0384748876094818
0.048003152012825
0.0322216749191284
0.0199100822210312
0.0373615548014641
0.01887097209692
0.0119126494973898
0.013944479636848
0.00590993603691459
0.00471310410648584
0.0048244372010231
0.00782115571200848
0.00987154152244329
0.0121353156864643
0.00610476871952415
0.00411932729184628
0.00500999251380563
0.00524193700402975
0.00606765784323215
0.00435127131640911
0.0074314889498055
0.00426777172833681
0.00815515499562025
0.0105024287477136
0.00742221157997847
0.0104931509122252
0.0087860431522131
0.00738510023802519
0.00826648809015751
0.00643876846879721
0.00566871417686343
0.00579860247671604
0.00670782336965203
0.0050842147320509
0.00851698778569698
0.0141207575798035
0.0143619794398546
0.0176555849611759
0.136114075779915
0.189257115125656
0.0672637894749641
0.0476969853043556
0.0312289539724588
0.0305145662277937
0.0541728660464287
0.0249107964336872
0.00876748748123646
0.00604910217225552
0.00567799154669046
0.00798815488815308
0.00814587716013193
0.0067820455878973
0.00667071249336004
0.00937054213136435
0.0103447074070573
0.00899015367031097
0.00567799154669046
0.0065686572343111
0.00488938158378005
0.00615115789696574
0.0119775934144855
0.00777476653456688
0.00912932027131319
0.00906437542289495
0.0048708263784647
0.0063459905795753
0.00527904788032174
0.00676348991692066
0.00714387837797403
0.00544604752212763
0.00463888188824058
0.00497288163751364
0.00617899093776941
0.00512132607400417
0.00411932729184628
0.00809948798269033
0.0157443657517433
0.0228511337190866
0.102064684033394
0.137134626507759
0.0549521967768669
0.0387903340160847
0.031794898211956
0.00857265386730433
0.0146310338750482
0.00719026708975434
0.00624393532052636
0.00672637904062867
0.00499143730849028
0.00439766002818942
0.00539965881034732
0.00536254793405533
0.00348843936808407
0.00400799419730902
0.0041749938391149
0.00405438290908933
0.0035441059153527
0.00317299528978765
0.00302455108612776
0.00253282953053713
0.00703254528343678
0.00622537964954972
0.00677276775240898
0.00667071249336004
0.00405438290908933
0.00810876581817865
0.00784898828715086
0.00524193700402975
0.00445332704111934
0.00501927034929395
0.00481515983119607
0.00512132607400417
0.00272766267880797
0.00333071732893586
0.00450899358838797
0.00724593363702297
0.00866543222218752
0.011652871966362
0.0225635226815939
0.0289002358913422
0.0248922407627106
0.0462682098150253
0.033242229372263
0.00492649292573333
0.00536254793405533
0.00638310192152858
0.0119404830038548
0.010307596065104
0.00604910217225552
0.00718098971992731
0.00462960451841354
0.00514915911480784
0.00561304716393352
0.00556665845215321
0.00597487995401025
0.00728304497897625
0.00714387837797403
0.00593776907771826
0.00547388102859259
0.0100849298760295
0.0152804777026176
0.00750571116805077
0.0029317734297365
0.00326577294617891
0.0075242668390274
0.0112168174237013
0.0075613777153194
0.00739437807351351
0.00638310192152858
0.00685626780614257
0.00439766002818942
0.00673565687611699
0.0121445935219526
0.010808595456183
0.00783043261617422
0.00900870934128761
0.0145104229450226
0.0164865870028734
0.0688595697283745
0.0915436968207359
0.0451734326779842
0.0194647498428822
0.0113467052578926
0.0243262983858585
0.0285384021699429
0.0195853598415852
0.0273972377181053
0.0300970673561096
0.0130074257031083
0.0100385406985879
0.00954681914299726
0.0119497599080205
0.00484299287199974
0.0113930944353342
0.0096952635794878
0.00848915427923203
0.00976020842790604
0.0122559266164899
0.0113745387643576
0.0169319193810225
0.0237417984753847
0.0158000327646732
0.0264045167714357
0.0265529621392488
0.00981587450951338
0.0176648627966642
0.0140558127313852
0.010381817817688
0.00970454141497612
0.00994576327502728
0.00870254263281822
0.0134527580812573
0.0156701430678368
0.0168948080390692
0.0151505889371037
0.013842424377799
0.0135177029296756
0.0177761968225241
0.0720882266759872
0.108856007456779
0.0609734654426575
0.0539780333638191
0.0430581048130989
0.0148537009954453
0.0299578998237848
0.0167649202048779
0.0106323175132275
0.00834998767822981
0.00873037613928318
0.00984370801597834
0.011179706081748
0.0105209844186902
0.0106415953487158
0.00968598574399948
0.00810876581817865
0.00942620821297169
0.00987154152244329
0.00800671055912971
0.00859120953828096
0.00798815488815308
0.00604910217225552
0.00663360161706805
0.0225264113396406
0.0250870753079653
0.00991792976856232
0.00941693037748337
0.0103168739005923
0.0159670319408178
0.0203183032572269
0.0143619794398546
0.00973237492144108
0.0056965472176671
0.00905509758740664
0.0117363715544343
0.00898087583482265
0.00806237757205963
0.00858193170279264
0.0146774230524898
0.0358492806553841
0.0414530523121357
0.0397644974291325
0.056251086294651
0.0370925031602383
0.0173030309379101
0.020763635635376
0.0095653748139739
0.010381817817688
0.0118755381554365
0.00649443501606584
0.0120703708380461
0.010854983702302
0.00860048737376928
0.0101869851350784
0.0124414814636111
0.0113838165998459
0.00949115306138992
0.0076541556045413
0.00431416044011712
0.00927776377648115
0.0103447074070573
0.00834070984274149
0.00472238194197416
0.0074778781272471
0.00875820964574814
0.0069119343534112
0.0100107071921229
0.00668926816433668
0.00583571381866932
0.00706037878990173
0.00703254528343678
0.00606765784323215
0.00606765784323215
0.00684698997065425
0.00802526623010635
0.00605838000774384
0.00532543659210205
0.0129332030192018
0.0257086846977472
0.0674586221575737
0.0698893964290619
0.027387959882617
0.0383913889527321
0.0202255267649889
0.00959320832043886
0.0138145908713341
0.00498215947300196
0.00635526841506362
0.00519554782658815
0.00463888188824058
0.00607693567872047
0.00449043791741133
0.00286682904697955
0.00421210518106818
0.00503782602027059
0.00633671274408698
0.0061326022259891
0.00411004945635796
0.0038688275963068
0.0046110488474369
0.00523265916854143
0.0063459905795753
0.00381316104903817
0.00784898828715086
0.00800671055912971
0.00219883001409471
0.00360905029810965
0.0029132179915905
0.004518270958215
0.00815515499562025
0.00722737843170762
0.00574293592944741
0.00711604533717036
0.00578004727140069
0.00590993603691459
0.010854983702302
0.0136383138597012
0.0193626936525106
0.0236582979559898
0.0575778037309647
0.0597302466630936
0.0279817376285791
0.0301712900400162
0.0222202446311712
0.00997359678149223
0.0105766514316201
0.0101034855470061
0.00760776689276099
0.00636454625055194
0.0103725399821997
0.0128404255956411
0.0104189291596413
0.0109477620571852
0.00914787594228983
0.00527904788032174
0.00631815753877163
0.0096117639914155
0.01220025960356
0.0111333169043064
0.00583571381866932
0.00965815223753452
0.0135826468467712
0.00620682444423437
0.0243355762213469
0.0249200742691755
0.0163845308125019
0.0182586405426264
0.0106230396777391
0.0077840443700552
0.00890665408223867
0.00871182046830654
0.0136290360242128
0.00860048737376928
0.00547388102859259
0.00976020842790604
0.0115415388718247
0.0122466487810016
0.0215151347219944
0.0158928092569113
0.0425756610929966
0.0536996982991695
0.032175287604332
0.037176001816988
0.0297909006476402
0.0145753677934408
0.0108735393732786
0.00729232281446457
0.00816443283110857
0.00527904788032174
0.00664287898689508
0.00850770995020866
0.00593776907771826
0.00556665845215321
0.00847059860825539
0.0146217560395598
0.0104931509122252
0.00898087583482265
0.00696760090067983
0.00712532270699739
0.00497288163751364
0.00579860247671604
0.00696760090067983
0.00423993822187185
0.0105766514316201
0.00897159799933434
0.0038688275963068
0.00511204823851585
0.00328432861715555
0.00441621569916606
0.00586354685947299
0.00705110095441341
0.00771909998729825
0.00606765784323215
0.00446260441094637
0.00277405139058828
0.00506565906107426
0.00855409819632769
0.0105024287477136
0.0106044849380851
0.0159855876117945
0.027536403387785
0.0271281823515892
0.0235098544508219
0.0134249245747924
0.0167834758758545
0.021589357405901
0.00546460319310427
0.00703254528343678
0.006698545999825
0.00435127131640911
0.00488938158378005
0.00401727203279734
0.00346060609444976
0.00500999251380563
0.00617899093776941
0.00378532777540386
0.00328432861715555
0.00402654986828566
0.00342349498532712
0.0029132179915905
0.0048708263784647
0.00490793725475669
0.00340493954718113
0.00484299287199974
0.00571510288864374
0.00136383133940399
0.0029317734297365
0.00175349740311503
0.00371110578998923
0.00442549353465438
0.00369255011901259
0.00465743755921721
0.00452754879370332
0.00249571865424514
0.00282044033519924
0.00578932510688901
0.00514915911480784
0.00477804848924279
0.00766343344002962
0.0216171909123659
0.023333577439189
0.01220025960356
0.015735087916255
0.00993648543953896
0.0100663742050529
0.0144640346989036
0.00562232499942183
0.00421210518106818
0.00194833043497056
0.00276477378793061
0.00423066038638353
0.00328432861715555
0.0026070517487824
0.00276477378793061
0.00276477378793061
0.00230088550597429
0.00185555289499462
0.00279260706156492
0.00319155096076429
0.00313588441349566
0.00238438532687724
0.00175349740311503
0.00277405139058828
0.00576149160042405
0.00543676968663931
0.0044347713701427
0.00358121702447534
0.00248644081875682
0.0020225525368005
0.00297816237434745
0.00174421968404204
0.00146588671486825
0.00373893906362355
0.00205966364592314
0.00269055156968534
0.00333071732893586
0.00349771720357239
0.00855409819632769
0.0162268094718456
0.0540893636643887
0.0455909334123135
0.00979731883853674
0.0174978636205196
0.0109848724678159
0.00524193700402975
0.00385954999364913
0.0041749938391149
0.00452754879370332
0.00362760573625565
0.00243077427148819
0.00359977246262133
0.00231016334146261
0.00274621811695397
0.0033492729999125
0.00300599564798176
0.00166999758221209
0.0021709967404604
0.00405438290908933
0.00324721750803292
0.00315443985164165
0.00449043791741133
0.00343277282081544
0.00167927530128509
0.00413788296282291
0.0033678284380585
0.00510277040302753
0.00616971310228109
0.0031080509070307
0.00218955241143703
0.00230088550597429
0.00263488502241671
0.00340493954718113
0.004954325966537
0.00418427167460322
0.00265344046056271
0.00172566412948072
0.00398016069084406
0.00801598839461803
0.0141949793323874
0.0459527671337128
0.0393562763929367
0.0110219838097692
0.0098251523450017
0.00704182311892509
0.00684698997065425
0.0055202697403729
0.00476877065375447
0.00658721243962646
0.00653154589235783
0.0045646601356566
0.00403582723811269
0.00223594112321734
0.00382243888452649
0.00401727203279734
0.00257921847514808
0.00270910724066198
0.00472238194197416
0.00423993822187185
0.00275549595244229
0.00201327493414283
0.00309877330437303
0.00324721750803292
0.0032379396725446
0.00395232765004039
0.00435127131640911
0.00352555047720671
0.00488010421395302
0.00326577294617891
0.00295960670337081
0.00280188489705324
0.0021709967404604
0.00470382627099752
0.00446260441094637
0.00295960670337081
0.00238438532687724
0.00282971817068756
0.00331216189078987
0.00462032668292522
0.0110127059742808
0.0522709228098392
0.0619383528828621
0.0209863018244505
0.0133135914802551
0.0060398243367672
0.00381316104903817
0.00450899358838797
0.00468527106568217
0.00479660416021943
0.00236582988873124
0.0015308310976252
0.00369255011901259
0.0027833292260766
0.00180916406679899
0.00200399709865451
0.00209677475504577
0.00200399709865451
0.00227305223233998
0.00327505078166723
0.00223594112321734
0.00154938665218651
0.00302455108612776
0.00241221860051155
0.00301527348347008
0.00535327009856701
0.00282971817068756
0.00233799661509693
0.00236582988873124
0.00188338616862893
0.00109477620571852
0.00172566412948072
0.00149371998850256
0.00188338616862893
0.00242149643599987
0.00207821908406913
0.00254210736602545
0.00241221860051155
0.00205038581043482
0.0050842147320509
0.00490793725475669
0.0179617516696453
0.0159484762698412
0.0046481597237289
0.00444404920563102
0.00252355192787945
0.0029132179915905
0.00404510507360101
0.00256066303700209
0.00518626999109983
0.00374821666628122
0.00178133067674935
0.00185555289499462
0.00141022016759962
0.00143805344123393
0.00222666352055967
0.00266271829605103
0.00165144202765077
0.00287610688246787
0.00168855313677341
0.00146588671486825
0.0020225525368005
0.0029132179915905
0.00257921847514808
0.00223594112321734
0.00269055156968534
0.00269982940517366
0.00189266388770193
0.00248644081875682
0.00283899577334523
0.00303382892161608
0.00309877330437303
0.00196688598953187
0.00166999758221209
0.0021524413023144
0.00191121944226325
0.00265344046056271
0.0021524413023144
0.0045646601356566
0.00695832306519151
0.0102890403941274
0.0319526195526123
0.0245582424104214
0.00981587450951338
0.0134805915877223
0.00652226805686951
0.00458321534097195
0.00560376979410648
0.00216171913780272
0.00329360621981323
0.00355338375084102
0.00282971817068756
0.00266271829605103
0.00136383133940399
0.00125249812845141
0.00231016334146261
0.00238438532687724
0.00219883001409471
0.00221738568507135
0.00198544166050851
0.00179988623131067
0.00148444226942956
0.00191121944226325
0.00246788538061082
0.00235655205324292
0.00266271829605103
0.00196688598953187
0.00118755386210978
0.00208749691955745
0.00181844178587198
0.00243077427148819
0.00264416285790503
0.00230088550597429
0.00274621811695397
0.00313588441349566
0.00227305223233998
0.00275549595244229
0.00262560718692839
0.00404510507360101
0.0050007151439786
0.00607693567872047
0.0168113093823195
0.0129610365256667
0.00715315621346235
0.00881387572735548
0.00604910217225552
0.00592849124222994
0.00427704909816384
0.0025884963106364
0.00294105126522481
0.00349771720357239
0.00505638169124722
0.00411004945635796
0.00166999758221209
0.00205038581043482
0.00155866437125951
0.0010854983702302
0.00125249812845141
0.00204110820777714
0.00229160767048597
0.00173494196496904
0.00178133067674935
0.00220810784958303
0.00244932970963418
0.00232871877960861
0.00316371768712997
0.00243077427148819
0.00134527578484267
0.00226377439685166
0.00192049716133624
0.00204110820777714
0.00174421968404204
0.00155866437125951
0.0010762206511572
0.00132672023028135
0.00140094244852662
0.00191121944226325
0.00198544166050851
0.0031080509070307
0.00401727203279734
0.00392449414357543
0.00411932729184628
0.0050842147320509
0.00761704426258802
0.00941693037748337
0.00466671539470553
0.00440693786367774
0.0035441059153527
0.00196688598953187
0.00155866437125951
0.00125249812845141
0.00200399709865451
0.00264416285790503
0.00162360875401646
0.00216171913780272
0.00172566412948072
0.00154010881669819
0.00157721992582083
0.00156794220674783
0.00171638641040772
0.000983442994765937
0.00166999758221209
0.00192049716133624
0.00144733127672225
0.00165144202765077
0.00140094244852662
0.000992720830254257
0.00201327493414283
0.00276477378793061
0.00192049716133624
0.00173494196496904
0.00205038581043482
0.00216171913780272
0.00221738568507135
0.00169783085584641
0.0010762206511572
0.00115972047206014
0.000732943357434124
0.00288538471795619
0.00349771720357239
0.00727376714348793
0.0159206427633762
0.0110312616452575
0.00489865941926837
0.00511204823851585
0.00320082856342196
0.00172566412948072
0.00233799661509693
0.00160505319945514
0.0010854983702302
0.00157721992582083
0.00205038581043482
0.00196688598953187
0.00132672023028135
0.000899943115655333
0.0010669429320842
0.000974165217485279
0.00145660899579525
0.00208749691955745
0.00182771950494498
0.0015215533785522
0.00100199854932725
0.00174421968404204
0.00135455362033099
0.00105766509659588
0.00137310905847698
0.00166071974672377
0.00122466485481709
0.000686554529238492
0.00118755386210978
0.00127105368301272
0.00137310905847698
0.00154010881669819
0.00114116503391415
0.000946331943850964
0.00133599806576967
0.000844276568386704
0.0015215533785522
0.00269982940517366
0.00437910482287407
0.0066521568223834
0.012970314361155
0.00928704161196947
0.00701398961246014
0.0063459905795753
0.00211533019319177
0.00403582723811269
0.00329360621981323
0.00112260947935283
0.0015215533785522
0.00128033151850104
0.000937054166570306
0.00147516455035657
0.00161433091852814
0.00140094244852662
0.00103910954203457
0.00105766509659588
0.00109477620571852
0.00100199854932725
0.00128033151850104
0.0010762206511572
0.00127105368301272
0.00128033151850104
0.00114116503391415
0.0013916646130383
0.00175349740311503
0.00111333176027983
0.0010854983702302
0.00126177596393973
0.0010669429320842
0.00117827602662146
0.00121538713574409
0.00102983182296157
0.000927776447497308
0.00118755386210978
0.000964887498412281
0.0015308310976252
0.00140094244852662
0.00234727445058525
0.0032193842343986
0.0045646601356566
0.0109941503033042
0.00759848905727267
0.00405438290908933
0.00457393797114491
0.00187410833314061
0.00154938665218651
0.00119683158118278
0.000853554287459701
0.00091849867021665
0.0010854983702302
0.00119683158118278
0.000872109842021018
0.000946331943850964
0.000723665638361126
0.000751498911995441
0.00112260947935283
0.000705110083799809
0.000575221376493573
0.00080716545926407
0.000658721255604178
0.000640165759250522
0.000816443236544728
0.000630887981969863
0.00134527578484267
0.00169783085584641
0.00133599806576967
0.00128960923757404
0.000955609721131623
0.000575221376493573
0.00100199854932725
0.00126177596393973
0.00102983182296157
0.000909220892935991
0.000890665338374674
0.000714387861080468
0.000909220892935991
0.000983442994765937
0.00103910954203457
0.0015215533785522
0.00421210518106818
0.00901798717677593
0.00588210253044963
0.00281116249971092
0.00311732874251902
0.00125249812845141
0.00126177596393973
0.00118755386210978
0.000575221376493573
0.000974165217485279
0.000955609721131623
0.000751498911995441
0.000695832306519151
0.000705110083799809
0.000732943357434124
0.000621610204689205
0.00059377693105489
0.000844276568386704
0.0010854983702302
0.00113188719842583
0.000946331943850964
0.000760776689276099
0.00104838737752289
0.000695832306519151
0.000742221134714782
0.000565943599212915
0.000426777143729851
0.000667999032884836
0.000788609962910414
0.000732943357434124
0.000816443236544728
0.000686554529238492
0.000352555041899905
0.000677276810165495
0.000825721013825387
0.000445332669187337
0.000584499153774232
0.000872109842021018
0.00111333176027983
0.00124322040937841
0.00222666352055967
0.00423066038638353
0.00276477378793061
0.00162360875401646
0.00128033151850104
0.000333999516442418
0.000723665638361126
0.000844276568386704
0.000667999032884836
0.000881387619301677
0.00080716545926407
0.000890665338374674
0.0010854983702302
0.000723665638361126
0.000640165759250522
0.000417499395553023
0.000575221376493573
0.000723665638361126
0.000510277051944286
0.000426777143729851
0.000556665880139917
0.000315443990984932
0.000510277051944286
0.000630887981969863
0.000686554529238492
0.000770054408349097
0.000445332669187337
0.000528832548297942
0.000695832306519151
0.000575221376493573
0.000565943599212915
0.000491721497382969
0.000296888465527445
0.000398943870095536
0.000519554771017283
0.000547388102859259
0.00032472173916176
0.000491721497382969
0.000714387861080468
0.00101127626840025
0.00100199854932725
0.00117827602662146
0.000834998791106045
0.000556665880139917
0.000742221134714782
0.000760776689276099
0.000872109842021018
0.000677276810165495
0.000686554529238492
0.000890665338374674
0.000389666092814878
0.000296888465527445
0.000500999274663627
0.000361832819180563
0.00038038834463805
0.000473165971925482
0.000454610446467996
0.000436054921010509
0.000528832548297942
0.000389666092814878
0.000361832819180563
0.000575221376493573
0.000677276810165495
0.0005381103255786
0.000603054650127888
0.000463888223748654
0.00038038834463805
0.000565943599212915
0.000528832548297942
0.000565943599212915
0.000603054650127888
0.000259777385508642
0.000306166213704273
0.000417499395553023
0.000408221618272364
0.000352555041899905
0.000408221618272364
0.000436054921010509
0.000287610688246787
0.00038038834463805
0.000705110083799809
0.00203183037228882
0.00171638641040772
0.00100199854932725
0.000649443478323519
0.00059377693105489
0.0002690551627893
0.000584499153774232
0.0005381103255786
0.000436054921010509
0.000417499395553023
0.000436054921010509
0.000306166213704273
0.0002690551627893
0.000463888223748654
0.000519554771017283
0.000194833046407439
0.000231944111874327
0.000213388571864925
0.000473165971925482
0.000333999516442418
0.000278332940069959
0.000296888465527445
0.000463888223748654
0.000556665880139917
0.000408221618272364
0.000426777143729851
0.000584499153774232
0.000528832548297942
0.000333999516442418
0.000343277264619246
0.000389666092814878
0.000278332940069959
0.000398943870095536
0.000454610446467996
0.000408221618272364
0.000333999516442418
0.000287610688246787
0.000473165971925482
0.000695832306519151
0.000547388102859259
0.00117827602662146
0.000964887498412281
0.000500999274663627
0.000528832548297942
0.000333999516442418
0.0002690551627893
0.000231944111874327
0.000213388571864925
0.000417499395553023
0.000250499637331814
0.000306166213704273
0.000296888465527445
0.00024122187460307
0.000361832819180563
0.000371110567357391
0.000352555041899905
0.000436054921010509
0.000408221618272364
0.000306166213704273
0.000371110567357391
0.000398943870095536
0.000296888465527445
0.00032472173916176
0.000204110809136182
0.000213388571864925
0.000361832819180563
0.000333999516442418
0.00032472173916176
0.000315443990984932
0.000204110809136182
0.000204110809136182
0.00024122187460307
0.000296888465527445
0.000194833046407439
0.000231944111874327
0.00032472173916176
0.00032472173916176
0.000371110567357391
0.000510277051944286
0.000473165971925482
0.000899943115655333
0.000723665638361126
0.000603054650127888
0.000575221376493573
0.000445332669187337
0.000463888223748654
0.000343277264619246
0.000491721497382969
0.000371110567357391
0.000371110567357391
0.000333999516442418
0.000445332669187337
0.000296888465527445
0.000306166213704273
0.000315443990984932
0.000463888223748654
0.000371110567357391
0.000408221618272364
0.000398943870095536
0.000417499395553023
0.000500999274663627
0.000352555041899905
0.000361832819180563
0.000454610446467996
0.000473165971925482
0.000426777143729851
0.000287610688246787
0.000417499395553023
0.000398943870095536
0.000408221618272364
0.000482443749206141
0.000333999516442418
0.000473165971925482
0.000677276810165495
0.000463888223748654
0.000398943870095536
0.000408221618272364
0.00059377693105489
0.000482443749206141
0.000853554287459701
0.00128033151850104
0.00103910954203457
0.0010762206511572
0.00112260947935283
0.000770054408349097
0.000751498911995441
0.00080716545926407
0.000640165759250522
0.000732943357434124
0.000398943870095536
0.000556665880139917
0.00080716545926407
0.00080716545926407
0.000677276810165495
0.000714387861080468
0.000667999032884836
0.000621610204689205
0.000714387861080468
0.000584499153774232
0.000575221376493573
0.000473165971925482
0.000556665880139917
0.000779332185629755
0.000686554529238492
0.000417499395553023
0.000528832548297942
0.000352555041899905
0.000361832819180563
0.00059377693105489
0.000667999032884836
0.000584499153774232
0.000445332669187337
0.000686554529238492
0.000436054921010509
0.000649443478323519
0.000649443478323519
0.000723665638361126
0.000640165759250522
0.000528832548297942
0.000927776447497308
0.00155866437125951
0.00118755386210978
0.00191121944226325
0.00185555289499462
0.000881387619301677
0.00105766509659588
0.000621610204689205
0.000603054650127888
0.000463888223748654
0.000547388102859259
0.000454610446467996
0.000482443749206141
0.000584499153774232
0.000732943357434124
0.000760776689276099
0.000463888223748654
0.000436054921010509
0.000797887740191072
0.00091849867021665
0.000565943599212915
0.000547388102859259
0.000306166213704273
0.000463888223748654
0.000621610204689205
0.000890665338374674
0.000714387861080468
0.000751498911995441
0.000649443478323519
0.000556665880139917
0.000621610204689205
0.000556665880139917
0.000510277051944286
0.000742221134714782
0.000732943357434124
0.00102055410388857
0.000686554529238492
0.000714387861080468
0.000649443478323519
0.000547388102859259
0.00131744251120836
0.00231016334146261
0.0018462750595063
0.00156794220674783
0.00119683158118278
0.000658721255604178
0.000946331943850964
0.000825721013825387
0.000890665338374674
0.000872109842021018
0.000732943357434124
0.000899943115655333
0.000547388102859259
0.000584499153774232
0.000621610204689205
0.000621610204689205
0.000491721497382969
0.000398943870095536
0.000612332427408546
0.000621610204689205
0.00080716545926407
0.000816443236544728
0.000565943599212915
0.000547388102859259
0.00059377693105489
0.000797887740191072
0.000723665638361126
0.000770054408349097
0.000649443478323519
0.000343277264619246
0.000603054650127888
0.000723665638361126
0.000417499395553023
0.000157721995492466
0.000482443749206141
0.000658721255604178
0.000556665880139917
0.000640165759250522
0.000779332185629755
0.000686554529238492
0.000909220892935991
0.00146588671486825
0.00118755386210978
0.00091849867021665
0.000779332185629755
0.000788609962910414
0.000779332185629755
0.000714387861080468
0.000463888223748654
0.000343277264619246
0.000500999274663627
0.000473165971925482
0.000352555041899905
0.000398943870095536
0.000371110567357391
0.000287610688246787
0.000333999516442418
0.00024122187460307
0.000547388102859259
0.000686554529238492
0.000630887981969863
0.000612332427408546
0.000491721497382969
0.00059377693105489
0.000361832819180563
0.000482443749206141
0.000528832548297942
0.000528832548297942
0.000565943599212915
0.000491721497382969
0.000296888465527445
0.000287610688246787
0.000333999516442418
0.000454610446467996
0.000491721497382969
0.000408221618272364
0.0005381103255786
0.000686554529238492
0.00086283206474036
0.00102983182296157
0.00091849867021665
0.0010762206511572
0.0010762206511572
