% Type: Spectrum
% Date: 11-DEC-24 12:30:27
% NoOfItems: = 1601
% Unit_Y: = dB
% Unit_X: = Hz
% Min_X: = 0
% Max_X: = 1000
% MinDisplay_X: = 0
% MaxDisplay_X: = 1000
0
0
0
0
0.11887151747942
0.08694738894701
0.0590321235358715
0.0510052219033241
0.0238788835704327
0.0262823663651943
0.0206956434994936
0.0161547120660543
0.0156593360006809
0.010448731482029
0.0135402353480458
0.0124485762789845
0.00781590770930052
0.0258787274360657
0.0363366343080997
0.0262181516736746
0.0200901869684458
0.00797185953706503
0.00788012333214283
0.016521655023098
0.0171821545809507
0.0111826192587614
0.00859566405415535
0.00692606857046485
0.00493539730086923
0.00333919073455036
0.00361439888365567
0.00357770430855453
0.00252274028025568
0.00202736584469676
0.00222918507643044
0.00488035567104816
0.00570597965270281
0.00246769865043461
0.00257778191007674
0.13781501352787
0.265823423862457
0.12751305103302
0.00534820929169655
0.00533903576433659
0.00354100996628404
0.00445837015286088
0.00310067716054618
0.00277042738161981
0.00294472579844296
0.00299976742826402
0.00207323371432722
0.00120174174662679
0.00180719944182783
0.00183472014032304
0.0013576929923147
0.00193562975618988
0.00237596267834306
0.00155033858027309
0.00185306742787361
0.00187141459900886
0.00388960679993033
0.0131274228915572
0.00969649665057659
0.00309150363318622
0.00283464277163148
0.00274290656670928
0.00313737150281668
0.0052656470797956
0.00333919073455036
0.00288051064126194
0.00436663394793868
0.00591697264462709
0.00486200861632824
0.00413729390129447
0.00374282919801772
0.00331166991963983
0.00442167557775974
0.00813698396086693
0.00981575343757868
0.1029002815485
0.199158877134323
0.109285108745098
0.0135035403072834
0.00831128284335136
0.00252274028025568
0.00271538598462939
0.00415564142167568
0.00235761539079249
0.0014677761355415
0.0020181923173368
0.00234844186343253
0.00451341178268194
0.00615548621863127
0.00454093236476183
0.00621970137581229
0.00632061110809445
0.00337588507682085
0.00231174752116203
0.00845806021243334
0.0132742002606392
0.0136961862444878
0.0370980426669121
0.0288509745150805
0.0176133140921593
0.0218515172600746
0.0134301520884037
0.00911855977028608
0.00821954663842916
0.0148337129503489
0.0135035403072834
0.00928368419408798
0.00699945772066712
0.00329332263208926
0.00923781655728817
0.011329397559166
0.0109716262668371
0.0142649495974183
0.0285941138863564
0.0639308243989944
0.160308673977852
0.267997592687607
0.130246788263321
0.050161249935627
0.0377768874168396
0.0135585824027658
0.00948550365865231
0.0102652590721846
0.00611879164353013
0.00492622377350926
0.00806359481066465
0.00699028372764587
0.00838467106223106
0.011457827873528
0.00740309618413448
0.0116779943928123
0.0159895867109299
0.0192737355828285
0.01378792244941
0.02031952701509
0.0324103310704231
0.0173289328813553
0.0252824444323778
0.0185948889702559
0.00764160975813866
0.00796268600970507
0.0103294746950269
0.0104579050093889
0.00741226971149445
0.00826541427522898
0.0108982380479574
0.0134668461978436
0.0193562973290682
0.0197048950940371
0.0112101407721639
0.0190719161182642
0.0192370414733887
0.0302178412675858
0.0470880940556526
0.0437764227390289
0.36492583155632
0.601191937923431
0.259007453918457
0.104102022945881
0.0967264473438263
0.0186040624976158
0.0384006947278976
0.0215946566313505
0.0109257586300373
0.012888909317553
0.0125953536480665
0.00835715048015118
0.0157694201916456
0.0228514391928911
0.00977905839681625
0.00395382195711136
0.00610961811617017
0.00621052784845233
0.00841219164431095
0.0139438733458519
0.0144392475485802
0.00466018915176392
0.0140080889686942
0.0108431959524751
0.00829293485730886
0.0142466025426984
0.00814615748822689
0.00854979641735554
0.0102377384901047
0.006889374461025
0.00377035001292825
0.00566011155024171
0.0074948319233954
0.0111275780946016
0.0123109724372625
0.00779756065458059
0.00758656812831759
0.0141456928104162
0.0305113960057497
0.0192462150007486
0.0364375412464142
0.0624997429549694
0.032162643969059
0.0987813323736191
0.0998729914426804
0.0255393050611019
0.00994418375194073
0.00728383893147111
0.0051280427724123
0.00533903576433659
0.00833880342543125
0.00736640160903335
0.00788929685950279
0.00523812603205442
0.00584358396008611
0.00832045637071133
0.00729301292449236
0.00541242444887757
0.00574267422780395
0.0108065018430352
0.0107606342062354
0.00678846472874284
0.0103569952771068
0.008118636906147
0.00639399979263544
0.00699945772066712
0.00629309006035328
0.010448731482029
0.0103111276403069
0.00409142579883337
0.00810028985142708
0.00471523078158498
0.00467853667214513
0.00905434414744377
0.0134943667799234
0.0121825421229005
0.0118431188166142
0.00806359481066465
0.0119898961856961
0.0181912500411272
0.155446663498878
0.234119474887848
0.0900480672717094
0.0556929297745228
0.047280739992857
0.0180903412401676
0.0293555222451687
0.0174390152096748
0.0052197789773345
0.00896260794252157
0.00867822673171759
0.0052197789773345
0.0052197789773345
0.0072379712946713
0.00542159797623754
0.00570597965270281
0.00400886358693242
0.00428407173603773
0.00472440430894494
0.00543077196925879
0.00548581313341856
0.00614631269127131
0.00962310750037432
0.00525647355243564
0.0125678330659866
0.0187783613801003
0.00845806021243334
0.0064490414224565
0.00413729390129447
0.00321076042018831
0.00507300114259124
0.00505465408787131
0.00427489820867777
0.00493539730086923
0.00891674030572176
0.0110450154170394
0.00639399979263544
0.00510969571769238
0.00678846472874284
0.01596206612885
0.0639216527342796
0.0850668027997017
0.0304013136774302
0.0260988939553499
0.0225120168179274
0.00997170433402061
0.00976988486945629
0.00836632400751114
0.011879812926054
0.0172005016356707
0.00981575343757868
0.00652243010699749
0.0061921807937324
0.00737557513639331
0.00377035001292825
0.00770582491531968
0.00659581925719976
0.00504548056051135
0.00553168123587966
0.00757739460095763
0.00847640726715326
0.00932037830352783
0.0211726706475019
0.0136319706216455
0.0137053597718477
0.0214111842215061
0.0106780715286732
0.00444002263247967
0.00444002263247967
0.00614631269127131
0.00573350070044398
0.00508217513561249
0.00295389955863357
0.00494457082822919
0.00645821494981647
0.00866905320435762
0.00610961811617017
0.00683433283120394
0.00993501022458076
0.00692606857046485
0.0392079688608646
0.0564359948039055
0.0365843214094639
0.0403913632035255
0.0345294326543808
0.00921029504388571
0.0277409683912992
0.0145585043355823
0.00805442128330469
0.0104762520641088
0.00518308440223336
0.00472440430894494
0.00784342922270298
0.00688020093366504
0.00589862558990717
0.0111826192587614
0.00934789981693029
0.00410977331921458
0.00422903010621667
0.00419233553111553
0.00404555816203356
0.00835715048015118
0.0147419767454267
0.0115495631471276
0.00938459392637014
0.0106964185833931
0.0051280427724123
0.00700863124802709
0.00807276926934719
0.00721045024693012
0.00843053963035345
0.00930203124880791
0.00783425476402044
0.0100726140663028
0.0103845158591866
0.0111826192587614
0.0119715491309762
0.0155217330902815
0.0192645620554686
0.0227138362824917
0.140741392970085
0.190847590565681
0.0707192867994308
0.0499319098889828
0.0455561019480228
0.0249705426394939
0.0455561019480228
0.0246861595660448
0.00546746607869864
0.00800855364650488
0.00651325657963753
0.00618300726637244
0.00860483758151531
0.00979740545153618
0.00688020093366504
0.00893508736044168
0.00801772717386484
0.00613713916391134
0.00388043327257037
0.00958641339093447
0.00755904708057642
0.00479779345914721
0.00729301292449236
0.0035960515961051
0.00762326223775744
0.00948550365865231
0.00612796563655138
0.00816450454294682
0.00681598531082273
0.0035960515961051
0.00592614617198706
0.00374282919801772
0.00434828689321876
0.00579771585762501
0.00534820929169655
0.00825624074786901
0.00789847038686275
0.0111734457314014
0.0161822326481342
0.0229982174932957
0.132650271058083
0.167253091931343
0.0544544942677021
0.0351440645754337
0.0343643091619015
0.00480696698650718
0.0113844387233257
0.00718292966485023
0.00445837015286088
0.00612796563655138
0.00654995115473866
0.007100366987288
0.0064949095249176
0.00504548056051135
0.00475192535668612
0.0058252364397049
0.00548581313341856
0.00532986223697662
0.00570597965270281
0.00450423825532198
0.00379787082783878
0.00550416065379977
0.00942128803580999
0.00668755499646068
0.00732970703393221
0.00661416631191969
0.00340340589173138
0.00740309618413448
0.00659581925719976
0.00460514752194285
0.0045225853100419
0.00566011155024171
0.0068435063585639
0.00799020659178495
0.00445837015286088
0.00427489820867777
0.00379787082783878
0.00632061110809445
0.00748565839603543
0.00976988486945629
0.0471431352198124
0.0690313503146172
0.0292637869715691
0.039996899664402
0.0355843976140022
0.00540325092151761
0.00618300726637244
0.00433911336585879
0.00710954051464796
0.00701780477538705
0.0044767172075808
0.00713706156238914
0.00697193667292595
0.00579771585762501
0.00423820363357663
0.00702697830274701
0.0052656470797956
0.006889374461025
0.00838467106223106
0.00416481494903564
0.00479779345914721
0.00816450454294682
0.0144667690619826
0.00908186472952366
0.0051280427724123
0.00488035567104816
0.00255943462252617
0.00678846472874284
0.00623804843053222
0.00522895250469446
0.00798103306442499
0.00658664526417851
0.00743979029357433
0.0129989925771952
0.012888909317553
0.00868740025907755
0.00921029504388571
0.0139438733458519
0.0159804131835699
0.0261906310915947
0.109771311283112
0.132842913269997
0.053326141089201
0.0407858304679394
0.0263190604746342
0.0139530468732119
0.0170445498079062
0.0141273457556963
0.0232367310672998
0.0223744120448828
0.0156593360006809
0.0153749547898769
0.0139438733458519
0.011879812926054
0.00934789981693029
0.0122008891776204
0.0107055921107531
0.00826541427522898
0.013173290528357
0.0123935351148248
0.00987079460173845
0.0101460022851825
0.0121641950681806
0.00653160410001874
0.0236954111605883
0.0287684127688408
0.0085589699447155
0.0139438733458519
0.0131457699462771
0.00632978463545442
0.00924699008464813
0.0124669233337045
0.0125586595386267
0.0105037726461887
0.0118981599807739
0.0117605561390519
0.0083754975348711
0.010292780585587
0.0183930695056915
0.0339606702327728
0.150621354579926
0.176821157336235
0.0657013282179832
0.0782691612839699
0.0574634373188019
0.0254842638969421
0.0382539145648479
0.0181637294590473
0.00784342922270298
0.00825624074786901
0.00809111632406712
0.0128705622628331
0.0107422871515155
0.0117880776524544
0.0111275780946016
0.0165400020778179
0.0146043729037046
0.0110266683623195
0.00606375001370907
0.00441250205039978
0.00534820929169655
0.0103203011676669
0.0173656269907951
0.0143842063844204
0.0195397697389126
0.0206772964447737
0.00653160410001874
0.0135494088754058
0.0113844387233257
0.0161822326481342
0.0175215769559145
0.0113752651959658
0.0147144561633468
0.00975153781473637
0.00699028372764587
0.00833880342543125
0.0144025534391403
0.0150263579562306
0.0176316611468792
0.0114761749282479
0.0395473949611187
0.0481797531247139
0.0358412601053715
0.0309058614075184
0.0192829091101885
0.0147328032180667
0.0211359765380621
0.00810946337878704
0.0101735237985849
0.012485271319747
0.008999302983284
0.010723939165473
0.00777921359986067
0.00745813734829426
0.00703615183010697
0.0134209785610437
0.0114853484556079
0.00797185953706503
0.00600870884954929
0.0071921031922102
0.0101735237985849
0.0109165851026773
0.0104579050093889
0.00701780477538705
0.00813698396086693
0.0105496412143111
0.00964145455509424
0.00908186472952366
0.00658664526417851
0.00349514186382294
0.00466936267912388
0.00605457648634911
0.00674259662628174
0.00576102128252387
0.00572432717308402
0.00476109888404608
0.00738474866375327
0.0116596464067698
0.0148245394229889
0.0162189267575741
0.0386575534939766
0.0426205508410931
0.0316580981016159
0.0393180549144745
0.0243192166090012
0.00967814866453409
0.0129164298996329
0.00602705590426922
0.00457762693986297
0.00438498146831989
0.00495374435558915
0.00534820929169655
0.00430241879075766
0.00416481494903564
0.0056142439134419
0.00401803711429238
0.00388043327257037
0.00617383327335119
0.00760491518303752
0.00527482060715556
0.00326580205000937
0.00563259096816182
0.00475192535668612
0.00368778756819665
0.00882500410079956
0.00884335115551949
0.00457762693986297
0.0052656470797956
0.00622887490317225
0.00423820363357663
0.00518308440223336
0.00697193667292595
0.00826541427522898
0.00637565273791552
0.0045225853100419
0.0067976382561028
0.00630226405337453
0.0104670785367489
0.015081400051713
0.0165858697146177
0.0532710999250412
0.0552159026265144
0.0228881351649761
0.045565277338028
0.0303737930953503
0.0128522152081132
0.00905434414744377
0.00686185341328382
0.00648573599755764
0.00513721629977226
0.0054766396060586
0.00506382761523128
0.00790764391422272
0.00789847038686275
0.00382539164274931
0.00867822673171759
0.0120908059179783
0.0110174948349595
0.0103478217497468
0.00806359481066465
0.0126503957435489
0.00773334549739957
0.0097423642873764
0.00682515930384398
0.0144575955346227
0.0188884437084198
0.0102469120174646
0.0134026305750012
0.00931120477616787
0.0079351644963026
0.0143750328570604
0.0110083213075995
0.0125861801207066
0.00940294098109007
0.00516473734751344
0.00957723893225193
0.00938459392637014
0.0161914061754942
0.0251448396593332
0.0246586389839649
0.0382539145648479
0.035951342433691
0.034758772701025
0.0497943051159382
0.0310801602900028
0.0126045281067491
0.0105312941595912
0.00790764391422272
0.0106230294331908
0.0112743554636836
0.00935707334429026
0.00804524775594473
0.00695358961820602
0.00710954051464796
0.00610044458881021
0.0105129471048713
0.00914608035236597
0.00535738281905651
0.00242183054797351
0.00439415499567986
0.00701780477538705
0.00647656247019768
0.00683433283120394
0.00693524209782481
0.00599036132916808
0.00440332852303982
0.00494457082822919
0.00699028372764587
0.00805442128330469
0.0101184817031026
0.00973319076001644
0.00522895250469446
0.00249521946534514
0.00119256810285151
0.00399969005957246
0.00780673418194056
0.00779756065458059
0.00594449322670698
0.00877913646399975
0.0212552342563868
0.0678296089172363
0.0661508366465569
0.0234018564224243
0.0288234539330006
0.0160171072930098
0.0182279441505671
0.0260438527911901
0.00946715660393238
0.00507300114259124
0.00496291788294911
0.00390795385465026
0.00446754368022084
0.00511886924505234
0.00569680612534285
0.00286216358654201
0.0038620859850198
0.00574267422780395
0.00589862558990717
0.00446754368022084
0.00408225227147341
0.00418316200375557
0.00333001720719039
0.00374282919801772
0.00323828123509884
0.0038620859850198
0.00442167557775974
0.00283464277163148
0.00191728258505464
0.00405473168939352
0.00537573033943772
0.00576102128252387
0.00458680046722293
0.00434828689321876
0.00516473734751344
0.00431159231811762
0.0106230294331908
0.008118636906147
0.00871492084115744
0.00977905839681625
0.015209830366075
0.0496200062334538
0.0473449528217316
0.0126412222161889
0.0228422656655312
0.014053956605494
0.00771499844267964
0.0110725359991193
0.00473357830196619
0.00249521946534514
0.00361439888365567
0.00392630137503147
0.0045225853100419
0.00356853078119457
0.00282546901144087
0.00177050498314202
0.00240348349325359
0.00356853078119457
0.00377952354028821
0.00341257965192199
0.00189893541391939
0.00225670589134097
0.00366026675328612
0.00338505883701146
0.00376117648556828
0.00444919662550092
0.00402721064165235
0.00425655068829656
0.00571515318006277
0.00404555816203356
0.00342175317928195
0.00527482060715556
0.00490787671878934
0.00510969571769238
0.00341257965192199
0.00314654503017664
0.00522895250469446
0.00498126540333033
0.0086323581635952
0.0090726912021637
0.00883417762815952
0.030713215470314
0.0333185195922852
0.00963228102773428
0.0159712396562099
0.0124760968610644
0.00657747173681855
0.00466018915176392
0.00303646200336516
0.00402721064165235
0.00373365567065775
0.0019723242148757
0.0038162178825587
0.00450423825532198
0.00356853078119457
0.0038162178825587
0.00473357830196619
0.00445837015286088
0.00393547490239143
0.002935552271083
0.00311902421526611
0.00288051064126194
0.00369696109555662
0.0044767172075808
0.00310985068790615
0.00169711618218571
0.0022750529460609
0.00391712738201022
0.0064949095249176
0.00449506426230073
0.00222001131623983
0.00279794819653034
0.00355935725383461
0.00387125951237977
0.0038620859850198
0.00237596267834306
0.0054766396060586
0.00475192535668612
0.00409142579883337
0.00777004007250071
0.0130907287821174
0.0275941919535398
0.0249430201947689
0.00934789981693029
0.0171362869441509
0.0115495631471276
0.00584358396008611
0.00698111020028591
0.00432993983849883
0.00568763259798288
0.00351348915137351
0.00235761539079249
0.0032015866599977
0.00350431562401354
0.00356853078119457
0.00397216901183128
0.00366026675328612
0.00458680046722293
0.00307315634563565
0.002935552271083
0.00468771019950509
0.00523812603205442
0.00307315634563565
0.00266951788216829
0.00247687217779458
0.00458680046722293
0.00519225792959332
0.00255026109516621
0.00538490386679769
0.00340340589173138
0.00157785939518362
0.00220166426151991
0.00278877466917038
0.00360522512346506
0.00328414910472929
0.00353183643892407
0.00472440430894494
0.00349514186382294
0.00438498146831989
0.00366944028064609
0.00976071134209633
0.0444094017148018
0.0511703453958035
0.0167234744876623
0.0108707174658775
0.00705449935048819
0.00806359481066465
0.00810946337878704
0.00281629548408091
0.00546746607869864
0.00348596833646297
0.00300894118845463
0.00313737150281668
0.00292637874372303
0.00268786516971886
0.00297224661335349
0.00319241313263774
0.00240348349325359
0.00233926833607256
0.00347679480910301
0.00261447625234723
0.00225670589134097
0.00250439299270511
0.00216496991924942
0.00192645622882992
0.004568453412503
0.00586193101480603
0.00461432104930282
0.00333919073455036
0.00425655068829656
0.00377035001292825
0.00323828123509884
0.00272455951198936
0.00316489231772721
0.00266034435480833
0.000798103283159435
0.0022842267062515
0.00271538598462939
0.00207323371432722
0.00325662828981876
0.00605457648634911
0.014943796209991
0.013650318607688
0.00621970137581229
0.00696276314556599
0.00374282919801772
0.00390795385465026
0.00400886358693242
0.00163290102500468
0.00262364977970719
0.0018163729691878
0.00219249073415995
0.00217414344660938
0.00204571289941669
0.00156868575140834
0.00222001131623983
0.0038162178825587
0.00261447625234723
0.00152281776536256
0.00211910181678832
0.00202736584469676
0.00118339457549155
0.00148612330667675
0.00216496991924942
0.00198149774223566
0.00163290102500468
0.00111000565811992
0.0022383586037904
0.00220166426151991
0.00183472014032304
0.00187141459900886
0.00261447625234723
0.00182554661296308
0.00183472014032304
0.00143108179327101
0.00275208032689989
0.00294472579844296
0.00218331697396934
0.00265117059461772
0.00249521946534514
0.00623804843053222
0.0132466796785593
0.0110266683623195
0.00410977331921458
0.00545829255133867
0.00509134866297245
0.00400886358693242
0.00446754368022084
0.00166959536727518
0.00138521369080991
0.00144942896440625
0.00202736584469676
0.00310067716054618
0.00205488665960729
0.0016237273812294
0.00165124819613993
0.00179802579805255
0.00165124819613993
0.00137604016344994
0.00122008891776204
0.00142190814949572
0.00225670589134097
0.00166959536727518
0.00151364412158728
0.00189893541391939
0.00202736584469676
0.00240348349325359
0.00259612896479666
0.00150447059422731
0.00152281776536256
0.00156868575140834
0.00185306742787361
0.00154116493649781
0.00166042172349989
0.00150447059422731
0.0017796786269173
0.00213744910433888
0.00137604016344994
0.0018897617701441
0.00294472579844296
0.00426572421565652
0.00995335727930069
0.00768747739493847
0.00591697264462709
0.00788929685950279
0.0048711821436882
0.00513721629977226
0.0051739108748734
0.0025869554374367
0.00428407173603773
0.00407307874411345
0.00259612896479666
0.00276125385425985
0.00199067150242627
0.00137604016344994
0.00161455373745412
0.00157785939518362
0.0017796786269173
0.00140356097836047
0.00132099853362888
0.00239430973306298
0.0017338105244562
0.00185306742787361
0.00252274028025568
0.00206406018696725
0.00348596833646297
0.00396299548447132
0.00233009457588196
0.00346762104891241
0.00233009457588196
0.00200901855714619
0.00270621222443879
0.00212827534414828
0.0019723242148757
0.00171546335332096
0.00171546335332096
0.00142190814949572
0.00172463699709624
0.00333919073455036
0.00321993394754827
0.00282546901144087
0.00576102128252387
0.00499961245805025
0.00306398281827569
0.00504548056051135
0.00463266856968403
0.0039905165322125
0.00284381629899144
0.00141273450572044
0.00117422093171626
0.0014677761355415
0.00171546335332096
0.00159620656631887
0.00134851934853941
0.00156868575140834
0.00209158100187778
0.00121091527398676
0.000825624098069966
0.000908186484593898
0.000853144912980497
0.00114670011680573
0.00096322811441496
0.00116504728794098
0.00129347771871835
0.00133934570476413
0.0020181923173368
0.00204571289941669
0.00160538021009415
0.00212827534414828
0.00139438733458519
0.00105496414471418
0.00137604016344994
0.00170628982596099
0.00186224095523357
0.0011191793018952
0.00136686651967466
0.00184389378409833
0.00219249073415995
0.00248604593798518
0.00364191946573555
0.00527482060715556
0.00926533713936806
0.00560507038608193
0.00406390521675348
0.00525647355243564
0.00249521946534514
0.00280712195672095
0.00270621222443879
0.00177050498314202
0.00234844186343253
0.00156868575140834
0.00144025532063097
0.00156868575140834
0.00110083213075995
0.00118339457549155
0.00102744332980365
0.00103661685716361
0.00159620656631887
0.00133934570476413
0.000834797683637589
0.00134851934853941
0.0014677761355415
0.00144025532063097
0.00125678337644786
0.00110083213075995
0.00161455373745412
0.00169711618218571
0.00106413767207414
0.00136686651967466
0.000853144912980497
0.00133017217740417
0.00172463699709624
0.00130265136249363
0.00144025532063097
0.00121091527398676
0.00192645622882992
0.00233926833607256
0.0011191793018952
0.00300894118845463
0.00302728824317455
0.00322910747490823
0.00676094368100166
0.00481614051386714
0.00204571289941669
0.00375200272537768
0.00260530272498727
0.00299059390090406
0.00264199706725776
0.00159620656631887
0.00110083213075995
0.00149529695045203
0.00126595690380782
0.000899012899026275
0.00096322811441496
0.000752235297113657
0.0011191793018952
0.000669672852382064
0.00096322811441496
0.00105496414471418
0.00096322811441496
0.000834797683637589
0.00096322811441496
0.00101826968602836
0.00118339457549155
0.00117422093171626
0.00106413767207414
0.00136686651967466
0.00108248495962471
0.00134851934853941
0.0013118248898536
0.00136686651967466
0.00096322811441496
0.000733888067770749
0.00120174174662679
0.000733888067770749
0.000486200849991292
0.000706367252860218
0.0011191793018952
0.00161455373745412
0.00203653937205672
0.00265117059461772
0.00277042738161981
0.00319241313263774
0.00207323371432722
0.00280712195672095
0.00186224095523357
0.000688020081724972
0.000954054470639676
0.00103661685716361
0.00142190814949572
0.00124760973267257
0.000853144912980497
0.000843971269205213
0.00116504728794098
0.00096322811441496
0.000880665669683367
0.000972401699982584
0.00104579050093889
0.000899012899026275
0.00102744332980365
0.000788929697591811
0.000926533713936806
0.000724714482203126
0.000944880885072052
0.00104579050093889
0.000779756053816527
0.000926533713936806
0.000908186484593898
0.00107331131584942
0.00086231849854812
0.000889839313458651
0.00102744332980365
0.000807276868727058
0.000834797683637589
0.000935707299504429
0.00109165848698467
0.000944880885072052
0.000504548079334199
0.000999922514893115
0.00125678337644786
0.00215579615905881
0.0029814203735441
0.00174298416823149
0.00194480339996517
0.00208240747451782
0.00107331131584942
0.00103661685716361
0.00168794253841043
0.00128430407494307
0.000770582468248904
0.000458680035080761
0.00076140888268128
0.00128430407494307
0.000972401699982584
0.000651325681246817
0.000972401699982584
0.000623804866336286
0.000568763236515224
0.000541242479812354
0.000467853649752215
0.000605457636993378
0.000596284051425755
0.00053206883603707
0.000770582468248904
0.000853144912980497
0.000807276868727058
0.00043115924927406
0.000449506449513137
0.000596284051425755
0.000522895250469446
0.000550416065379977
0.000798103283159435
0.000568763236515224
0.000678846496157348
0.000678846496157348
0.000724714482203126
0.000798103283159435
0.000798103283159435
0.000743061653338373
0.000623804866336286
0.00124760973267257
0.00248604593798518
0.00154116493649781
0.0011191793018952
0.00113752647303045
0.000752235297113657
0.00115587376058102
0.0010090961586684
0.000917360070161521
0.00120174174662679
0.00076140888268128
0.000458680035080761
0.000724714482203126
0.000568763236515224
0.000504548079334199
0.00043115924927406
0.000513721664901823
0.000440332834841684
0.000477027235319838
0.000394464848795906
0.000403638434363529
0.000311902433168143
0.000412812049034983
0.000357770448317751
0.000394464848795906
0.000403638434363529
0.000357770448317751
0.000651325681246817
0.000889839313458651
0.000688020081724972
0.000348596833646297
0.000458680035080761
0.000504548079334199
0.00033024963340722
0.00033024963340722
0.000357770448317751
0.000385291234124452
0.000339423248078674
0.000651325681246817
0.000688020081724972
0.000688020081724972
0.0014677761355415
0.00106413767207414
0.00117422093171626
0.00133934570476413
0.000779756053816527
0.000944880885072052
0.000752235297113657
0.000458680035080761
0.000706367252860218
0.000495374435558915
0.000495374435558915
0.000486200849991292
0.000366944033885375
0.000348596833646297
0.00033024963340722
0.000238513617659919
0.000449506449513137
0.000376117648556828
0.000256860832450911
0.000467853649752215
0.000477027235319838
0.000440332834841684
0.000568763236515224
0.000706367252860218
0.000541242479812354
0.000394464848795906
0.000550416065379977
0.000669672852382064
0.000642152037471533
0.000550416065379977
0.000412812049034983
0.000458680035080761
0.000623804866336286
0.000394464848795906
0.000412812049034983
0.000366944033885375
0.000321076018735766
0.000559589650947601
0.000311902433168143
0.000458680035080761
0.000614631280768663
0.000788929697591811
0.000651325681246817
0.000504548079334199
0.00053206883603707
0.000715540896635503
0.000651325681246817
0.000284381618257612
0.000559589650947601
0.000449506449513137
0.000522895250469446
0.000477027235319838
0.000339423248078674
0.000284381618257612
0.000376117648556828
0.000293555232929066
0.000293555232929066
0.000449506449513137
0.000412812049034983
0.000348596833646297
0.000348596833646297
0.000577936880290508
0.000522895250469446
0.000504548079334199
0.000559589650947601
0.000321076018735766
0.000247687217779458
0.000247687217779458
0.000339423248078674
0.000458680035080761
0.000302728818496689
0.000238513617659919
0.00033024963340722
0.000321076018735766
0.000293555232929066
0.000266034418018535
0.000458680035080761
0.000568763236515224
0.000321076018735766
0.000651325681246817
0.00104579050093889
0.000816450512502342
0.00115587376058102
0.00105496414471418
0.000623804866336286
0.000614631280768663
0.000440332834841684
0.00022934001754038
0.000256860832450911
0.000339423248078674
0.000412812049034983
0.000366944033885375
0.000302728818496689
0.000256860832450911
0.000266034418018535
0.000311902433168143
0.000366944033885375
0.000174298416823149
0.000284381618257612
0.000339423248078674
0.000339423248078674
0.000302728818496689
0.000275208032689989
0.000366944033885375
0.000339423248078674
0.000238513617659919
0.000339423248078674
0.00033024963340722
0.000266034418018535
0.000385291234124452
0.000293555232929066
0.000247687217779458
0.000284381618257612
0.000284381618257612
0.000311902433168143
0.000311902433168143
0.000210992817301303
0.000357770448317751
0.000541242479812354
0.000880665669683367
0.00099074887111783
0.000541242479812354
0.000614631280768663
0.000293555232929066
0.000385291234124452
0.000550416065379977
0.000403638434363529
0.000302728818496689
0.000385291234124452
0.000394464848795906
0.000486200849991292
0.000348596833646297
0.000256860832450911
0.000284381618257612
0.00033024963340722
0.000357770448317751
0.000321076018735766
0.000458680035080761
0.000357770448317751
0.000348596833646297
0.000421985634602606
0.000486200849991292
0.000550416065379977
0.000376117648556828
0.000385291234124452
0.000449506449513137
0.000421985634602606
0.000412812049034983
0.000394464848795906
0.000504548079334199
0.000412812049034983
0.000412812049034983
0.000486200849991292
0.000513721664901823
0.000385291234124452
0.000220166417420842
0.000366944033885375
0.000550416065379977
0.000669672852382064
0.00145860260818154
0.00202736584469676
0.00112835294567049
0.00123843608889729
0.00141273450572044
0.000678846496157348
0.00111000565811992
0.000825624098069966
0.000266034418018535
0.000467853649752215
0.000467853649752215
0.000559589650947601
0.000486200849991292
0.000587110465858132
0.000504548079334199
0.000458680035080761
0.000366944033885375
0.000504548079334199
0.000486200849991292
0.000715540896635503
0.000706367252860218
0.000504548079334199
0.000596284051425755
0.000596284051425755
0.000715540896635503
0.000632978451903909
0.000788929697591811
0.000816450512502342
0.000568763236515224
0.000495374435558915
0.000724714482203126
0.000568763236515224
0.000559589650947601
0.000522895250469446
0.000394464848795906
0.000403638434363529
0.000449506449513137
0.000504548079334199
0.00033024963340722
0.000724714482203126
0.00128430407494307
0.00160538021009415
0.000899012899026275
0.00102744332980365
0.000935707299504429
0.000853144912980497
0.000871492084115744
0.000770582468248904
0.000697193667292595
0.000449506449513137
0.000605457636993378
0.000568763236515224
0.000495374435558915
0.000807276868727058
0.000688020081724972
0.000889839313458651
0.000825624098069966
0.000706367252860218
0.000743061653338373
0.000706367252860218
0.000440332834841684
0.000394464848795906
0.000486200849991292
0.000440332834841684
0.000385291234124452
0.000412812049034983
0.000440332834841684
0.000651325681246817
0.000871492084115744
0.000871492084115744
0.00122008891776204
0.000954054470639676
0.000596284051425755
0.00053206883603707
0.000541242479812354
0.000834797683637589
0.000779756053816527
0.00066049926681444
0.000715540896635503
0.000798103283159435
0.00144942896440625
0.00167876901105046
0.00112835294567049
0.00120174174662679
0.00149529695045203
0.000688020081724972
0.000697193667292595
0.000724714482203126
0.000825624098069966
0.000899012899026275
0.000779756053816527
0.000688020081724972
0.000669672852382064
0.000568763236515224
0.000596284051425755
0.000623804866336286
0.000724714482203126
0.000568763236515224
0.000348596833646297
0.000632978451903909
0.000458680035080761
0.000477027235319838
0.000522895250469446
0.000577936880290508
0.000706367252860218
0.000596284051425755
0.00033024963340722
0.000577936880290508
0.000899012899026275
0.000706367252860218
0.000421985634602606
0.000256860832450911
0.000321076018735766
0.000311902433168143
0.000541242479812354
0.000522895250469446
0.000577936880290508
0.000843971269205213
0.000871492084115744
0.000504548079334199
0.000843971269205213
0.00106413767207414
0.000798103283159435
0.000440332834841684
0.000577936880290508
0.000458680035080761
0.000467853649752215
0.000403638434363529
0.000486200849991292
0.000623804866336286
0.000568763236515224
0.000495374435558915
0.000651325681246817
0.000605457636993378
0.000522895250469446
0.000504548079334199
0.000302728818496689
0.000366944033885375
0.000642152037471533
0.000623804866336286
0.000376117648556828
0.000467853649752215
0.000486200849991292
0.000467853649752215
0.000311902433168143
0.000421985634602606
0.000467853649752215
0.000403638434363529
0.000486200849991292
0.000440332834841684
0.000412812049034983
0.000376117648556828
0.000366944033885375
0.000394464848795906
0.000440332834841684
0.000559589650947601
0.000513721664901823
0.00066049926681444
0.000743061653338373
0.000614631280768663
0.00112835294567049
0.00125678337644786
0.00104579050093889
