% Type: Spectrum
% Date: 11-DEC-24 12:19:52
% NoOfItems: = 1601
% Unit_Y: = dB
% Unit_X: = Hz
% Min_X: = 0
% Max_X: = 1000
% MinDisplay_X: = 0
% MaxDisplay_X: = 1000
0
0
0
0
0.558960378170013
0.484261751174927
0.434169828891754
0.238714933395386
0.181535243988037
0.118291318416595
0.0896758884191513
0.0846095532178879
0.0615125074982643
0.0669626593589783
0.0626639500260353
0.0865286216139793
0.0884476900100708
0.0974289253354073
0.101966448128223
0.0633206963539124
0.046782597899437
0.0310974214226007
0.0411448068916798
0.0401810072362423
0.0323853306472301
0.0130837755277753
0.0290162991732359
0.0372725538909435
0.0388760417699814
0.0340144038200378
0.0261846091598272
0.0226194076240063
0.0274384003132582
0.0239840783178806
0.0223976485431194
0.0201459433883429
0.013390826061368
0.0115399919450283
0.0130155421793461
0.154224783182144
0.298632472753525
0.150122255086899
0.0120773315429688
0.0122052691876888
0.014482562430203
0.0136381722986698
0.0108235403895378
0.00912623200565577
0.00828184187412262
0.00740333553403616
0.0079321451485157
0.0074203941039741
0.00522839277982712
0.00488722510635853
0.00540750566869974
0.00614954484626651
0.00816243328154087
0.0067636463791132
0.00608131149783731
0.00435841549187899
0.00699393451213837
0.0162395760416985
0.0146190291270614
0.00691717211157084
0.00591072766110301
0.00585102336481214
0.00649924157187343
0.00588514003902674
0.00550985569134355
0.00421341927722096
0.00480193318799138
0.00440106121823192
0.0107041317969561
0.0134334722533822
0.00880212243646383
0.00434988643974066
0.00598749052733183
0.00899829436093569
0.00902388151735067
0.0662291496992111
0.142266869544983
0.0853174775838852
0.0159239955246449
0.0125208487734199
0.00597043195739388
0.00626042438670993
0.00577426049858332
0.00565485190600157
0.00444370741024613
0.00344579224474728
0.00479340413585305
0.00514310086145997
0.00415371498093009
0.00286580738611519
0.00239670206792653
0.00282316142693162
0.00296815764158964
0.00308756623417139
0.00580837763845921
0.010124146938324
0.0130326002836227
0.0415030308067799
0.0297668687999249
0.0121967401355505
0.0218347236514091
0.0121626229956746
0.00884476862847805
0.01041413936764
0.0163675136864185
0.0153610687702894
0.0177918877452612
0.0136381722986698
0.00852065905928612
0.00947592873126268
0.0102179683744907
0.0141840409487486
0.0284533724188805
0.0430724024772644
0.0748521611094475
0.275595158338547
0.511051952838898
0.25502273440361
0.0790058746933937
0.0489831306040287
0.0139537528157234
0.0103800222277641
0.00592778623104095
0.00737774837762117
0.00657600443810225
0.0063201286830008
0.00636277487501502
0.00963798351585865
0.0104567855596542
0.0116338133811951
0.0142181571573019
0.0115826381370425
0.0146787334233522
0.0123673239722848
0.0232590977102518
0.0226194076240063
0.0210159216076136
0.0411192178726196
0.0333064831793308
0.0172886662185192
0.0159325245767832
0.00620924914255738
0.0104056103155017
0.011028241366148
0.00753127364441752
0.009510044939816
0.014294920489192
0.0158898793160915
0.0133481798693538
0.00948445778340101
0.0207856334745884
0.0238049663603306
0.0206406358629465
0.0349696725606918
0.0443261936306953
0.296918123960495
0.471612960100174
0.215020850300789
0.132500946521759
0.13408736884594
0.0271313488483429
0.0500919260084629
0.028163380920887
0.0100303255021572
0.00748009840026498
0.01153146289289
0.0126317283138633
0.0210329797118902
0.0240096654742956
0.0110964747145772
0.0024734647013247
0.00411106878891587
0.00700246402993798
0.00771038653329015
0.0123246777802706
0.0130496583878994
0.00688305543735623
0.0156681202352047
0.00998768024146557
0.0086571266874671
0.0112926457077265
0.00437547359615564
0.00886182673275471
0.00723275216296315
0.00375284301117063
0.00430724024772644
0.00551838520914316
0.00843536760658026
0.00642247917130589
0.00707069737836719
0.00785538274794817
0.010576194152236
0.0120261562988162
0.0167854428291321
0.0150284301489592
0.0876971185207367
0.14371682703495
0.0795261561870575
0.12432998418808
0.110342115163803
0.0192077327519655
0.0130837755277753
0.00537338899448514
0.0080003784969449
0.0102350264787674
0.00742892315611243
0.0118470434099436
0.00794067420065403
0.00493840035051107
0.00672100065276027
0.0113523500040174
0.00824772566556931
0.00397460209205747
0.0046739955432713
0.0085888933390379
0.00854624714702368
0.00750568602234125
0.0118896886706352
0.00816243328154087
0.00700246402993798
0.00782979559153318
0.00510898418724537
0.00980856735259295
0.00916887819766998
0.00669541303068399
0.00991091690957546
0.00533927232027054
0.00623483676463366
0.0135614098981023
0.0177492424845695
0.0103459060192108
0.00808567088097334
0.00694275973364711
0.0143375657498837
0.0176895372569561
0.123988814651966
0.185987487435341
0.0846777856349945
0.0543053448200226
0.0516186505556107
0.0241546630859375
0.0364537537097931
0.0210244506597519
0.00695981783792377
0.0106188394129276
0.0104653146117926
0.00522839277982712
0.00307903718203306
0.00914329010993242
0.00507486704736948
0.0048445793800056
0.00599601957947016
0.00893859006464481
0.00771038653329015
0.00757391937077045
0.00814537517726421
0.00901535246521235
0.0121114477515221
0.00727539788931608
0.0151478387415409
0.0216897260397673
0.0083500761538744
0.00644806679338217
0.00371872633695602
0.00388078088872135
0.00552691426128149
0.00440959073603153
0.00499810464680195
0.00504927989095449
0.00701952213421464
0.0074203941039741
0.00584249431267381
0.00555250188335776
0.00763362366706133
0.00947592873126268
0.0205553453415632
0.0264404844492674
0.021152388304472
0.0320953354239464
0.0264319553971291
0.00806008372455835
0.0130411293357611
0.00416224403306842
0.0167513266205788
0.0205638743937016
0.00987680070102215
0.00430724024772644
0.00695981783792377
0.00498957512900233
0.00327520840801299
0.00701952213421464
0.00586808193475008
0.00753980269655585
0.0067636463791132
0.00446076551452279
0.00567191047593951
0.00637130392715335
0.0118555724620819
0.00759950699284673
0.0100217964500189
0.0125720240175724
0.00505780894309282
0.0038466639816761
0.00459723267704248
0.00459723267704248
0.00457164505496621
0.00328373769298196
0.00392342684790492
0.00347137986682355
0.00517721753567457
0.00724981026723981
0.00898976437747478
0.00957827921956778
0.0109941242262721
0.0160178169608116
0.0400104224681854
0.0471408255398273
0.0343129262328148
0.0279416218400002
0.0202568229287863
0.0190286207944155
0.0371787324547768
0.0176298320293427
0.0128023121505976
0.0130155421793461
0.00619219103828073
0.00678070494905114
0.00877653528004885
0.00783832464367151
0.00568043952807784
0.0109429489821196
0.00833301711827517
0.00677217589691281
0.00594484433531761
0.00403430638834834
0.00476781651377678
0.00446076551452279
0.00690864259377122
0.00406842306256294
0.00578279001638293
0.00717304786667228
0.00856330525130033
0.012751136906445
0.0119067477062345
0.0103117888793349
0.0128620164468884
0.0085888933390379
0.00640542060136795
0.00766774080693722
0.00571455620229244
0.00624336628243327
0.00861448049545288
0.0117702800780535
0.0125805530697107
0.0172971952706575
0.128918692469597
0.170498475432396
0.0712698996067047
0.0732657313346863
0.0540324114263058
0.0311741847544909
0.0453667528927326
0.021757960319519
0.00694275973364711
0.0118641015142202
0.00745451077818871
0.00523692183196545
0.00716451834887266
0.00984268356114626
0.00780420750379562
0.00931387394666672
0.0054245637729764
0.00697687640786171
0.00734363123774529
0.00855477619916201
0.00791508704423904
0.0104909017682076
0.0138599313795567
0.00647365441545844
0.0104994308203459
0.0142266862094402
0.00804302468895912
0.00963798351585865
0.00869124289602041
0.00636277487501502
0.00640542060136795
0.00556103093549609
0.00527103850618005
0.00560367712751031
0.00561220617964864
0.00348843820393085
0.00420489022508264
0.0119238058105111
0.0183036383241415
0.0192503780126572
0.0790911689400673
0.102017626166344
0.024470241740346
0.0400786586105824
0.0299545098096132
0.0162566341459751
0.0154463602229953
0.0064907125197351
0.00569749809801579
0.00727539788931608
0.00449488218873739
0.00523692183196545
0.00341167557053268
0.00268669449724257
0.0013561409432441
0.00336050032638013
0.00339461700059474
0.00585102336481214
0.00556103093549609
0.00220053060911596
0.00189347984269261
0.00328373769298196
0.00614954484626651
0.00501516275107861
0.00633718725293875
0.00724981026723981
0.00376990134827793
0.00463134935125709
0.00348843820393085
0.00354814250022173
0.00420489022508264
0.0042901816777885
0.00727539788931608
0.00519427610561252
0.00283169071190059
0.00214082631282508
0.00372725538909435
0.0085888933390379
0.0120517434552312
0.0112841166555882
0.0469702407717705
0.0582799464464188
0.0381084159016609
0.0447526536881924
0.033315010368824
0.0100644426420331
0.00720716454088688
0.00593631528317928
0.011505875736475
0.0102776726707816
0.00527956755831838
0.00709628500044346
0.00506633799523115
0.00393195590004325
0.00417930260300636
0.00573161477223039
0.00510045466944575
0.00538191804662347
0.0052198632620275
0.00839272141456604
0.00914329010993242
0.00901535246521235
0.0141925700008869
0.00969768781214952
0.00658453349024057
0.00851213000714779
0.0078639118000865
0.0116252843290567
0.00832448806613684
0.00321550411172211
0.00547573901712894
0.00724981026723981
0.00693423021584749
0.0162054579705
0.0138172851875424
0.00887888576835394
0.00588514003902674
0.0121882101520896
0.0196853671222925
0.0228923428803682
0.0451535247266293
0.0565911680459976
0.0265428349375725
0.030901251360774
0.0194550789892673
0.0226961709558964
0.0382960587739944
0.0151734268292785
0.0231738053262234
0.0136211141943932
0.00881918147206306
0.011795868165791
0.0130837755277753
0.0135869970545173
0.0141413947567344
0.0143716828897595
0.0124099692329764
0.00980856735259295
0.00743745267391205
0.00860595144331455
0.00832448806613684
0.0059789614751935
0.0113608790561557
0.00428165262565017
0.029144236817956
0.0267134197056293
0.0116252843290567
0.0120176272466779
0.00680629257112741
0.00829037092626095
0.0113608790561557
0.00653335871174932
0.00562073523178697
0.00864006765186787
0.0102691426873207
0.0187215693295002
0.0151222515851259
0.00859742239117622
0.0177065953612328
0.0125379068776965
0.0974374487996101
0.122462093830109
0.0634145140647888
0.0450597032904625
0.0358737669885159
0.0267134197056293
0.0332979522645473
0.025527860969305
0.0258690286427736
0.0163078084588051
0.00986827164888382
0.0140816904604435
0.0150796053931117
0.0146446172147989
0.0104653146117926
0.0198047757148743
0.0203165281563997
0.0192589070647955
0.0137575808912516
0.0106700146570802
0.00983415450900793
0.00852918904274702
0.00785538274794817
0.00981709640473127
0.0299459807574749
0.0294939335435629
0.0127937830984592
0.0112499995157123
0.00991944596171379
0.0127767249941826
0.0173995457589626
0.0128705454990268
0.012938778847456
0.0114291124045849
0.00960386637598276
0.016128696501255
0.0167939718812704
0.0135017056018114
0.0125123197212815
0.0127596659585834
0.0210841540247202
0.0204274076968431
0.0203250572085381
0.0470384769141674
0.0296901054680347
0.0187642145901918
0.0245214179158211
0.0096891587600112
0.0114205833524466
0.00998768024146557
0.00466546602547169
0.006217778660357
0.00606425292789936
0.0051175132393837
0.00715598929673433
0.016179870814085
0.0131605379283428
0.00745451077818871
0.00852065905928612
0.0108235403895378
0.0130667174234986
0.00638836249709129
0.0073521607555449
0.00970621686428785
0.00741186505183578
0.00579131906852126
0.00560367712751031
0.00724981026723981
0.0036249051336199
0.00502369226887822
0.00571455620229244
0.00417077308520675
0.00479340413585305
0.00399166019633412
0.00437547359615564
0.00533927232027054
0.0061836619861424
0.0107723651453853
0.0126146702095866
0.0130581874400377
0.056574109941721
0.0617086812853813
0.0368631519377232
0.0327435545623302
0.0176639501005411
0.00895564816892147
0.0135017056018114
0.00581690669059753
0.00326667935587466
0.00449488218873739
0.00606425292789936
0.00774450320750475
0.00463134935125709
0.00365902204066515
0.00365902204066515
0.00307903718203306
0.00226023490540683
0.00395754352211952
0.00367608037777245
0.00489575415849686
0.00498957512900233
0.00369313871487975
0.00428165262565017
0.00359931751154363
0.00529662612825632
0.00536485947668552
0.003573730122298
0.00594484433531761
0.00557808950543404
0.00626895343884826
0.00543309329077601
0.00671247160062194
0.00674658827483654
0.00630307057872415
0.00870830193161964
0.00678070494905114
0.00456311600282788
0.00680629257112741
0.01153146289289
0.0142181571573019
0.0689755454659462
0.0689584910869598
0.0310547761619091
0.0358567088842392
0.0249308180063963
0.0165125094354153
0.0135272927582264
0.00744598172605038
0.00803449563682079
0.00877653528004885
0.00756539031863213
0.00608131149783731
0.00737774837762117
0.00929681584239006
0.01272554975003
0.012299089692533
0.00912623200565577
0.00928828679025173
0.0089641772210598
0.00946739967912436
0.0107126608490944
0.0101667931303382
0.0106700146570802
0.00778714939951897
0.0188921522349119
0.0196086037904024
0.00937357824295759
0.0131008336320519
0.010124146938324
0.00794920418411493
0.00631159963086247
0.00908358581364155
0.00720716454088688
0.00585102336481214
0.00750568602234125
0.007147460244596
0.00833301711827517
0.0138172851875424
0.0220138356089592
0.03004833124578
0.0663059130311012
0.0659818053245544
0.0340058766305447
0.0198900680989027
0.0118982177227736
0.00933946203440428
0.0114717585965991
0.0095185749232769
0.0128364292904735
0.00976592116057873
0.00973180402070284
0.00781273655593395
0.0049128127284348
0.00617513246834278
0.00347990891896188
0.0104994308203459
0.00807714182883501
0.00570602715015411
0.00596190290525556
0.00566338142380118
0.00414518546313047
0.00410253973677754
0.00502369226887822
0.00622630771249533
0.00909211486577988
0.00789802893996239
0.00558661855757236
0.00843536760658026
0.007147460244596
0.00510898418724537
0.00745451077818871
0.00852065905928612
0.00587661098688841
0.00288286572322249
0.00397460209205747
0.00622630771249533
0.0067295297048986
0.00609837006777525
0.00844389665871859
0.00852065905928612
0.0109088318422437
0.0204188767820597
0.0161201674491167
0.023514972999692
0.0164613332599401
0.0175957158207893
0.0193356703966856
0.00478487461805344
0.0050833965651691
0.00306197861209512
0.00411106878891587
0.00504927989095449
0.00353108416311443
0.00358225917443633
0.00378695968538523
0.00348843820393085
0.00373578467406332
0.00495545845478773
0.00607278244569898
0.00533074280247092
0.0022687641903758
0.00229435181245208
0.00309609551914036
0.00214082631282508
0.002490523038432
0.00337755866348743
0.00596190290525556
0.0076592112891376
0.00451194075867534
0.00244787707924843
0.00295109930448234
0.0026611068751663
0.00241376040503383
0.00334344198927283
0.002644048538059
0.00193612580187619
0.00175701291300356
0.00383813492953777
0.0086571266874671
0.00855477619916201
0.0279416218400002
0.0276004541665316
0.0108150113373995
0.007625094614923
0.00427312357351184
0.00616660341620445
0.0084865428507328
0.00371019705198705
0.00202994700521231
0.00412812735885382
0.00488722510635853
0.00366755109280348
0.00226023490540683
0.00273786950856447
0.00125379068776965
0.00304492027498782
0.0038296056445688
0.00302786193788052
0.00322403339669108
0.0026781652122736
0.00383813492953777
0.00336050032638013
0.00263551925309002
0.00289139500819147
0.00499810464680195
0.00404283544048667
0.00177407125011086
0.00396607257425785
0.00385519326664507
0.00383813492953777
0.00268669449724257
0.00244787707924843
0.00427312357351184
0.00334344198927283
0.00210670963861048
0.00255875661969185
0.00239670206792653
0.00784685369580984
0.0132714174687862
0.0140902195125818
0.0486760810017586
0.0448635332286358
0.0144569743424654
0.0171180814504623
0.0109344199299812
0.00773597415536642
0.00539897661656141
0.00325815007090569
0.00428165262565017
0.00390636827796698
0.00255022733472288
0.00337755866348743
0.0035907884594053
0.00337755866348743
0.00395754352211952
0.0037954889703542
0.00352255487814546
0.00338608794845641
0.00228582252748311
0.00312168314121664
0.00276345713064075
0.00205553439445794
0.00444370741024613
0.00472517032176256
0.00355667155236006
0.0026269902009517
0.00481899175792933
0.0061836619861424
0.00302786193788052
0.00403430638834834
0.00545015139505267
0.00451194075867534
0.00370166776701808
0.0036078467965126
0.00353961321525276
0.00388078088872135
0.00257581495679915
0.00403430638834834
0.00830742996186018
0.00701099308207631
0.0302956774830818
0.030022744089365
0.0110623575747013
0.00960386637598276
0.00519427610561252
0.00697687640786171
0.00822213757783175
0.00278904475271702
0.00411959830671549
0.00361637608148158
0.00516015896573663
0.0051516299135983
0.00324962078593671
0.00458017410710454
0.00404283544048667
0.00347137986682355
0.00435841549187899
0.00444370741024613
0.00416224403306842
0.00307903718203306
0.00294257001951337
0.00313874147832394
0.00293404096737504
0.00241376040503383
0.00268669449724257
0.00307050789706409
0.00403430638834834
0.00464840792119503
0.00286580738611519
0.00416224403306842
0.00319844577461481
0.00149260798934847
0.00279757380485535
0.00364196347072721
0.0024564063642174
0.00335197104141116
0.00309609551914036
0.00309609551914036
0.00478487461805344
0.0065589458681643
0.0480960942804813
0.0619986727833748
0.0186703931540251
0.0118811596184969
0.0067636463791132
0.0053563304245472
0.0063201286830008
0.00294257001951337
0.00289992406032979
0.00230288086459041
0.00120261556003243
0.0022517058532685
0.00283169071190059
0.00210670963861048
0.00214082631282508
0.00241376040503383
0.0024222896900028
0.00290845334529877
0.00348843820393085
0.00342020462267101
0.00353961321525276
0.00324109173379838
0.002490523038432
0.00202141772024333
0.00417077308520675
0.00350549654103816
0.00260993163101375
0.0026952235493809
0.0035907884594053
0.00332638365216553
0.00346285058185458
0.00333491270430386
0.00252463994547725
0.00276345713064075
0.00246493541635573
0.00195318413898349
0.00191053829621524
0.00301933288574219
0.00380401802249253
0.00665276730433106
0.0150710763409734
0.0141072776168585
0.0067295297048986
0.00531368469819427
0.00342020462267101
0.00433282786980271
0.0037784306332469
0.00307050789706409
0.00453752838075161
0.00359931751154363
0.00175701291300356
0.0012282031821087
0.00236258516088128
0.00314727053046227
0.0022346475161612
0.00224317656829953
0.00150966644287109
0.00126231997273862
0.00140731607098132
0.00196171342395246
0.0014158453559503
0.00110879447311163
0.00188495067413896
0.00144143286161125
0.00184230471495539
0.00147554965224117
0.00284874904900789
0.00327520840801299
0.00289139500819147
0.00157789990771562
0.00162907503545284
0.00193612580187619
0.00167172099463642
0.00188495067413896
0.00221758894622326
0.002644048538059
0.00207259273156524
0.00325815007090569
0.0039831311441958
0.00591925671324134
0.0181671716272831
0.0186106897890568
0.00875947717577219
0.0115826381370425
0.00666129635646939
0.00454605743288994
0.00301933288574219
0.00215788464993238
0.00197024247609079
0.00237964373081923
0.00248199398629367
0.00229435181245208
0.00162907503545284
0.0011514404322952
0.00218347227200866
0.00195318413898349
0.0013390826061368
0.00101497350260615
0.00149260798934847
0.00164613337256014
0.00149260798934847
0.00153525394853204
0.00221758894622326
0.00300227431580424
0.00307050789706409
0.00277198641560972
0.00301080360077322
0.002644048538059
0.00204700534231961
0.00288286572322249
0.00329226674512029
0.00211523869074881
0.0027122818864882
0.0022517058532685
0.00187642150558531
0.00183377554640174
0.00179965875577182
0.00256728567183018
0.00260140257887542
0.00407695211470127
0.0110367704182863
0.0106358984485269
0.00537338899448514
0.00647365441545844
0.00426459452137351
0.00600454863160849
0.00493840035051107
0.00289139500819147
0.00243081874214113
0.00211523869074881
0.00305344955995679
0.00278051546774805
0.0022517058532685
0.00207259273156524
0.00158642907626927
0.0015437831170857
0.00157789990771562
0.00190200901124626
0.0024222896900028
0.00196171342395246
0.00173142529092729
0.00127937830984592
0.00151819561142474
0.00202994700521231
0.00276345713064075
0.00248199398629367
0.000989385880529881
0.00123673235066235
0.00184230471495539
0.00272081117145717
0.00321550411172211
0.00171436695381999
0.00145849131513387
0.00166319182608277
0.00162907503545284
0.00215788464993238
0.0026269902009517
0.00219200155697763
0.00295109930448234
0.00371019705198705
0.00598749052733183
0.00400018924847245
0.00426459452137351
0.00543309329077601
0.00392342684790492
0.00438400311395526
0.004051364492625
0.00190200901124626
0.00184230471495539
0.00165466254111379
0.000997915049083531
0.000801743706688285
0.00137319939676672
0.00151819561142474
0.00156937073916197
0.0013220242690295
0.000810272933449596
0.00120261556003243
0.000989385880529881
0.000827331270556897
0.00127084914129227
0.00114291126374155
0.00156937073916197
0.00126231997273862
0.000972327485214919
0.00109173613600433
0.00129643664695323
0.00136467022821307
0.00119408639147878
0.00127084914129227
0.00142437452450395
0.00137319939676672
0.0015437831170857
0.0015437831170857
0.000869977229740471
0.0012282031821087
0.00145849131513387
0.0022517058532685
0.0024393480271101
0.0036078467965126
0.0095185749232769
0.0092712277546525
0.00289139500819147
0.00275492784567177
0.00211523869074881
0.00145849131513387
0.0010405610082671
0.00120261556003243
0.00107467779889703
0.000938210752792656
0.00160348741337657
0.00194465497042984
0.00150966644287109
0.00120261556003243
0.00110026530455798
0.000724981015082449
0.000912623188924044
0.0010405610082671
0.000929681584239006
0.00116849888581783
0.00149260798934847
0.00155231228563935
0.00155231228563935
0.00183377554640174
0.00147554965224117
0.00098085671197623
0.000904094020370394
0.00061410159105435
0.0010405610082671
0.0011343820951879
0.0013390826061368
0.000912623188924044
0.00086144806118682
0.000682335114106536
0.00112585292663425
0.001245261519216
0.00152672477997839
0.00234552682377398
0.00277198641560972
0.00418783165514469
0.00846948474645615
0.0065589458681643
0.00454605743288994
0.00529662612825632
0.0024734647013247
0.0022346475161612
0.00204700534231961
0.00174848362803459
0.00161201669834554
0.00183377554640174
0.0011173237580806
0.00107467779889703
0.00137319939676672
0.0011343820951879
0.00119408639147878
0.000955269148107618
0.00108320696745068
0.000784685369580984
0.00100644421763718
0.00131349510047585
0.00136467022821307
0.0012111448450014
0.00126231997273862
0.00167172099463642
0.00168877933174372
0.00166319182608277
0.00139878690242767
0.00161201669834554
0.00085291889263317
0.000929681584239006
0.0011514404322952
0.00112585292663425
0.00104909017682076
0.0011173237580806
0.000878506456501782
0.00086144806118682
0.00114291126374155
0.00172289612237364
0.00176554208155721
0.00284874904900789
0.00582543574273586
0.0042901816777885
0.00272081117145717
0.00307903718203306
0.00179112958721817
0.00164613337256014
0.00110879447311163
0.0011343820951879
0.00144143286161125
0.000776156142819673
0.000537338899448514
0.000554397236555815
0.000793214538134634
0.00105761934537441
0.00129643664695323
0.00130496581550688
0.000597043195739388
0.000255875667789951
0.000477634574053809
0.000750568578951061
0.000835860497318208
0.00086144806118682
0.00105761934537441
0.00121967401355505
0.00100644421763718
0.000904094020370394
0.000972327485214919
0.000895564793609083
0.000818802102003247
0.000801743706688285
0.000801743706688285
0.000648218323476613
0.000784685369580984
0.00137319939676672
0.00139878690242767
0.00123673235066235
0.000904094020370394
0.0013561409432441
0.0013390826061368
0.00210670963861048
0.00460576172918081
0.00324962078593671
0.00190200901124626
0.00168025016319007
0.00110879447311163
0.00106614863034338
0.00074203941039741
0.000520280504133552
0.00037528428947553
0.000571455631870776
0.000972327485214919
0.000869977229740471
0.000673805887345225
0.000545868068002164
0.000545868068002164
0.00073351024184376
0.000673805887345225
0.000579984800424427
0.000477634574053809
0.000656747550237924
0.000767626974266022
0.000571455631870776
0.000477634574053809
0.000707922677975148
0.00049469294026494
0.000289992400212213
0.000460576178738847
0.000571455631870776
0.000511751335579902
0.000818802102003247
0.00073351024184376
0.000460576178738847
0.000545868068002164
0.000793214538134634
0.000767626974266022
0.000622630759608001
0.000520280504133552
0.000929681584239006
0.00098085671197623
0.00112585292663425
0.00160348741337657
0.00146702048368752
0.0013561409432441
0.0012282031821087
0.000844389665871859
0.00107467779889703
0.00119408639147878
0.00109173613600433
0.00098085671197623
0.000656747550237924
0.00049469294026494
0.000707922677975148
0.000793214538134634
0.000622630759608001
0.000460576178738847
0.000784685369580984
0.000699393451213837
0.000434988614870235
0.000417930248659104
0.000324109161738306
0.000579984800424427
0.00061410159105435
0.00036675512092188
0.000400871853344142
0.000298521597869694
0.000417930248659104
0.000469105376396328
0.000213229723158292
0.000434988614870235
0.000690864282660186
0.000716451846528798
0.000639689154922962
0.000537338899448514
0.000622630759608001
0.000759097805712372
0.000776156142819673
0.000622630759608001
0.000511751335579902
0.000665276718791574
0.000895564793609083
0.00134761177469045
0.00131349510047585
0.00110879447311163
0.00110026530455798
0.000784685369580984
0.000835860497318208
0.000912623188924044
0.000759097805712372
0.00073351024184376
0.000452047010185197
0.000486163742607459
0.000426459446316585
0.000392342684790492
0.000520280504133552
0.000460576178738847
0.000392342684790492
0.000426459446316585
0.000452047010185197
0.000434988614870235
0.000571455631870776
0.000579984800424427
0.000511751335579902
0.000426459446316585
0.000238817287026905
0.000221758906263858
0.00037528428947553
0.00049469294026494
0.00037528428947553
0.000477634574053809
0.000460576178738847
0.00036675512092188
0.00036675512092188
0.000486163742607459
0.000486163742607459
0.000452047010185197
0.000460576178738847
0.000400871853344142
0.00049469294026494
0.000690864282660186
0.000955269148107618
0.00169730850029737
0.00126231997273862
0.0010235026711598
0.000801743706688285
0.000707922677975148
0.000724981015082449
0.000400871853344142
0.000341167557053268
0.000409401051001623
0.000486163742607459
0.000358225923264399
0.000307050795527175
0.00037528428947553
0.00036675512092188
0.00049469294026494
0.000409401051001623
0.000196171342395246
0.000264404836343601
0.000400871853344142
0.000579984800424427
0.000545868068002164
0.000452047010185197
0.000597043195739388
0.000434988614870235
0.000281463231658563
0.000298521597869694
0.000127937833894975
0.000324109161738306
0.000426459446316585
0.000400871853344142
0.000272934034001082
0.000332638359395787
0.000349696725606918
0.000238817287026905
0.000281463231658563
0.000307050795527175
0.000315579993184656
0.000562926463317126
0.000639689154922962
0.000946739921346307
0.0013390826061368
0.000963798316661268
0.000665276718791574
0.000426459446316585
0.000434988614870235
0.000400871853344142
0.000349696725606918
0.000238817287026905
0.000264404836343601
0.000289992400212213
0.000213229723158292
0.000238817287026905
0.000358225923264399
0.000562926463317126
0.000452047010185197
0.00024734647013247
0.000238817287026905
0.000341167557053268
0.000443517812527716
0.000469105376396328
0.000452047010185197
0.000452047010185197
0.000400871853344142
0.000315579993184656
0.000264404836343601
0.000221758906263858
0.000170583778526634
0.000332638359395787
0.000349696725606918
0.000255875667789951
0.000307050795527175
0.000298521597869694
0.00037528428947553
0.000315579993184656
0.000238817287026905
0.000324109161738306
0.000324109161738306
0.000452047010185197
0.000562926463317126
0.000579984800424427
0.00110879447311163
0.000750568578951061
0.000767626974266022
0.000631159986369312
0.0006055724225007
0.000511751335579902
0.000417930248659104
0.000588514027185738
0.000639689154922962
0.000460576178738847
0.000315579993184656
0.000358225923264399
0.00037528428947553
0.00037528428947553
0.000298521597869694
0.000324109161738306
0.000255875667789951
0.000315579993184656
0.000315579993184656
0.000409401051001623
0.000281463231658563
0.000255875667789951
0.000213229723158292
0.000315579993184656
0.000452047010185197
0.000392342684790492
0.000426459446316585
0.000272934034001082
0.000417930248659104
0.000409401051001623
0.000136467017000541
0.000409401051001623
0.000554397236555815
0.000588514027185738
0.000588514027185738
0.000597043195739388
0.000520280504133552
0.000665276718791574
0.000784685369580984
0.000724981015082449
0.000750568578951061
0.000759097805712372
0.000545868068002164
0.000665276718791574
0.000844389665871859
0.000869977229740471
0.000750568578951061
0.000750568578951061
0.0006055724225007
0.000417930248659104
0.000238817287026905
0.000503222108818591
0.000443517812527716
0.00036675512092188
0.00049469294026494
0.000528809672687203
0.000511751335579902
0.000631159986369312
0.000520280504133552
0.000400871853344142
0.000699393451213837
0.000716451846528798
0.000716451846528798
0.000682335114106536
0.000588514027185738
0.000400871853344142
0.000469105376396328
0.000503222108818591
0.00037528428947553
0.000511751335579902
0.000673805887345225
0.000724981015082449
0.000716451846528798
0.000588514027185738
0.000520280504133552
0.000469105376396328
0.000443517812527716
0.000452047010185197
0.000656747550237924
0.000759097805712372
0.000955269148107618
0.000579984800424427
0.000562926463317126
0.000665276718791574
0.000699393451213837
0.000690864282660186
0.000469105376396328
0.000656747550237924
0.00086144806118682
0.000801743706688285
0.000665276718791574
0.000750568578951061
0.000622630759608001
0.000545868068002164
0.000528809672687203
0.000562926463317126
0.00085291889263317
0.000955269148107618
0.000793214538134634
0.000511751335579902
0.000767626974266022
0.000673805887345225
0.000503222108818591
0.000537338899448514
0.000673805887345225
0.000665276718791574
0.000631159986369312
0.000528809672687203
0.000554397236555815
0.000511751335579902
0.000545868068002164
0.000801743706688285
0.000878506456501782
0.000827331270556897
0.000639689154922962
0.000460576178738847
0.000597043195739388
0.000656747550237924
0.000665276718791574
0.000844389665871859
0.000784685369580984
0.000869977229740471
0.00115996960084885
0.00110026530455798
0.000673805887345225
0.000869977229740471
0.00086144806118682
0.000571455631870776
0.00061410159105435
0.000665276718791574
0.000673805887345225
0.000776156142819673
0.00073351024184376
0.000579984800424427
0.000776156142819673
0.000562926463317126
0.000434988614870235
0.000511751335579902
0.000545868068002164
0.000639689154922962
0.000545868068002164
0.000597043195739388
0.000358225923264399
0.000324109161738306
0.000477634574053809
0.000469105376396328
0.000469105376396328
0.000426459446316585
0.00036675512092188
0.000443517812527716
0.000383813487133011
0.000554397236555815
0.000460576178738847
0.000503222108818591
0.000562926463317126
0.00037528428947553
0.000324109161738306
0.000417930248659104
0.000503222108818591
0.000656747550237924
0.000699393451213837
0.000648218323476613
0.000673805887345225
0.000656747550237924
0.00049469294026494
0.000426459446316585
0.000639689154922962
0.000835860497318208
0.000784685369580984
0.000665276718791574
0.00074203941039741
0.000597043195739388
0.000528809672687203
0.000281463231658563
0.000238817287026905
0.000332638359395787
0.00049469294026494
0.000409401051001623
0.000443517812527716
0.000486163742607459
0.000298521597869694
0.000349696725606918
0.00036675512092188
0.0006055724225007
0.000682335114106536
0.000639689154922962
0.000358225923264399
0.000409401051001623
0.000400871853344142
0.000383813487133011
0.000298521597869694
0.000144996200106107
0.000349696725606918
0.000477634574053809
0.000307050795527175
0.000383813487133011
0.000469105376396328
0.000324109161738306
0.000281463231658563
0.000571455631870776
0.000571455631870776
0.000528809672687203
