% Type: Spectrum
% Date: 11-DEC-24 13:45:05
% NoOfItems: = 1601
% Unit_Y: = dB
% Unit_X: = Hz
% Min_X: = 0
% Max_X: = 1000
% MinDisplay_X: = 0
% MaxDisplay_X: = 1000
0
0
0
0
0.0161767676472664
0.0109776835888624
0.00910667609423399
0.00576204247772694
0.00311282742768526
0.00241740862838924
0.00309626990929246
0.0033777488861233
0.0033611913677305
0.00206969911232591
0.00152329856064171
0.00112591625656933
0.00147362577263266
0.00158952886704355
0.00259954202920198
0.00210281438194215
0.00157297134865075
0.0023015053011477
0.00557990884408355
0.0157628282904625
0.0117890061810613
0.00200346880592406
0.00307971215806901
0.00261609954759479
0.00306315463967621
0.00399037962779403
0.00112591625656933
0.00485137477517128
0.00452022301033139
0.00536466017365456
0.00763305043801665
0.0288433264940977
0.10451152920723
0.866674065589905
1.08510184288025
0.311497986316681
0.0325522273778915
0.00968619156628847
0.00657336413860321
0.0046030106022954
0.00342742167413235
0.00344397919252515
0.00193723838310689
0.00377513119019568
0.00352676725015044
0.00299692433327436
0.00322873052209616
0.00273200287483633
0.00205314159393311
0.00170543207786977
0.0021856022067368
0.00192068074829876
0.0021856022067368
0.0022849477827549
0.00225183251313865
0.00167231692466885
0.00269888760522008
0.00291413627564907
0.00357644003815949
0.00493416283279657
0.0022849477827549
0.000695418915711343
0.000662303704302758
0.00067886128090322
0.000579515763092786
0.000529842975083739
0.000894110009539872
0.00061263091629371
0.00115903152618557
0.0022021597251296
0.00640778848901391
0.027452489361167
0.0285121742635965
0.00867617875337601
0.00387447676621377
0.00132460740860552
0.00137428019661456
0.00104312831535935
0.00087755243293941
0.000993455527350307
0.00180477765388787
0.00185445044189692
0.00190412311349064
0.00135772256180644
0.000728534068912268
0.0016226441366598
0.00210281438194215
0.00279823318123817
0.00235117808915675
0.00137428019661456
0.0011921466793865
0.00288102123886347
0.00256642699241638
0.0022849477827549
0.00360955530777574
0.00190412311349064
0.00110935873817652
0.000960340374149382
0.00202002632431686
0.0011921466793865
0.0011921466793865
0.00124181946739554
0.002169044688344
0.002169044688344
0.00294725154526532
0.00279823318123817
0.00483481725677848
0.00291413627564907
0.0895765796303749
0.182646811008453
0.0959346890449524
0.0243231039494276
0.0197863224893808
0.00566269690170884
0.0011921466793865
0.00182133517228067
0.0022849477827549
0.00329496106132865
0.00539777521044016
0.00422218628227711
0.00400693761184812
0.0033943064045161
0.00259954202920198
0.00296380906365812
0.00225183251313865
0.00246708141639829
0.00372545840218663
0.00312938494607806
0.00269888760522008
0.00261609954759479
0.00172198959626257
0.000794764433521777
0.000811322068329901
0.000761649280320853
0.000778206856921315
0.000960340374149382
0.00137428019661456
0.000894110009539872
0.000778206856921315
0.000910667586140335
0.000711976492311805
0.00094378279754892
0.000960340374149382
0.000761649280320853
0.00273200287483633
0.00503350840881467
0.0114412968978286
0.0177331827580929
0.0138255897909403
0.00630844291299582
0.00283134845085442
0.00167231692466885
0.00261609954759479
0.00125837710220367
0.000728534068912268
0.00364267034456134
0.0087589668110013
0.00553023582324386
0.00132460740860552
0.000745091703720391
0.000927225220948458
0.000910667586140335
0.00114247389137745
0.000761649280320853
0.000894110009539872
0.000711976492311805
0.000480170187074691
0.000413939822465181
0.000596073339693248
0.000480170187074691
0.000579515763092786
0.000645746127702296
0.000413939822465181
0.00061263091629371
0.000496727763675153
0.000513285398483276
0.000397382216760889
0.00061263091629371
0.000910667586140335
0.00150674092583358
0.00124181946739554
0.00135772256180644
0.00274856039322913
0.00629188539460301
0.0225183255970478
0.0182464681565762
0.0046030106022954
0.00284790596924722
0.00127493462059647
0.000894110009539872
0.000645746127702296
0.000645746127702296
0.000778206856921315
0.000579515763092786
0.000761649280320853
0.000827879644930363
0.000662303704302758
0.000281479064142331
0.000596073339693248
0.000860994798131287
0.000993455527350307
0.000860994798131287
0.00115903152618557
0.00110935873817652
0.00271544512361288
0.00243396614678204
0.0010928011033684
0.00170543207786977
0.00115903152618557
0.00104312831535935
0.000827879644930363
0.000579515763092786
0.000761649280320853
0.000910667586140335
0.00105968595016748
0.0016226441366598
0.00251675420440733
0.00187100796028972
0.0022021597251296
0.00415595574304461
0.00418907077983022
0.0311945043504238
0.0614617839455605
0.0308302380144596
0.00822912342846394
0.00604352122172713
0.00311282742768526
0.00511629600077868
0.00269888760522008
0.00160608650185168
0.00415595574304461
0.00369234313257039
0.0033777488861233
0.00569581193849444
0.0045698955655098
0.0022849477827549
0.00362611282616854
0.00351020973175764
0.00233462057076395
0.00240085087716579
0.00293069402687252
0.00175510486587882
0.00203658384270966
0.00213592941872776
0.00440431945025921
0.00561302388086915
0.00329496106132865
0.00286446348764002
0.00195379601791501
0.00243396614678204
0.0017385472310707
0.00210281438194215
0.00187100796028972
0.00170543207786977
0.00390759203583002
0.0032784033101052
0.00193723838310689
0.00205314159393311
0.00554679380729795
0.0289923455566168
0.0374698340892792
0.0126996738836169
0.0166072659194469
0.00935504026710987
0.0022849477827549
0.00332807609811425
0.0022849477827549
0.00187100796028972
0.0016392016550526
0.00153985607903451
0.00144051061943173
0.000993455527350307
0.000778206856921315
0.00102657079696655
0.00168887444306165
0.0016392016550526
0.000960340374149382
0.0017385472310707
0.00135772256180644
0.00135772256180644
0.00195379601791501
0.0010762435849756
0.00231806305237114
0.00185445044189692
0.000711976492311805
0.000745091703720391
0.000860994798131287
0.000745091703720391
0.00067886128090322
0.00104312831535935
0.00132460740860552
0.00140739534981549
0.00221871747635305
0.002169044688344
0.00370890088379383
0.0044374349527061
0.0044539924710989
0.0136434566229582
0.0487455539405346
0.042635802179575
0.0103816110640764
0.00329496106132865
0.00420562876388431
0.00413939822465181
0.00210281438194215
0.00351020973175764
0.00168887444306165
0.00122526183258742
0.00115903152618557
0.00120870431419462
0.00101001316215843
0.00142395298462361
0.00160608650185168
0.00149018340744078
0.00125837710220367
0.00147362577263266
0.000976898008957505
0.00104312831535935
0.000778206856921315
0.00094378279754892
0.00127493462059647
0.000960340374149382
0.000976898008957505
0.000397382216760889
0.000695418915711343
0.000745091703720391
0.000662303704302758
0.00160608650185168
0.00213592941872776
0.00208625663071871
0.00190412311349064
0.00211937190033495
0.00582827255129814
0.00645746104419231
0.0211440455168486
0.0430331826210022
0.0286446362733841
0.0194717291742563
0.0158621743321419
0.00369234313257039
0.00874240882694721
0.0043049743399024
0.0016226441366598
0.00250019645318389
0.00205314159393311
0.00225183251313865
0.0022849477827549
0.00197035353630781
0.00145706813782454
0.00211937190033495
0.00120870431419462
0.00134116504341364
0.000927225220948458
0.00149018340744078
0.00231806305237114
0.00347709446214139
0.0022021597251296
0.00208625663071871
0.00254986924119294
0.0010928011033684
0.00122526183258742
0.00101001316215843
0.00104312831535935
0.00102657079696655
0.00168887444306165
0.00180477765388787
0.0011921466793865
0.0016226441366598
0.00185445044189692
0.00281479069963098
0.00309626990929246
0.00571236945688725
0.0252006556838751
0.0415595583617687
0.0366419516503811
0.015746271237731
0.00624221237376332
0.00402349513024092
0.00259954202920198
0.00231806305237114
0.00210281438194215
0.00180477765388787
0.00127493462059647
0.00102657079696655
0.00144051061943173
0.0010928011033684
0.000811322068329901
0.000910667586140335
0.000711976492311805
0.000695418915711343
0.00105968595016748
0.000976898008957505
0.00125837710220367
0.00142395298462361
0.00114247389137745
0.00251675420440733
0.00221871747635305
0.0011921466793865
0.00139083783142269
0.0010928011033684
0.00130804977379739
0.00152329856064171
0.000960340374149382
0.00115903152618557
0.00102657079696655
0.00149018340744078
0.00124181946739554
0.00284790596924722
0.00468579865992069
0.0065899221226573
0.0142229720950127
0.0260782092809677
0.0247370433062315
0.015779385343194
0.00746747432276607
0.00294725154526532
0.00197035353630781
0.00177166238427162
0.00124181946739554
0.00157297134865075
0.00152329856064171
0.00155641371384263
0.00129149225540459
0.00132460740860552
0.00211937190033495
0.00137428019661456
0.00102657079696655
0.00192068074829876
0.00221871747635305
0.00153985607903451
0.0016226441366598
0.00129149225540459
0.00101001316215843
0.00155641371384263
0.00158952886704355
0.00144051061943173
0.000993455527350307
0.00135772256180644
0.00172198959626257
0.00160608650185168
0.0010928011033684
0.00153985607903451
0.00187100796028972
0.00241740862838924
0.00238429335877299
0.00149018340744078
0.00221871747635305
0.00961996149271727
0.0273365862667561
0.0413443073630333
0.0290751326829195
0.0152661008760333
0.00466924114152789
0.00945438537746668
0.00506662344560027
0.00150674092583358
0.00294725154526532
0.00298036681488156
0.00235117808915675
0.00278167566284537
0.00193723838310689
0.00149018340744078
0.00142395298462361
0.00094378279754892
0.000910667586140335
0.00135772256180644
0.00137428019661456
0.00142395298462361
0.00172198959626257
0.00165575928986073
0.00329496106132865
0.00478514423593879
0.00273200287483633
0.00165575928986073
0.00178822001907974
0.00178822001907974
0.00304659712128341
0.00254986924119294
0.00188756559509784
0.00289757875725627
0.00268233008682728
0.00177166238427162
0.00370890088379383
0.00546400574967265
0.00808010529726744
0.030068589374423
0.0455002635717392
0.0316250026226044
0.037138681858778
0.0219056960195303
0.00735157122835517
0.0111101446673274
0.00562958139926195
0.00268233008682728
0.00284790596924722
0.00245052366517484
0.00175510486587882
0.00240085087716579
0.00316250021569431
0.00355988251976669
0.00360955530777574
0.00322873052209616
0.0022683902643621
0.00160608650185168
0.00134116504341364
0.00144051061943173
0.00245052366517484
0.00332807609811425
0.00281479069963098
0.00197035353630781
0.00168887444306165
0.00250019645318389
0.00276511791162193
0.00225183251313865
0.00273200287483633
0.00379168870858848
0.00410628318786621
0.0044705499894917
0.0043546468950808
0.00355988251976669
0.00415595574304461
0.00546400574967265
0.0134282074868679
0.018958443775773
0.0404336415231228
0.0404336415231228
0.0322210751473904
0.0135772256180644
0.00769928051158786
0.00437120441347361
0.0043546468950808
0.00622565485537052
0.00553023582324386
0.00438776193186641
0.00360955530777574
0.00332807609811425
0.00307971215806901
0.00283134845085442
0.00293069402687252
0.00301348185166717
0.00417251326143742
0.00518252654001117
0.00223527499474585
0.00317905773408711
0.00471891416236758
0.00599384866654873
0.0092060212045908
0.00584483006969094
0.00379168870858848
0.00360955530777574
0.0023015053011477
0.00319561548531055
0.00248363893479109
0.00316250021569431
0.00122526183258742
0.00149018340744078
0.00294725154526532
0.00415595574304461
0.00711976503953338
0.00703697698190808
0.0153985610231757
0.0264259185642004
0.015050851739943
0.0135937836021185
0.015183312818408
0.00904044602066278
0.00513285398483276
0.00364267034456134
0.00379168870858848
0.00410628318786621
0.00271544512361288
0.00124181946739554
0.00158952886704355
0.00150674092583358
0.00266577233560383
0.00387447676621377
0.00250019645318389
0.00205314159393311
0.00243396614678204
0.00132460740860552
0.00129149225540459
0.0016226441366598
0.00193723838310689
0.00140739534981549
0.00145706813782454
0.00190412311349064
0.00160608650185168
0.000910667586140335
0.00135772256180644
0.00182133517228067
0.00211937190033495
0.00168887444306165
0.00190412311349064
0.00175510486587882
0.00167231692466885
0.0022021597251296
0.00279823318123817
0.00389103428460658
0.0113253938034177
0.0159946344792843
0.0177994128316641
0.0144713362678885
0.0110604716464877
0.0108617804944515
0.00831191148608923
0.00139083783142269
0.00223527499474585
0.00195379601791501
0.00140739534981549
0.000960340374149382
0.000860994798131287
0.00104312831535935
0.00114247389137745
0.00110935873817652
0.000976898008957505
0.000827879644930363
0.0010762435849756
0.00102657079696655
0.00150674092583358
0.00185445044189692
0.00139083783142269
0.00175510486587882
0.00147362577263266
0.00104312831535935
0.00117558904457837
0.00087755243293941
0.00094378279754892
0.00102657079696655
0.0010762435849756
0.000927225220948458
0.000827879644930363
0.000778206856921315
0.00115903152618557
0.00172198959626257
0.00206969911232591
0.00344397919252515
0.00642434600740671
0.00985176768153906
0.014173299074173
0.0110604716464877
0.00619253981858492
0.00554679380729795
0.00274856039322913
0.00145706813782454
0.00160608650185168
0.00149018340744078
0.0011921466793865
0.000960340374149382
0.0010928011033684
0.000629188551101834
0.000860994798131287
0.00122526183258742
0.000894110009539872
0.000960340374149382
0.000695418915711343
0.000794764433521777
0.00157297134865075
0.00139083783142269
0.00139083783142269
0.0021524871699512
0.000910667586140335
0.00223527499474585
0.00283134845085442
0.00152329856064171
0.00134116504341364
0.00152329856064171
0.00112591625656933
0.00112591625656933
0.00152329856064171
0.00185445044189692
0.00135772256180644
0.002169044688344
0.00253331172280014
0.00279823318123817
0.00817945040762424
0.0168887451291084
0.0146700274199247
0.0132957473397255
0.00485137477517128
0.00644090352579951
0.00385791901499033
0.0021856022067368
0.00254986924119294
0.00197035353630781
0.0016226441366598
0.000910667586140335
0.00061263091629371
0.000894110009539872
0.00117558904457837
0.000993455527350307
0.00110935873817652
0.00102657079696655
0.00135772256180644
0.00122526183258742
0.00140739534981549
0.00125837710220367
0.00094378279754892
0.00144051061943173
0.00187100796028972
0.00180477765388787
0.000596073339693248
0.000827879644930363
0.00120870431419462
0.00124181946739554
0.000860994798131287
0.0010928011033684
0.00152329856064171
0.00142395298462361
0.00087755243293941
0.0021856022067368
0.00359299755655229
0.00874240882694721
0.014322318136692
0.0153985610231757
0.00803043227642775
0.00486793229356408
0.0032784033101052
0.00250019645318389
0.00087755243293941
0.00155641371384263
0.00094378279754892
0.000579515763092786
0.000662303704302758
0.000546400551684201
0.000794764433521777
0.000778206856921315
0.000645746127702296
0.000413939822465181
0.00067886128090322
0.00104312831535935
0.000960340374149382
0.00061263091629371
0.000397382216760889
0.000629188551101834
0.000960340374149382
0.000745091703720391
0.000844437221530825
0.00067886128090322
0.000447055004769936
0.000645746127702296
0.000745091703720391
0.000711976492311805
0.00087755243293941
0.000761649280320853
0.000496727763675153
0.000463612610474229
0.000794764433521777
0.00114247389137745
0.00183789280708879
0.00384136149659753
0.00493416283279657
0.00415595574304461
0.00279823318123817
0.00197035353630781
0.00132460740860552
0.00150674092583358
0.00104312831535935
0.000761649280320853
0.000662303704302758
0.000546400551684201
0.000579515763092786
0.000447055004769936
0.000215248699532822
0.000447055004769936
0.000695418915711343
0.000447055004769936
0.000529842975083739
0.000629188551101834
0.000529842975083739
0.000480170187074691
0.000546400551684201
0.000496727763675153
0.00067886128090322
0.000579515763092786
0.000298036669846624
0.000529842975083739
0.000711976492311805
0.00061263091629371
0.000894110009539872
0.00101001316215843
0.00104312831535935
0.000910667586140335
0.000827879644930363
0.00104312831535935
0.000976898008957505
0.00144051061943173
0.00240085087716579
0.00655680662021041
0.0108121084049344
0.00857683271169662
0.00413939822465181
0.00168887444306165
0.00160608650185168
0.00158952886704355
0.00122526183258742
0.000711976492311805
0.000695418915711343
0.000794764433521777
0.000662303704302758
0.000596073339693248
0.000728534068912268
0.000811322068329901
0.000596073339693248
0.000844437221530825
0.000629188551101834
0.000761649280320853
0.00087755243293941
0.00067886128090322
0.000513285398483276
0.000711976492311805
0.000596073339693248
0.000844437221530825
0.000960340374149382
0.000827879644930363
0.00067886128090322
0.000894110009539872
0.000480170187074691
0.000662303704302758
0.00112591625656933
0.000960340374149382
0.0010762435849756
0.00182133517228067
0.00256642699241638
0.00294725154526532
0.00720255263149738
0.00980209466069937
0.00907356105744839
0.00592761812731624
0.00667270971462131
0.00309626990929246
0.0021856022067368
0.00211937190033495
0.00233462057076395
0.00175510486587882
0.0010762435849756
0.00170543207786977
0.00130804977379739
0.00087755243293941
0.000546400551684201
0.00101001316215843
0.00130804977379739
0.00115903152618557
0.00134116504341364
0.00102657079696655
0.000778206856921315
0.000827879644930363
0.00125837710220367
0.00125837710220367
0.00157297134865075
0.00149018340744078
0.00178822001907974
0.00160608650185168
0.00157297134865075
0.00177166238427162
0.00152329856064171
0.00182133517228067
0.00182133517228067
0.00120870431419462
0.00117558904457837
0.00240085087716579
0.00360955530777574
0.00427185883745551
0.00870929379016161
0.0148190455511212
0.0186272915452719
0.0122526185587049
0.00698730396106839
0.00592761812731624
0.0066064796410501
0.00263265729881823
0.00192068074829876
0.00110935873817652
0.00137428019661456
0.00149018340744078
0.000910667586140335
0.0011921466793865
0.00112591625656933
0.00149018340744078
0.00134116504341364
0.00187100796028972
0.00221871747635305
0.00197035353630781
0.00253331172280014
0.0021524871699512
0.00147362577263266
0.00147362577263266
0.00206969911232591
0.00264921481721103
0.00258298451080918
0.00206969911232591
0.00241740862838924
0.00205314159393311
0.00150674092583358
0.00125837710220367
0.000960340374149382
0.00175510486587882
0.00261609954759479
0.00283134845085442
0.00505006592720747
0.00680517079308629
0.0127824619412422
0.0255980379879475
0.0212433915585279
0.0090570030733943
0.00629188539460301
0.00415595574304461
0.00296380906365812
0.00210281438194215
0.00205314159393311
0.00170543207786977
0.00132460740860552
0.00202002632431686
0.00145706813782454
0.00129149225540459
0.00182133517228067
0.00198691105470061
0.0016226441366598
0.0010762435849756
0.00188756559509784
0.00149018340744078
0.00152329856064171
0.0010762435849756
0.00155641371384263
0.00271544512361288
0.0023015053011477
0.00187100796028972
0.000811322068329901
0.00122526183258742
0.00114247389137745
0.00152329856064171
0.00144051061943173
0.00114247389137745
0.00129149225540459
0.00198691105470061
0.0033446338493377
0.00248363893479109
0.00197035353630781
0.00880863890051842
0.0211109314113855
0.0266577247530222
0.012434751726687
0.00867617875337601
0.0066561521962285
0.00440431945025921
0.00286446348764002
0.002169044688344
0.00225183251313865
0.00190412311349064
0.00236773584038019
0.00158952886704355
0.00205314159393311
0.00256642699241638
0.00208625663071871
0.00139083783142269
0.00142395298462361
0.00102657079696655
0.00127493462059647
0.00175510486587882
0.00144051061943173
0.000745091703720391
0.00114247389137745
0.00158952886704355
0.00170543207786977
0.00140739534981549
0.00110935873817652
0.00122526183258742
0.00137428019661456
0.00125837710220367
0.00150674092583358
0.00152329856064171
0.00165575928986073
0.00129149225540459
0.00160608650185168
0.00256642699241638
0.00360955530777574
0.00885831192135811
0.017650393769145
0.017087435349822
0.00763305043801665
0.00539777521044016
0.00635811546817422
0.00410628318786621
0.00440431945025921
0.00311282742768526
0.00223527499474585
0.00202002632431686
0.00110935873817652
0.00114247389137745
0.00167231692466885
0.00152329856064171
0.00130804977379739
0.00183789280708879
0.00197035353630781
0.00112591625656933
0.00155641371384263
0.00127493462059647
0.00087755243293941
0.00139083783142269
0.0021856022067368
0.00142395298462361
0.000993455527350307
0.00127493462059647
0.00120870431419462
0.00129149225540459
0.00202002632431686
0.00142395298462361
0.00157297134865075
0.00205314159393311
0.00145706813782454
0.0017385472310707
0.00134116504341364
0.00200346880592406
0.0044539924710989
0.00685484334826469
0.00937159731984138
0.00816289335489273
0.0043215318582952
0.00316250021569431
0.00351020973175764
0.0033777488861233
0.00344397919252515
0.00223527499474585
0.00193723838310689
0.000976898008957505
0.00115903152618557
0.0010928011033684
0.00117558904457837
0.00130804977379739
0.00130804977379739
0.000910667586140335
0.000629188551101834
0.000960340374149382
0.000960340374149382
0.00134116504341364
0.00135772256180644
0.00187100796028972
0.00208625663071871
0.00129149225540459
0.00140739534981549
0.00153985607903451
0.00137428019661456
0.0017385472310707
0.00152329856064171
0.00145706813782454
0.00124181946739554
0.000761649280320853
0.00134116504341364
0.00124181946739554
0.00153985607903451
0.00150674092583358
0.0022849477827549
0.00801387522369623
0.0109611265361309
0.00624221237376332
0.00528187211602926
0.00271544512361288
0.00298036681488156
0.00170543207786977
0.00213592941872776
0.00114247389137745
0.000761649280320853
0.00104312831535935
0.00104312831535935
0.00120870431419462
0.00105968595016748
0.00137428019661456
0.00167231692466885
0.00142395298462361
0.00145706813782454
0.00087755243293941
0.00178822001907974
0.00197035353630781
0.00147362577263266
0.00183789280708879
0.00147362577263266
0.000927225220948458
0.00134116504341364
0.00135772256180644
0.000827879644930363
0.00114247389137745
0.000960340374149382
0.00105968595016748
0.00180477765388787
0.0016226441366598
0.000745091703720391
0.00142395298462361
0.00172198959626257
0.00278167566284537
0.00470235617831349
0.00937159731984138
0.00756681989878416
0.00473547168076038
0.00322873052209616
0.0033943064045161
0.00312938494607806
0.00114247389137745
0.00125837710220367
0.000993455527350307
0.00061263091629371
0.000778206856921315
0.000910667586140335
0.000927225220948458
0.000695418915711343
0.000596073339693248
0.000778206856921315
0.000827879644930363
0.000662303704302758
0.000596073339693248
0.000927225220948458
0.00094378279754892
0.000827879644930363
0.000960340374149382
0.000794764433521777
0.000496727763675153
0.000496727763675153
0.000645746127702296
0.000695418915711343
0.000629188551101834
0.000463612610474229
0.000778206856921315
0.000645746127702296
0.000463612610474229
0.0010928011033684
0.00177166238427162
0.00139083783142269
0.0016226441366598
0.00273200287483633
0.00351020973175764
0.00301348185166717
0.00296380906365812
0.00168887444306165
0.00145706813782454
0.00115903152618557
0.00110935873817652
0.000778206856921315
0.000496727763675153
0.000347709457855672
0.000380824640160426
0.000447055004769936
0.000347709457855672
0.000364267034456134
0.000513285398483276
0.000430497399065644
0.000463612610474229
0.000447055004769936
0.000513285398483276
0.000281479064142331
0.000513285398483276
0.000546400551684201
0.000662303704302758
0.000513285398483276
0.000662303704302758
0.000579515763092786
0.000298036669846624
0.000562958128284663
0.000546400551684201
0.000347709457855672
0.000380824640160426
0.000413939822465181
0.000331151852151379
0.000579515763092786
0.00061263091629371
0.00061263091629371
0.000827879644930363
0.00223527499474585
0.00311282742768526
0.00225183251313865
0.00168887444306165
0.00178822001907974
0.00172198959626257
0.000629188551101834
0.00101001316215843
0.000794764433521777
0.000662303704302758
0.000579515763092786
0.000380824640160426
0.000264921487541869
0.000314594275550917
0.000347709457855672
0.000413939822465181
0.000529842975083739
0.000430497399065644
0.000397382216760889
0.000529842975083739
0.000562958128284663
0.000380824640160426
0.000215248699532822
0.000298036669846624
0.000463612610474229
0.000480170187074691
0.000314594275550917
0.000264921487541869
0.000347709457855672
0.000413939822465181
0.000447055004769936
0.000562958128284663
0.000331151852151379
0.000298036669846624
0.000463612610474229
0.000480170187074691
0.000397382216760889
0.000596073339693248
0.00183789280708879
0.00203658384270966
0.00135772256180644
0.00094378279754892
0.000976898008957505
0.000811322068329901
0.000447055004769936
0.000529842975083739
0.000463612610474229
0.000281479064142331
0.000215248699532822
0.000380824640160426
0.000298036669846624
0.000231806305237114
0.000198691108380444
0.000264921487541869
0.000331151852151379
0.000347709457855672
0.000248363881837577
0.000198691108380444
0.000215248699532822
0.000231806305237114
0.000182133517228067
0.000198691108380444
0.000231806305237114
0.000281479064142331
0.000248363881837577
0.000264921487541869
0.000149018334923312
0.000215248699532822
0.000248363881837577
0.000281479064142331
0.000264921487541869
0.000364267034456134
0.000347709457855672
0.000413939822465181
0.000579515763092786
0.000794764433521777
0.000794764433521777
0.00067886128090322
0.000960340374149382
0.000596073339693248
0.000347709457855672
0.000380824640160426
0.000380824640160426
0.000463612610474229
0.000314594275550917
0.000364267034456134
0.000198691108380444
0.000198691108380444
0.000231806305237114
0.000165575926075689
0.000149018334923312
0.000198691108380444
8.27879630378447E-5
0.000182133517228067
0.000182133517228067
0.000248363881837577
0.000314594275550917
0.000314594275550917
0.000231806305237114
0.000231806305237114
0.000314594275550917
0.000298036669846624
0.000281479064142331
0.000298036669846624
0.000264921487541869
0.000231806305237114
0.000331151852151379
0.000231806305237114
0.000198691108380444
0.000298036669846624
0.000231806305237114
0.000347709457855672
0.000827879644930363
0.00135772256180644
0.00144051061943173
0.0011921466793865
0.00165575928986073
0.00125837710220367
0.000960340374149382
0.000447055004769936
0.000496727763675153
0.000480170187074691
0.000463612610474229
0.000364267034456134
0.000281479064142331
0.000198691108380444
0.000132460743770935
0.000231806305237114
0.000165575926075689
0.000281479064142331
0.000281479064142331
0.000264921487541869
0.000248363881837577
0.000215248699532822
0.000182133517228067
0.000198691108380444
0.000248363881837577
0.000248363881837577
0.000115903152618557
0.000182133517228067
0.000248363881837577
0.000347709457855672
0.000248363881837577
0.000182133517228067
0.000314594275550917
0.000298036669846624
0.000314594275550917
0.000264921487541869
0.000281479064142331
0.000513285398483276
0.000827879644930363
0.000910667586140335
0.000778206856921315
0.000546400551684201
0.000662303704302758
0.00061263091629371
0.00087755243293941
0.000761649280320853
0.00061263091629371
0.000480170187074691
0.000380824640160426
0.000264921487541869
0.000314594275550917
0.000298036669846624
0.000380824640160426
0.000231806305237114
0.000149018334923312
0.000248363881837577
0.000397382216760889
0.000298036669846624
0.000231806305237114
0.000248363881837577
0.000149018334923312
0.000198691108380444
0.000231806305237114
0.000248363881837577
0.000198691108380444
0.000215248699532822
0.000248363881837577
0.000215248699532822
0.000264921487541869
0.000231806305237114
0.000298036669846624
0.000413939822465181
0.000231806305237114
0.000182133517228067
0.000198691108380444
0.000314594275550917
0.000662303704302758
0.000927225220948458
0.000695418915711343
0.000281479064142331
0.000380824640160426
0.000496727763675153
0.000546400551684201
0.000496727763675153
0.000496727763675153
0.000496727763675153
0.000331151852151379
0.000231806305237114
0.000115903152618557
0.000165575926075689
0.000215248699532822
0.000215248699532822
0.000198691108380444
0.000231806305237114
0.000248363881837577
0.000215248699532822
0.000132460743770935
0.000115903152618557
0.000115903152618557
0.000149018334923312
0.000132460743770935
0.000198691108380444
0.000165575926075689
0.000165575926075689
0.000149018334923312
6.62303718854673E-5
8.27879630378447E-5
0.000165575926075689
0.000215248699532822
0.000182133517228067
0.000115903152618557
0.000198691108380444
0.000198691108380444
0.000314594275550917
0.000331151852151379
0.000430497399065644
0.000314594275550917
0.000380824640160426
0.000546400551684201
0.000347709457855672
0.000314594275550917
0.000331151852151379
0.000231806305237114
0.000215248699532822
0.000198691108380444
0.000198691108380444
0.000231806305237114
0.000182133517228067
8.27879630378447E-5
0.000182133517228067
0.000149018334923312
9.93455541902222E-5
0.000198691108380444
0.000215248699532822
0.000215248699532822
0.000248363881837577
0.000165575926075689
0.000149018334923312
0.000165575926075689
0.000182133517228067
0.000115903152618557
0.000182133517228067
0.000149018334923312
0.000115903152618557
0.000132460743770935
0.000115903152618557
0.000132460743770935
0.000165575926075689
0.000149018334923312
0.000132460743770935
0.000182133517228067
0.000248363881837577
0.000513285398483276
0.000496727763675153
0.000347709457855672
0.000231806305237114
0.000298036669846624
0.000264921487541869
0.000132460743770935
0.000132460743770935
0.000182133517228067
0.000132460743770935
0.000182133517228067
0.000182133517228067
0.000115903152618557
0.000115903152618557
0.000132460743770935
0.000198691108380444
0.000165575926075689
0.000115903152618557
0.000182133517228067
0.000215248699532822
0.000182133517228067
0.000149018334923312
0.000132460743770935
0.000165575926075689
0.000149018334923312
0.000132460743770935
0.000149018334923312
0.000165575926075689
0.000115903152618557
0.000115903152618557
0.000132460743770935
0.000149018334923312
0.000182133517228067
0.000149018334923312
0.000149018334923312
0.000248363881837577
0.000248363881837577
0.000331151852151379
0.000513285398483276
0.000496727763675153
0.000298036669846624
0.000298036669846624
0.000430497399065644
0.000364267034456134
0.000314594275550917
0.000298036669846624
0.000215248699532822
0.000298036669846624
0.000248363881837577
0.000215248699532822
0.000182133517228067
0.000215248699532822
0.000264921487541869
0.000198691108380444
0.000115903152618557
0.000215248699532822
0.000132460743770935
0.000198691108380444
0.000264921487541869
0.000132460743770935
0.000215248699532822
0.000215248699532822
0.000165575926075689
0.000149018334923312
0.000182133517228067
0.000198691108380444
0.000165575926075689
0.000248363881837577
0.000115903152618557
0.000182133517228067
0.000248363881837577
0.000264921487541869
0.000182133517228067
0.000132460743770935
0.000182133517228067
0.000314594275550917
0.000496727763675153
0.00067886128090322
0.000496727763675153
0.000215248699532822
0.000231806305237114
0.000281479064142331
0.000281479064142331
0.000198691108380444
0.000149018334923312
0.000198691108380444
0.000231806305237114
0.000264921487541869
0.000248363881837577
0.000248363881837577
0.000248363881837577
0.000198691108380444
0.000231806305237114
0.000215248699532822
0.000215248699532822
0.000198691108380444
0.000182133517228067
0.000132460743770935
0.000132460743770935
0.000215248699532822
0.000165575926075689
0.000115903152618557
0.000115903152618557
9.93455541902222E-5
0.000182133517228067
0.000149018334923312
0.000132460743770935
0.000165575926075689
0.000182133517228067
0.000215248699532822
0.000215248699532822
0.000215248699532822
0.000347709457855672
0.000397382216760889
0.000513285398483276
0.000496727763675153
0.000281479064142331
0.000281479064142331
0.000331151852151379
0.000215248699532822
0.000248363881837577
0.000149018334923312
0.000132460743770935
0.000182133517228067
0.000149018334923312
0.000132460743770935
4.96727770951111E-5
0.000198691108380444
0.000231806305237114
9.93455541902222E-5
0.000132460743770935
0.000165575926075689
0.000231806305237114
0.000248363881837577
0.000182133517228067
0.000215248699532822
0.000182133517228067
0.000149018334923312
0.000132460743770935
0.000132460743770935
0.000115903152618557
0.000132460743770935
0.000149018334923312
0.000132460743770935
0.000165575926075689
0.000132460743770935
0.000132460743770935
0.000182133517228067
0.000198691108380444
0.000264921487541869
0.000397382216760889
0.000364267034456134
0.000215248699532822
0.000298036669846624
0.000380824640160426
0.000347709457855672
0.000215248699532822
0.000298036669846624
0.000231806305237114
0.000281479064142331
0.000314594275550917
0.000149018334923312
0.000149018334923312
0.000165575926075689
0.000149018334923312
0.000165575926075689
0.000231806305237114
0.000248363881837577
0.000182133517228067
