% Type: Spectrum
% Date: 11-DEC-24 12:59:03
% NoOfItems: = 1601
% Unit_Y: = dB
% Unit_X: = Hz
% Min_X: = 0
% Max_X: = 1000
% MinDisplay_X: = 0
% MaxDisplay_X: = 1000
0
0
0
0
0.0203170794993639
0.00984888896346092
0.00926954299211502
0.00738167250528932
0.00670243892818689
0.00586338527500629
0.00303657446056604
0.0025271491613239
0.00188787025399506
0.00241727312095463
0.00241727312095463
0.00165812950581312
0.00249718292616308
0.00334622501395643
0.00195779139176011
0.00168809562455863
0.00121862522792071
0.00155824213288724
0.00251716026104987
0.00653263041749597
0.00695215724408627
0.00210762233473361
0.00235734065063298
0.00352602219209075
0.00227743084542453
0.00135846750345081
0.00222748704254627
0.00242726178839803
0.00261704763397574
0.0035959433298558
0.00458482792600989
0.00740165030583739
0.0108877178281546
0.0144936498254538
0.0149331539869308
0.344151765108109
0.654611527919769
0.312037974596024
0.00434509804472327
0.00517416279762983
0.00416530109941959
0.00523409526795149
0.00434509804472327
0.00241727312095463
0.00263702520169318
0.00292669842019677
0.00263702520169318
0.00178798299748451
0.00100886193104088
0.00108877173624933
0.000629290065262467
0.00066924502607435
0.000559368985705078
0.000569357711356133
0.000549380260054022
0.000749154889490455
0.00305655179545283
0.00721186446025968
0.00756146991625428
0.00661254022270441
0.0028168223798275
0.00118865910917521
0.00103882804978639
0.000719188654329628
0.000379571807570755
0.000729177438188344
0.00109876052010804
0.00137844495475292
0.00107878306880593
0.00104881683364511
0.00134847871959209
0.00183792656753212
0.00183792656753212
0.00368584203533828
0.00302658579312265
0.0215057395398617
0.0445797108113766
0.0275489222258329
0.00291670975275338
0.00323634897358716
0.000779121066443622
0.00109876052010804
0.00170807307586074
0.00113871542271227
0.00237731821835041
0.002666991436854
0.00180796044878662
0.00181794911623001
0.00346608995459974
0.00201772386208177
0.00158820836804807
0.00187788158655167
0.00138843373861164
0.000968906970229
0.00173803931102157
0.00180796044878662
0.00289673218503594
0.00628291210159659
0.00449492922052741
0.00171806185971946
0.00196778005920351
0.00124859146308154
0.00122861401177943
0.00104881683364511
0.00140841118991375
0.00210762233473361
0.00204769009724259
0.00130852381698787
0.00131851260084659
0.00134847871959209
0.00255711539648473
0.00246721669100225
0.00448494032025337
0.00708201061934233
0.0227842964231968
0.367395550012589
0.645411908626556
0.292310237884521
0.0140441562980413
0.0219152774661779
0.00987885519862175
0.00909973494708538
0.00721186446025968
0.00355598842725158
0.00209763366729021
0.00123860267922282
0.0014783323276788
0.00194780272431672
0.00274690124206245
0.00144836609251797
0.00164814072195441
0.00200773496180773
0.00182793790008873
0.00170807307586074
0.00297664199024439
0.00305655179545283
0.00231738574802876
0.0046547488309443
0.00352602219209075
0.00217754347249866
0.00194780272431672
0.00150829844642431
0.00260705896653235
0.00244723935611546
0.00261704763397574
0.00280683347955346
0.00432512070983648
0.00489447871223092
0.00333623634651303
0.00338617991656065
0.0069122021086514
0.00622297963127494
0.00638279970735312
0.0105281230062246
0.00838054623454809
0.0834858193993568
0.139822259545326
0.0609012953937054
0.0218353681266308
0.0213459189981222
0.00606316002085805
0.00487450091168284
0.00334622501395643
0.00278685614466667
0.00227743084542453
0.0011986477766186
0.0011986477766186
0.00279684481211007
0.00392557168379426
0.00176800554618239
0.000948929518926889
0.00110874918755144
0.00113871542271227
0.00125858013052493
0.00173803931102157
0.00190784770529717
0.00122861401177943
0.000968906970229
0.000629290065262467
0.00115869287401438
0.00122861401177943
0.000639278849121183
0.000749154889490455
0.000479459122288972
0.000689222477376461
0.000918963283766061
0.00089898583246395
0.00123860267922282
0.00110874918755144
0.0011986477766186
0.00218753213994205
0.00202771252952516
0.00226744217798114
0.00325632654130459
0.00420525623485446
0.0132550466805696
0.0196078810840845
0.00877010636031628
0.0132550466805696
0.0144536942243576
0.00497438851743937
0.00320638297125697
0.00329628144390881
0.00364588713273406
0.00280683347955346
0.00249718292616308
0.00282681104727089
0.00288674351759255
0.00254712649621069
0.00224746461026371
0.00262703653424978
0.00247720535844564
0.00318640540353954
0.00317641673609614
0.00350604485720396
0.00270694633945823
0.00260705896653235
0.00443499675020576
0.00316642783582211
0.00293668708764017
0.00319639407098293
0.00198775762692094
0.00159819703549147
0.00114870409015566
0.000809087243396789
0.00121862522792071
0.00159819703549147
0.00160818581935018
0.00140841118991375
0.0017979716649279
0.00166811817325652
0.0017979716649279
0.00231738574802876
0.00383567297831178
0.00204769009724259
0.0374677330255508
0.0605516918003559
0.0263702515512705
0.00843048933893442
0.00909973494708538
0.00276687857694924
0.00542388111352921
0.00475463643670082
0.00231738574802876
0.00328629277646542
0.00322636030614376
0.00184791535139084
0.00337619124911726
0.00426518823951483
0.00181794911623001
0.00185790413524956
0.00171806185971946
0.00223747594282031
0.00170807307586074
0.00139842240605503
0.00172805052716285
0.00141839985735714
0.00162816327065229
0.00159819703549147
0.00354599975980818
0.0047945911064744
0.00188787025399506
0.00123860267922282
0.00115869287401438
0.00112872663885355
0.00104881683364511
0.00106879428494722
0.0011986477766186
0.00152827589772642
0.00153826468158513
0.00125858013052493
0.00124859146308154
0.00352602219209075
0.00556372338905931
0.00419526733458042
0.0248619522899389
0.0365587584674358
0.0143737848848104
0.00865024141967297
0.00909973494708538
0.00228741951286793
0.00217754347249866
0.00173803931102157
0.000509425299242139
0.00117867032531649
0.000799098517745733
0.00052940275054425
0.000859030929859728
0.000819075969047844
0.000449492916231975
0.000779121066443622
0.00137844495475292
0.00126856891438365
0.000928952067624778
0.00137844495475292
0.00128854636568576
0.00128854636568576
0.00200773496180773
0.00130852381698787
0.00172805052716285
0.00320638297125697
0.00151828723028302
0.00150829844642431
0.00168809562455863
0.00160818581935018
0.00118865910917521
0.00168809562455863
0.00172805052716285
0.0025371378287673
0.00183792656753212
0.00214757723733783
0.0025271491613239
0.00231738574802876
0.00461479416117072
0.00395553791895509
0.0331825651228428
0.0504031404852867
0.0346509106457233
0.01417401060462
0.00285677728243172
0.00164814072195441
0.00332624767906964
0.001937813940458
0.00123860267922282
0.00238730688579381
0.00233736331574619
0.00209763366729021
0.00209763366729021
0.00189785903785378
0.00127855769824237
0.00152827589772642
0.00140841118991375
0.00129853514954448
0.00107878306880593
0.00121862522792071
0.00187788158655167
0.00115869287401438
0.00201772386208177
0.00128854636568576
0.00202771252952516
0.00263702520169318
0.00155824213288724
0.00150829844642431
0.00207765609957278
0.00131851260084659
0.00162816327065229
0.00210762233473361
0.00244723935611546
0.00185790413524956
0.00279684481211007
0.00402545882388949
0.00308651803061366
0.0037257969379425
0.00628291210159659
0.00660255178809166
0.0190984550863504
0.0243125725537539
0.0117467483505607
0.0138743482530117
0.0133249675855041
0.00548381358385086
0.0111174583435059
0.00713195418938994
0.00243725045584142
0.00314645050093532
0.00274690124206245
0.00277686747722328
0.00246721669100225
0.00221749837510288
0.00250717159360647
0.00220750970765948
0.00192782515659928
0.00157821958418936
0.00139842240605503
0.00172805052716285
0.00242726178839803
0.00172805052716285
0.000958918244577944
0.00138843373861164
0.00181794911623001
0.00249718292616308
0.00135846750345081
0.00129853514954448
0.00101885059848428
0.00108877173624933
0.0010588055010885
0.00089898583246395
0.00123860267922282
0.00114870409015566
0.00156823091674596
0.00139842240605503
0.00113871542271227
0.00262703653424978
0.00473465863615274
0.00421524466946721
0.0337918773293495
0.0460780188441277
0.0185790415853262
0.00916965585201979
0.00977896805852652
0.0026769801042974
0.00276687857694924
0.00213758856989443
0.00219752104021609
0.00343612371943891
0.00226744217798114
0.00153826468158513
0.00220750970765948
0.00301659689284861
0.00144836609251797
0.00144836609251797
0.0013384900521487
0.00112872663885355
0.00131851260084659
0.00145835487637669
0.0011986477766186
0.00109876052010804
0.00162816327065229
0.000938940793275833
0.00245722802355886
0.00344611238688231
0.00173803931102157
0.00261704763397574
0.00200773496180773
0.00166811817325652
0.002666991436854
0.00222748704254627
0.00204769009724259
0.00234735198318958
0.00298663065768778
0.00230739708058536
0.00130852381698787
0.00370581937022507
0.0071918866597116
0.00603319378569722
0.0286676604300737
0.0366186909377575
0.0137345064431429
0.0093094976618886
0.00995876546949148
0.00275688990950584
0.0022574532777071
0.00159819703549147
0.00155824213288724
0.00304656312800944
0.00246721669100225
0.00178798299748451
0.00135846750345081
0.00144836609251797
0.00168809562455863
0.00201772386208177
0.00120863656047732
0.00185790413524956
0.00138843373861164
0.00148832099512219
0.00254712649621069
0.00214757723733783
0.00237731821835041
0.00156823091674596
0.00127855769824237
0.00192782515659928
0.00161817448679358
0.00154825334902853
0.00294667575508356
0.00233736331574619
0.00219752104021609
0.00189785903785378
0.00196778005920351
0.00181794911623001
0.00260705896653235
0.00207765609957278
0.00212759990245104
0.00402545882388949
0.00552376871928573
0.00556372338905931
0.00936943013221025
0.0109676271677017
0.0126856891438365
0.019008556380868
0.0141540328040719
0.00741163874045014
0.0129254190251231
0.00766135705634952
0.00263702520169318
0.00340615748427808
0.00301659689284861
0.00227743084542453
0.00160818581935018
0.00294667575508356
0.00325632654130459
0.00443499675020576
0.00329628144390881
0.00238730688579381
0.00324633787386119
0.00293668708764017
0.00247720535844564
0.00273691257461905
0.00224746461026371
0.00151828723028302
0.00418527843430638
0.00413533486425877
0.00210762233473361
0.00381569541059434
0.00312647293321788
0.00198775762692094
0.002666991436854
0.00262703653424978
0.00218753213994205
0.0038656392134726
0.00448494032025337
0.00292669842019677
0.00305655179545283
0.00730176270008087
0.00866023078560829
0.0113571882247925
0.0817477777600288
0.0966709479689598
0.0315643921494484
0.0142938746139407
0.0114271091297269
0.00467472663149238
0.00882005039602518
0.00641276594251394
0.00393556011840701
0.00410536862909794
0.00233736331574619
0.00318640540353954
0.0029566646553576
0.00291670975275338
0.00255711539648473
0.00157821958418936
0.0034561010543257
0.00208764499984682
0.00475463643670082
0.00340615748427808
0.00220750970765948
0.00243725045584142
0.00330627011135221
0.00269695743918419
0.00714194308966398
0.00960916001349688
0.00492444448173046
0.0040054814890027
0.00261704763397574
0.00250717159360647
0.00264701386913657
0.00228741951286793
0.00343612371943891
0.00473465863615274
0.00540390377864242
0.0035959433298558
0.00325632654130459
0.00406541395932436
0.00594329554587603
0.00764137972146273
0.0332325100898743
0.0394954457879066
0.011866613291204
0.0204968769103289
0.0173604153096676
0.00331625901162624
0.00440503051504493
0.00330627011135221
0.00578347546979785
0.00716192042455077
0.0042851660400629
0.00260705896653235
0.00220750970765948
0.00192782515659928
0.00186789280269295
0.00218753213994205
0.00216755480505526
0.00146834354382008
0.00197776895947754
0.00166811817325652
0.00122861401177943
0.00196778005920351
0.00288674351759255
0.00188787025399506
0.00265700253657997
0.00249718292616308
0.00112872663885355
0.00116868165787309
0.00155824213288724
0.00123860267922282
0.00144836609251797
0.00219752104021609
0.00160818581935018
0.00151828723028302
0.00156823091674596
0.00170807307586074
0.00204769009724259
0.00258708139881492
0.00325632654130459
0.00379571807570755
0.0136945508420467
0.0183992441743612
0.0121363084763288
0.00614306982606649
0.0058434079401195
0.00392557168379426
0.00492444448173046
0.00327630387619138
0.00257709273137152
0.00202771252952516
0.000859030929859728
0.00114870409015566
0.000988884479738772
0.000799098517745733
0.00125858013052493
0.001937813940458
0.00134847871959209
0.000799098517745733
0.00089898583246395
0.000759143615141511
0.000938940793275833
0.00123860267922282
0.00184791535139084
0.00123860267922282
0.00175801676232368
0.00234735198318958
0.00146834354382008
0.00112872663885355
0.00101885059848428
0.00125858013052493
0.00134847871959209
0.00123860267922282
0.000649267574772239
0.000689222477376461
0.000978895695880055
0.00135846750345081
0.000829064752906561
0.00188787025399506
0.00265700253657997
0.00410536862909794
0.0149731086567044
0.0174403246492147
0.010468190535903
0.00619301339611411
0.00332624767906964
0.00200773496180773
0.00264701386913657
0.00182793790008873
0.00130852381698787
0.00135846750345081
0.000988884479738772
0.0013384900521487
0.00135846750345081
0.00117867032531649
0.00129853514954448
0.00116868165787309
0.00104881683364511
0.00116868165787309
0.00122861401177943
0.00157821958418936
0.00172805052716285
0.00174802809488028
0.00143837730865926
0.000938940793275833
0.0010588055010885
0.00177799421362579
0.00202771252952516
0.00232737441547215
0.00222748704254627
0.00214757723733783
0.00274690124206245
0.00234735198318958
0.00169808440841734
0.00199774629436433
0.00257709273137152
0.00293668708764017
0.00162816327065229
0.00303657446056604
0.0034561010543257
0.00629290100187063
0.0193381849676371
0.0191184319555759
0.00823071505874395
0.00651265308260918
0.00455486169084907
0.00379571807570755
0.00378572917543352
0.00127855769824237
0.00224746461026371
0.00323634897358716
0.00280683347955346
0.00270694633945823
0.00249718292616308
0.00192782515659928
0.002117611002177
0.00275688990950584
0.00247720535844564
0.00200773496180773
0.00121862522792071
0.00127855769824237
0.00192782515659928
0.00188787025399506
0.00103882804978639
0.000958918244577944
0.00132850126828998
0.00135846750345081
0.00135846750345081
0.00180796044878662
0.00207765609957278
0.00153826468158513
0.00191783648915589
0.00230739708058536
0.00210762233473361
0.00168809562455863
0.00184791535139084
0.0023972955532372
0.00224746461026371
0.00402545882388949
0.00474464753642678
0.0084504671394825
0.0301360040903091
0.0332924425601959
0.0147833228111267
0.00646270951256156
0.00538392644375563
0.00314645050093532
0.00357596599496901
0.00200773496180773
0.00167810695711523
0.00190784770529717
0.00109876052010804
0.00154825334902853
0.00120863656047732
0.000699211203027517
0.00118865910917521
0.00177799421362579
0.00176800554618239
0.00109876052010804
0.000639278849121183
0.000998873147182167
0.00114870409015566
0.000819075969047844
0.00100886193104088
0.000689222477376461
0.000799098517745733
0.00100886193104088
0.00101885059848428
0.000958918244577944
0.00112872663885355
0.000908974558115005
0.000679233751725405
0.00110874918755144
0.00153826468158513
0.00112872663885355
0.000978895695880055
0.00118865910917521
0.00120863656047732
0.00255711539648473
0.00256710406392813
0.00384566164575517
0.0129653736948967
0.0125658242031932
0.0049344333820045
0.00241727312095463
0.00184791535139084
0.00159819703549147
0.00185790413524956
0.0013384900521487
0.000908974558115005
0.00112872663885355
0.000988884479738772
0.00089898583246395
0.000928952067624778
0.00100886193104088
0.000869019655510783
0.000639278849121183
0.000649267574772239
0.000809087243396789
0.000659256300423294
0.00052940275054425
0.000479459122288972
0.000459481641883031
0.000799098517745733
0.000839053478557616
0.000819075969047844
0.000849042204208672
0.000849042204208672
0.000629290065262467
0.000559368985705078
0.000639278849121183
0.000679233751725405
0.000539391534402966
0.000659256300423294
0.00111873797141016
0.00111873797141016
0.000849042204208672
0.000649267574772239
0.00154825334902853
0.00243725045584142
0.00448494032025337
0.017120685428381
0.0147633450105786
0.00562365585938096
0.00402545882388949
0.00264701386913657
0.00180796044878662
0.00234735198318958
0.00184791535139084
0.00150829844642431
0.000839053478557616
0.00157821958418936
0.00148832099512219
0.0010588055010885
0.000759143615141511
0.000978895695880055
0.000998873147182167
0.000869019655510783
0.000729177438188344
0.000519414024893194
0.000948929518926889
0.00159819703549147
0.00110874918755144
0.00089898583246395
0.00120863656047732
0.00156823091674596
0.00161817448679358
0.00171806185971946
0.00103882804978639
0.00153826468158513
0.00140841118991375
0.00111873797141016
0.00130852381698787
0.00143837730865926
0.00132850126828998
0.00161817448679358
0.00185790413524956
0.00201772386208177
0.00156823091674596
0.00268696877174079
0.00542388111352921
0.0111274467781186
0.0155524555593729
0.00919962208718061
0.00444498565047979
0.00254712649621069
0.00178798299748451
0.00201772386208177
0.00186789280269295
0.00204769009724259
0.00154825334902853
0.00107878306880593
0.00116868165787309
0.00128854636568576
0.000619301339611411
0.00148832099512219
0.00144836609251797
0.00187788158655167
0.00219752104021609
0.00212759990245104
0.00178798299748451
0.00231738574802876
0.00237731821835041
0.00210762233473361
0.00213758856989443
0.00164814072195441
0.00159819703549147
0.00162816327065229
0.00320638297125697
0.0022574532777071
0.0013384900521487
0.00278685614466667
0.00244723935611546
0.00189785903785378
0.00142838864121586
0.00204769009724259
0.00286676594987512
0.00304656312800944
0.00541389267891645
0.00599323911592364
0.00770131219178438
0.0232337899506092
0.0361991636455059
0.0192482862621546
0.00580345327034593
0.00284678861498833
0.00404543615877628
0.00461479416117072
0.00357596599496901
0.00311648426577449
0.00201772386208177
0.00213758856989443
0.00271693500690162
0.00221749837510288
0.00220750970765948
0.0023972955532372
0.00204769009724259
0.00152827589772642
0.00202771252952516
0.001937813940458
0.00233736331574619
0.00192782515659928
0.0014783323276788
0.00182793790008873
0.00221749837510288
0.00242726178839803
0.00158820836804807
0.00140841118991375
0.00224746461026371
0.00284678861498833
0.00254712649621069
0.00276687857694924
0.00243725045584142
0.00154825334902853
0.00188787025399506
0.00183792656753212
0.00328629277646542
0.00238730688579381
0.00422523356974125
0.0042851660400629
0.00825069192796946
0.0201572608202696
0.0196378473192453
0.00698212347924709
0.00529402773827314
0.00430514337494969
0.00322636030614376
0.00363589823246002
0.00255711539648473
0.00209763366729021
0.00172805052716285
0.00154825334902853
0.00222748704254627
0.00156823091674596
0.00230739708058536
0.0025271491613239
0.00194780272431672
0.00226744217798114
0.00167810695711523
0.00213758856989443
0.00185790413524956
0.001937813940458
0.00191783648915589
0.00110874918755144
0.00132850126828998
0.00166811817325652
0.00127855769824237
0.00206766743212938
0.00248719425871968
0.00188787025399506
0.00216755480505526
0.00250717159360647
0.00259707029908895
0.00162816327065229
0.00190784770529717
0.00189785903785378
0.00255711539648473
0.00200773496180773
0.00330627011135221
0.00625294586643577
0.00750153744593263
0.0217954125255346
0.0176201220601797
0.00555373495444655
0.00727179646492004
0.00412534596398473
0.00277686747722328
0.00353601109236479
0.00150829844642431
0.00150829844642431
0.00223747594282031
0.00215756613761187
0.00201772386208177
0.00142838864121586
0.00149830977898091
0.00160818581935018
0.00237731821835041
0.00229740818031132
0.00174802809488028
0.00162816327065229
0.00128854636568576
0.00152827589772642
0.00161817448679358
0.00168809562455863
0.00194780272431672
0.00128854636568576
0.00130852381698787
0.000938940793275833
0.00150829844642431
0.00214757723733783
0.00186789280269295
0.00118865910917521
0.00115869287401438
0.00118865910917521
0.000729177438188344
0.00111873797141016
0.00188787025399506
0.00174802809488028
0.00336620258167386
0.00480458000674844
0.0102284615859389
0.0272292830049992
0.0226244777441025
0.00701208971440792
0.00597326131537557
0.00494442228227854
0.00261704763397574
0.00288674351759255
0.00158820836804807
0.00183792656753212
0.00237731821835041
0.00263702520169318
0.00192782515659928
0.00100886193104088
0.00149830977898091
0.00157821958418936
0.00186789280269295
0.00212759990245104
0.00127855769824237
0.00129853514954448
0.00140841118991375
0.00152827589772642
0.000888997106812894
0.000549380260054022
0.00165812950581312
0.00227743084542453
0.00263702520169318
0.00218753213994205
0.00149830977898091
0.00123860267922282
0.00155824213288724
0.00223747594282031
0.00201772386208177
0.00107878306880593
0.00127855769824237
0.00135846750345081
0.00126856891438365
0.00163815193809569
0.00208764499984682
0.00329628144390881
0.00586338527500629
0.00910972338169813
0.0120563991367817
0.00646270951256156
0.00439504208043218
0.00236732931807637
0.00205767876468599
0.00217754347249866
0.0013384900521487
0.00215756613761187
0.00194780272431672
0.0017979716649279
0.00215756613761187
0.00142838864121586
0.000229740820941515
0.000699211203027517
0.00152827589772642
0.00155824213288724
0.000938940793275833
0.00101885059848428
0.00165812950581312
0.00197776895947754
0.00189785903785378
0.00183792656753212
0.0010588055010885
0.00149830977898091
0.00177799421362579
0.00194780272431672
0.00206766743212938
0.00155824213288724
0.00114870409015566
0.00177799421362579
0.00244723935611546
0.00124859146308154
0.00110874918755144
0.00144836609251797
0.001937813940458
0.00188787025399506
0.00326631520874798
0.00284678861498833
0.00655260775238276
0.0103483255952597
0.0099188107997179
0.00523409526795149
0.00346608995459974
0.00270694633945823
0.00641276594251394
0.00651265308260918
0.00231738574802876
0.00220750970765948
0.0025371378287673
0.00231738574802876
0.00255711539648473
0.00202771252952516
0.00128854636568576
0.00113871542271227
0.00140841118991375
0.00157821958418936
0.00176800554618239
0.00123860267922282
0.00143837730865926
0.00151828723028302
0.00155824213288724
0.00224746461026371
0.00170807307586074
0.00162816327065229
0.00154825334902853
0.00194780272431672
0.00162816327065229
0.000879008381161839
0.000958918244577944
0.00128854636568576
0.000998873147182167
0.000759143615141511
0.000799098517745733
0.00125858013052493
0.00146834354382008
0.00137844495475292
0.00195779139176011
0.00217754347249866
0.00332624767906964
0.00673240516334772
0.00509425299242139
0.0037357856053859
0.00383567297831178
0.00233736331574619
0.00154825334902853
0.00218753213994205
0.000689222477376461
0.000769132340792567
0.000629290065262467
0.000679233751725405
0.000839053478557616
0.00066924502607435
0.000679233751725405
0.000549380260054022
0.000559368985705078
0.000829064752906561
0.000839053478557616
0.000819075969047844
0.00052940275054425
0.000619301339611411
0.00102883938234299
0.000869019655510783
0.000519414024893194
0.000928952067624778
0.00101885059848428
0.000918963283766061
0.000769132340792567
0.00029966194415465
0.000789109792094678
0.000819075969047844
0.000649267574772239
0.000479459122288972
0.000629290065262467
0.000459481641883031
0.000649267574772239
0.000879008381161839
0.00114870409015566
0.000809087243396789
0.00103882804978639
0.00163815193809569
0.00171806185971946
0.000968906970229
0.00132850126828998
0.00101885059848428
0.00115869287401438
0.000928952067624778
0.000229740820941515
0.000659256300423294
0.0007391661638394
0.000459481641883031
0.000519414024893194
0.000639278849121183
0.000489447847940028
0.000449492916231975
0.000489447847940028
0.0003695830819197
0.000289673218503594
0.000419526739278808
0.000459481641883031
0.00029966194415465
0.000379571807570755
0.000439504190580919
0.000249718286795542
0.000289673218503594
0.000359594327164814
0.000559368985705078
0.0005993238883093
0.000439504190580919
0.000259707012446597
0.000479459122288972
0.000479459122288972
0.000309650669805706
0.000319639424560592
0.000379571807570755
0.000319639424560592
0.000279684492852539
0.000319639424560592
0.000569357711356133
0.00160818581935018
0.00249718292616308
0.00183792656753212
0.000799098517745733
0.000659256300423294
0.000629290065262467
0.000938940793275833
0.000839053478557616
0.000449492916231975
0.000409537984523922
0.000379571807570755
0.000249718286795542
0.000199774629436433
0.000289673218503594
0.000229740820941515
0.000129853506223299
0.00021975209529046
0.000209763369639404
0.000309650669805706
0.000159819712280296
0.000309650669805706
0.000359594327164814
0.000319639424560592
0.000319639424560592
0.000269695767201483
0.000189785903785378
0.000189785903785378
0.000269695767201483
0.000389560533221811
0.000399549258872867
0.000489447847940028
0.000449492916231975
0.000239729561144486
0.000179797163582407
0.000229740820941515
0.000199774629436433
0.000349605601513758
0.00021975209529046
0.00052940275054425
0.000579346437007189
0.00130852381698787
0.00216755480505526
0.00188787025399506
0.00106879428494722
0.000988884479738772
0.000499436573591083
0.000439504190580919
0.000499436573591083
0.00029966194415465
0.000339616875862703
0.000199774629436433
0.000189785903785378
0.000179797163582407
0.000229740820941515
0.000249718286795542
0.000209763369639404
0.000259707012446597
0.000139842246426269
0.000199774629436433
0.000269695767201483
0.000279684492852539
0.000309650669805706
0.0003695830819197
0.000309650669805706
0.00010987604764523
0.000229740820941515
0.00021975209529046
0.000189785903785378
0.000149830972077325
0.000179797163582407
0.000169808437931351
0.000209763369639404
0.000249718286795542
0.000229740820941515
0.000189785903785378
0.000169808437931351
0.000329628150211647
0.000429515464929864
0.000469470396637917
0.000429515464929864
0.00106879428494722
0.00148832099512219
0.00129853514954448
0.00101885059848428
0.000549380260054022
0.000329628150211647
0.00066924502607435
0.000649267574772239
0.0003695830819197
0.000349605601513758
0.00029966194415465
0.000359594327164814
0.000349605601513758
0.000209763369639404
0.000229740820941515
0.000409537984523922
0.000469470396637917
0.000339616875862703
0.000129853506223299
0.000179797163582407
0.000239729561144486
0.000179797163582407
0.000269695767201483
0.0003695830819197
0.000339616875862703
0.000339616875862703
0.0003695830819197
0.000279684492852539
0.000249718286795542
0.000279684492852539
0.000159819712280296
0.00021975209529046
0.000189785903785378
0.000179797163582407
0.000129853506223299
0.000139842246426269
0.00021975209529046
0.000409537984523922
0.000479459122288972
0.000729177438188344
0.00112872663885355
0.00139842240605503
0.00130852381698787
0.000519414024893194
0.000609312613960356
0.000319639424560592
0.000409537984523922
0.000399549258872867
0.000279684492852539
0.000229740820941515
0.00021975209529046
0.000209763369639404
0.00010987604764523
0.000129853506223299
0.000189785903785378
0.000239729561144486
0.000209763369639404
0.000179797163582407
0.000179797163582407
0.000259707012446597
0.000209763369639404
0.000119864780572243
0.000199774629436433
0.000199774629436433
0.000249718286795542
0.0003695830819197
0.00029966194415465
0.000249718286795542
0.000349605601513758
0.000229740820941515
0.00021975209529046
0.000189785903785378
0.000249718286795542
0.000199774629436433
0.000209763369639404
0.000259707012446597
0.00029966194415465
0.000229740820941515
0.000239729561144486
0.00052940275054425
0.0010588055010885
0.00139842240605503
0.00116868165787309
0.000689222477376461
0.000499436573591083
0.000379571807570755
0.000349605601513758
0.000229740820941515
0.000179797163582407
0.000179797163582407
0.000199774629436433
0.000189785903785378
0.00021975209529046
0.000169808437931351
0.000139842246426269
0.000229740820941515
0.00029966194415465
0.000209763369639404
0.000179797163582407
0.000129853506223299
0.000119864780572243
0.000119864780572243
0.000179797163582407
0.000189785903785378
0.000149830972077325
9.98873147182167E-5
8.98985817912035E-5
0.000119864780572243
0.00021975209529046
0.000199774629436433
9.98873147182167E-5
0.000119864780572243
0.000159819712280296
0.000119864780572243
0.000179797163582407
0.000189785903785378
0.000239729561144486
0.000209763369639404
0.000209763369639404
0.000259707012446597
0.000859030929859728
0.00152827589772642
0.00111873797141016
0.000429515464929864
0.0003695830819197
0.000189785903785378
0.000209763369639404
0.000199774629436433
0.00021975209529046
0.000179797163582407
0.000159819712280296
0.00021975209529046
0.000209763369639404
0.000209763369639404
0.000149830972077325
0.000139842246426269
0.000149830972077325
0.000169808437931351
0.000179797163582407
0.000179797163582407
0.000199774629436433
0.000179797163582407
0.000179797163582407
0.000189785903785378
0.000149830972077325
9.98873147182167E-5
9.98873147182167E-5
0.00010987604764523
0.000139842246426269
0.000139842246426269
0.00010987604764523
0.000129853506223299
0.000129853506223299
6.99211232131347E-5
8.98985817912035E-5
5.99323902861215E-5
0.000169808437931351
0.000129853506223299
0.000139842246426269
0.000209763369639404
0.000449492916231975
0.000879008381161839
0.000849042204208672
0.000319639424560592
0.000269695767201483
0.000139842246426269
0.000209763369639404
0.000249718286795542
0.000169808437931351
0.000129853506223299
9.98873147182167E-5
0.000129853506223299
0.000149830972077325
9.98873147182167E-5
0.000159819712280296
0.000189785903785378
0.000139842246426269
0.000189785903785378
0.000239729561144486
0.000189785903785378
0.000169808437931351
0.000229740820941515
0.000229740820941515
0.00021975209529046
0.000209763369639404
0.00029966194415465
0.000269695767201483
0.000139842246426269
0.00021975209529046
0.000199774629436433
0.000139842246426269
9.98873147182167E-5
0.000129853506223299
9.98873147182167E-5
0.000169808437931351
0.000149830972077325
0.000199774629436433
0.000279684492852539
0.000189785903785378
0.000199774629436433
0.000409537984523922
0.000639278849121183
0.000499436573591083
0.00021975209529046
0.000349605601513758
0.000309650669805706
0.000239729561144486
0.000229740820941515
0.00021975209529046
0.000229740820941515
0.000269695767201483
0.000319639424560592
0.000329628150211647
0.000329628150211647
0.000289673218503594
0.000229740820941515
0.000279684492852539
0.00029966194415465
0.000179797163582407
0.000119864780572243
0.000189785903785378
0.000179797163582407
0.000199774629436433
0.000249718286795542
0.000239729561144486
0.000139842246426269
0.000159819712280296
0.00021975209529046
0.00021975209529046
0.000189785903785378
0.000239729561144486
0.000279684492852539
0.000229740820941515
0.000169808437931351
0.000199774629436433
0.000189785903785378
0.000229740820941515
0.000269695767201483
0.000359594327164814
0.000249718286795542
0.000209763369639404
0.000509425299242139
0.000639278849121183
0.000399549258872867
0.000249718286795542
0.000209763369639404
0.0003695830819197
0.000309650669805706
0.000249718286795542
0.000189785903785378
0.000179797163582407
0.000169808437931351
0.000169808437931351
0.000209763369639404
0.00021975209529046
0.000229740820941515
0.000209763369639404
0.000199774629436433
0.000249718286795542
0.000229740820941515
0.000159819712280296
0.000169808437931351
0.00021975209529046
0.00021975209529046
0.000259707012446597
0.000259707012446597
0.000249718286795542
0.00021975209529046
0.000139842246426269
0.000129853506223299
0.000179797163582407
0.000169808437931351
0.000149830972077325
0.000149830972077325
0.000169808437931351
0.000149830972077325
0.000129853506223299
0.000179797163582407
0.000259707012446597
0.000189785903785378
0.0005993238883093
0.000918963283766061
0.00052940275054425
0.000389560533221811
0.000239729561144486
0.000179797163582407
0.000189785903785378
0.000199774629436433
0.000189785903785378
0.000199774629436433
0.000269695767201483
0.000319639424560592
0.000319639424560592
0.000279684492852539
0.000229740820941515
0.000309650669805706
0.000339616875862703
0.000279684492852539
0.000179797163582407
0.000209763369639404
0.000199774629436433
0.000119864780572243
0.000159819712280296
0.000159819712280296
0.000169808437931351
0.00010987604764523
0.000149830972077325
0.000259707012446597
0.000199774629436433
0.000159819712280296
0.000209763369639404
0.000229740820941515
0.000149830972077325
0.000159819712280296
0.00021975209529046
0.000279684492852539
0.000329628150211647
0.000209763369639404
0.000269695767201483
0.000189785903785378
0.000289673218503594
0.000319639424560592
0.000439504190580919
