% Type: Spectrum
% Date: 11-DEC-24 12:52:44
% NoOfItems: = 1601
% Unit_Y: = dB
% Unit_X: = Hz
% Min_X: = 0
% Max_X: = 1000
% MinDisplay_X: = 0
% MaxDisplay_X: = 1000
0
0
0
0
0.0184801239520311
0.0103081064298749
0.00716276234015822
0.00442895852029324
0.00511485897004604
0.00296896998770535
0.00331192021258175
0.00327272596769035
0.00166575866751373
0.00255742948502302
0.00223407638259232
0.0019793133251369
0.00143059273250401
0.000676102063152939
0.00109744106885046
0.00135220412630588
0.00171475159004331
0.00172455015126616
0.00515405321493745
0.0189210586249828
0.0170985236763954
0.00312574720010161
0.00173434882890433
0.00154817570000887
0.00138159992638975
0.000754490727558732
0.00221447926014662
0.00293957418762147
0.00229286798276007
0.00341970473527908
0.00409580674022436
0.00592814153060317
0.00645726453512907
0.0043015768751502
0.00620250171050429
0.335483819246292
0.642149984836578
0.307930201292038
0.0045661386102438
0.00463472865521908
0.00181273743510246
0.00252803391776979
0.00240065227262676
0.00159716862253845
0.00190092460252345
0.00183233455754817
0.00114643399138004
0.00147958565503359
0.0012836140813306
0.000656504882499576
0.00061731057940051
0.000950462301261723
0.000813282211311162
0.000715296366252005
0.000832879333756864
0.00121502403635532
0.00207729917019606
0.00600653002038598
0.00663363933563232
0.00678061787039042
0.00231246510520577
0.000666303501930088
0.000450734718469903
0.000636907760053873
0.000666303501930088
0.000480130460346118
0.000979858101345599
0.00107784382998943
0.000891670817509294
0.00055851909564808
0.00055851909564808
0.000862275075633079
0.00107784382998943
0.00311594875529408
0.00216548633761704
0.02549590729177
0.0584093406796455
0.0389983505010605
0.0050266720354557
0.00248883944004774
0.00113663531374186
0.000803483591880649
0.0013032112037763
0.001019052346237
0.00204790337011218
0.0019597162026912
0.00172455015126616
0.0023222635500133
0.00341970473527908
0.00189112604130059
0.00113663531374186
0.00124441972002387
0.000832879333756864
0.00055851909564808
0.0016951544675976
0.00207729917019606
0.00304735847748816
0.00616330746561289
0.00415459834039211
0.00145998853258789
0.00145998853258789
0.00127381552010775
0.00116603111382574
0.00143059273250401
0.00166575866751373
0.000891670817509294
0.000734893546905369
0.00114643399138004
0.00170495302882046
0.00193032040260732
0.00204790337011218
0.00186173035763204
0.0016069671837613
0.0055949897505343
0.0156091386452317
0.351024359464645
0.633928954601288
0.298670530319214
0.0263581816107035
0.0190092474222183
0.00747631723061204
0.00617310591042042
0.00445835432037711
0.00376265496015549
0.00333151733502746
0.00181273743510246
0.000911267998162657
0.00193032040260732
0.00256722816266119
0.00112683675251901
0.00272400537505746
0.00298856711015105
0.00106804526876658
0.00162656442262232
0.00352748902514577
0.00378225208260119
0.00301796291023493
0.00541861495003104
0.00347849610261619
0.00154817570000887
0.000656504882499576
0.00132280844263732
0.00156777293886989
0.00213609053753316
0.00266521400772035
0.00263581820763648
0.00276319985277951
0.00340990605764091
0.00312574720010161
0.00275340117514133
0.00450734701007605
0.00479150610044599
0.00549700390547514
0.0106118628755212
0.008260203525424
0.0865900591015816
0.14811535179615
0.0635339990258217
0.0247708112001419
0.0227523036301136
0.0052912337705493
0.00630048755556345
0.00565378088504076
0.00358628062531352
0.00336091313511133
0.00210669473744929
0.00116603111382574
0.00200870912522078
0.0025868252851069
0.00123462115880102
0.00175394595135003
0.00134240556508303
0.000999455223791301
0.00134240556508303
0.0019989104475826
0.00218508346006274
0.00124441972002387
0.00133260700386018
0.000881872256286442
0.0016755573451519
0.00149918289389461
0.00114643399138004
0.00113663531374186
0.000548720534425229
0.000578116276301444
0.000970059481915087
0.000940663740038872
0.00146978709381074
0.00187152891885489
0.00191072328016162
0.00152857857756317
0.00208709761500359
0.00264561688527465
0.00253783236257732
0.00330212176777422
0.0177452303469181
0.0278867613524199
0.0124148018658161
0.01519759837538
0.0150996129959822
0.00325312884524465
0.00278279697522521
0.0019793133251369
0.00244964519515634
0.00252803391776979
0.00236145802773535
0.00198911176994443
0.00198911176994443
0.00192052184138447
0.00267501245252788
0.00243984651751816
0.00394882820546627
0.00644746609032154
0.00538921914994717
0.00319433724507689
0.00349809322506189
0.00227327062748373
0.00476211030036211
0.00376265496015549
0.00256722816266119
0.00310615007765591
0.00257702660746872
0.00141099561005831
0.00102885102387518
0.000676102063152939
0.000509526173118502
0.000842677953187376
0.000950462301261723
0.00110723963007331
0.00163636298384517
0.00156777293886989
0.00132280844263732
0.00251823524013162
0.00190092460252345
0.0022830693051219
0.0448677018284798
0.0726466774940491
0.0307283494621515
0.012512787245214
0.0119934631511569
0.00364507199265063
0.00475231185555458
0.00270440825261176
0.00319433724507689
0.00417419523000717
0.0042623826302588
0.00286118546500802
0.00263581820763648
0.00495808199048042
0.00281219254247844
0.00153837713878602
0.00127381552010775
0.00194011896383017
0.00175394595135003
0.00202830624766648
0.00210669473744929
0.0019793133251369
0.00259662396274507
0.00151878001634032
0.00294937286525965
0.0039586266502738
0.00116603111382574
0.00110723963007331
0.00174414739012718
0.00156777293886989
0.000872073695063591
0.000764289288781583
0.00172455015126616
0.00203810469247401
0.00175394595135003
0.00147958565503359
0.00152857857756317
0.00269460957497358
0.00452694436535239
0.00266521400772035
0.0247512143105268
0.0369798429310322
0.0148742450401187
0.00801523867994547
0.00844637677073479
0.00193032040260732
0.00187152891885489
0.00163636298384517
0.000842677953187376
0.00127381552010775
0.00116603111382574
0.00055851909564808
0.000823080772534013
0.000999455223791301
0.000460533279692754
0.000450734718469903
0.00104844814632088
0.0013032112037763
0.00166575866751373
0.00192052184138447
0.00196951464749873
0.00138159992638975
0.00305715715512633
0.0019793133251369
0.00282199122011662
0.00409580674022436
0.00177354307379574
0.00110723963007331
0.00133260700386018
0.00145998853258789
0.00175394595135003
0.00193032040260732
0.00151878001634032
0.000950462301261723
0.00170495302882046
0.00190092460252345
0.00252803391776979
0.0032139343675226
0.00477190874516964
0.00674142362549901
0.020900372415781
0.0354512631893158
0.0336091332137585
0.0130223138257861
0.0022830693051219
0.00257702660746872
0.00435057003051043
0.0023222635500133
0.00192052184138447
0.00231246510520577
0.00110723963007331
0.00110723963007331
0.00134240556508303
0.00124441972002387
0.00131300976499915
0.00146978709381074
0.00176374451257288
0.00141099561005831
0.00119542679749429
0.00257702660746872
0.00296896998770535
0.00151878001634032
0.00263581820763648
0.00208709761500359
0.00249863811768591
0.00267501245252788
0.00149918289389461
0.00201850757002831
0.00172455015126616
0.00141099561005831
0.00177354307379574
0.00142079417128116
0.00194991752505302
0.00246924231760204
0.00369406491518021
0.00355688482522964
0.00318453880026937
0.00452694436535239
0.00557539239525795
0.00750571303069592
0.016255846247077
0.0258094612509012
0.0164126232266426
0.0163244362920523
0.0143157262355089
0.00357648194767535
0.00903429184108973
0.0059379399754107
0.00217528501525521
0.00259662396274507
0.00224387506023049
0.00168535590637475
0.00132280844263732
0.00118562823627144
0.00093086517881602
0.00127381552010775
0.000901469436939806
0.00151878001634032
0.00144039141014218
0.00273380405269563
0.00295917131006718
0.00191072328016162
0.00139139848761261
0.00125421828124672
0.00207729917019606
0.00274360249750316
0.00127381552010775
0.00114643399138004
0.00124441972002387
0.000774087850004435
0.000764289288781583
0.000950462301261723
0.00105824670754373
0.000656504882499576
0.00136200268752873
0.00165596010629088
0.00181273743510246
0.00201850757002831
0.00237125647254288
0.00639847340062261
0.0336287282407284
0.045886754989624
0.0170985236763954
0.00505606783553958
0.00655525038018823
0.00201850757002831
0.00282199122011662
0.00266521400772035
0.00175394595135003
0.00248883944004774
0.0019989104475826
0.00145998853258789
0.0016755573451519
0.00173434882890433
0.00124441972002387
0.00175394595135003
0.00157757150009274
0.000999455223791301
0.00093086517881602
0.000587914837524295
0.000979858101345599
0.00110723963007331
0.00207729917019606
0.0012836140813306
0.00264561688527465
0.00347849610261619
0.00172455015126616
0.00310615007765591
0.00276319985277951
0.00164616154506803
0.00210669473744929
0.00206750049255788
0.00114643399138004
0.00134240556508303
0.00204790337011218
0.00156777293886989
0.00141099561005831
0.00406641094014049
0.00716276234015822
0.00627109175547957
0.0273772347718477
0.0347359701991081
0.0129243275150657
0.0074959141202271
0.00743712252005935
0.00188132748007774
0.00213609053753316
0.00190092460252345
0.00244964519515634
0.00285138702020049
0.00174414739012718
0.00200870912522078
0.00251823524013162
0.00227327062748373
0.00210669473744929
0.00208709761500359
0.00150898145511746
0.0016951544675976
0.00118562823627144
0.00154817570000887
0.00204790337011218
0.00109744106885046
0.00189112604130059
0.00159716862253845
0.00131300976499915
0.00182253599632531
0.00177354307379574
0.00213609053753316
0.00151878001634032
0.00250843656249344
0.00336091313511133
0.00208709761500359
0.00192052184138447
0.00198911176994443
0.00253783236257732
0.00275340117514133
0.00256722816266119
0.00234186067245901
0.00322373304516077
0.00621230015531182
0.00996515620499849
0.010817633010447
0.0151192098855972
0.0195677652955055
0.0132182855159044
0.00674142362549901
0.0121600385755301
0.00736853247508407
0.00438976427540183
0.00403701514005661
0.00245944363996387
0.00317474012263119
0.00344910030253232
0.00259662396274507
0.00236145802773535
0.0019989104475826
0.00185193179640919
0.00139139848761261
0.00164616154506803
0.00239085359498858
0.00332171889021993
0.00284158834256232
0.00161676586139947
0.00211649341508746
0.00403701514005661
0.00451714592054486
0.00319433724507689
0.00516385212540627
0.00377245363779366
0.00313554587773979
0.00207729917019606
0.00257702660746872
0.0039586266502738
0.00464452710002661
0.00279259542003274
0.00328252441249788
0.00436036847531796
0.00556559395045042
0.00508546316996217
0.0147174680605531
0.0855906009674072
0.105893261730671
0.0437702611088753
0.0144921010360122
0.00825040508061647
0.00594773842021823
0.00676102051511407
0.00347849610261619
0.00366466911509633
0.00609471695497632
0.00434077112004161
0.00307675427757204
0.00375285651534796
0.00451714592054486
0.00362547487020493
0.00287098414264619
0.00236145802773535
0.00446815276518464
0.00675122207030654
0.00558519084006548
0.00463472865521908
0.00340990605764091
0.00349809322506189
0.00458573596552014
0.00748611567541957
0.00635927869006991
0.00470331870019436
0.00543821230530739
0.00334131601266563
0.00286118546500802
0.00241045095026493
0.00360587774775922
0.00323353172279894
0.00437996536493301
0.00311594875529408
0.00380184920504689
0.00301796291023493
0.00445835432037711
0.00734893558546901
0.00825040508061647
0.0302188228815794
0.034990731626749
0.0142275393009186
0.0193325988948345
0.0181175749748945
0.00517365057021379
0.00656504882499576
0.00371366203762591
0.00547740655019879
0.00632008444517851
0.00319433724507689
0.00110723963007331
0.00180293887387961
0.00177354307379574
0.00229286798276007
0.00245944363996387
0.00177354307379574
0.00145998853258789
0.000823080772534013
0.00164616154506803
0.00206750049255788
0.00267501245252788
0.00295917131006718
0.00188132748007774
0.00311594875529408
0.00418399414047599
0.00154817570000887
0.00203810469247401
0.00190092460252345
0.00144039141014218
0.00196951464749873
0.00205770204775035
0.0012836140813306
0.00111703819129616
0.000881872256286442
0.00238105515018106
0.00217528501525521
0.00133260700386018
0.00421338947489858
0.00509526208043098
0.0131007023155689
0.0143157262355089
0.00884811859577894
0.00876973010599613
0.00663363933563232
0.00237125647254288
0.00249863811768591
0.00154817570000887
0.00210669473744929
0.00225367350503802
0.00118562823627144
0.00106804526876658
0.00129341264255345
0.00106804526876658
0.00115623255260289
0.00100925378501415
0.000666303501930088
0.000813282211311162
0.000676102063152939
0.000813282211311162
0.00118562823627144
0.00117582967504859
0.0013032112037763
0.00108764250762761
0.00148938421625644
0.00182253599632531
0.0015873700613156
0.0015873700613156
0.00131300976499915
0.000950462301261723
0.000979858101345599
0.00119542679749429
0.000940663740038872
0.000999455223791301
0.00109744106885046
0.00100925378501415
0.00105824670754373
0.00170495302882046
0.00332171889021993
0.00380184920504689
0.00812302343547344
0.0108862230554223
0.0100533440709114
0.00876973010599613
0.00380184920504689
0.00299836578778923
0.00298856711015105
0.00177354307379574
0.00145018997136503
0.00132280844263732
0.000979858101345599
0.000774087850004435
0.000872073695063591
0.00111703819129616
0.00111703819129616
0.00102885102387518
0.000793685030657798
0.000597713398747146
0.00117582967504859
0.0016951544675976
0.00136200268752873
0.0016755573451519
0.00211649341508746
0.00139139848761261
0.00134240556508303
0.00175394595135003
0.00116603111382574
0.00166575866751373
0.00168535590637475
0.00161676586139947
0.00201850757002831
0.00153837713878602
0.00192052184138447
0.00159716862253845
0.00231246510520577
0.00243984651751816
0.00386064080521464
0.00415459834039211
0.00550680235028267
0.00755470572039485
0.0219390224665403
0.0228110961616039
0.0104354880750179
0.00448775012046099
0.00404681405052543
0.00387043948285282
0.00416439678519964
0.00219488213770092
0.0016951544675976
0.00245944363996387
0.00209689629264176
0.00165596010629088
0.00111703819129616
0.00170495302882046
0.00121502403635532
0.00145998853258789
0.00125421828124672
0.000950462301261723
0.00144039141014218
0.00168535590637475
0.00178334163501859
0.00145998853258789
0.00117582967504859
0.00162656442262232
0.00207729917019606
0.00208709761500359
0.00174414739012718
0.00171475159004331
0.000999455223791301
0.00111703819129616
0.00187152891885489
0.00159716862253845
0.00170495302882046
0.00202830624766648
0.00164616154506803
0.00204790337011218
0.00227327062748373
0.00356668327003717
0.00583995413035154
0.00895590241998434
0.0305519737303257
0.0333445705473423
0.0155013548210263
0.00856395997107029
0.00738812983036041
0.00328252441249788
0.00327272596769035
0.00124441972002387
0.00105824670754373
0.00132280844263732
0.00105824670754373
0.00129341264255345
0.000793685030657798
0.000901469436939806
0.000950462301261723
0.000793685030657798
0.000607512018177658
0.000754490727558732
0.00145998853258789
0.001019052346237
0.000813282211311162
0.000783886469434947
0.000960260920692235
0.0012836140813306
0.00137180124875158
0.00102885102387518
0.00112683675251901
0.00145998853258789
0.00100925378501415
0.00074469210812822
0.000881872256286442
0.00108764250762761
0.00100925378501415
0.000783886469434947
0.000960260920692235
0.00118562823627144
0.00123462115880102
0.0022634721826762
0.00329232309013605
0.00419379258528352
0.0115133319050074
0.0118856783956289
0.00574196828529239
0.0025868252851069
0.00178334163501859
0.00159716862253845
0.00121502403635532
0.000901469436939806
0.00074469210812822
0.000676102063152939
0.000568317656870931
0.000695699243806303
0.000725094985682517
0.000676102063152939
0.000587914837524295
0.000979858101345599
0.000793685030657798
0.000607512018177658
0.00068590062437579
0.000382144644390792
0.000284158828435466
0.000489929050672799
0.000636907760053873
0.000489929050672799
0.000470331870019436
0.00055851909564808
0.000509526173118502
0.00031355457031168
0.00037234605406411
0.000480130460346118
0.000891670817509294
0.000901469436939806
0.000597713398747146
0.000823080772534013
0.00108764250762761
0.00115623255260289
0.00129341264255345
0.00194011896383017
0.0036744677927345
0.00651605613529682
0.014697871170938
0.0145998848602176
0.0076134973205626
0.00536962226033211
0.00352748902514577
0.00233206222765148
0.0022634721826762
0.00142079417128116
0.0012836140813306
0.00110723963007331
0.00126401695888489
0.0013032112037763
0.00100925378501415
0.000862275075633079
0.001019052346237
0.00119542679749429
0.00121502403635532
0.00098965666256845
0.00117582967504859
0.00110723963007331
0.000970059481915087
0.00147958565503359
0.00124441972002387
0.000391943234717473
0.00138159992638975
0.0016755573451519
0.00129341264255345
0.0013032112037763
0.000911267998162657
0.000715296366252005
0.00098965666256845
0.000979858101345599
0.0016755573451519
0.00152857857756317
0.000587914837524295
0.00170495302882046
0.00145018997136503
0.00145018997136503
0.00311594875529408
0.00590854417532682
0.0154033685103059
0.0168731566518545
0.00824060663580894
0.00714316545054317
0.00408600829541683
0.00318453880026937
0.00305715715512633
0.00244964519515634
0.00202830624766648
0.00110723963007331
0.00111703819129616
0.00135220412630588
0.00114643399138004
0.00146978709381074
0.00129341264255345
0.00100925378501415
0.00170495302882046
0.00185193179640919
0.0019793133251369
0.0019597162026912
0.00194991752505302
0.00183233455754817
0.00219488213770092
0.00183233455754817
0.0016951544675976
0.0015873700613156
0.00233206222765148
0.00236145802773535
0.00187152891885489
0.00152857857756317
0.00166575866751373
0.00146978709381074
0.00198911176994443
0.0023026664275676
0.00287098414264619
0.00330212176777422
0.00294937286525965
0.00404681405052543
0.00860315375030041
0.0160794705152512
0.0333739668130875
0.040095791220665
0.0176668409258127
0.00640827184543014
0.00389003660529852
0.00374305783770978
0.00403701514005661
0.00293957418762147
0.00276319985277951
0.00222427770495415
0.00190092460252345
0.00177354307379574
0.00166575866751373
0.0025868252851069
0.00239085359498858
0.00209689629264176
0.00207729917019606
0.0022634721826762
0.00353728770278394
0.00345889898017049
0.00266521400772035
0.00256722816266119
0.00296896998770535
0.00275340117514133
0.00283178989775479
0.00342950318008661
0.00271420693024993
0.00297876843251288
0.00219488213770092
0.00168535590637475
0.00233206222765148
0.00254763104021549
0.00302776135504246
0.00345889898017049
0.00315514300018549
0.00344910030253232
0.00356668327003717
0.00738812983036041
0.0108274314552546
0.0119346715509892
0.0279945451766253
0.0256428848952055
0.0117876930162311
0.0119444699957967
0.00888731237500906
0.00569297559559345
0.00506586628034711
0.00374305783770978
0.00265541533008218
0.00227327062748373
0.00268481113016605
0.00225367350503802
0.00332171889021993
0.00339030893519521
0.00244964519515634
0.00210669473744929
0.00237125647254288
0.0016069671837613
0.00205770204775035
0.00298856711015105
0.00309635140001774
0.00270440825261176
0.00147958565503359
0.0016069671837613
0.00267501245252788
0.00333151733502746
0.00122482259757817
0.00119542679749429
0.00187152891885489
0.0016069671837613
0.00312574720010161
0.00348829478025436
0.00316494144499302
0.00224387506023049
0.00173434882890433
0.00212629209272563
0.00207729917019606
0.00685900636017323
0.00883832015097141
0.00666303467005491
0.0152661884203553
0.0142079424113035
0.00941643584519625
0.00894610397517681
0.00614371011033654
0.00434077112004161
0.00407620938494802
0.00306695583276451
0.0016755573451519
0.0019597162026912
0.00189112604130059
0.00235165935009718
0.00272400537505746
0.00203810469247401
0.00222427770495415
0.00191072328016162
0.00178334163501859
0.00150898145511746
0.000940663740038872
0.00182253599632531
0.00225367350503802
0.0016069671837613
0.00141099561005831
0.0012836140813306
0.00162656442262232
0.00182253599632531
0.00156777293886989
0.00162656442262232
0.00194011896383017
0.00109744106885046
0.00116603111382574
0.00147958565503359
0.00135220412630588
0.00123462115880102
0.00144039141014218
0.00201850757002831
0.00240065227262676
0.00381164788268507
0.00418399414047599
0.00587914837524295
0.0156679302453995
0.0126499673351645
0.00323353172279894
0.00403701514005661
0.00396842509508133
0.00217528501525521
0.00244964519515634
0.00203810469247401
0.00215568765997887
0.0023026664275676
0.00245944363996387
0.00185193179640919
0.00115623255260289
0.000764289288781583
0.001019052346237
0.00118562823627144
0.0016069671837613
0.00139139848761261
0.000921066559385508
0.00110723963007331
0.00161676586139947
0.00203810469247401
0.0019793133251369
0.00155797437764704
0.00194991752505302
0.00207729917019606
0.0012836140813306
0.00133260700386018
0.00103864958509803
0.00108764250762761
0.00156777293886989
0.000970059481915087
0.00152857857756317
0.00124441972002387
0.0016951544675976
0.00283178989775479
0.00298856711015105
0.00351769058033824
0.00442895852029324
0.0053304280154407
0.00936744268983603
0.00664343778043985
0.00391943240538239
0.00390963349491358
0.00203810469247401
0.00275340117514133
0.00297876843251288
0.00247904099524021
0.00246924231760204
0.00146978709381074
0.00198911176994443
0.00121502403635532
0.00107784382998943
0.000970059481915087
0.00121502403635532
0.00192052184138447
0.00175394595135003
0.00171475159004331
0.00235165935009718
0.00236145802773535
0.00125421828124672
0.00161676586139947
0.00182253599632531
0.00150898145511746
0.00186173035763204
0.00220468058250844
0.00227327062748373
0.00269460957497358
0.00166575866751373
0.00125421828124672
0.0016755573451519
0.0019597162026912
0.00135220412630588
0.00129341264255345
0.00172455015126616
0.0022830693051219
0.00299836578778923
0.00313554587773979
0.00558519084006548
0.00767228845506907
0.0126695651561022
0.0104942796751857
0.00683940947055817
0.00972019229084253
0.00545780966058373
0.00185193179640919
0.00303756003268063
0.00212629209272563
0.00254763104021549
0.00209689629264176
0.0013032112037763
0.00178334163501859
0.00187152891885489
0.00137180124875158
0.000940663740038872
0.00113663531374186
0.00156777293886989
0.00148938421625644
0.00151878001634032
0.00192052184138447
0.0015873700613156
0.00147958565503359
0.00132280844263732
0.00119542679749429
0.00134240556508303
0.00181273743510246
0.00146978709381074
0.00196951464749873
0.00116603111382574
0.000793685030657798
0.000656504882499576
0.00102885102387518
0.0012836140813306
0.00163636298384517
0.00154817570000887
0.00164616154506803
0.00132280844263732
0.00265541533008218
0.00317474012263119
0.00362547487020493
0.00735873403027654
0.00595753686502576
0.00351769058033824
0.0036548706702888
0.00111703819129616
0.00227327062748373
0.00274360249750316
0.00155797437764704
0.00074469210812822
0.000715296366252005
0.000764289288781583
0.000519324792549014
0.000921066559385508
0.000852476514410228
0.000774087850004435
0.000754490727558732
0.000587914837524295
0.000705497805029154
0.000793685030657798
0.000774087850004435
0.000499727611895651
0.000333151750965044
0.00068590062437579
0.000793685030657798
0.00110723963007331
0.00127381552010775
0.000793685030657798
0.000411540386267006
0.000323353160638362
0.000529123353771865
0.000538921914994717
0.000480130460346118
0.000401741795940325
0.000627109140623361
0.000793685030657798
0.000891670817509294
0.00110723963007331
0.00112683675251901
0.000774087850004435
0.00150898145511746
0.00252803391776979
0.00192052184138447
0.00105824670754373
0.00134240556508303
0.000823080772534013
0.00109744106885046
0.0012836140813306
0.000607512018177658
0.000842677953187376
0.000734893546905369
0.000333151750965044
0.000578116276301444
0.000597713398747146
0.000431137537816539
0.000323353160638362
0.000342950312187895
0.000607512018177658
0.000568317656870931
0.000499727611895651
0.000597713398747146
0.000303756009088829
0.000440936128143221
0.000401741795940325
0.000284158828435466
0.000411540386267006
0.000303756009088829
0.000264561676885933
0.000352748902514577
0.000254763086559251
0.000303756009088829
0.000254763086559251
0.000293957418762147
0.000352748902514577
0.000401741795940325
0.000362547492841259
0.000450734718469903
0.000421338976593688
0.00055851909564808
0.000950462301261723
0.00116603111382574
0.00316494144499302
0.00259662396274507
0.00123462115880102
0.00124441972002387
0.000823080772534013
0.00037234605406411
0.000529123353771865
0.000548720534425229
0.000460533279692754
0.000431137537816539
0.000323353160638362
0.000431137537816539
0.000323353160638362
0.0002449645253364
0.0002449645253364
0.000362547492841259
0.000352748902514577
0.000205770193133503
0.0002449645253364
0.000352748902514577
0.000284158828435466
0.000264561676885933
0.000323353160638362
0.000264561676885933
0.000323353160638362
0.000342950312187895
0.000284158828435466
0.00037234605406411
0.000264561676885933
0.00037234605406411
0.000499727611895651
0.000284158828435466
0.000195971617358737
0.000323353160638362
0.000293957418762147
0.000382144644390792
0.000431137537816539
0.000323353160638362
0.000666303501930088
0.00118562823627144
0.00256722816266119
0.00194991752505302
0.00106804526876658
0.00108764250762761
0.000411540386267006
0.000607512018177658
0.000646706321276724
0.000264561676885933
0.000274360267212614
0.000205770193133503
0.000146978709381074
0.0002449645253364
0.000235165935009718
0.000293957418762147
0.000342950312187895
0.000254763086559251
0.000284158828435466
0.000352748902514577
0.000225367359234951
0.000342950312187895
0.000274360267212614
0.00015677728515584
0.000303756009088829
0.00021556876890827
0.000205770193133503
0.000235165935009718
0.000235165935009718
0.000274360267212614
0.000362547492841259
0.000303756009088829
0.00021556876890827
0.000235165935009718
0.000107784384454135
0.000284158828435466
0.000362547492841259
0.000284158828435466
0.000323353160638362
0.000568317656870931
0.000548720534425229
0.000872073695063591
0.00119542679749429
0.00116603111382574
0.00104844814632088
0.000921066559385508
0.000587914837524295
0.000431137537816539
0.000401741795940325
0.00037234605406411
0.000421338976593688
0.000303756009088829
0.000362547492841259
0.0002449645253364
0.000186173027032055
0.00021556876890827
0.00021556876890827
0.000362547492841259
0.000421338976593688
0.000284158828435466
0.00015677728515584
0.000333151750965044
0.000254763086559251
0.0002449645253364
0.000362547492841259
0.000235165935009718
0.000431137537816539
0.000460533279692754
0.0002449645253364
0.00037234605406411
0.000342950312187895
0.000284158828435466
0.000323353160638362
0.000303756009088829
0.000382144644390792
0.000264561676885933
0.000274360267212614
0.000391943234717473
0.000548720534425229
0.000293957418762147
0.000666303501930088
0.001019052346237
0.00156777293886989
0.00150898145511746
0.000979858101345599
0.000646706321276724
0.000587914837524295
0.000391943234717473
0.000303756009088829
0.000323353160638362
0.00021556876890827
0.000225367359234951
0.000205770193133503
0.000342950312187895
0.000274360267212614
0.000235165935009718
0.00015677728515584
0.000235165935009718
0.000225367359234951
0.000303756009088829
0.000323353160638362
0.000284158828435466
0.000333151750965044
0.000382144644390792
0.000421338976593688
0.000254763086559251
0.00021556876890827
0.000186173027032055
0.000254763086559251
0.000166575875482522
0.000195971617358737
0.000254763086559251
0.00021556876890827
0.00021556876890827
0.00021556876890827
0.000352748902514577
0.000342950312187895
0.000264561676885933
0.000342950312187895
0.000333151750965044
0.000401741795940325
0.000636907760053873
0.000754490727558732
0.000695699243806303
0.00068590062437579
0.000627109140623361
0.000470331870019436
0.000450734718469903
0.000352748902514577
0.00031355457031168
0.000264561676885933
0.00021556876890827
0.000235165935009718
0.000205770193133503
0.000176374451257288
0.000117582967504859
0.000107784384454135
0.000137180133606307
0.000195971617358737
0.00021556876890827
0.000225367359234951
0.000274360267212614
0.000127381543279625
0.000127381543279625
0.000235165935009718
0.000176374451257288
0.000176374451257288
0.000274360267212614
0.000137180133606307
0.000186173027032055
0.00021556876890827
0.000166575875482522
0.000205770193133503
0.000166575875482522
0.000176374451257288
0.000176374451257288
0.000284158828435466
0.000284158828435466
0.000195971617358737
0.000352748902514577
0.000274360267212614
0.000254763086559251
0.000538921914994717
0.000480130460346118
0.000676102063152939
0.000480130460346118
0.000323353160638362
0.000274360267212614
0.0002449645253364
0.000195971617358737
0.000195971617358737
0.000225367359234951
0.0002449645253364
0.000146978709381074
0.000107784384454135
0.000127381543279625
0.000146978709381074
0.00015677728515584
0.000176374451257288
0.000127381543279625
0.00015677728515584
0.000176374451257288
0.000137180133606307
0.000117582967504859
0.000127381543279625
0.00015677728515584
0.000225367359234951
0.000205770193133503
0.000195971617358737
0.000166575875482522
0.000117582967504859
0.000146978709381074
0.000146978709381074
0.000146978709381074
0.000137180133606307
0.000146978709381074
0.000235165935009718
0.000166575875482522
0.000235165935009718
0.000264561676885933
0.000225367359234951
0.000235165935009718
0.000480130460346118
0.000274360267212614
0.000274360267212614
0.000274360267212614
0.000235165935009718
0.000264561676885933
0.0002449645253364
0.000205770193133503
0.000146978709381074
0.000146978709381074
0.000146978709381074
0.00015677728515584
0.000293957418762147
0.000274360267212614
0.000195971617358737
0.000195971617358737
0.000225367359234951
0.000176374451257288
0.000146978709381074
0.000176374451257288
0.000186173027032055
0.000195971617358737
0.000195971617358737
0.000107784384454135
0.00015677728515584
0.000176374451257288
0.000146978709381074
0.000205770193133503
0.000205770193133503
0.000176374451257288
0.00015677728515584
0.000146978709381074
0.000127381543279625
0.000176374451257288
0.000264561676885933
0.000274360267212614
0.000205770193133503
0.000225367359234951
0.00021556876890827
0.0002449645253364
0.000391943234717473
0.000362547492841259
0.000274360267212614
0.000303756009088829
0.000293957418762147
0.000254763086559251
0.000274360267212614
0.000225367359234951
0.000342950312187895
0.0002449645253364
0.0002449645253364
0.000235165935009718
0.000225367359234951
0.000235165935009718
0.000205770193133503
0.00021556876890827
0.000225367359234951
0.000166575875482522
0.00021556876890827
0.000303756009088829
0.000254763086559251
0.000117582967504859
0.000176374451257288
0.00021556876890827
0.00021556876890827
0.000137180133606307
0.000176374451257288
0.000146978709381074
0.00015677728515584
0.000225367359234951
0.000205770193133503
0.000176374451257288
0.000166575875482522
0.00015677728515584
0.000195971617358737
0.000264561676885933
0.000235165935009718
0.000342950312187895
0.000284158828435466
0.000391943234717473
0.000509526173118502
0.000382144644390792
0.000254763086559251
0.0002449645253364
0.000254763086559251
0.00031355457031168
0.0002449645253364
0.000137180133606307
0.000225367359234951
0.000176374451257288
0.000235165935009718
0.000264561676885933
0.000235165935009718
0.000254763086559251
0.000166575875482522
0.000235165935009718
0.000205770193133503
0.000146978709381074
0.00015677728515584
0.000205770193133503
0.000274360267212614
0.00021556876890827
0.000254763086559251
0.000176374451257288
0.00021556876890827
0.000235165935009718
0.000137180133606307
0.000186173027032055
0.000176374451257288
0.000195971617358737
0.00021556876890827
0.000225367359234951
0.000205770193133503
0.000127381543279625
0.0002449645253364
0.000254763086559251
0.00021556876890827
0.000176374451257288
0.000333151750965044
0.000480130460346118
0.000656504882499576
0.000489929050672799
0.000421338976593688
0.000352748902514577
0.000284158828435466
0.00021556876890827
0.000127381543279625
0.000274360267212614
0.000274360267212614
0.000186173027032055
0.00021556876890827
0.000176374451257288
0.000176374451257288
0.000176374451257288
0.000176374451257288
0.000225367359234951
0.000264561676885933
0.000195971617358737
0.000205770193133503
0.00021556876890827
0.000225367359234951
0.000264561676885933
0.0002449645253364
0.000235165935009718
0.000137180133606307
0.000127381543279625
0.000186173027032055
0.000176374451257288
0.000166575875482522
0.000186173027032055
0.000225367359234951
0.0002449645253364
0.00021556876890827
0.0002449645253364
0.000284158828435466
0.000352748902514577
0.000146978709381074
0.000362547492841259
0.000440936128143221
0.000489929050672799
0.000705497805029154
0.000470331870019436
