% Type: Timesignal
% Date: 10-DEC-24 16:38:21
% NoOfItems: = 4096
% Unit_Y: = mm/s
% Unit_X: = Sec
% Min_X: = 0
% Max_X: = 1.60000002384186
% MinDisplay_X: = 0
% MaxDisplay_X: = 1.60000002384186
-0.0253383293747902
-0.813049376010895
-1.00961971282959
-1.32648098468781
-1.52284705638886
-1.27869141101837
-1.25438821315765
-1.44728243350983
-0.841743588447571
0.466036528348923
0.807200968265533
-0.108765855431557
-0.897804379463196
-0.787725031375885
-0.261529117822647
-0.115403294563293
-0.377837508916855
-0.750351130962372
-1.2484655380249
-1.61720085144043
-1.16207671165466
-0.360069572925568
-0.541322767734528
-1.63108849525452
-2.34139680862427
-2.16708731651306
-1.8358279466629
-1.59361243247986
-1.40265834331512
-1.43002510070801
-1.67030036449432
-2.09274792671204
-2.64518737792969
-2.67561745643616
-1.61944735050201
-0.236102610826492
0.228211909532547
-0.461162924766541
-1.24856758117676
-1.11459338665009
-0.667740523815155
-0.836842060089111
-1.10785388946533
-0.345875680446625
1.06309986114502
1.55161547660828
1.07647681236267
0.739805459976196
0.787492871284485
0.907273173332214
0.931372165679932
1.08280801773071
1.50004768371582
1.72000229358673
1.60624670982361
1.5545768737793
1.6983540058136
1.75615084171295
1.52414667606354
1.51944947242737
1.99673247337341
2.15266132354736
1.68916368484497
1.3977290391922
1.56958770751953
1.63820862770081
1.37557017803192
1.24037063121796
1.57152783870697
1.76820027828217
1.2998012304306
0.737865269184113
0.758798718452454
1.21045100688934
1.4632865190506
1.25742375850677
0.715195834636688
0.208095356822014
0.0918890908360481
0.173172205686569
0.389961242675781
0.831504225730896
0.912991583347321
0.322565674781799
-0.323818951845169
-0.417662143707275
-0.257342427968979
-0.0960015431046486
0.222901955246925
0.272529602050781
-0.25407475233078
-0.812640964984894
-1.36375272274017
-2.09295225143433
-1.79048919677734
0.123646691441536
1.60869753360748
0.796887457370758
-1.19822514057159
-1.92977333068848
-1.17239022254944
-0.462592512369156
-0.38692569732666
-0.42746514081955
-0.412250071763992
-0.677441358566284
-1.15084409713745
-1.38264393806458
-1.44044077396393
-1.45667695999146
-1.23396527767181
-0.452074736356735
0.555590927600861
0.740418136119843
-0.115403294563293
-0.890554308891296
-0.768527507781982
-0.37395715713501
-0.330354273319244
-0.259588927030563
-0.41725367307663
-1.241828083992
-1.7244211435318
-1.07926177978516
-0.489652842283249
-1.0276939868927
-1.98808062076569
-2.30402278900146
-1.85829317569733
-1.35997450351715
-1.58534121513367
-2.01891922950745
-1.76302039623261
-1.68061399459839
-2.48650145530701
-2.91007232666016
-2.10898423194885
-0.980619251728058
-0.372425436973572
-0.357925176620483
-0.811721920967102
-1.07762801647186
-0.734625458717346
-0.553474366664886
-0.866046786308289
-0.604327380657196
0.652701795101166
1.70815706253052
1.7962818145752
1.34769296646118
0.873371183872223
0.780753314495087
0.906456232070923
0.84651505947113
1.12110090255737
1.87521624565125
2.20198249816895
1.9000301361084
1.70815706253052
1.84774744510651
1.84948348999023
1.78627455234528
2.01327514648438
2.23282122612
2.08935046195984
1.57193624973297
1.10874497890472
1.23046553134918
1.57111942768097
1.57602083683014
1.65597653388977
1.98560202121735
1.72755873203278
0.832831740379334
0.381587862968445
0.833138048648834
1.55570006370544
1.79270780086517
1.20606017112732
0.250370740890503
-0.19015109539032
-0.0962057784199715
0.011831340380013
0.54762601852417
1.29530823230743
0.958228290081024
-0.0807864889502525
-0.512832820415497
-0.29635015130043
-0.0510711781680584
0.0813712999224663
0.117621935904026
-0.242637932300568
-0.674786388874054
-0.727681696414947
-1.00584149360657
-1.27889561653137
-0.334540963172913
1.08719885349274
1.02266252040863
-0.565319657325745
-1.79089760780334
-1.62159180641174
-0.769140183925629
-0.257444530725479
-0.314322292804718
-0.328516215085983
-0.199954077601433
-0.705216526985169
-1.41981363296509
-1.42614471912384
-1.46699047088623
-1.88668096065521
-1.34966099262238
0.417225807905197
1.49820959568024
0.654029250144958
-0.741365015506744
-1.23498642444611
-1.15788996219635
-0.772714197635651
-0.0396343544125557
0.141108259558678
-0.649257779121399
-1.53019940853119
-1.48149073123932
-0.669987022876739
-0.519674479961395
-1.62853562831879
-2.4883394241333
-1.80866551399231
-1.00788378715515
-1.43584561347961
-1.9987006187439
-1.89842414855957
-1.77302753925323
-2.12562894821167
-2.51315331459045
-2.27328634262085
-1.4175671339035
-0.588499665260315
-0.295941680669785
-0.579615712165833
-0.937526941299438
-0.755252599716186
-0.253666281700134
-0.27051517367363
-0.779453754425049
-0.633021593093872
0.586021065711975
1.57959485054016
1.40651082992554
0.886339724063873
0.883582592010498
1.00918340682983
0.867550671100616
0.845698118209839
1.25231802463531
1.76840460300446
1.8608181476593
1.6072678565979
1.6985582113266
2.02318024635315
1.8608181476593
1.52976298332214
1.83620858192444
2.32748126983643
2.09639620780945
1.56274604797363
1.50219213962555
1.66445195674896
1.61798989772797
1.52567839622498
1.73399198055267
1.87123382091522
1.42213439941406
0.828645050525665
0.855092704296112
1.42989504337311
1.73960828781128
1.25047993659973
0.22678230702877
-0.446458429098129
-0.274089187383652
0.263747751712799
0.854377865791321
1.40089452266693
1.21688425540924
0.1446822732687
-0.819788932800293
-0.794566690921783
-0.237430095672607
0.131917968392372
0.234747245907784
-0.0506627187132835
-0.455444514751434
-0.595443427562714
-0.78752076625824
-1.22579610347748
-1.06782495975494
0.202581182122231
1.19850361347198
0.54252028465271
-0.832349002361298
-1.27491319179535
-0.779555857181549
-0.364358395338058
-0.389784902334213
-0.433183550834656
-0.38447493314743
-0.627201020717621
-0.985520720481873
-0.926804900169373
-0.869110226631165
-1.5354071855545
-2.14676666259766
-1.29033243656158
0.612264454364777
1.5153648853302
0.965069949626923
0.105470314621925
-0.747798264026642
-1.35874915122986
-1.03698647022247
-0.4111268222332
-0.643130898475647
-1.44074702262878
-1.50824475288391
-0.682036519050598
-0.309727132320404
-1.14134740829468
-2.24244785308838
-2.30361437797546
-1.66233551502228
-1.48434996604919
-1.6986882686615
-1.74096357822418
-1.75525963306427
-2.04066967964172
-2.27737092971802
-2.26899766921997
-1.87667381763458
-0.79528146982193
0.247000977396965
-0.0192114599049091
-1.23406732082367
-1.58932363986969
-0.62423974275589
0.0996497869491577
-0.222929835319519
-0.432366639375687
0.52985805273056
1.65597653388977
1.53670680522919
0.815063834190369
0.770848214626312
1.03665220737457
0.847638309001923
0.69548773765564
1.23536694049835
1.92647778987885
1.92106568813324
1.49657583236694
1.5014773607254
1.88338541984558
1.94291818141937
1.71030139923096
1.88593828678131
2.25355052947998
2.01960611343384
1.51791775226593
1.49514615535736
1.74420344829559
1.63677895069122
1.23751139640808
1.31910085678101
1.72112560272217
1.47911429405212
0.878681123256683
0.783510446548462
1.24823343753815
1.52823126316071
1.16909468173981
0.497385680675507
-0.19964773952961
-0.452278941869736
0.0385853312909603
0.578873038291931
0.996214866638184
1.19064080715179
0.567946791648865
-0.411739498376846
-0.697864294052124
-0.292980372905731
0.0120355691760778
0.0122397979721427
-0.0198241472244263
-0.432979315519333
-0.976841032505035
-0.862064361572266
-0.781393885612488
-0.887592971324921
0.0450185462832451
1.00918340682983
0.470223218202591
-0.880342841148376
-1.66601157188416
-1.12511122226715
-0.0193135756999254
0.301734328269959
-0.255300134420395
-0.901276290416718
-1.15319275856018
-1.37641489505768
-1.37039017677307
-0.786703884601593
-0.666106641292572
-1.40276050567627
-1.68674087524414
-0.624852418899536
0.761351585388184
1.04053258895874
0.440405786037445
-0.209654957056046
-0.753108203411102
-0.97653466463089
-0.562052011489868
-0.259691059589386
-0.911998331546783
-1.5683901309967
-1.02524328231812
-0.0996776670217514
-0.392541974782944
-1.83409202098846
-2.6946108341217
-2.05312752723694
-1.1378755569458
-1.2619446516037
-1.92885422706604
-1.9667387008667
-1.70604050159454
-2.10438895225525
-2.41165161132813
-1.86891305446625
-1.11265325546265
-0.559805512428284
-0.302987575531006
-0.661103069782257
-1.32433652877808
-1.42063057422638
-0.753822982311249
-0.133171215653419
-0.0731279030442238
0.0458354614675045
0.675779640674591
1.20166921615601
1.03695857524872
0.630032360553741
0.816391289234161
1.28438198566437
1.23383522033691
1.07035005092621
1.49198067188263
2.04482841491699
2.05218076705933
1.72265720367432
1.67088520526886
1.82293367385864
1.76840460300446
1.68283259868622
1.82691609859467
1.97814762592316
1.77871811389923
1.45317721366882
1.59327816963196
1.92994964122772
1.77585887908936
1.41815185546875
1.45052218437195
1.50198793411255
1.13131237030029
0.735925078392029
0.873779654502869
1.34330201148987
1.41273987293243
0.855909585952759
-0.00848944019526243
-0.480666786432266
-0.220274865627289
0.173376441001892
0.594598650932312
1.24700808525085
1.1701158285141
0.140699803829193
-0.680811166763306
-0.643947839736938
-0.170136660337448
0.200334668159485
0.20595096051693
-0.309625029563904
-0.830000400543213
-0.867986977100372
-0.890247941017151
-1.05843043327332
-0.722984433174133
0.193288758397102
0.585306227207184
-0.217109307646751
-1.15554130077362
-0.903012275695801
0.0309267472475767
0.250472873449326
-0.520593523979187
-1.42206013202667
-1.65334939956665
-1.33546710014343
-0.91281521320343
-0.469638407230377
-0.531928241252899
-1.60280275344849
-2.33281922340393
-1.16483378410339
0.545583724975586
1.00795805454254
0.753897249698639
0.366270691156387
-0.447683811187744
-1.12051606178284
-0.880649149417877
-0.439106196165085
-0.792218029499054
-1.50150513648987
-1.32505142688751
-0.463715761899948
-0.469127833843231
-1.55419623851776
-2.5062096118927
-2.25500798225403
-1.55817866325378
-1.48853659629822
-1.51886463165283
-1.49752271175385
-1.81683468818665
-2.14278411865234
-2.2595009803772
-2.19915127754211
-1.62016224861145
-0.520082950592041
0.114354275166988
-0.401017487049103
-1.30146288871765
-1.42706370353699
-0.700519263744354
-0.0414724163711071
-0.09957554936409
-0.112850435078144
0.734597623348236
1.43990230560303
1.15918958187103
0.75675642490387
0.866121053695679
1.04686367511749
0.947199940681458
0.944851279258728
1.35361552238464
1.82528233528137
1.99029934406281
1.91892123222351
1.9643622636795
2.12948131561279
1.96160519123077
1.67425501346588
1.90452313423157
2.18686962127686
1.80802500247955
1.39844381809235
1.63371551036835
1.90176606178284
1.70754432678223
1.47145569324493
1.52475941181183
1.57979905605316
1.21790540218353
0.73408704996109
0.724284052848816
1.17542576789856
1.47278308868408
1.33227360248566
0.770950376987457
-0.0332011431455612
-0.330966949462891
0.126914352178574
0.653008103370666
1.01765894889832
1.06381464004517
0.544358313083649
-0.133988127112389
-0.489040166139603
-0.451462030410767
-0.194235667586327
0.100875161588192
0.0795332342386246
-0.372527539730072
-0.617704391479492
-0.654057145118713
-0.854916334152222
-0.618827641010284
0.291522890329361
0.681702315807343
-0.313096910715103
-1.67091310024261
-1.54949903488159
0.135594084858894
1.23046553134918
0.430602818727493
-1.15829849243164
-1.99941539764404
-1.68398380279541
-0.97142893075943
-0.538463592529297
-0.481790035963058
-0.94620668888092
-1.44666969776154
-1.16514015197754
-0.277458965778351
0.32174876332283
0.220961779356003
0.0678921863436699
0.200232550501823
-0.0949804037809372
-0.639046311378479
-0.668046832084656
-0.729213416576386
-1.28900492191315
-1.43533504009247
-0.573590934276581
0.10669568926096
-0.713794112205505
-2.27277588844299
-2.87147307395935
-2.13318538665771
-1.26827573776245
-1.16769301891327
-1.4447295665741
-1.65702557563782
-1.92589294910431
-2.3057587146759
-2.37284803390503
-1.78027772903442
-0.870641946792602
-0.22384886443615
-0.153491988778114
-0.686631679534912
-1.2818568944931
-1.24662744998932
-0.622095346450806
-0.208429589867592
-0.275212436914444
0.108635865151882
1.09434688091278
1.56979191303253
1.21810960769653
0.812102496623993
0.898287117481232
1.15224575996399
1.16092550754547
1.28203332424164
1.79086971282959
2.26978659629822
2.23588466644287
1.84805381298065
1.73991465568542
1.9126923084259
1.84008896350861
1.74491822719574
2.09159684181213
2.30266737937927
1.95741844177246
1.64331436157227
1.69447362422943
1.77779912948608
1.60849332809448
1.39017248153687
1.47788882255554
1.49841392040253
1.13478422164917
0.83364862203598
1.01183843612671
1.38169705867767
1.43152892589569
1.03736698627472
0.191042244434357
-0.417049467563629
0.00478544132784009
0.60133820772171
0.837426900863647
1.28397345542908
1.23802196979523
0.152340859174728
-0.796608984470367
-0.63720828294754
-0.0728215575218201
0.00304949516430497
-0.0538282692432404
-0.178510040044785
-0.725230932235718
-1.02217984199524
-0.888614118099213
-0.844092190265656
-0.19801390171051
1.00448620319366
0.942911148071289
-0.696638882160187
-1.91067790985107
-1.28206121921539
0.344213962554932
1.02266252040863
-0.0311588533222675
-1.64160621166229
-2.16902756690979
-1.60413026809692
-0.983070015907288
-0.503642559051514
-0.376918464899063
-1.06200444698334
-1.51324832439423
-0.665596067905426
0.415898323059082
0.355446547269821
-0.239778727293015
-0.255198001861572
-0.136132538318634
-0.355270206928253
-0.509667277336121
-0.714815258979797
-1.12266051769257
-1.48914933204651
-1.287881731987
-0.346692591905594
-0.0973290354013443
-1.5034453868866
-2.84237027168274
-2.29881501197815
-1.26276159286499
-1.5161075592041
-2.03995490074158
-1.86574757099152
-1.48720920085907
-1.66192698478699
-2.09703683853149
-2.11133289337158
-1.70052635669708
-1.02554965019226
-0.561439335346222
-0.54765385389328
-0.708688378334045
-1.00226747989655
-0.81080287694931
-0.0757828801870346
-0.00205622846260667
-0.334949404001236
0.320319175720215
1.48636436462402
1.69335043430328
1.03369092941284
0.70569920539856
0.927900314331055
1.17736601829529
1.25282859802246
1.41008484363556
1.98090481758118
2.4421558380127
2.09037137031555
1.63228595256805
1.80812704563141
1.96783411502838
1.7309285402298
1.77851390838623
2.10579085350037
1.97692227363586
1.54528439044952
1.5360940694809
1.84989190101624
1.84784960746765
1.47257888317108
1.18890488147736
1.19819736480713
1.08934330940247
0.682110786437988
0.638712108135223
1.31644582748413
1.69651591777802
1.28867077827454
0.521791040897369
-0.292571902275085
-0.218028351664543
0.727143228054047
1.07770228385925
0.956492364406586
1.03991985321045
0.697223722934723
-0.13582618534565
-0.512526512145996
-0.184330567717552
0.173887014389038
0.190021097660065
-0.0354476608335972
-0.512628614902496
-0.876258254051208
-0.958256185054779
-1.124192237854
-0.740139663219452
0.630338728427887
1.39160215854645
0.198496595025063
-1.66968774795532
-1.97398889064789
-0.621074199676514
0.577749788761139
0.482170611619949
-0.367728173732758
-1.00379920005798
-1.46719467639923
-2.00921845436096
-1.96643245220184
-1.25888121128082
-0.910364508628845
-0.777105093002319
0.0689133331179619
0.906762599945068
0.564576983451843
-0.356087118387222
-0.649257779121399
-0.265205234289169
-0.0438210479915142
-0.206387296319008
-0.36895352602005
-0.531519770622253
-1.10448408126831
-1.77762269973755
-1.19240462779999
0.0600293725728989
-0.43543004989624
-2.18955254554749
-2.66744828224182
-1.82285940647125
-1.35731959342957
-1.57063663005829
-1.57890796661377
-1.36130201816559
-1.60443663597107
-2.01483464241028
-2.21222186088562
-2.00390839576721
-1.31831181049347
-0.81325364112854
-0.628834903240204
-0.725639402866364
-1.03892660140991
-0.839599132537842
-0.276744157075882
-0.181062906980515
-0.372016966342926
0.141720950603485
1.30072021484375
1.74951338768005
1.28550517559052
0.960576951503754
1.12099874019623
1.43224370479584
1.53047776222229
1.47084295749664
1.69947731494904
1.98294711112976
1.83641278743744
1.72551643848419
2.15092539787292
2.60604953765869
2.49208974838257
2.18962669372559
2.15654158592224
2.00888419151306
1.58960211277008
1.50699150562286
1.94067168235779
2.21474695205688
1.91902339458466
1.47237467765808
1.25364542007446
0.965376317501068
0.616246938705444
0.778813183307648
1.53435814380646
1.9971410036087
1.62677180767059
0.737150430679321
-0.354657500982285
-0.746164441108704
0.177971586585045
1.12579810619354
1.36403119564056
1.35759806632996
0.749302089214325
-0.410820484161377
-1.01993334293365
-0.491593033075333
0.37004891037941
0.588982343673706
0.370559483766556
-0.0522965490818024
-0.734727561473846
-1.09876573085785
-1.08732891082764
-1.04934227466583
-0.400098443031311
0.885727047920227
1.23240566253662
-0.17125990986824
-1.69940304756165
-1.55113279819489
-0.292163461446762
0.382404774427414
0.10240688174963
-0.378245949745178
-0.716551184654236
-1.31800544261932
-1.97807347774506
-1.83593010902405
-1.28430771827698
-1.06721234321594
-0.585844695568085
0.366679131984711
0.729593992233276
0.00713407434523106
-0.676011741161346
-0.60381680727005
-0.345875680446625
-0.277050524950027
-0.394073694944382
-0.60361260175705
-0.883508384227753
-1.50599825382233
-1.76506268978119
-0.882589340209961
-0.294001519680023
-1.44064497947693
-2.72953391075134
-2.42002487182617
-1.61189091205597
-1.55960834026337
-1.85206413269043
-1.83215188980103
-1.38141858577728
-1.15380537509918
-1.66499042510986
-2.21865510940552
-1.90046644210815
-1.17177748680115
-0.944368600845337
-0.824077785015106
-0.569404244422913
-0.657529056072235
-0.66243052482605
-0.420419245958328
-0.540505886077881
-0.507420778274536
0.392003536224365
1.40426433086395
1.68712139129639
1.43540918827057
1.11691415309906
1.10568165779114
1.36004877090454
1.29428708553314
1.09434688091278
1.52547419071198
2.08465313911438
1.93434059619904
1.74777746200562
2.07086753845215
2.16562986373901
1.85367012023926
1.79168665409088
1.92566084861755
1.85162782669067
1.71111834049225
1.72786509990692
1.82926476001739
1.86898732185364
1.60737001895905
1.1570451259613
0.920037508010864
0.861730098724365
0.838243782520294
1.16276359558105
1.65291309356689
1.62381041049957
1.07565999031067
0.109963349997997
-0.62954968214035
-0.0745575055480003
0.962414979934692
1.23883891105652
1.31644582748413
1.22311329841614
0.214528575539589
-0.888716220855713
-0.878198444843292
-0.0901810228824615
0.586225271224976
0.728777050971985
0.253229945898056
-0.648440837860107
-1.15431594848633
-1.11061096191406
-1.12970638275146
-0.659264981746674
0.513111293315887
1.0784170627594
0.172661632299423
-1.30932569503784
-1.55501317977905
-0.52957957983017
0.0331732667982578
-0.5321324467659
-1.099276304245
-0.781598150730133
-0.357006132602692
-0.665493965148926
-1.28583943843842
-1.82326793670654
-2.00401043891907
-1.40020763874054
-0.0416766442358494
1.16480588912964
0.974464476108551
-0.449930310249329
-1.14563620090485
-0.376203656196594
-0.0319757685065269
-0.575122654438019
-0.634859621524811
-0.641905546188354
-1.47373008728027
-1.91057574748993
-0.947840511798859
-0.181777700781822
-1.06159603595734
-2.42737722396851
-2.51049828529358
-1.66499042510986
-1.48363518714905
-2.05547618865967
-2.49783611297607
-2.18342566490173
-1.65896570682526
-1.66856443881989
-1.80641901493073
-1.86319470405579
-1.78568983078003
-1.35537934303284
-1.1191885471344
-1.2619446516037
-1.09365999698639
-0.272761702537537
0.242712169885635
-0.414598703384399
-1.10683274269104
-0.509871542453766
0.712030291557312
1.31154441833496
1.11701631546021
1.06708228588104
1.46124422550201
1.45961034297943
1.04635310173035
1.01612722873688
1.42152166366577
1.76534116268158
1.75441491603851
1.74849224090576
2.09129047393799
2.1817638874054
1.72602701187134
1.51189303398132
1.763503074646
1.80506360530853
1.53711521625519
1.59971141815186
2.03175783157349
1.93679130077362
1.2083066701889
0.836507856845856
0.957921981811523
0.892977178096771
0.750833809375763
1.00795805454254
1.6068594455719
1.788419008255
1.25007152557373
0.364943206310272
-0.582781255245209
-0.729621887207031
0.29233980178833
1.2284232378006
1.56254172325134
1.45961034297943
0.6088947057724
-0.568689465522766
-1.09907197952271
-0.699600219726563
0.078103631734848
0.606648147106171
0.595517694950104
-0.140012890100479
-1.00410556793213
-1.17851710319519
-1.23590540885925
-1.41909885406494
-0.652219116687775
0.877149403095245
1.41212713718414
0.241691023111343
-1.12133300304413
-1.13910090923309
-0.533562064170837
-0.634246945381165
-1.2553071975708
-1.31831181049347
-0.588499665260315
-0.206693634390831
-0.715019524097443
-1.30646657943726
-1.71543502807617
-1.98307704925537
-1.33863258361816
0.246286168694496
1.21106374263763
0.619004011154175
-0.449419736862183
-0.858183979988098
-0.80825001001358
-0.61892980337143
-0.330354273319244
-0.335970550775528
-0.905565083026886
-1.73269236087799
-1.99502444267273
-1.26398694515228
-0.79793643951416
-1.64487385749817
-2.47220540046692
-2.01330304145813
-1.41092967987061
-1.73259019851685
-2.25899028778076
-2.21538758277893
-1.70675528049469
-1.35098850727081
-1.58697497844696
-2.08723378181458
-2.07640957832336
-1.62577855587006
-1.33087193965912
-1.15646040439606
-0.930889487266541
-0.654567718505859
-0.246926739811897
-0.198422372341156
-0.915878653526306
-1.18443977832794
0.0790226683020592
1.48411786556244
1.53190743923187
1.02399003505707
0.996316969394684
1.16807353496552
1.13141441345215
0.978242754936218
1.10639643669128
1.64760315418243
1.96722137928009
1.69661808013916
1.59286975860596
1.98131322860718
2.00153183937073
1.6201343536377
1.70131528377533
1.9662002325058
1.79352474212646
1.62064492702484
1.81466245651245
1.87582898139954
1.49923074245453
1.01071512699127
0.668733775615692
0.544256210327148
0.740009665489197
1.07811069488525
1.48810029029846
1.76054167747498
1.4439868927002
0.724284052848816
-0.181062906980515
-0.722065389156342
-0.0393280126154423
0.967316508293152
1.21279966831207
1.30776619911194
1.13172078132629
0.0425677970051765
-1.14532995223999
-1.26051497459412
-0.356597691774368
0.4657301902771
0.536189198493958
-0.025848900899291
-0.755252599716186
-0.916695594787598
-0.806411981582642
-1.07323706150055
-1.01513397693634
-0.0560747869312763
0.817923009395599
0.593781709671021
-0.43012011051178
-1.14093899726868
-1.01605296134949
-0.574612081050873
-0.435838520526886
-0.59850686788559
-0.74943208694458
-0.737586796283722
-0.719920992851257
-0.747185528278351
-0.799876630306244
-1.00267601013184
-1.40990853309631
-1.45238816738129
-0.498230457305908
0.607669293880463
0.677107155323029
-0.108255282044411
-0.716755449771881
-0.785580575466156
-0.816419184207916
-0.615764200687408
-0.41633465886116
-1.33944952487946
-2.17413330078125
-1.25244796276093
-0.329639464616775
-1.06986725330353
-2.22120809555054
-2.25899028778076
-1.68612813949585
-1.70910394191742
-1.9987006187439
-2.12818169593811
-2.04608178138733
-1.64538443088531
-1.59830975532532
-2.00554227828979
-2.0177960395813
-1.47464907169342
-0.87983226776123
-0.7340127825737
-1.06241297721863
-1.33046340942383
-0.993383586406708
-0.288385212421417
-0.264796763658524
-0.715836405754089
-0.168298602104187
0.888382017612457
1.01357436180115
0.66005402803421
0.904618203639984
1.56948554515839
1.7504323720932
1.29387855529785
1.04635310173035
1.43346905708313
1.82058501243591
1.68181145191193
1.56611573696136
1.96711933612823
2.20228886604309
1.83151125907898
1.62452530860901
1.8093523979187
1.7429780960083
1.59123587608337
1.96017551422119
2.43439507484436
2.17553496360779
1.30613231658936
0.609915852546692
0.44418403506279
0.669754922389984
1.11354446411133
1.67037463188171
2.04013109207153
1.62534213066101
0.75685852766037
-0.136234655976295
-0.982763648033142
-0.694596588611603
0.638712108135223
1.35218596458435
1.50300908088684
1.45899772644043
0.612468659877777
-0.636187136173248
-1.04770851135254
-0.482096374034882
0.127527043223381
0.495547622442246
0.540784299373627
-0.179531186819077
-0.913223683834076
-1.07548356056213
-1.25561356544495
-1.27818083763123
-0.521921038627625
0.622271656990051
1.13529479503632
0.438057154417038
-0.779453754425049
-1.16759085655212
-0.672029316425324
-0.36874932050705
-0.554699778556824
-0.709505319595337
-0.752699732780457
-1.04770851135254
-1.2106831073761
-0.810190200805664
-0.549696147441864
-0.909139096736908
-1.34608697891235
-1.00257384777069
0.186242863535881
0.902167439460754
0.501266002655029
-0.258261442184448
-1.02963423728943
-1.37600648403168
-0.669782757759094
0.063399150967598
-0.635268092155457
-1.93293881416321
-1.86870884895325
-0.990830719470978
-1.20118653774261
-2.07620549201965
-2.23458504676819
-1.53816425800323
-1.13276982307434
-1.64589500427246
-2.1871018409729
-1.96244990825653
-1.48098015785217
-1.58033752441406
-2.01748967170715
-2.21130299568176
-2.05384230613709
-1.41950726509094
-0.616070568561554
-0.558580100536346
-1.17096066474915
-1.20915138721466
-0.495881825685501
-0.157270237803459
-0.461673468351364
-0.230690538883209
0.940256178379059
1.66108226776123
1.1435661315918
0.541192770004272
0.913502156734467
1.5479394197464
1.34115755558014
0.841511428356171
1.13907301425934
1.79311621189117
1.94087588787079
1.83181762695313
1.95721423625946
2.1471471786499
1.96037971973419
1.64811372756958
1.72592496871948
1.76687288284302
1.42683160305023
1.3587212562561
1.92913269996643
2.32074165344238
1.84039521217346
1.03522264957428
0.598172664642334
0.41477507352829
0.456029295921326
0.890322148799896
1.55988681316376
1.86571967601776
1.52353405952454
0.857747673988342
-0.0477013997733593
-0.511096894741058
0.162960767745972
0.788105607032776
0.847229838371277
1.2215815782547
1.25150108337402
0.175112381577492
-0.831430017948151
-0.690409898757935
-0.0455569960176945
0.154281035065651
0.137023687362671
0.0999561324715614
-0.264286190271378
-0.67019122838974
-0.876054048538208
-1.00625002384186
-0.917410373687744
-0.347815841436386
0.282843172550201
0.180013880133629
-0.63210254907608
-1.02932786941528
-0.181981936097145
0.806792557239532
0.377401173114777
-1.07221591472626
-2.04342675209045
-1.94427359104156
-1.32474505901337
-0.488121122121811
0.233317643404007
0.0144863165915012
-0.986439764499664
-1.52162170410156
-0.829387724399567
0.37168276309967
0.610426366329193
-0.0989628657698631
-0.593707501888275
-0.747389793395996
-0.662736892700195
-0.204549238085747
-0.357312500476837
-1.57033038139343
-2.00329566001892
-0.822954475879669
-0.186985537409782
-1.26623344421387
-2.4746561050415
-2.34384751319885
-1.38070380687714
-1.18525660037994
-1.82285940647125
-2.22273969650269
-1.87105751037598
-1.3015650510788
-1.69113171100616
-2.47251176834106
-2.30626940727234
-1.72370624542236
-1.2951318025589
-0.789563059806824
-0.51467090845108
-0.738812148571014
-1.05097615718842
-0.842356264591217
-0.406225323677063
-0.297064960002899
0.168168604373932
1.25037777423859
1.92872428894043
1.78035199642181
1.30194556713104
1.15387964248657
1.26916682720184
0.999176204204559
0.803320646286011
1.45470893383026
2.3896689414978
2.6770191192627
2.25058913230896
1.95200634002686
2.07954740524292
1.93852722644806
1.65403628349304
1.65863144397736
1.63146901130676
1.58020758628845
1.78086256980896
2.09323072433472
2.13805890083313
1.67047679424286
0.952714145183563
0.500653326511383
0.564372777938843
0.994683146476746
1.43275427818298
1.6516877412796
1.52966094017029
1.22137725353241
0.486867874860764
-0.453912794589996
-0.253870517015457
0.72142481803894
0.938520193099976
1.03665220737457
1.49851596355438
0.969256639480591
-0.36109071969986
-0.784457325935364
-0.228239789605141
0.2033980935812
0.322974145412445
0.333491951227188
-0.113667353987694
-0.709607422351837
-0.952333509922028
-1.11142790317535
-0.862064361572266
0.322055131196976
1.50974857807159
1.20687699317932
-0.560724496841431
-1.90587854385376
-1.36671411991119
0.179707542061806
0.768703818321228
-0.049743689596653
-1.13859033584595
-1.59432721138
-1.48506474494934
-1.15503072738647
-0.709913790225983
-0.418581187725067
-0.540097415447235
-0.837556838989258
-0.684997856616974
0.0670752748847008
0.262624502182007
-0.274497658014297
-0.157576575875282
0.166943222284317
-0.374671936035156
-0.697455823421478
-0.536523401737213
-1.15880906581879
-1.95428073406219
-1.30728340148926
-0.21782411634922
-0.594115972518921
-1.80723595619202
-2.10050868988037
-1.42767643928528
-1.32280480861664
-1.93089652061462
-2.26552557945251
-1.71911108493805
-0.798344910144806
-1.1831122636795
-2.30596303939819
-2.50896668434143
-2.11460041999817
-1.50752997398376
-0.690103590488434
-0.319836467504501
-0.806105613708496
-1.28624784946442
-0.776900887489319
-0.184739023447037
-0.350062370300293
-0.153594106435776
0.921671330928802
1.84376502037048
1.83865928649902
1.26355063915253
1.11262536048889
1.36270368099213
1.23638808727264
1.00611996650696
1.40314102172852
2.14490056037903
2.37976384162903
2.07556486129761
2.02767324447632
2.26437449455261
2.11773824691772
1.76084804534912
1.66057169437408
1.62983524799347
1.5485520362854
1.68814253807068
2.1012978553772
2.3232946395874
1.88736796379089
1.06881833076477
0.566925644874573
0.531491935253143
0.78003853559494
1.19891214370728
1.67548036575317
1.75911211967468
1.3255341053009
0.636159241199493
-0.340974181890488
-0.749636292457581
0.219430074095726
1.1495908498764
1.24057483673096
1.32992494106293
1.20371150970459
0.242814287543297
-0.709505319595337
-0.697047352790833
-0.157985031604767
0.285293906927109
0.589084446430206
0.311537325382233
-0.505991160869598
-1.03719067573547
-1.21783113479614
-1.10928344726562
-0.252236694097519
1.08382904529572
1.58439421653748
0.380158245563507
-1.54510807991028
-2.15871405601501
-0.858898818492889
0.629930257797241
0.692322194576263
-0.176467746496201
-0.898212850093842
-1.41501426696777
-1.68439221382141
-1.26020872592926
-0.630264461040497
-0.593911707401276
-0.72880494594574
-0.490980327129364
-0.121223822236061
0.0986286476254463
0.0846389606595039
-0.16084423661232
-0.348122179508209
-0.358946323394775
-0.437574476003647
-0.459120631217957
-0.673458933830261
-1.52264285087585
-1.92916059494019
-1.0136022567749
-0.141544595360756
-0.6164790391922
-1.6474267244339
-1.88954019546509
-1.75577020645142
-2.13553404808044
-2.47557520866394
-2.09570932388306
-1.15554130077362
-0.649972558021545
-1.3673267364502
-2.47904706001282
-2.76639723777771
-2.16667890548706
-1.3725346326828
-0.869722902774811
-0.705829203128815
-0.786499619483948
-0.731868386268616
-0.403570353984833
-0.417355805635452
-0.508135557174683
0.325016438961029
1.54630553722382
1.9709997177124
1.61462008953094
1.27417051792145
1.36127412319183
1.42203223705292
1.08924114704132
1.00530302524567
1.62850773334503
2.33667159080505
2.4535927772522
2.18401050567627
2.13948845863342
2.17890477180481
1.85571241378784
1.59307396411896
1.62860977649689
1.69038903713226
1.88583624362946
2.28459310531616
2.48575878143311
2.14010119438171
1.32114315032959
0.417123705148697
-0.045965451747179
0.36994680762291
1.25221586227417
1.94097805023193
2.14469647407532
1.69498419761658
0.76196426153183
-0.490469753742218
-1.334343791008
-0.595341324806213
0.878272652626038
1.48360729217529
1.53864693641663
1.39875018596649
0.469304203987122
-0.784151017665863
-1.11316382884979
-0.252849370241165
0.71591067314148
0.90778374671936
0.40619745850563
-0.431141257286072
-0.919656932353973
-0.81070077419281
-0.714406788349152
-0.53989315032959
0.276103615760803
1.31266760826111
1.23873674869537
-0.323410481214523
-1.73596000671387
-1.58728134632111
-0.587376415729523
-0.0859943255782127
-0.337604403495789
-0.665493965148926
-0.596158266067505
-0.631694078445435
-1.15942168235779
-1.54020655155182
-1.36702036857605
-1.04362392425537
-0.809985935688019
-0.331988096237183
0.445817857980728
0.359735369682312
-0.627098917961121
-0.702050983905792
-0.150326445698738
-0.388355284929276
-0.59340113401413
-0.19535893201828
-0.799978733062744
-2.16984438896179
-1.76822817325592
-0.284198522567749
-0.115505412220955
-0.794975101947784
-1.43982803821564
-1.91557943820953
-1.9524427652359
-1.97633755207062
-2.30861806869507
-1.98338341712952
-0.869110226631165
-0.844194293022156
-2.22988772392273
-2.85809588432312
-2.34609413146973
-1.9007728099823
-1.27450466156006
-0.513853967189789
-0.431856065988541
-0.443599224090576
-0.110910259187222
-0.287772536277771
-0.760562539100647
-0.311258852481842
0.781059682369232
1.45715963840485
1.56570732593536
1.33564341068268
1.15479862689972
1.31501626968384
1.26875841617584
0.912276804447174
1.19309163093567
1.99581348896027
2.32819604873657
2.26917386054993
2.29929780960083
2.24487066268921
1.88256847858429
1.58010542392731
1.58592593669891
1.69753706455231
1.92943906784058
2.233229637146
2.35505223274231
2.20994758605957
1.61809206008911
0.661381542682648
0.0275569688528776
0.254761666059494
1.11385071277618
2.03380012512207
2.51098108291626
2.05238485336304
1.0458425283432
-0.0843604952096939
-1.27818083763123
-1.33158671855927
0.157344460487366
1.36944329738617
1.62871193885803
1.58010542392731
1.00132060050964
-0.195052593946457
-1.00900709629059
-0.738301575183868
0.143559008836746
0.863976657390594
0.966193199157715
0.267526000738144
-0.587274312973022
-0.818869888782501
-0.779351592063904
-0.983376324176788
-0.732583165168762
0.51423454284668
1.5553936958313
1.04441297054291
-0.278684347867966
-0.779045283794403
-0.463000982999802
-0.608616232872009
-1.3415938615799
-1.45483887195587
-0.450134545564652
0.510047852993011
0.236993759870529
-0.745449602603912
-1.53938961029053
-2.10306167602539
-2.10939264297485
-1.11479771137238
0.286008715629578
1.02490901947021
0.633912742137909
-0.165541499853134
-0.54499888420105
-0.598098397254944
-0.774756491184235
-0.890758514404297
-0.778534710407257
-1.20241189002991
-1.83133494853973
-1.17126703262329
-0.219151601195335
-0.784559428691864
-1.94611155986786
-1.86932158470154
-1.34363615512848
-1.77823543548584
-2.34098839759827
-2.24775767326355
-1.62006008625031
-1.0463809967041
-1.45249021053314
-2.46056437492371
-2.64508509635925
-1.92854797840118
-1.21701431274414
-0.664472818374634
-0.450236648321152
-0.720737934112549
-0.554903984069824
0.00887002050876617
-0.325861215591431
-0.766178846359253
0.262726604938507
1.55427050590515
1.6332049369812
1.25068414211273
1.25099050998688
1.2612019777298
0.973953902721405
0.737456798553467
1.04339182376862
1.97365462779999
2.63464164733887
2.30644583702087
1.91483676433563
2.14551329612732
2.11007952690125
1.61982798576355
1.66138863563538
2.10538220405579
2.1220269203186
1.99203526973724
2.21883153915405
2.28377628326416
1.7626861333847
1.01132786273956
0.448677062988281
0.471857041120529
1.15265429019928
1.76574957370758
2.03104305267334
1.96037971973419
1.38639426231384
0.359020560979843
-0.921290755271912
-1.34424889087677
-0.0931423380970955
1.25670886039734
1.49953711032867
1.34708023071289
0.951999306678772
-0.0391237847507
-0.90495240688324
-0.775981843471527
0.0917869731783867
0.730513036251068
0.662198424339294
0.163777679204941
-0.314220190048218
-0.687448561191559
-0.996344864368439
-1.00441193580627
-0.62679260969162
-0.0188030023127794
0.91544234752655
1.46931123733521
0.411609500646591
-1.12664294242859
-1.22967648506165
-0.553678631782532
-0.418581187725067
-0.696332573890686
-0.716857552528381
-0.426546096801758
-0.357925176620483
-0.578186094760895
-0.801204085350037
-0.968569755554199
-1.35180532932281
-1.88443446159363
-1.43941962718964
0.0680964142084122
0.901350557804108
0.327875643968582
-0.670599699020386
-1.11520612239838
-0.860022068023682
-0.200975224375725
0.00754253193736076
-0.954273700714111
-2.01616215705872
-1.83102858066559
-0.865332007408142
-0.360478043556213
-0.898008644580841
-1.59381663799286
-1.50691723823547
-1.59340822696686
-2.48241686820984
-2.91048073768616
-2.03842306137085
-0.847564101219177
-0.858898818492889
-1.92609715461731
-2.77364730834961
-2.53510785102844
-1.64068722724915
-0.913325786590576
-0.450543016195297
-0.449215531349182
-0.653138101100922
-0.404999941587448
-0.24978594481945
-0.707769393920898
-0.801918923854828
0.300713181495666
1.52332985401154
1.67292749881744
1.44265937805176
1.4761528968811
1.17899978160858
0.53241091966629
0.317562073469162
1.11242115497589
2.50914287567139
3.16339039802551
2.54815077781677
1.77463352680206
1.60400021076202
1.41672229766846
1.22311329841614
1.6516877412796
2.15215063095093
2.19953179359436
2.24476861953735
2.36424255371094
2.05279326438904
1.36331641674042
0.76461923122406
0.428356289863586
0.690279901027679
1.47308945655823
1.99632406234741
1.97773921489716
1.50454080104828
0.776872992515564
-0.290121167898178
-1.34373831748962
-0.975921988487244
0.580404758453369
1.4566490650177
1.44592702388763
1.18808794021606
0.450719356536865
-0.619950890541077
-1.0604727268219
-0.527230978012085
0.317868411540985
0.784123122692108
0.575707495212555
-0.186679199337959
-0.812334597110748
-0.894332528114319
-0.74932998418808
-0.702153086662292
-0.468617260456085
0.543745636940002
1.58296465873718
0.972830653190613
-0.668148934841156
-1.1447172164917
-0.482096374034882
-0.182492509484291
-0.518244922161102
-0.913325786590576
-0.925783753395081
-0.559192836284637
-0.305948913097382
-0.439616769552231
-0.786295413970947
-1.25632834434509
-1.96418583393097
-2.27992391586304
-1.09488534927368
0.768193244934082
1.13999211788177
0.197883918881416
-0.4404336810112
-0.877483606338501
-1.34220659732819
-1.13879454135895
-0.902910113334656
-1.48598372936249
-1.7907954454422
-0.911487758159638
-0.395911753177643
-1.15952384471893
-1.94886875152588
-1.84706056118011
-1.74974548816681
-2.01697897911072
-2.16902756690979
-2.0463879108429
-1.40755987167358
-1.17606639862061
-2.02004241943359
-2.66765260696411
-2.25214862823486
-1.2623530626297
-0.533970534801483
-0.372936010360718
-0.824894666671753
-1.31218492984772
-0.716857552528381
0.147439360618591
-0.170034542679787
-0.441965401172638
0.468997836112976
1.29612505435944
1.21882438659668
0.931474328041077
1.01102149486542
1.19544017314911
0.995602190494537
0.628807008266449
0.911868333816528
1.94230544567108
2.62647247314453
2.42816615104675
2.10313582420349
1.99285221099854
1.58347523212433
1.15275633335114
1.3587212562561
1.69222712516785
1.76942574977875
2.04360294342041
2.46656131744385
2.52966785430908
1.97896456718445
1.01520812511444
0.298568785190582
0.262624502182007
0.781263887882233
1.43500077724457
1.9714081287384
1.90973103046417
1.01837372779846
0.00243680831044912
-0.867986977100372
-1.21650373935699
-0.225482702255249
0.967827081680298
1.10782599449158
0.9611896276474
0.769418656826019
0.0120355691760778
-0.665391862392426
-0.520082950592041
0.0250041075050831
0.366066455841064
0.376584231853485
0.00498967012390494
-0.587989091873169
-0.948453187942505
-0.918329417705536
-0.629651784896851
-0.15400256216526
0.41998291015625
0.969869375228882
0.940256178379059
-0.182492509484291
-1.26153612136841
-0.782721400260925
0.129160866141319
-0.181777700781822
-1.01778888702393
-1.26031076908112
-1.01452124118805
-0.700621366500855
-0.399077296257019
-0.316466689109802
-0.683364033699036
-1.40858101844788
-2.21804237365723
-2.06415605545044
-0.457588911056519
1.03981781005859
1.15765786170959
0.289480596780777
-0.909751772880554
-1.6271059513092
-1.25336706638336
-0.710322201251984
-1.11775898933411
-1.65580010414124
-1.2360075712204
-0.578288197517395
-0.732481062412262
-1.55817866325378
-2.20783090591431
-2.11123061180115
-1.79028487205505
-1.87565267086029
-1.89076554775238
-1.21395087242126
-0.936607897281647
-1.9991090297699
-3.03199696540833
-2.86432504653931
-1.91251599788666
-0.874215960502625
-0.273884952068329
-0.551023662090302
-1.25367331504822
-1.34251296520233
-0.795689940452576
-0.335766345262527
-0.227218642830849
0.0398107059299946
0.816493391990662
1.35055208206177
1.04420864582062
0.611855983734131
0.783612549304962
1.04533195495605
0.779630064964294
0.685480535030365
1.49095952510834
2.39640855789185
2.55570721626282
2.17002081871033
1.70836126804352
1.47308945655823
1.30521333217621
1.14867174625397
1.30929791927338
1.69682228565216
2.05840969085693
2.30634355545044
2.41826105117798
2.08546996116638
1.26569497585297
0.544766783714294
0.220451220870018
0.403031885623932
1.02991271018982
1.77851390838623
2.0643322467804
1.45072638988495
0.593169033527374
-0.215475484728813
-1.01176416873932
-0.740854442119598
0.474001467227936
0.982429444789886
0.779221594333649
0.812613070011139
0.537720918655396
-0.466166526079178
-1.00512671470642
-0.390703916549683
0.449698209762573
0.63942688703537
0.335840582847595
-0.133069097995758
-0.637616753578186
-0.939160764217377
-1.00829231739044
-0.75188285112381
-0.0922233089804649
0.834567666053772
1.19094717502594
0.180524453520775
-1.32321333885193
-1.62996518611908
-0.364154160022736
0.793415546417236
0.367802411317825
-0.851138114929199
-1.54561865329742
-1.4385005235672
-1.10080802440643
-0.980312883853912
-0.914449095726013
-0.889941573143005
-1.15094614028931
-1.36222100257874
-0.722780168056488
0.33206233382225
0.365657985210419
-0.234673008322716
-0.5578653216362
-0.962647080421448
-1.08681833744049
-0.634961724281311
-0.783027708530426
-1.82326793670654
-1.98746800422668
-0.743305206298828
-0.182900965213776
-1.09478318691254
-2.20589089393616
-2.63824343681335
-2.42063760757446
-2.1675980091095
-2.0372998714447
-1.46453976631165
-0.585742592811585
-0.809781730175018
-2.3632493019104
-3.29565644264221
-2.73698830604553
-1.72574853897095
-0.750453233718872
0.0613568611443043
-0.0220706649124622
-0.785478472709656
-1.04924023151398
-0.749636292457581
-0.487712681293488
-0.113565236330032
0.653722941875458
1.48064601421356
1.70060050487518
1.14571046829224
0.623701274394989
0.7265305519104
1.03348672389984
1.07331132888794
1.3774082660675
2.27713894844055
2.70969581604004
2.21219396591187
1.62411677837372
1.47462117671967
1.64423334598541
1.85632514953613
1.92933690547943
1.80414462089539
1.70274496078491
1.83835291862488
2.05187439918518
2.10262513160706
1.7570698261261
0.985492885112762
0.354935973882675
0.314090192317963
0.778915286064148
1.38619005680084
1.71275210380554
1.32206213474274
0.52199524641037
0.0181624367833138
-0.611271202564239
-0.951414525508881
0.188795730471611
1.28325867652893
1.10292446613312
0.953939497470856
0.923407256603241
0.179401189088821
-0.62699681520462
-0.633430004119873
-0.165030926465988
0.312660574913025
0.75685852766037
0.632278919219971
-0.0813991725444794
-0.439004063606262
-0.582372784614563
-0.80559504032135
-0.225686922669411
1.05329692363739
1.63718748092651
0.793415546417236
-1.03688430786133
-2.21038389205933
-1.34445309638977
0.373725026845932
0.966805934906006
0.46838515996933
-0.281951993703842
-1.24581050872803
-2.29881501197815
-2.47414565086365
-1.55725967884064
-0.588091194629669
-0.112237744033337
-0.0831351205706596
-0.308603882789612
-0.480360418558121
-0.674786388874054
-0.62413763999939
-0.214454337954521
-0.217109307646751
-0.477501213550568
-0.28848734498024
-0.340667843818665
-1.42471504211426
-2.38336586952209
-1.56542885303497
-0.0756807625293732
-0.0419829897582531
-1.22201788425446
-2.25378251075745
-2.76445698738098
-2.98737287521362
-2.71523785591126
-1.63854277133942
-0.222521379590034
-0.0446379631757736
-1.5885066986084
-3.2257080078125
-3.52868175506592
-2.61996507644653
-1.25173318386078
-0.0429020188748837
0.221472352743149
-0.453606426715851
-0.862064361572266
-0.719614624977112
-0.790380001068115
-0.914449095726013
-0.221704468131065
1.03491628170013
1.61594760417938
1.19125354290009
0.716421246528626
0.835588812828064
1.18573939800262
1.27355778217316
1.30409002304077
1.79138028621674
2.30644583702087
2.18972897529602
1.85172998905182
1.78270053863525
1.84386718273163
1.82620131969452
1.83712756633759
1.85469126701355
1.72102344036102
1.65658915042877
1.90472733974457
2.18533802032471
1.96844685077667
1.26620554924011
0.603380501270294
0.311435222625732
0.581425905227661
1.21770119667053
1.64035296440125
1.55835509300232
0.943523824214935
0.209933429956436
-0.481687933206558
-1.00727117061615
-0.345262974500656
0.9354567527771
1.14989721775055
0.886748194694519
0.908498525619507
0.491565138101578
-0.352206766605377
-0.770876109600067
-0.455342382192612
0.195433169603348
0.592045783996582
0.499632179737091
0.134470820426941
-0.122142851352692
-0.409084528684616
-0.864719331264496
-0.799366056919098
-0.104068592190742
0.808732688426971
1.58388364315033
1.08444178104401
-0.733604311943054
-1.87973725795746
-1.53407967090607
-0.729826092720032
-0.101209387183189
0.303878754377365
0.115069076418877
-0.881363987922668
-1.87289547920227
-2.03198981285095
-1.55950617790222
-1.05444800853729
-0.719104051589966
-0.402549207210541
-0.131231039762497
-0.363030910491943
-0.548777103424072
-0.159925207495689
-0.582066476345062
-1.42389822006226
-0.604429543018341
0.128650292754173
-1.09937834739685
-2.27829003334045
-2.00686979293823
-1.10213541984558
-0.47760334610939
-0.681934416294098
-1.55419623851776
-2.16310477256775
-2.35416102409363
-2.81091904640198
-2.79968643188477
-1.37764036655426
-0.184432685375214
-0.825303137302399
-2.1493194103241
-2.90241360664368
-2.87157511711121
-1.87565267086029
-0.525290787220001
-0.0536240376532078
-0.355678647756577
-0.477807581424713
-0.436349093914032
-0.403059780597687
-0.514875113964081
-0.718389272689819
0.0607441738247871
1.47206830978394
1.66332876682282
0.999993145465851
0.91013240814209
1.14571046829224
1.03460991382599
0.903699159622192
1.45082855224609
2.33371019363403
2.58726048469543
2.24895524978638
1.81466245651245
1.65178978443146
1.67425501346588
1.46063148975372
1.51863253116608
1.96732354164124
2.00959897041321
1.92811155319214
2.19697904586792
2.19575357437134
1.54017865657806
0.753284573554993
0.37004891037941
0.45449760556221
0.967214345932007
1.58030962944031
1.79893672466278
1.41437363624573
0.646370708942413
-0.20311963558197
-0.914857506752014
-0.764340817928314
0.479515641927719
1.39078521728516
1.27580428123474
1.09536802768707
0.906762599945068
0.11537542194128
-0.561030864715576
-0.459631204605103
-0.0686348676681519
0.291114419698715
0.658318102359772
0.562738955020905
0.00856367684900761
-0.236408948898315
-0.42246150970459
-0.812130391597748
-0.452176839113235
0.610528528690338
1.14550626277924
0.704167485237122
-0.287057727575302
-0.913632154464722
-0.673969507217407
-0.379981905221939
-0.594626545906067
-0.697864294052124
-0.195461049675941
0.142231523990631
-0.515079379081726
-1.37365782260895
-1.7764995098114
-1.711146235466
-1.02228200435638
-0.364868968725204
-0.0516838654875755
0.423352688550949
0.505452692508698
-0.140012890100479
-0.50946307182312
-0.686019003391266
-1.10182917118073
-0.748104572296143
0.012954599224031
-0.878300547599793
-2.19067573547363
-1.4447295665741
-0.432877212762833
-0.934769868850708
-1.56073153018951
-1.85819101333618
-2.35610127449036
-2.46567010879517
-2.04322242736816
-1.66754329204559
-1.03045105934143
-0.673458933830261
-1.87943089008331
-3.27237439155579
-2.97236204147339
-1.95295333862305
-1.07650470733643
-0.0824203193187714
-0.00287314434535801
-0.90750527381897
-0.907709538936615
-0.231711685657501
-0.515692055225372
-0.911487758159638
-0.0749659612774849
1.05748355388641
1.50443863868713
1.36290800571442
0.960883259773254
0.985390722751617
1.44950103759766
1.41559898853302
1.26498019695282
1.9724292755127
2.54018568992615
2.13652729988098
1.80200016498566
1.89472019672394
1.82895839214325
1.73879134654999
1.85030031204224
1.77228486537933
1.66639220714569
1.88216006755829
2.03757834434509
2.0251202583313
1.82895839214325
1.09332573413849
0.393943697214127
0.47093802690506
0.946587264537811
1.34360837936401
1.75778460502625
1.75196409225464
0.877762079238892
-0.00981692876666784
-0.634144842624664
-1.14175593852997
-0.371812731027603
1.17001366615295
1.45654690265656
0.922794580459595
0.68068116903305
0.229437291622162
-0.45340222120285
-0.530396521091461
-0.0979417189955711
0.265381574630737
0.535065889358521
0.508618235588074
-0.0587297640740871
-0.556946277618408
-0.611271202564239
-0.669987022876739
-0.570119082927704
-1.3939055861556E-5
0.622373759746552
0.78269350528717
0.102100536227226
-1.01196837425232
-1.053018450737
-0.194235667586327
-0.202506944537163
-0.856345951557159
-0.857571303844452
-0.447581678628922
-0.453606426715851
-0.877892076969147
-1.26786720752716
-1.50191366672516
-1.34322774410248
-1.23171877861023
-1.43819415569305
-0.74412214756012
0.58060896396637
0.795253574848175
0.142231523990631
-0.486385196447372
-1.24877190589905
-1.58452427387238
-0.874420166015625
-0.724618256092072
-1.62639117240906
-1.45269441604614
-0.396830797195435
-0.452483177185059
-1.49221277236938
-2.51233649253845
-2.92498087882996
-2.48997330665588
-1.64426124095917
-1.29227256774902
-1.27021586894989
-1.04556405544281
-1.61025714874268
-2.98093962669373
-3.2257080078125
-2.23223638534546
-1.23182082176208
-0.425422847270966
-0.334030389785767
-1.09651923179626
-1.28880071640015
-0.652933895587921
-0.308399647474289
-0.388559520244598
-0.179429069161415
0.430807024240494
1.01959908008575
1.32420659065247
1.2223984003067
1.06075119972229
1.3396258354187
1.38302457332611
0.875617682933807
1.08413541316986
2.01970815658569
2.36924600601196
2.12376284599304
1.7707531452179
1.48973417282104
1.47329366207123
1.65342366695404
1.70070266723633
1.5873556137085
1.69917094707489
1.85959279537201
1.8284478187561
1.88226222991943
1.50219213962555
0.606035470962524
0.262113928794861
0.587859094142914
1.01704621315002
1.51097393035889
1.68671298027039
0.947608411312103
0.126505896449089
-0.144914373755455
-0.530907094478607
-0.467698246240616
0.666895687580109
1.33390748500824
0.864997804164887
0.599091708660126
0.5833660364151
-0.103149555623531
-0.768425345420837
-0.616274774074554
-0.11254408955574
0.405176311731338
0.731942594051361
0.417225807905197
-0.188108801841736
-0.484751343727112
-0.780781209468842
-0.727988064289093
0.156731784343719
0.84140932559967
0.634831726551056
-0.227933451533318
-1.5040580034256
-1.86646234989166
-0.432162404060364
0.916259229183197
0.674656391143799
-0.145424947142601
-0.629243314266205
-0.871050417423248
-0.932931780815124
-0.914449095726013
-1.20813024044037
-1.4380921125412
-0.885448575019836
-0.503948867321014
-0.813559949398041
-0.539382576942444
0.0590082295238972
-0.0899767950177193
-0.62178897857666
-0.784048855304718
-0.734319150447846
-0.790482103824615
-0.843173146247864
-1.27144122123718
-1.7831369638443
-0.992464542388916
-0.194337785243988
-1.00512671470642
-2.10020232200623
-2.37509441375732
-2.27481818199158
-2.16484093666077
-1.86993420124054
-1.44799721240997
-1.14573836326599
-1.27215611934662
-1.95172786712646
-2.66234254837036
-2.67449426651001
-1.78916168212891
-0.637820959091187
-0.00991904363036156
-0.369974672794342
-1.16483378410339
-0.936812162399292
-0.0496415756642818
-0.192091271281242
-0.748410940170288
-0.148079931735992
1.01040875911713
1.44909262657166
1.34575271606445
1.50433647632599
1.80690169334412
1.64658200740814
1.08668828010559
0.969563007354736
1.70192801952362
2.24303269386291
2.0566737651825
1.96048188209534
2.12386512756348
1.94730913639069
1.47850155830383
1.39323592185974
1.67323386669159
1.79597544670105
1.88941025733948
2.19075012207031
2.4334762096405
2.0247118473053
0.984165370464325
0.349217563867569
0.503206193447113
0.916871964931488
1.34769296646118
1.72827351093292
1.66169488430023
0.82844078540802
-0.0425956770777702
-0.507114410400391
-0.718899846076965
0.0135672865435481
1.14550626277924
1.2414938211441
0.974770843982697
0.881438195705414
0.238525480031967
-0.585742592811585
-0.679177343845367
-0.206285178661346
0.241180449724197
0.547932326793671
0.56059455871582
-0.0249298717826605
-0.627405285835266
-0.705420732498169
-0.74953418970108
-0.645479559898376
-0.0500500313937664
0.65739905834198
0.873269081115723
0.128854528069496
-1.12317109107971
-1.34118545055389
-0.425524950027466
-0.0533176958560944
-0.288078874349594
-0.0886493027210236
-0.0748638510704041
-0.852363467216492
-1.4829204082489
-1.46259951591492
-1.3600766658783
-1.17606639862061
-0.939467132091522
-1.03014481067657
-0.686835885047913
0.194616258144379
0.389450669288635
-0.168298602104187
-0.959175229072571
-1.62373626232147
-1.30575168132782
-0.342812240123749
-0.279501259326935
-1.10754752159119
-1.3275021314621
-0.842151999473572
-1.05710303783417
-2.13012194633484
-2.74321722984314
-2.34548139572144
-1.7057341337204
-1.53959393501282
-1.58227777481079
-1.19424271583557
-0.978270590305328
-1.72870993614197
-2.70114612579346
-2.930903673172
-2.17821788787842
-0.900765717029572
-0.107234135270119
-0.237123757600784
-0.81590861082077
-1.11336803436279
-0.803348541259766
-0.401425927877426
-0.457793146371841
-0.447581678628922
0.342375904321671
1.38751757144928
1.52047061920166
1.0906708240509
1.33155882358551
1.81956386566162
1.57765471935272
1.0331803560257
1.10016739368439
1.73021376132965
2.17553496360779
2.15041470527649
1.90625905990601
1.81701099872589
1.80700385570526
1.62718021869659
1.5678516626358
1.75094294548035
1.79720079898834
1.71030139923096
1.85428285598755
1.95057678222656
1.50025188922882
0.967827081680298
0.84140932559967
0.911051392555237
1.06197655200958
1.22638094425201
1.20687699317932
0.807098865509033
0.253332078456879
0.000802976719569415
-0.186372861266136
-0.0683285221457481
0.749710559844971
1.13907301425934
0.753897249698639
0.607056617736816
0.47624796628952
-0.115199066698551
-0.536523401737213
-0.324942201375961
0.164798825979233
0.590616166591644
0.71631908416748
0.339006125926971
-0.198116019368172
-0.351185619831085
-0.503438293933868
-0.748308837413788
-0.426239758729935
0.322055131196976
0.977323710918426
0.991926074028015
-0.0203347206115723
-1.217320561409
-1.33577334880829
-0.497617781162262
0.0653393268585205
0.214528575539589
0.378422319889069
-0.122551307082176
-1.32515347003937
-1.86339890956879
-1.25224375724792
-0.339748799800873
-0.00154565623961389
-0.765872478485107
-1.66550099849701
-1.22487711906433
0.0308246333152056
0.674043715000153
0.220451220870018
-0.791196882724762
-1.15482652187347
-0.479339301586151
-0.00348583119921386
-0.757601261138916
-1.64650774002075
-1.34731233119965
-0.731766283512115
-0.909139096736908
-1.45208179950714
-1.71206521987915
-1.61648607254028
-1.57349586486816
-1.80018997192383
-1.6269017457962
-0.753108203411102
-0.59860897064209
-1.89934313297272
-3.02168345451355
-2.54603409767151
-1.31463575363159
-0.432060271501541
0.150196447968483
0.180830791592598
-0.326473921537399
-0.659264981746674
-0.759235084056854
-0.854303658008575
-0.632817327976227
0.306227385997772
1.6587336063385
2.32942152023315
1.84029316902161
1.20789813995361
1.34799921512604
1.80383825302124
1.68497705459595
1.40426433086395
1.90217447280884
2.56122136116028
2.61268711090088
2.26192378997803
1.92647778987885
1.90840351581573
1.98335552215576
2.03237056732178
2.13734412193298
2.17012286186218
2.07750511169434
1.85285317897797
1.80577850341797
1.93975257873535
1.74563300609589
1.42305338382721
1.27202606201172
1.10578370094299
0.993968367576599
1.05840265750885
1.06963515281677
0.772482097148895
0.509435176849365
0.339210361242294
0.00641927309334278
0.145090728998184
0.702329397201538
0.703759014606476
0.592352151870728
0.886543929576874
0.693343341350555
-0.0963078886270523
-0.403876692056656
-0.038613211363554
0.312252134084702
0.581528007984161
0.76196426153183
0.416715234518051
-0.140012890100479
-0.391725063323975
-0.705522835254669
-0.759745657444
0.181443482637405
1.14346396923065
1.12222409248352
0.315621912479401
-0.74432635307312
-1.10591375827789
-0.573999404907227
-0.257750868797302
-0.32565701007843
-0.124491482973099
-0.0295250229537487
-0.79773223400116
-1.63619422912598
-1.50038194656372
-1.00706684589386
-0.573693037033081
-0.347509503364563
-1.1057094335556
-1.71768152713776
-0.879321694374084
0.111495070159435
0.272427469491959
-0.288895785808563
-1.19199621677399
-1.27491319179535
-0.497209310531616
-0.158495604991913
-0.990013778209686
-1.81356704235077
-1.39489769935608
-1.06190240383148
-1.62414467334747
-1.6850049495697
-1.31494200229645
-1.55429840087891
-2.02800750732422
-2.20517611503601
-1.65774035453796
-0.870335638523102
-1.25857484340668
-2.51570606231689
-3.06303977966309
-2.31004762649536
-1.10162484645844
-0.405204176902771
-0.286853492259979
-0.531519770622253
-0.770467638969421
-0.640169560909271
-0.676522314548492
-0.97898542881012
-0.422767877578735
0.913400053977966
1.7297031879425
1.600221991539
1.15193951129913
1.12579810619354
1.37087285518646
1.37945055961609
1.23005700111389
1.3908873796463
1.92280161380768
2.26805067062378
2.10007238388062
1.86827254295349
1.89502644538879
1.89553701877594
1.90248084068298
1.92137205600739
1.70141744613647
1.59623956680298
1.76401364803314
1.9326046705246
1.91054785251617
1.55263662338257
1.08005082607269
0.801993131637573
0.677413463592529
0.615225791931152
0.730921447277069
0.991313397884369
0.95363312959671
0.534453213214874
0.3189916908741
0.264564663171768
0.0479798652231693
0.155506402254105
0.52720308303833
0.5503830909729
0.600010693073273
0.789433062076569
0.503410398960114
-0.00859155505895615
-0.121223822236061
0.051247525960207
0.336861729621887
0.771767258644104
0.982020974159241
0.554978251457214
-0.0287081059068441
-0.450338780879974
-1.04229640960693
-1.170654296875
-0.161048471927643
1.03593742847443
1.2668182849884
0.424986511468887
-0.729519724845886
-1.24438095092773
-1.11091732978821
-0.785274267196655
-0.144914373755455
0.544766783714294
0.0109123094007373
-1.58768975734711
-2.27655410766602
-1.70920598506927
-0.832349002361298
0.0516559854149818
-0.165949955582619
-1.56359076499939
-1.94223129749298
-0.827039062976837
0.149175316095352
0.173172205686569
-0.44564151763916
-0.983478426933289
-0.793647646903992
-0.271434217691422
-0.653750836849213
-1.69695234298706
-1.78660881519318
-1.1252133846283
-1.04729998111725
-1.2744026184082
-1.14757645130157
-1.33730506896973
-2.15054488182068
-2.69798040390015
-2.26052212715149
-0.998999834060669
-0.426035523414612
-1.58626019954681
-3.11869215965271
-3.13329458236694
-2.03474688529968
-1.16146397590637
-0.542956590652466
-0.276029378175735
-0.458916395902634
-0.429098963737488
-0.321572422981262
-0.598915338516235
-0.697762131690979
0.0640118345618248
1.24884605407715
1.77912652492523
1.51209723949432
1.26273369789124
1.41008484363556
1.61359906196594
1.36719679832458
1.10394561290741
1.6848748922348
2.44991660118103
2.45594120025635
2.05779695510864
1.93107295036316
1.98856329917908
1.89288210868835
1.85612082481384
1.8745014667511
1.90922045707703
2.05902242660522
2.02103567123413
1.87266337871552
1.58286249637604
0.948016822338104
0.590207755565643
0.884808003902435
1.18563723564148
1.06330406665802
0.936580002307892
0.960270583629608
0.656377911567688
0.280494511127472
0.258233577013016
0.163471341133118
0.117519825696945
0.383119583129883
0.425803422927856
0.486050963401794
0.975689888000488
1.12681925296783
0.551199972629547
8.81754167494364E-5
-0.0763955637812614
0.0309267472475767
0.347890079021454
0.886237621307373
1.00387346744537
0.571827113628387
0.0948504060506821
-0.427158802747726
-0.765974640846252
-0.428690493106842
0.391697198152542
1.18655622005463
1.30286467075348
0.432338744401932
-0.734625458717346
-1.4972163438797
-1.60525345802307
-0.79027783870697
0.58060896396637
1.08852636814117
-0.0721067562699318
-1.6210812330246
-2.33373808860779
-2.1543231010437
-0.884325325489044
0.222595617175102
-0.629651784896851
-1.57737624645233
-0.708075702190399
0.225761160254478
0.0794311240315437
-0.293082475662231
-0.71083277463913
-1.21660578250885
-0.855631113052368
-0.238961815834045
-1.20465838909149
-2.04158854484558
-1.14757645130157
-0.645479559898376
-1.00461614131927
-0.966016888618469
-1.04219424724579
-1.6540641784668
-2.11102652549744
-2.31739974021912
-1.95795691013336
-0.86931449174881
-0.809066951274872
-2.37213325500488
-3.13043522834778
-2.15963292121887
-1.20006322860718
-0.712364494800568
-0.262856602668762
-0.384270697832108
-0.622095346450806
-0.301149517297745
-0.446764767169952
-0.937935411930084
-0.278071641921997
0.91033661365509
1.30357944965363
1.24976515769958
1.23832833766937
1.23352897167206
1.54610133171082
1.86888515949249
1.50433647632599
1.36055934429169
1.9265798330307
2.05095529556274
1.82916271686554
1.98744010925293
2.06811046600342
1.80986297130585
1.69549477100372
1.65056443214417
1.50137519836426
1.77820754051209
2.20422911643982
2.08557200431824
1.63912761211395
1.10394561290741
0.676188111305237
0.793211281299591
1.21862018108368
1.19104933738708
0.844983339309692
0.747770369052887
0.565904498100281
0.161735385656357
0.166432648897171
0.283966422080994
-0.040349155664444
-0.267145395278931
-0.239063933491707
-0.153696224093437
0.448983401060104
1.16940104961395
0.992845118045807
0.248124241828918
-0.18239039182663
-0.284606993198395
-0.150122225284576
0.389654904603958
0.885318577289581
0.678230404853821
0.0652372092008591
-0.521308362483978
-1.16146397590637
-1.29002606868744
-0.432877212762833
0.655867338180542
1.26130402088165
1.10180127620697
0.162756532430649
-1.0140106678009
-2.00380635261536
-2.156569480896
-0.791911721229553
0.955573320388794
0.925653755664825
-0.840518176555634
-2.29503679275513
-2.64580011367798
-1.9389636516571
-0.389478534460068
-0.157474458217621
-1.65355360507965
-2.11306881904602
-0.973062753677368
0.0473671779036522
0.228211909532547
-0.554393410682678
-1.51998794078827
-1.10162484645844
-0.186168625950813
-0.913427948951721
-2.14513278007507
-2.04863452911377
-1.59136593341827
-1.53030145168304
-1.18484818935394
-0.896579027175903
-1.48138868808746
-2.54041790962219
-3.13564324378967
-2.75455188751221
-1.52560424804687
-0.818869888782501
-1.86523699760437
-3.06681799888611
-2.71973085403442
-2.02147197723389
-1.43288421630859
-0.563583731651306
-0.240901991724968
-0.354044824838638
-0.277969539165497
-0.434000462293625
-1.01492965221405
-1.03984558582306
0.120072685182095
1.42928242683411
1.85132145881653
1.46757531166077
1.01837372779846
1.21463775634766
1.53374552726746
1.17246448993683
0.944647073745727
1.53190743923187
2.07811784744263
2.11926984786987
2.0388035774231
2.02787733078003
1.8867552280426
1.51413953304291
1.31695640087128
1.45532155036926
1.74134421348572
1.95660150051117
1.87327611446381
1.64974749088287
1.30960416793823
0.810672879219055
0.65729695558548
1.03849029541016
1.3257383108139
1.11272752285004
0.806077718734741
0.732453167438507
0.694772958755493
0.479924082756042
0.137636378407478
-0.101924188435078
-0.0953888595104217
0.0502263829112053
0.170721471309662
0.477677583694458
1.02429640293121
1.04962074756622
0.311843663454056
-0.276131480932236
-0.160946354269981
0.261807590723038
0.623497068881988
0.778404712677002
0.72122061252594
0.446124196052551
-0.148182049393654
-0.793443441390991
-0.913632154464722
-0.568893671035767
0.124463602900505
0.997848689556122
1.13151657581329
0.27589938044548
-0.531826138496399
-0.830408871173859
-1.02228200435638
-0.942734777927399
-0.158393487334251
0.587450623512268
0.150400683283806
-0.880240738391876
-1.62424683570862
-2.23458504676819
-2.07896256446838
-1.14359390735626
-0.916082918643951
-0.993383586406708
-0.235387802124023
0.23188804090023
-0.277254730463028
-0.71859347820282
-0.65977555513382
-0.497617781162262
-0.45432123541832
-0.892596542835236
-1.73371350765228
-1.67949068546295
-0.898519217967987
-1.00849652290344
-1.60270059108734
-1.34823131561279
-0.881159722805023
-1.49068105220795
-2.65488815307617
-3.01167607307434
-1.93814671039581
-0.569097936153412
-0.786908090114594
-2.32832598686218
-3.14503765106201
-2.30238890647888
-1.15288639068604
-0.563685834407806
-0.203732311725616
-0.438595622777939
-0.85675436258316
-0.655078291893005
-0.465043246746063
-0.612496554851532
-0.442680180072784
0.388940095901489
1.3842499256134
1.71683669090271
1.50995278358459
1.4242787361145
1.50545978546143
1.3854752779007
1.01337015628815
1.1564325094223
2.04247975349426
2.5836865901947
2.2969491481781
1.87776911258698
1.77902448177338
1.73358356952667
1.60553193092346
1.52710807323456
1.5606015920639
1.85785686969757
2.22924709320068
2.14367532730103
1.51996004581451
0.874290227890015
0.693547606468201
1.01234900951386
1.55906987190247
1.7037661075592
1.1829822063446
0.620229363441467
0.396598696708679
0.319604367017746
0.321850895881653
0.233828216791153
0.0460396893322468
0.0832093581557274
0.18695767223835
0.163369223475456
0.435810655355454
0.788309812545776
0.609711587429047
0.0663604736328125
-0.251930356025696
-0.161354809999466
0.0662583559751511
0.433359891176224
0.777077198028564
0.62707108259201
0.32695659995079
-0.0987586379051208
-0.896272718906403
-1.12940001487732
-0.199443504214287
0.857849776744842
0.929329931735992
0.32430163025856
-0.127554923295975
-0.292980372905731
-0.512934923171997
-0.836331486701965
-0.745041131973267
-0.0986565202474594
0.161633282899857
-0.471987038850784
-1.12480485439301
-1.47475123405457
-1.87269127368927
-1.94988989830017
-1.78701722621918
-1.65763819217682
-0.824588358402252
0.53220671415329
0.928410887718201
-0.0876281559467316
-1.34006226062775
-1.28757536411285
-0.560928761959076
-0.546326398849487
-1.02238404750824
-1.56359076499939
-1.66100800037384
-1.21538043022156
-1.21160221099854
-1.4451379776001
-1.31769907474518
-1.62945461273193
-2.51029419898987
-2.91211462020874
-2.17025279998779
-1.05403959751129
-0.862677037715912
-1.59483778476715
-2.49068808555603
-2.68776893615723
-1.72380840778351
-0.583598136901855
-0.320857614278793
-0.677237153053284
-0.967242240905762
-0.807228863239288
-0.507318675518036
-0.633225798606873
-0.635982871055603
0.187978804111481
1.18849647045136
1.37965476512909
1.08035719394684
1.26150834560394
1.54344630241394
1.23883891105652
0.902167439460754
1.07525146007538
1.68967425823212
2.2915370464325
2.33074903488159
1.9193297624588
1.553555727005
1.32400238513947
1.25885331630707
1.52874183654785
1.87593114376068
2.00173616409302
2.02379274368286
2.00633120536804
1.74410128593445
1.14019632339478
0.73674201965332
0.83885645866394
1.08117413520813
1.18175685405731
0.94321745634079
0.565904498100281
0.407627046108246
0.273652851581573
0.133449673652649
0.197679683566093
0.172865867614746
-0.0942656025290489
-0.200975224375725
-0.0357540063560009
0.250472873449326
0.702431559562683
0.978957533836365
0.610528528690338
-0.0591382198035717
-0.426546096801758
-0.327597171068192
0.0916848629713058
0.476962774991989
0.563657939434052
0.431011259555817
0.103019565343857
-0.496902972459793
-0.900459408760071
-0.512832820415497
0.530674993991852
1.1829822063446
0.697836399078369
-0.377224802970886
-0.927111268043518
-0.696638882160187
-0.440740019083023
-0.351696193218231
0.0539025031030178
0.0228597037494183
-1.05894100666046
-1.74096357822418
-1.33556914329529
-1.09662127494812
-1.26041293144226
-1.51273775100708
-2.01330304145813
-1.77752065658569
-0.0359582342207432
1.16919684410095
0.108942203223705
-1.60729575157166
-1.81601774692535
-0.752495527267456
-0.000728740356862545
-0.378041714429855
-1.593714594841
-2.32638597488403
-1.68204355239868
-0.958868861198425
-1.0727264881134
-1.15390753746033
-1.24652528762817
-2.10806512832642
-2.95296025276184
-2.62558126449585
-1.3405727148056
-0.343731254339218
-0.671212375164032
-2.02157425880432
-2.85983204841614
-2.28390622138977
-1.18484818935394
-0.505889058113098
-0.137664258480072
-0.153491988778114
-0.515589952468872
-0.632817327976227
-0.597077250480652
-0.724414050579071
-0.510586321353912
0.342988580465317
1.09720611572266
1.19431698322296
1.18859851360321
1.34146392345428
1.29735052585602
1.06238508224487
0.801993131637573
1.02317309379578
1.92841792106628
2.53855180740356
2.20862007141113
1.6189090013504
1.36913692951202
1.23332464694977
1.34452736377716
1.86051177978516
2.16450667381287
2.18727803230286
2.22587728500366
1.99591565132141
1.50770628452301
1.16827774047852
1.04288125038147
1.12835097312927
1.48146283626556
1.58541536331177
1.08760738372803
0.592862725257874
0.408443957567215
0.214732795953751
0.219634294509888
0.482885420322418
0.425497084856033
0.0784099772572517
-0.142974197864532
-0.149101078510284
0.256497621536255
0.82568371295929
0.805465042591095
0.15080913901329
-0.329435229301453
-0.216394513845444
0.13089682161808
0.48227271437645
0.659134984016418
0.402419209480286
0.0804522708058357
-0.354249060153961
-0.868191182613373
-0.688878178596497
0.428458392620087
1.54528439044952
1.37945055961609
0.252719402313232
-0.637718856334686
-1.04484927654266
-0.844704866409302
-0.161865383386612
0.500653326511383
0.793824017047882
0.16193962097168
-1.21486985683441
-2.19639420509338
-2.27573704719543
-1.56563305854797
-0.50956517457962
-0.299107223749161
-1.1378755569458
-1.27818083763123
-0.380390346050262
-0.0245214123278856
-0.456669867038727
-0.796098411083221
-0.890145838260651
-0.794056117534637
-0.653750836849213
-1.30544543266296
-2.15524196624756
-1.71655821800232
-0.908730685710907
-1.01227474212646
-1.14093899726868
-1.00206327438354
-1.62976098060608
-2.71911811828613
-3.13952350616455
-2.2790048122406
-0.707769393920898
-0.132762759923935
-1.19087290763855
-2.46301507949829
-2.29319882392883
-1.27307510375977
-0.601366102695465
-0.205570384860039
-0.218743145465851
-0.552963852882385
-0.449930310249329
-0.250194400548935
-0.5578653216362
-0.559090673923492
0.266198486089706
1.05574762821198
1.2877516746521
1.23914527893066
1.17808079719543
1.21974349021912
1.20575380325317
0.871430993080139
0.832729637622833
1.5620311498642
2.21883153915405
2.30511832237244
1.99785578250885
1.56509459018707
1.32104098796844
1.34177029132843
1.53885126113892
1.72061502933502
1.99387335777283
2.3377947807312
2.21454262733459
1.67517399787903
1.14346396923065
0.849782705307007
1.00469040870666
1.3858836889267
1.51485431194305
1.17134118080139
0.61931037902832
0.304389297962189
0.286315053701401
0.403542459011078
0.456744104623795
0.394045829772949
0.379954010248184
0.229947865009308
-0.0841562673449516
-0.0259510166943073
0.51423454284668
1.06064915657043
1.09679758548737
0.465321719646454
-0.255810707807541
-0.359150558710098
0.0635012611746788
0.477064877748489
0.469406306743622
0.163369223475456
-0.161150574684143
-0.715019524097443
-1.12786829471588
-0.429303199052811
1.05043768882751
1.52874183654785
0.328284114599228
-1.08375489711761
-1.55337929725647
-1.33138251304626
-0.626179873943329
0.552323281764984
1.45195174217224
0.82333505153656
-1.31514632701874
-3.03557085990906
-3.03118014335632
-1.9007728099823
-0.521921038627625
0.0400149337947369
-0.692350089550018
-1.25612413883209
-0.613211393356323
0.194105684757233
0.0175497513264418
-0.571752905845642
-0.937424838542938
-1.11316382884979
-0.724005579948425
-0.860532641410828
-2.14370322227478
-2.34476661682129
-1.15237581729889
-0.630060255527496
-1.02136290073395
-1.34567844867706
-1.946009516716
-2.93447756767273
-3.21447563171387
-2.43809914588928
-1.03382086753845
-0.119692102074623
-0.896476924419403
-2.67245197296143
-3.14728426933289
-1.98205590248108
-1.06302559375763
-0.556027233600616
-0.190253213047981
-0.48618096113205
-0.643539369106293
-0.471476465463638
-0.881568193435669
-1.22967648506165
-0.325452774763107
1.15418601036072
1.62891614437103
1.20023965835571
0.924734771251678
0.858973026275635
1.06044483184814
1.39405286312103
1.3717919588089
1.61472225189209
2.13101315498352
2.03512763977051
1.64147627353668
1.45246231555939
1.31185078620911
1.29326593875885
1.6323881149292
2.00612711906433
1.99611985683441
1.91728746891022
1.87787127494812
1.53762578964233
1.07392394542694
0.847127735614777
0.911153554916382
1.26467382907867
1.68783617019653
1.51985788345337
0.773707449436188
0.337882846593857
0.31388595700264
0.383630156517029
0.581323742866516
0.774218022823334
0.736435651779175
0.30786120891571
-0.179224848747253
-0.0771103650331497
0.594802856445313
1.31593525409698
1.4172328710556
0.771665155887604
0.0899489149451256
-0.208123236894608
-0.0890577584505081
0.35105562210083
0.759105086326599
0.820475876331329
0.40201073884964
-0.365175306797028
-1.0924346446991
-1.18964755535126
-0.0466802529990673
1.46563518047333
1.52047061920166
0.132326424121857
-1.15901327133179
-1.49711430072784
-0.906688392162323
0.223616763949394
1.15633034706116
1.25282859802246
0.212690517306328
-1.32372391223907
-2.1692316532135
-2.12460780143738
-1.35834074020386
-0.0842583850026131
0.48135370016098
-0.10907220095396
-0.549287676811218
-0.270821541547775
-0.141953065991402
-0.377326935529709
-0.335459977388382
-0.106825679540634
-0.294409960508347
-1.08906483650208
-2.06772994995117
-2.35967516899109
-1.56154847145081
-0.429303199052811
-0.320040702819824
-1.15605187416077
-1.72421681880951
-2.39030957221985
-3.38725328445435
-3.4193172454834
-1.96704506874084
-0.269902497529984
-0.140523463487625
-1.69348037242889
-3.19466519355774
-3.09775876998901
-1.79916882514954
-0.717163920402527
-0.283585846424103
-0.193520873785019
-0.179735422134399
-0.228137671947479
-0.473008185625076
-0.760971009731293
-0.533153593540192
0.57295036315918
1.83283877372742
2.1745138168335
1.78668308258057
1.44378268718719
1.21698641777039
1.08444178104401
1.15091836452484
1.48013544082642
2.02266955375671
2.29368138313293
2.03420853614807
1.53006935119629
1.34503793716431
1.47533595561981
1.61543703079224
2.00347208976746
2.21678924560547
2.00408482551575
1.90493154525757
1.6591420173645
1.17287290096283
0.87163519859314
0.847740411758423
1.14009416103363
1.47748041152954
1.55998885631561
1.22801470756531
0.522607922554016
0.121298059821129
0.275082468986511
0.475124716758728
0.471346467733383
0.476656436920166
0.638916313648224
0.701104044914246
0.556816279888153
0.681089639663696
1.09904420375824
1.1705242395401
0.701206147670746
0.158263504505157
-0.103251673281193
-0.0925296545028686
0.229743629693985
0.757062792778015
0.934639871120453
0.574584186077118
-1.3939055861556E-5
-0.644356250762939
-1.04045832157135
-0.639250576496124
0.509026706218719
1.22433865070343
0.632176756858826
-0.397137135267258
